hx_30m/njhx/nx30.asc
ncols         211
nrows         286
xllcorner     660279.5826
yllcorner     3541874.3250919
cellsize      30
NODATA_value  -9999
[rows 120 to 149 of 286, columns 68 to 135 of 211]
10.12876 10.01734 9.734279 9.81599 9.824519 9.76887 -9999 9.912971 10.44157 10.40481 8.380687 7.990911 7.95831 7.995599 7.695985 -9999 7.50114 7.561677 -9999 6.543507 6.987329 6.337404 7.005593 6.589822 6.443516 6.62104 6.662018 7.290373 7.710172 7.662512 7.622766 7.655193 7.414128 8.053102 8.063596 8.182531 7.824287 8.244199 7.738421 7.28876 6.935113 6.962929 7.034812 7.363366 -9999 7.560313 7.50468 7.147938 8.425524 8.795063 8.397385 7.220056 7.385685 7.395574 7.730904 6.688863 7.561809 6.822114 7.703317 8.096513 7.102214 7.407386 -9999 -9999 7.429753 7.475263 7.521555 7.509501
10.08348 10.01999 -9999 9.846939 9.754837 9.899714 9.681438 10.03944 11.04861 9.367376 7.87799 7.989175 7.957788 7.872805 7.824849 7.667337 7.593184 -9999 -9999 6.473096 7.142468 7.759551 7.15567 7.250663 7.032224 6.461509 6.611413 7.234316 7.421954 7.472302 -9999 7.477291 7.383138 -9999 8.136974 -9999 7.888908 -9999 -9999 7.418355 6.917148 6.939193 7.331865 7.454592 -9999 7.425705 7.532797 7.220761 -9999 -9999 7.431086 7.372564 7.275205 7.352019 7.252539 7.23145 7.208518 7.182255 7.33909 7.387485 7.044381 7.024671 7.270866 7.304092 7.475816 7.487946 7.448754 7.460491
9.975055 9.84692 9.63785 -9999 9.758162 10.01194 10.0002 10.35815 10.99454 9.33213 8.363386 7.821168 7.805568 -9999 -9999 7.79409 7.421558 7.583579 7.535291 6.590287 7.099135 7.295756 7.270657 7.188674 7.021405 6.639133 6.6712 7.486982 -9999 -9999 7.458931 7.299404 7.944808 -9999 8.169217 -9999 7.794241 -9999 -9999 7.610306 7.195772 7.007086 7.558289 7.526127 7.741624 7.452198 7.520658 7.507479 -9999 8.717622 8.49182 8.213328 7.602021 7.501846 7.224939 7.084691 7.088819 7.095306 7.210864 7.325732 7.23359 7.323717 7.381554 6.799694 7.245848 7.343024 7.117406 7.138137
9.883275 9.750079 9.792971 9.588421 9.74814 9.854057 10.01893 11.15356 9.894677 8.289689 7.669036 7.591245 7.716847 7.557086 7.446507 7.340319 7.239546 7.222764 7.141389 7.055187 7.06262 7.011354 7.024797 7.104277 7.145186 7.132771 7.207375 7.345315 7.408122 7.465312 7.401285 7.277184 7.408247 7.373592 7.57548 7.442328 7.182848 7.273258 7.302633 7.386264 7.413873 7.418377 7.552202 7.68195 7.505095 7.588222 7.51496 7.603389 -9999 8.5958 8.938843 7.866856 7.51526 7.480521 7.246528 7.133333 7.098252 7.184431 7.194073 7.3277 7.429673 7.576092 7.456547 7.303533 -9999 -9999 7.242108 7.218573
9.963749 9.765639 9.59373 9.905423 9.925486 9.798018 10.20936 11.04864 8.918173 7.217183 7.453528 7.544641 7.430264 7.536229 7.236525 6.986906 6.798864 6.868204 -9999 6.821487 -9999 6.816267 -9999 7.113084 -9999 -9999 7.215289 -9999 -9999 -9999 -9999 7.261462 7.062556 7.058222 7.08683 7.060308 -9999 -9999 -9999 -9999 7.429528 7.638109 7.834764 7.71127 7.180391 7.69175 7.541214 7.575066 -9999 8.5709 8.948795 8.574606 7.478538 7.495414 7.221333 -9999 7.134713 7.10549 7.213926 7.283669 7.410669 7.477348 -9999 -9999 -9999 -9999 7.108536 7.106357
10.00186 9.494664 9.197382 9.818468 9.766647 9.887274 10.92791 9.694868 7.735704 7.05066 7.400958 7.477893 6.655469 6.872705 7.457661 6.858894 6.820434 6.86879 -9999 6.775987 -9999 6.780783 -9999 6.926929 7.25038 7.271482 7.150558 -9999 -9999 7.472623 -9999 7.116984 7.11485 6.980461 6.99362 7.340842 7.412915 7.967451 8.119084 7.906999 7.574609 7.407253 -9999 -9999 7.494308 7.70418 7.648275 -9999 8.652063 8.772582 9.087185 8.705935 7.48989 7.343675 6.980079 -9999 -9999 7.12887 7.286947 7.422187 7.674716 7.553567 7.655444 7.63257 -9999 -9999 7.001208 7.052672
10.07504 9.757646 9.647932 9.846736 9.834853 10.34988 10.98579 8.648466 7.152826 7.112844 -9999 -9999 -9999 -9999 6.936494 -9999 6.74947 -9999 -9999 6.879624 -9999 -9999 -9999 7.206997 7.575434 7.468976 7.304509 7.431975 7.508164 7.557211 -9999 7.01632 6.951777 6.9963 7.205216 7.302544 7.10845 7.695489 7.600355 7.589758 7.351851 -9999 7.351515 -9999 7.59282 7.818645 7.661718 -9999 9.096413 -9999 -9999 8.397572 7.494548 7.611495 7.108897 7.178225 -9999 -9999 -9999 7.855551 7.959875 7.787686 7.777094 7.759535 -9999 -9999 7.139487 7.16263
10.17817 10.15786 -9999 9.80315 10.3992 11.00038 8.646688 8.175689 7.190218 7.164801 6.911043 -9999 -9999 -9999 6.945993 -9999 -9999 -9999 -9999 6.877515 -9999 -9999 6.693443 6.960224 7.197184 -9999 6.936996 -9999 7.589098 7.537635 7.492425 7.010792 7.161455 7.130158 7.064118 -9999 -9999 7.41523 7.51697 7.391548 7.236898 -9999 -9999 -9999 7.534634 7.84603 7.715184 -9999 -9999 -9999 9.843782 8.859679 7.595007 7.604428 7.245179 7.293672 7.402791 7.970324 7.78162 8.128882 7.969187 7.798577 7.761581 -9999 -9999 -9999 7.724775 7.497146
9.308908 9.828362 9.815441 10.36595 10.78666 9.223342 -9999 7.16147 7.189651 7.178077 7.094266 7.367804 7.189984 8.0585 6.928822 6.883554 6.835911 -9999 7.192324 7.092257 6.799581 6.89767 6.78584 7.188038 -9999 -9999 7.060675 7.354821 7.294307 7.251415 7.202201 6.829339 -9999 -9999 7.193067 -9999 -9999 7.516987 7.474742 7.491569 7.433749 7.575887 7.74883 -9999 7.704132 7.877503 7.868668 -9999 -9999 -9999 9.012226 9.056821 8.784629 8.118571 7.730852 7.9685 8.138101 7.975254 8.026275 8.254498 8.249784 -9999 -9999 8.23452 8.307366 8.456587 8.067094 7.706012
9.524296 9.877785 10.34129 10.75239 10.56372 8.106147 7.667396 7.185085 7.187243 7.189437 -9999 -9999 7.250636 7.16143 6.930364 6.848366 6.823177 6.85656 7.443135 7.15802 6.888674 6.931873 6.938342 -9999 7.119812 7.144793 7.160262 7.432647 7.355995 -9999 -9999 6.664604 -9999 -9999 7.270459 -9999 -9999 7.68522 7.849433 7.768431 7.580758 7.685505 7.846228 7.868232 7.667472 7.410389 7.727997 -9999 8.62394 8.77107 8.975439 9.024981 8.889826 8.761303 8.546486 -9999 -9999 -9999 -9999 -9999 8.432481 -9999 -9999 8.610512 8.57892 8.637736 8.796487 8.507963
10.97398 10.46214 11.00712 10.92731 8.081382 8.217159 7.216814 7.199982 7.157113 7.002151 7.117619 7.183421 7.207365 6.984565 6.870712 6.948388 6.92455 6.95503 7.295263 7.341874 6.927555 6.897858 6.931454 -9999 -9999 -9999 7.064002 7.735531 7.926295 -9999 -9999 6.592992 -9999 -9999 -9999 7.47756 7.686135 7.637135 8.675137 7.94178 -9999 -9999 7.934026 -9999 7.764584 6.842999 7.674035 -9999 -9999 8.524471 8.404741 -9999 -9999 8.583322 8.742616 8.496216 8.373491 8.303085 8.535606 8.592077 8.781086 8.765664 8.856354 8.887558 8.969614 9.06898 9.15428 -9999
10.7895 10.6302 10.93854 8.439587 8.225336 8.730313 7.613087 7.203046 7.145483 6.983319 6.86665 6.858284 6.949265 6.851966 6.959228 7.020452 7.050896 7.290445 7.507716 7.474559 7.44913 7.129761 7.081005 6.815785 6.683393 6.748206 7.120852 7.395898 7.420991 -9999 -9999 6.627531 7.82046 7.70515 7.670909 7.540522 7.638035 7.503754 8.574119 7.921443 7.653823 7.689049 7.809131 -9999 7.671462 6.175884 7.551864 7.709409 8.211906 8.009407 8.132337 8.182781 8.051449 7.947787 8.078938 -9999 -9999 8.281851 8.757888 8.534544 8.570122 -9999 -9999 -9999 -9999 9.173973 9.142536 9.199257
10.7297 10.96939 8.324911 7.783169 8.583664 9.476992 9.290931 -9999 9.082938 -9999 -9999 8.875534 -9999 -9999 -9999 7.516845 7.310625 7.378376 7.239914 7.494753 6.895995 -9999 -9999 -9999 -9999 -9999 7.101064 -9999 -9999 -9999 -9999 6.501026 7.830128 7.776103 7.687932 7.571735 7.710391 7.786201 7.840969 7.773427 -9999 8.352558 8.024898 -9999 7.559325 4.981 7.485077 -9999 8.098434 -9999 -9999 -9999 -9999 -9999 7.470335 7.504217 -9999 7.926476 7.787705 7.74832 7.835365 -9999 -9999 -9999 9.257 9.977135 10.08165 -9999
12.88396 14.0518 8.173654 8.061344 8.371046 9.111501 9.189536 9.213122 9.059963 8.941584 8.834886 9.004249 8.946398 8.971493 9.013718 9.183149 9.105998 -9999 7.211573 7.218798 6.796701 7.422796 7.607151 7.686844 7.526937 7.331968 6.886513 7.361941 7.600541 -9999 -9999 6.667323 7.743642 7.867251 7.717301 7.759779 7.831034 8.051439 7.839174 7.884642 8.256666 8.452039 8.255602 -9999 6.74375 4.039588 7.139314 -9999 8.094873 10.83713 10.57099 -9999 -9999 -9999 7.527596 7.574472 7.47575 7.469553 7.423494 7.53066 -9999 7.362517 7.902695 8.117599 8.440103 8.103436 8.422084 8.876508
8.353251 7.781534 7.771277 8.343462 13.20467 9.000896 9.730679 9.429337 8.682955 -9999 8.678606 -9999 8.835018 8.896083 9.00161 9.047894 8.98724 -9999 7.20416 7.426723 7.060133 -9999 -9999 7.702504 -9999 -9999 7.046576 -9999 -9999 7.173535 -9999 6.802815 7.515862 7.734072 7.770509 7.71767 7.915266 7.883676 7.988768 7.764073 8.144685 8.561628 8.069626 7.835679 6.757649 4.70961 7.533645 8.241973 -9999 8.178793 -9999 9.566017 -9999 -9999 7.567369 7.589659 7.437219 7.235245 7.288096 7.324913 -9999 7.136879 7.4787 7.282825 7.493175 7.484574 7.523798 7.424646
8.246594 8.617725 8.717844 8.649815 8.072622 9.205576 10.78021 9.779534 9.636876 9.020226 8.604496 8.138309 7.921257 7.426407 7.523905 7.598229 7.674282 7.502094 7.346353 7.226487 7.016306 7.860182 7.932765 7.762644 7.97237 8.086639 7.186471 -9999 -9999 7.758274 7.52018 7.233571 7.413785 7.554771 7.460585 7.617405 7.622137 7.847084 7.7614 7.730013 7.899101 7.821728 7.619167 7.503665 6.639 5.434589 7.355067 8.024918 8.079564 8.105085 8.347285 8.35383 8.143793 7.91131 7.58276 7.562408 -9999 -9999 7.210098 7.192111 -9999 6.975093 7.634748 -9999 7.273991 7.462968 -9999 -9999
10.31773 10.68933 9.280707 8.924891 -9999 -9999 10.69095 9.405623 9.244543 8.665031 8.180056 7.819005 7.686203 7.614406 7.766709 7.96362 7.688741 7.785356 7.605435 7.557129 7.473073 7.52237 7.367942 7.337755 7.269175 7.572025 7.312404 7.692688 7.533309 7.640954 7.438336 7.399548 7.373014 7.420301 7.504935 7.458787 7.35295 7.824268 7.700976 7.485243 7.426249 7.165161 7.181392 7.235784 7.128342 5.091349 7.45585 8.023178 8.031373 8.114137 8.129484 8.21669 8.221205 8.146324 7.948046 7.371811 7.09347 7.021577 6.778501 6.789 -9999 6.862706 7.379844 7.34704 7.292875 7.236129 -9999 -9999
8.418783 8.892252 10.00411 11.27926 -9999 -9999 -9999 9.596625 8.828863 9.143805 9.096842 8.408178 8.127234 7.910398 8.29716 8.26416 8.687099 7.706918 7.48607 7.444629 8.465895 8.319783 8.454347 7.67243 7.931206 8.075639 7.431951 8.35217 8.343258 7.939426 7.884864 7.135748 6.924846 6.981686 6.856505 7.305149 8.812672 8.834181 -9999 -9999 8.086342 -9999 -9999 8.067576 6.763287 5.022537 7.450642 8.030858 -9999 -9999 8.715874 -9999 -9999 8.427546 8.165514 -9999 7.126844 -9999 6.917689 7.02245 7.018946 6.900033 7.082658 7.168549 7.004936 7.171103 7.511589 -9999
7.381858 7.532276 8.174934 9.431031 9.179891 8.412658 8.398605 8.688889 10.05991 9.031404 8.993726 -9999 -9999 -9999 -9999 -9999 -9999 8.425761 7.813123 8.780715 -9999 -9999 -9999 8.105295 -9999 7.836287 7.857745 8.035377 -9999 -9999 7.954164 7.167319 7.232346 7.196853 8.103951 9.10827 9.006053 8.595229 -9999 -9999 8.624741 -9999 -9999 -9999 6.965725 4.410245 7.451416 -9999 8.761271 8.983345 8.961618 8.99658 9.135205 8.641492 8.140072 -9999 7.144001 -9999 7.126705 7.138267 7.411211 6.955389 -9999 -9999 6.888033 6.814757 6.982877 7.048695
7.206533 7.717096 7.857794 8.303302 8.25417 8.447469 8.499669 8.563514 8.143337 8.978883 9.615265 8.72586 8.688854 8.732214 8.683306 8.679231 8.71073 8.628519 7.89642 8.856993 8.979841 8.953344 8.912188 7.639188 -9999 -9999 7.834862 7.82205 7.873949 6.029702 7.996849 7.346774 7.870799 8.961795 9.020615 8.712608 8.633278 -9999 -9999 9.329246 9.447498 -9999 -9999 -9999 6.699385 6.000187 8.03952 7.960953 8.169672 -9999 -9999 9.447887 9.642016 -9999 8.420694 -9999 7.287982 7.376725 7.296499 7.260019 7.460556 7.206393 7.257749 -9999 7.183691 6.935612 7.052503 7.221419
7.149766 7.777334 7.992883 8.124967 8.146187 8.328384 8.176374 -9999 8.196685 8.129086 8.351039 8.444662 8.550164 8.29968 8.198827 8.281962 7.908244 7.8735 7.874661 9.275738 9.360743 8.825581 9.33342 9.651421 9.77487 9.626902 9.612009 9.262763 8.525365 8.429087 8.554546 7.490337 8.212827 8.513202 8.610641 7.932905 7.896811 -9999 -9999 -9999 8.725168 -9999 -9999 -9999 6.741235 6.413211 7.888368 8.039934 7.83748 9.15947 -9999 10.59182 9.713274 9.552378 8.762273 -9999 8.172025 7.812965 7.687959 7.559607 7.566258 7.473018 7.244759 7.120225 -9999 6.745738 -9999 -9999
7.495905 7.327668 7.832489 7.682619 7.899086 8.039131 8.088877 8.02976 7.924919 8.585492 -9999 -9999 8.522653 -9999 -9999 8.490599 8.455307 7.928229 7.870367 8.312767 7.998116 7.931719 8.267551 9.268636 9.75728 -9999 -9999 8.772062 9.206127 8.539411 8.904046 7.636459 9.60791 8.663158 8.040704 8.010531 7.844103 -9999 -9999 -9999 8.792745 -9999 -9999 -9999 7.100161 6.633712 7.701248 8.075148 8.062881 8.89687 8.95632 -9999 9.736041 -9999 8.915511 9.117666 8.958694 8.300269 8.103654 -9999 -9999 7.786513 -9999 7.079373 -9999 6.771781 -9999 7.209356
-9999 7.020396 7.16658 7.277082 7.665122 7.980403 8.142382 8.348757 8.850801 7.494821 8.622516 8.642034 8.593716 8.526543 8.612544 8.65808 8.64181 7.885222 7.978892 7.896066 8.038868 7.952592 8.24714 8.108947 9.769885 8.424052 9.081684 8.965532 9.016522 8.278741 8.697818 7.704563 8.29983 9.211153 8.648533 7.988391 7.944267 -9999 8.309204 8.518682 8.708158 8.295719 8.478369 -9999 7.439277 7.576848 6.66446 8.181814 -9999 8.371436 8.478863 -9999 -9999 -9999 -9999 -9999 9.12601 -9999 9.180363 9.564656 9.520074 -9999 8.172512 8.418924 -9999 8.303701 8.143124 8.041504
6.585869 -9999 -9999 6.952956 7.333094 7.580085 8.27241 8.425301 8.717543 9.282957 9.534527 8.703892 8.672127 8.567152 8.705024 8.482006 8.49465 7.742374 7.787028 9.021857 8.936911 8.552904 8.006996 9.336473 9.731575 9.641991 9.021883 8.643196 8.846143 8.372711 8.740344 7.983022 8.254094 8.599786 8.922803 8.074461 8.144423 8.195156 -9999 -9999 -9999 -9999 -9999 8.216191 7.768367 7.87154 7.968005 -9999 8.04958 8.93105 -9999 9.026045 -9999 -9999 -9999 9.917047 9.891282 -9999 -9999 9.570073 9.352341 9.248542 8.408663 8.677999 8.711117 8.398536 8.343935 8.226867
9.112184 9.025923 6.204322 -9999 -9999 7.941511 7.619885 7.942308 8.565257 9.027495 9.565817 10.2062 10.48287 9.007003 8.845153 -9999 8.600121 7.714908 7.911626 9.218281 9.219961 8.864614 8.629663 -9999 -9999 -9999 -9999 9.547463 8.626122 8.322286 8.721298 7.94413 8.176761 8.630418 8.338554 8.891726 8.453505 8.576599 8.598061 8.769743 8.792653 8.846293 8.53175 8.116049 8.003434 8.127428 8.03401 8.022707 8.988433 9.235267 9.18957 9.260395 9.204328 -9999 9.896633 9.967 9.842091 9.895146 9.656494 9.802677 9.463744 9.296475 8.618718 8.14462 8.481623 8.336115 8.162283 8.250777
6.71097 6.791095 7.359328 9.236557 -9999 -9999 5.786342 7.72746 7.840022 8.419926 9.40803 10.06221 10.18337 9.850894 9.575445 -9999 8.379205 7.618662 7.854705 8.687231 8.718301 8.760009 8.771313 9.367077 9.529664 9.70164 9.766936 9.6011 9.406127 8.436723 8.521213 8.15179 8.775881 8.691376 8.677497 8.729626 8.267264 8.420104 8.788218 8.898571 8.92518 8.843402 8.86445 8.417765 8.184774 8.181942 -9999 8.922916 9.154184 9.170165 9.252727 9.091183 9.250819 -9999 10.11915 10.19897 10.07814 10.17218 10.36534 9.968268 9.554726 9.371996 8.725767 7.795212 8.014461 8.185221 8.24695 8.282516
6.955894 6.948894 7.796697 10.12286 10.50436 8.42159 -9999 -9999 7.813892 7.992251 8.085776 8.158751 8.328213 8.622744 8.61291 -9999 8.124063 7.671298 8.025331 8.606387 8.4569 8.408671 8.517138 8.61491 8.724857 8.923797 9.301595 9.219106 9.02574 8.189912 8.653811 8.174772 8.629807 8.647308 8.722168 8.682827 8.539769 8.266994 8.663553 8.777678 8.930723 8.841867 9.035711 8.356925 8.275614 8.422209 8.493084 8.868011 9.076116 9.35388 9.566427 10.41691 9.4331 9.629975 10.47122 10.32757 -9999 -9999 -9999 9.978396 9.978522 9.666782 9.454315 7.777278 -9999 -9999 7.999167 8.142304
7.504785 7.505687 9.768223 12.04252 11.35829 11.74318 11.55653 5.987422 -9999 8.123135 8.47883 8.214452 8.317616 8.366282 8.004309 7.589867 7.275027 7.651441 8.315696 7.830371 8.138786 8.09845 8.165394 8.326815 8.321731 8.171413 8.447467 8.518333 8.081735 8.269055 8.493765 8.29068 8.407331 8.305229 -9999 8.354305 8.454147 8.412254 8.522949 8.761699 8.872822 8.914137 9.859377 8.495387 8.357838 8.292508 8.708471 8.739419 9.110309 9.098129 9.898157 10.57982 10.1653 9.903399 10.56156 10.54111 10.38891 10.28853 10.26165 10.01365 9.999374 9.860036 9.642217 -9999 -9999 -9999 8.167774 7.832
8.160069 7.630517 8.282469 10.45325 10.8989 11.43734 9.84992 8.001172 -9999 6.5848 7.888844 8.237293 8.203678 8.13077 7.984163 8.04101 7.861691 7.720584 7.969907 7.880383 7.929708 7.88207 7.723045 7.855099 8.004052 7.903589 7.796893 7.777761 7.98302 8.377215 8.23493 8.264304 8.276614 8.326704 8.037407 8.226234 8.290037 8.437317 8.369499 8.089702 8.250952 8.391977 8.449275 8.177345 8.460143 9.329224 8.709835 8.849166 9.04396 9.110677 9.532831 10.43459 9.966381 10.10791 10.28071 -9999 10.57636 10.54404 -9999 9.844445 -9999 9.991909 -9999 8.78279 8.917532 8.952108 8.570787 8.068881
7.749961 7.750752 7.923652 8.384129 9.079692 9.127563 8.235701 8.965749 8.679182 -9999 7.882214 7.963489 7.907503 8.163479 8.218241 8.195835 7.744889 7.931651 7.684138 7.636183 6.822911 7.342932 7.459622 7.624483 7.768418 7.840649 7.472539 7.455509 7.614614 7.689247 8.235563 8.333955 8.241377 8.169099 7.962601 8.116854 8.281909 8.274448 8.178491 8.169295 8.338668 8.964483 8.6717 8.489624 8.20585 8.272374 9.071814 8.780659 8.760252 9.136795 9.871708 9.890757 -9999 -9999 9.982725 10.26807 -9999 -9999 10.28332 10.02583 9.721506 9.461411 9.16624 8.862508 8.894014 9.213587 9.168991 8.637053
