hx_30m/njhx/nx30.asc
ncols         211
nrows         286
xllcorner     660279.5826
yllcorner     3541874.3250919
cellsize      30
NODATA_value  -9999
[rows 180 to 209 of 286, columns 0 to 67 of 211]
-9999 -9999 -9999 -9999 -9999 -9999 -9999 -9999 -9999 -9999 -9999 -9999 -9999 -9999 -9999 -9999 -9999 -9999 -9999 -9999 -9999 -9999 -9999 -9999 -9999 -9999 -9999 -9999 -9999 8.588656 9.462296 10.1327 9.480257 9.649817 9.468049 11.67046 9.930319 10.01706 -9999 9.721182 14.78757 16.81496 13.93562 9.711919 8.420741 9.059891 8.447511 8.721077 8.548112 7.813482 7.018761 7.236193 7.610493 6.856757 7.423712 7.499205 7.542898 7.130904 7.730105 8.53108 8.745537 8.941072 8.82498 8.967717 8.872636 8.686874 8.616289 8.428285
-9999 -9999 -9999 -9999 -9999 -9999 -9999 -9999 -9999 -9999 -9999 -9999 -9999 -9999 -9999 -9999 -9999 -9999 -9999 -9999 -9999 -9999 -9999 -9999 -9999 -9999 -9999 -9999 -9999 5.612497 9.154959 9.602591 9.665435 9.58856 10.65304 11.33284 10.14428 10.46636 -9999 9.305978 9.421244 8.966486 11.91599 9.487425 15.13683 8.192391 9.188972 8.765657 8.617965 8.060807 7.286834 6.900677 6.857924 6.857557 7.217137 8.046616 7.649844 7.430326 8.684996 9.185638 9.349642 9.447802 9.024822 9.070093 9.087069 9.08207 8.813273 8.52679
-9999 -9999 -9999 -9999 -9999 -9999 -9999 -9999 -9999 -9999 -9999 -9999 -9999 -9999 -9999 -9999 -9999 16.54139 -9999 -9999 -9999 -9999 -9999 -9999 -9999 -9999 -9999 -9999 -9999 8.928694 8.76744 7.140801 9.390009 10.43953 11.27133 11.75002 10.56318 12.50135 -9999 7.920032 8.928173 8.895826 8.386292 13.115 13.8974 10.99767 15.6686 10.45143 8.265654 7.574856 7.262618 7.026008 6.705919 6.055406 7.766467 7.770427 7.324354 8.355085 9.689965 9.571749 9.46131 9.558346 9.336441 9.103046 9.097214 9.085424 9.008678 9.136152
-9999 -9999 -9999 -9999 -9999 -9999 -9999 -9999 -9999 -9999 -9999 -9999 -9999 -9999 -9999 -9999 -9999 16.99993 -9999 -9999 -9999 -9999 -9999 -9999 -9999 -9999 -9999 -9999 8.13742 9.300388 9.290142 9.362966 9.633106 9.850416 11.84868 9.994057 9.578939 10.22003 6.368943 8.011978 8.719398 8.882669 8.252792 9.231118 8.526307 10.0423 16.82784 13.619 14.04733 8.415976 7.830652 7.287435 7.248234 6.82186 6.901746 7.559503 7.945309 8.562404 9.13011 9.446898 9.400936 9.621552 9.45096 9.209419 9.063837 9.018239 8.88484 9.042965
-9999 -9999 -9999 -9999 -9999 -9999 -9999 -9999 -9999 -9999 -9999 -9999 -9999 -9999 -9999 -9999 -9999 -9999 -9999 -9999 -9999 -9999 -9999 -9999 -9999 -9999 -9999 7.020876 9.117352 9.664665 10.01599 9.553653 9.498087 9.759021 11.29423 8.936518 7.301629 7.814656 11.16387 8.668824 8.881408 8.517355 8.559814 11.97697 9.137243 8.388508 9.623202 13.76279 10.64867 11.51234 9.279266 8.602539 7.138593 6.99692 6.986277 7.767073 8.593695 9.278162 9.23835 9.398321 9.526757 9.455366 9.271359 9.021737 8.971142 8.914392 8.796313 8.871187
-9999 -9999 -9999 -9999 -9999 -9999 -9999 -9999 -9999 -9999 -9999 -9999 -9999 -9999 -9999 -9999 -9999 -9999 -9999 -9999 -9999 -9999 -9999 -9999 -9999 -9999 6.913012 9.274073 9.380325 9.355468 9.242964 9.623882 9.528624 10.9605 9.782825 7.509166 6.203283 8.426698 8.011406 12.36207 11.48349 13.26494 9.040241 8.753785 8.281761 9.34551 9.58629 8.729201 9.137304 15.09565 16.93959 15.31183 9.897523 8.348128 7.962183 8.870624 9.249204 9.395619 9.46801 9.143455 9.209038 9.188523 9.116796 8.875642 8.834993 8.969781 8.910851 8.872267
-9999 -9999 -9999 -9999 -9999 -9999 -9999 -9999 -9999 -9999 -9999 -9999 -9999 -9999 -9999 -9999 17.6 -9999 -9999 -9999 -9999 -9999 -9999 -9999 -9999 5.660031 8.840822 9.60414 9.216483 9.687058 9.348363 9.61838 9.672647 11.65904 8.88489 -9999 7.58705 8.371089 8.820175 8.099704 8.184547 8.06478 7.768443 8.383535 8.687888 8.236225 -9999 9.079361 -9999 9.465633 11.10512 14.82733 17.29861 16.4042 8.538004 8.628008 9.44826 9.507904 9.161572 9.076683 9.240649 9.595316 9.061766 8.684619 8.75013 8.772768 9.397405 9.011585
-9999 -9999 -9999 -9999 -9999 -9999 -9999 -9999 -9999 -9999 -9999 -9999 -9999 -9999 -9999 -9999 18.05854 -9999 -9999 -9999 -9999 -9999 -9999 -9999 -9999 7.859349 9.371971 9.728475 9.06979 9.073311 9.245995 10.25853 10.88636 9.813284 6.865134 6.212827 7.590899 8.009896 10.86312 7.696404 8.317665 7.831438 8.653476 8.661054 8.321959 8.990345 8.650703 8.741623 -9999 9.225591 9.452936 9.21319 9.460445 15.91608 16.52284 11.90559 8.593275 9.518162 9.615777 9.589067 8.757931 9.089598 8.969105 8.806562 8.835629 8.898656 8.74402 8.799195
-9999 -9999 -9999 -9999 -9999 -9999 -9999 -9999 -9999 -9999 -9999 -9999 -9999 -9999 -9999 -9999 -9999 -9999 -9999 -9999 -9999 -9999 -9999 -9999 -9999 9.184047 9.577654 9.592728 9.102414 9.285803 9.54562 10.06479 11.9254 9.087477 -9999 7.430254 7.510822 7.79094 8.934361 7.683375 8.216027 7.472455 8.319322 8.171951 9.503958 8.524618 9.507195 9.36809 9.058373 9.261322 11.55078 -9999 9.228748 9.414899 8.32159 14.60464 17.0666 15.41656 8.244023 9.100594 9.154005 8.855221 8.803851 8.860111 8.75742 8.373282 8.177256 8.524164
-9999 -9999 -9999 -9999 -9999 -9999 -9999 -9999 -9999 -9999 -9999 -9999 -9999 -9999 -9999 -9999 -9999 -9999 -9999 -9999 -9999 -9999 -9999 -9999 9.066704 9.610871 9.057512 9.18503 9.350455 9.415894 9.713295 10.97381 10.39886 7.801396 -9999 7.35241 7.625847 7.715922 8.439052 7.692995 7.721164 8.15482 8.146543 8.660903 9.468404 7.975709 8.406024 9.278313 8.979162 8.540006 8.494321 9.192381 9.565971 8.953259 9.45524 8.468601 8.474471 11.32423 16.38091 15.77833 12.43602 10.30387 8.837704 8.212603 8.774279 7.612121 7.230875 7.606843
-9999 -9999 -9999 -9999 -9999 -9999 -9999 -9999 -9999 -9999 -9999 -9999 -9999 -9999 17.17787 -9999 -9999 -9999 -9999 -9999 -9999 -9999 -9999 -9999 -9999 9.530204 9.058206 9.216632 9.482189 9.511312 10.2419 11.96117 9.140209 6.697425 6.20074 7.373746 7.735259 7.777449 7.357092 7.682546 7.404872 7.987422 7.608479 9.496987 9.862291 7.830989 7.291146 8.762239 8.709536 7.778277 8.320368 8.36222 9.012233 8.466917 8.949146 9.19621 8.828248 8.402545 8.187184 7.467008 14.29414 16.32872 15.5768 13.09231 9.59864 8.816641 7.426163 7.571205
-9999 -9999 -9999 -9999 -9999 -9999 -9999 -9999 -9999 -9999 -9999 -9999 -9999 -9999 -9999 -9999 -9999 -9999 -9999 -9999 -9999 -9999 -9999 8.966742 9.585609 9.630808 9.282009 9.352163 9.644747 10.01912 11.41462 10.25772 9.317379 6.765223 6.310629 -9999 7.834764 7.706873 7.021955 7.680444 7.488067 7.575432 7.845001 8.710285 8.001634 7.022088 7.680511 8.441372 8.872239 8.197696 7.859486 8.778687 9.434353 9.146362 9.276267 9.402941 9.014235 9.630388 -9999 8.16986 8.104176 7.967269 7.607702 13.53479 15.57803 15.40023 14.86532 11.97128
-9999 -9999 -9999 -9999 -9999 -9999 -9999 -9999 -9999 -9999 -9999 -9999 -9999 -9999 -9999 -9999 -9999 -9999 -9999 -9999 -9999 -9999 -9999 9.636628 10.04832 9.842035 10.09368 9.483163 9.910868 10.83528 11.51352 9.545581 8.636717 7.401146 5.728292 -9999 7.68531 7.349084 7.381358 7.243585 6.901681 7.614788 7.92548 8.345812 8.990447 8.354004 7.335147 8.708462 8.527959 8.285661 8.125568 9.252392 9.520168 9.245566 9.148607 9.12862 9.480974 9.151931 8.589316 8.475411 8.006388 8.187088 7.784441 8.361583 8.001198 9.273862 11.13108 12.68207
-9999 -9999 -9999 -9999 -9999 -9999 -9999 -9999 -9999 -9999 -9999 -9999 -9999 -9999 -9999 -9999 -9999 -9999 -9999 -9999 -9999 9.237756 9.852713 10.29146 10.44602 10.21769 9.50951 9.562533 10.04645 11.86625 10.18287 9.989509 7.800378 7.084943 6.915523 -9999 7.646359 7.401273 7.349549 6.941489 7.207182 7.463059 7.611757 7.592772 7.823317 8.058457 8.518601 8.886281 8.773012 8.462736 7.886552 9.599136 9.56842 9.343298 9.256774 9.170181 9.193684 9.455632 8.829378 -9999 7.539411 7.739871 8.666086 -9999 -9999 8.894729 8.59079 8.157288
-9999 -9999 -9999 -9999 -9999 -9999 -9999 -9999 -9999 -9999 -9999 -9999 -9999 -9999 -9999 -9999 -9999 -9999 -9999 -9999 -9999 9.292194 9.866862 10.26345 10.25101 9.672778 9.487074 10.16006 11.65389 11.13672 10.09078 8.863617 7.351717 -9999 7.258096 7.440557 7.323118 7.149766 7.29059 6.928179 7.608222 7.704318 7.94387 7.349956 8.017994 7.82371 7.849146 8.280846 8.646209 8.966895 8.125297 9.418611 9.238688 9.427865 9.14849 9.156328 8.717516 9.356565 8.812959 8.203134 7.778733 7.497903 8.833974 9.017185 9.165225 9.360112 9.185144 -9999
-9999 -9999 -9999 -9999 -9999 -9999 -9999 -9999 -9999 -9999 -9999 -9999 -9999 -9999 -9999 -9999 -9999 -9999 -9999 -9999 8.930286 9.626978 10.13231 10.18777 9.957125 10.13974 10.40213 10.33749 11.78701 10.2786 9.608736 8.908316 -9999 6.889572 7.538501 -9999 7.2754 7.199305 7.399048 7.245424 7.117332 7.570916 7.877823 8.26202 9.022152 8.458742 8.073109 8.001279 7.832302 8.099699 8.581978 9.260389 8.270329 8.78389 8.588934 8.270947 9.367312 8.962994 9.122242 8.922973 7.470442 7.556941 8.675098 8.644331 8.804395 8.916515 9.146243 8.89555
-9999 -9999 -9999 -9999 -9999 -9999 -9999 -9999 -9999 -9999 -9999 -9999 -9999 -9999 -9999 -9999 -9999 -9999 -9999 -9999 9.591837 10.01294 10.1932 9.813368 9.800933 9.61846 9.747194 10.89071 10.25147 8.550838 -9999 -9999 -9999 6.870077 -9999 7.869885 7.332945 7.658644 7.216974 8.005172 7.163065 7.112841 7.909608 8.186747 9.006025 8.506213 9.155752 8.463211 7.714437 8.048584 7.595008 7.574158 7.244511 7.51393 8.045756 9.670073 9.381791 9.47524 -9999 -9999 7.287648 8.441568 8.758499 8.530128 8.52046 8.663903 9.185872 -9999
-9999 -9999 -9999 -9999 -9999 -9999 -9999 -9999 -9999 14.16512 -9999 -9999 -9999 -9999 -9999 -9999 -9999 -9999 -9999 9.719655 10.19762 10.14714 10.15232 9.630589 9.745671 9.437551 9.604551 11.83144 9.473509 8.555689 -9999 -9999 8.016889 6.313405 7.896156 7.500784 7.28028 7.745501 7.192619 8.430515 8.37938 8.29646 9.3135 10.55243 9.725901 8.253262 7.940243 -9999 8.294149 8.69458 8.488804 7.61412 7.194671 7.142526 7.388849 7.782852 -9999 8.763338 7.738367 7.442142 7.467572 8.423614 8.802235 8.8448 8.548088 9.803989 -9999 -9999
-9999 -9999 -9999 -9999 -9999 -9999 -9999 -9999 -9999 -9999 -9999 -9999 -9999 -9999 -9999 -9999 -9999 -9999 9.856525 9.942297 10.13739 10.24353 10.79585 9.482456 9.423392 9.566539 11.5965 11.65947 8.99038 8.678406 8.876601 -9999 8.011405 -9999 7.698576 7.633427 7.753117 7.659597 7.292133 8.299446 7.983528 8.032393 9.247856 10.42853 -9999 -9999 -9999 -9999 9.144883 8.75138 9.201796 7.342123 7.120475 6.999335 6.619339 6.709749 6.934353 7.190555 7.147437 7.12721 8.198942 8.394272 8.421316 8.34009 8.243328 -9999 -9999 9.888005
-9999 -9999 -9999 -9999 -9999 -9999 -9999 -9999 -9999 -9999 -9999 -9999 -9999 -9999 -9999 -9999 -9999 -9999 9.994026 10.09834 10.29716 10.32337 9.855548 9.575283 9.434759 10.81693 12.10276 10.99065 8.881071 8.482033 8.469061 -9999 -9999 7.627115 7.633504 7.333807 8.306749 7.59594 7.87036 7.676847 7.780873 8.399537 8.709975 8.631451 -9999 7.962454 -9999 -9999 9.087669 9.109855 8.851881 7.153419 -9999 -9999 -9999 -9999 7.410347 7.298769 7.113396 7.037583 7.620194 8.100524 7.937064 8.044886 9.137697 -9999 -9999 9.841902
-9999 -9999 -9999 -9999 -9999 -9999 -9999 -9999 -9999 -9999 -9999 -9999 -9999 -9999 -9999 -9999 -9999 9.94005 9.909769 9.955203 10.04215 10.0057 9.921638 9.896619 9.373702 10.68859 11.83964 9.83731 8.592093 -9999 8.464891 8.331997 7.419366 7.803867 7.525707 7.638556 7.849296 7.610225 7.214408 7.690521 8.072131 8.119882 8.463763 8.238017 8.03873 -9999 8.196536 8.47702 -9999 -9999 8.3794 7.775926 8.153544 6.845324 6.834593 6.635688 6.938115 -9999 7.487538 6.972052 6.735517 6.837769 6.730687 6.925588 -9999 -9999 9.614032 9.970827
-9999 -9999 -9999 -9999 -9999 -9999 -9999 -9999 -9999 -9999 -9999 -9999 -9999 -9999 -9999 -9999 -9999 9.896604 10.00371 10.00276 10.17498 10.12289 9.612641 9.39916 9.418503 12.00667 9.217095 8.553143 -9999 8.464413 8.265947 -9999 -9999 7.685421 7.502842 7.735844 7.806496 7.467532 7.411355 7.216148 7.367509 7.874887 8.547775 -9999 -9999 -9999 8.239627 8.5996 8.839128 8.887927 7.586991 8.615793 8.062066 7.928583 7.263659 -9999 -9999 -9999 7.104259 -9999 6.897343 7.375697 7.122953 7.056816 6.73393 7.020363 7.665867 -9999
-9999 -9999 -9999 -9999 -9999 -9999 -9999 -9999 -9999 -9999 -9999 -9999 -9999 -9999 -9999 -9999 9.880796 10.01328 10.1772 9.800054 10.33851 11.04161 9.858239 9.677479 10.73804 10.69871 8.726442 8.397633 -9999 8.234492 7.979375 7.961535 7.358776 -9999 7.520535 8.074183 7.585568 7.654483 7.691374 7.985716 7.34417 7.156324 7.386639 8.115391 -9999 8.039712 8.507875 -9999 -9999 8.364274 8.67345 9.358739 8.071589 7.516187 7.84439 6.867128 7.37548 -9999 6.93026 -9999 6.640645 7.730346 7.141149 7.496826 -9999 6.985447 7.126768 7.030744
-9999 -9999 -9999 -9999 -9999 -9999 -9999 -9999 -9999 -9999 -9999 -9999 -9999 -9999 -9999 9.071681 9.287968 9.601955 9.885254 10.07297 10.3212 10.79884 9.847808 9.771219 11.91044 9.503918 8.341441 8.562528 8.387978 8.863358 9.409608 7.818665 -9999 5.971486 7.547951 7.834584 7.479313 7.836883 7.966039 7.951596 7.953159 8.009174 7.58871 7.3709 7.535548 7.935571 8.587029 -9999 8.773596 8.25958 8.988689 9.389845 7.941027 7.083651 8.736338 7.167839 6.814671 7.396055 7.161367 6.854268 -9999 9.539283 7.295265 7.587281 -9999 7.509301 -9999 7.458494
-9999 -9999 -9999 -9999 -9999 -9999 -9999 -9999 -9999 -9999 -9999 -9999 -9999 -9999 -9999 9.439385 9.152512 10.13459 -9999 10.31541 9.683414 9.75855 9.717932 11.21303 10.57362 9.300789 8.086886 8.024194 8.861265 9.169522 8.064487 7.451328 -9999 6.951103 7.643149 7.694426 7.929848 7.932366 7.914982 7.883899 7.747068 -9999 7.439516 6.887808 7.591756 7.815303 7.918954 8.248904 8.604766 8.341663 -9999 8.021062 -9999 6.967103 6.646393 7.102935 7.445902 7.086452 -9999 -9999 7.561441 7.5276 7.685589 7.539381 -9999 7.505502 7.507559 7.552066
-9999 -9999 -9999 -9999 -9999 -9999 -9999 -9999 -9999 -9999 -9999 -9999 -9999 -9999 7.418471 9.251716 9.436658 9.64863 9.819025 9.89272 9.788737 9.930541 9.757766 11.82192 9.874997 9.820132 8.344203 8.090059 8.744168 7.993458 9.123069 7.495528 -9999 7.55439 7.935293 7.485233 8.405743 7.882689 7.928731 7.923374 8.177767 -9999 7.478939 7.534224 7.871845 7.904518 8.451459 8.264357 8.328336 8.109193 8.138363 7.06096 6.896572 7.001645 6.580362 6.864678 7.213456 7.031529 -9999 7.68435 -9999 -9999 -9999 7.564164 7.502973 7.731661 7.767799 -9999
-9999 -9999 -9999 -9999 -9999 -9999 -9999 -9999 -9999 -9999 -9999 -9999 -9999 -9999 9.385815 9.134746 9.720235 10.39331 10.10514 9.888913 9.866468 11.16268 10.70488 10.88024 8.585827 7.972198 8.047626 7.967381 8.254776 7.94359 10.5543 7.75734 -9999 7.45093 7.616966 7.472037 8.233543 8.004705 7.933171 8.125303 -9999 7.612216 7.672353 7.730686 8.34899 8.599316 8.898142 9.106651 8.198324 8.064991 7.726728 7.477164 7.310168 7.261824 7.410378 7.018283 7.523636 7.292124 7.690179 -9999 -9999 7.59749 7.679104 7.530923 7.605874 7.673246 7.69322 7.714696
-9999 -9999 -9999 -9999 -9999 -9999 -9999 -9999 -9999 -9999 -9999 -9999 -9999 -9999 9.444326 9.351652 9.782689 9.968512 10.23323 9.610919 9.965707 9.723769 11.93133 9.310753 8.174391 8.300509 8.60916 8.21406 9.147089 8.315401 8.431602 7.209008 6.79712 7.481122 7.330951 7.942868 8.059649 8.043772 8.005648 8.334807 8.021617 7.594575 7.763344 8.332731 8.545687 8.617008 9.326541 8.246538 8.322943 -9999 7.931454 7.312904 7.058816 6.974669 7.014805 7.037465 6.982789 -9999 -9999 -9999 -9999 7.59109 7.562004 7.516566 7.760108 7.717411 7.714596 7.660094
-9999 -9999 -9999 -9999 -9999 -9999 -9999 -9999 -9999 -9999 -9999 -9999 -9999 -9999 9.784243 9.621381 9.672767 9.564417 9.563511 9.490937 9.534529 10.32557 11.51321 7.852253 8.291584 8.341656 8.352439 8.353534 8.741394 9.258498 7.815743 -9999 7.261094 7.592416 7.125346 8.679433 8.119488 8.014324 8.188148 8.223869 7.780983 7.611195 8.074581 8.445221 8.587348 8.934358 9.09446 7.609464 -9999 9.033846 8.968021 7.912459 7.111827 -9999 7.203003 6.635464 7.046811 6.982348 7.491696 7.416846 7.695796 7.539328 7.457408 7.511921 7.639078 7.745173 7.682645 7.570694
-9999 -9999 -9999 -9999 -9999 -9999 -9999 -9999 -9999 -9999 -9999 -9999 -9999 9.401184 10.31939 9.730597 9.67241 9.629444 9.617494 9.627803 9.699591 11.53782 10.3027 8.560447 8.624209 8.788614 8.638124 7.954542 7.838316 7.738158 7.692842 -9999 7.003495 7.242164 7.487306 8.646299 -9999 8.462798 8.500742 8.300474 7.88143 8.257101 8.420702 8.513351 8.991041 8.828702 8.274901 7.696003 8.391474 8.72914 -9999 7.019322 7.107353 -9999 -9999 7.113372 6.942176 6.931284 6.818026 6.726771 7.01412 7.315916 7.421407 7.59649 7.728301 7.702811 7.598146 -9999
