hx_30m/njhx/nx30.asc
ncols         211
nrows         286
xllcorner     660279.5826
yllcorner     3541874.3250919
cellsize      30
NODATA_value  -9999
[rows 180 to 209 of 286, columns 136 to 203 of 211]
7.621777 7.324432 7.15942 7.367769 7.632839 7.357563 7.062626 6.729746 6.742103 6.803546 6.832036 6.884631 6.8294 -9999 7.148226 7.204678 7.158357 -9999 7.043656 -9999 6.896216 6.467729 4.914307 -9999 -9999 6.73019 6.381897 6.450959 6.613516 6.674561 -9999 6.568118 6.647427 6.802032 -9999 -9999 -9999 6.546025 6.672561 6.62588 -9999 -9999 -9999 6.265512 6.504508 -9999 -9999 6.492836 6.558346 -9999 6.862902 6.401254 6.596468 6.896502 7.080534 8.783704 7.321299 7.499283 7.302912 7.462224 -9999 -9999 -9999 -9999 7.23095 7.543119 7.818914 8.201775
8.157188 8.46072 -9999 7.799911 -9999 7.546021 7.207149 6.825153 6.650352 6.799839 6.747389 6.666008 6.813703 -9999 7.085145 7.0979 7.120367 -9999 7.333943 7.25103 7.110052 7.051453 6.943392 -9999 5.377481 -9999 6.437384 6.595577 6.583612 -9999 6.442958 6.726974 6.313584 6.265625 -9999 6.406456 6.452286 6.501042 6.706355 -9999 6.527932 6.418862 6.349558 6.279559 6.66522 -9999 -9999 6.37475 6.452399 6.621229 6.747218 6.731763 6.835426 6.689978 6.887632 7.152434 -9999 -9999 7.069881 7.025095 6.833773 -9999 -9999 -9999 7.251551 7.49404 7.648588 7.97586
-9999 -9999 7.859281 8.106765 7.548466 7.796945 7.63488 7.677091 7.472174 6.96981 7.159832 6.897618 7.034414 6.859539 7.137251 7.125696 7.032948 -9999 7.208467 7.10639 -9999 -9999 7.081656 7.022771 6.685299 -9999 5.404286 6.537211 6.49081 -9999 6.429329 6.791953 6.41773 6.333582 -9999 -9999 6.427104 -9999 6.670333 6.160069 6.232663 6.373336 6.561889 6.482743 6.569142 6.512653 6.415746 -9999 6.518607 6.598108 -9999 6.974709 6.829608 6.627281 6.650821 6.558509 -9999 -9999 -9999 -9999 6.877819 6.882754 -9999 7.06319 -9999 7.939272 7.617795 7.976168
7.507357 7.904498 7.466748 8.07559 8.016032 -9999 -9999 7.641416 7.449831 7.138613 7.263323 7.057237 6.891037 6.862764 6.963926 6.690571 6.702627 6.799759 7.114823 7.015682 -9999 -9999 6.933002 7.18556 -9999 7.037413 6.753161 -9999 5.252167 -9999 6.363499 -9999 -9999 6.449029 6.447862 -9999 6.388694 6.34561 -9999 6.355522 6.206791 6.177483 6.503491 6.691667 6.416083 6.311437 -9999 6.514402 6.503523 6.641462 6.582245 6.675488 6.710102 6.757176 6.890499 6.94659 6.938269 7.037577 6.995537 6.927679 6.867248 6.760624 6.921867 7.233047 -9999 -9999 7.787467 7.869186
7.614276 -9999 7.557425 8.101542 8.134851 7.557273 -9999 7.346399 -9999 7.342896 7.133158 6.852012 6.875319 6.911455 6.914862 6.736 6.695741 6.775005 -9999 6.74118 6.831582 7.029457 6.911316 6.956739 -9999 6.906188 7.026771 6.703868 6.70913 -9999 5.918385 6.628842 6.606414 6.437189 6.792439 -9999 -9999 6.75154 6.397482 6.331231 6.205043 6.223091 6.055931 6.732322 -9999 6.258471 6.871293 7.169474 -9999 7.013947 7.021137 6.746722 6.851013 -9999 -9999 -9999 6.835891 -9999 7.032732 6.5699 6.900315 7.108302 -9999 -9999 -9999 -9999 7.687981 8.072581
6.582314 8.258347 9.0231 7.938543 8.17009 -9999 7.297592 7.305412 -9999 7.499409 7.055239 6.950274 6.945357 6.983384 6.947665 6.939722 6.934608 6.914585 7.154025 6.982062 -9999 6.749784 6.746821 6.915155 -9999 6.821204 6.746499 6.895599 6.80816 6.748096 6.908477 6.358225 -9999 -9999 -9999 6.808877 -9999 6.854252 -9999 6.310834 6.32266 6.142443 -9999 6.45621 -9999 6.526969 6.864245 7.309677 7.396151 -9999 7.188553 6.677834 -9999 7.300497 7.302352 7.232598 7.265775 7.078271 -9999 6.737811 -9999 6.584795 6.790566 -9999 -9999 -9999 7.95219 8.107886
7.706862 -9999 7.158334 6.674537 -9999 7.852073 7.534829 7.357651 -9999 7.4158 7.2674 7.063231 7.080091 7.129988 6.959915 6.91342 6.822057 -9999 6.643326 6.962426 7.132658 7.034786 -9999 6.776818 -9999 6.682389 6.85315 7.146665 -9999 7.006411 6.948485 -9999 6.908724 6.939941 6.072336 -9999 6.895472 7.095715 -9999 6.489001 -9999 6.581766 7.02491 6.456097 6.118289 -9999 -9999 7.015106 7.341901 7.373866 7.108608 7.184935 7.372792 7.192657 7.000319 6.929483 7.126586 7.046074 6.96869 6.957274 6.762811 6.753123 7.237531 -9999 -9999 7.50581 7.967646 8.223503
6.717247 8.071291 7.62993 7.256911 -9999 -9999 -9999 7.483799 7.349186 7.26565 7.070619 -9999 -9999 -9999 -9999 6.548132 -9999 6.537752 -9999 6.786594 -9999 7.029615 7.068085 7.200189 6.849108 6.572514 6.769695 6.997342 -9999 6.778257 6.945598 -9999 7.351086 7.356536 -9999 7.341991 7.302799 6.891677 -9999 6.5258 6.480694 6.432514 6.96904 -9999 6.713077 -9999 6.952868 7.126882 -9999 -9999 6.958228 6.995945 -9999 -9999 7.05065 7.339402 7.37 6.989409 -9999 -9999 -9999 7.206993 7.452265 7.607473 7.604909 7.676972 8.141425 8.322277
6.525279 8.385667 8.131414 8.34529 7.638711 -9999 -9999 -9999 7.696415 7.578281 6.986379 -9999 -9999 6.856196 -9999 -9999 -9999 6.693434 6.722507 6.588465 6.697445 6.613202 6.786739 7.234197 7.202291 7.161598 6.664281 6.637232 -9999 6.907128 -9999 6.864923 -9999 7.46574 -9999 7.4755 -9999 -9999 7.229648 6.728292 5.671363 -9999 7.110353 -9999 6.688164 6.83033 7.011744 7.028634 6.993587 7.004377 6.802416 7.142981 -9999 -9999 6.980582 7.286599 7.37 6.984618 -9999 -9999 -9999 8.087462 9.161328 9.30751 8.580016 -9999 8.336756 8.526605
6.917355 8.025948 7.92767 7.940096 7.990291 7.572892 7.485682 7.713349 7.929619 7.717059 -9999 6.999818 6.875115 6.943036 6.747776 6.715718 6.635255 6.742705 6.722364 6.633007 6.459591 6.256122 6.229208 -9999 6.913825 7.126179 7.327268 6.922426 -9999 6.90221 7.29777 7.029871 -9999 7.247521 7.328821 -9999 -9999 7.183165 7.235734 7.29844 -9999 6.956207 7.146314 5.735611 6.757054 -9999 7.054928 7.121085 7.018358 -9999 6.881547 7.181037 7.202332 7.095224 7.090847 7.006618 7.088924 7.005588 -9999 7.06378 7.789801 7.893331 10.25283 9.989456 8.85019 8.897548 8.504286 8.395174
7.28572 7.797369 7.609188 7.594969 7.405324 -9999 7.992743 7.92183 7.905838 7.275583 -9999 7.026747 6.926516 6.749178 6.668187 6.590161 6.542543 6.580689 6.617115 -9999 6.546909 6.526191 6.379505 6.479939 6.463029 -9999 7.05934 6.888771 6.916719 6.960718 -9999 6.803047 -9999 -9999 6.900924 6.828742 7.194799 7.029114 -9999 -9999 -9999 7.209107 7.170695 6.823651 6.847814 -9999 7.118519 7.082743 7.113711 -9999 6.884457 7.430792 7.501367 7.278489 7.497845 7.348596 7.481449 7.134335 6.984537 7.485488 7.923497 7.748379 9.938364 10.08482 8.805581 9.020859 8.942304 8.700688
7.366869 7.431561 7.340909 7.472872 7.441438 7.628954 -9999 8.093217 -9999 -9999 7.173541 6.909771 6.943526 6.544382 6.510906 6.538383 6.545578 6.516973 6.527315 6.423827 6.597878 6.313737 6.36012 6.345579 6.432599 6.505139 6.555548 6.86893 7.013093 6.87552 6.950631 7.080926 -9999 6.798335 7.024815 7.013631 7.004477 6.916106 7.037998 -9999 7.136177 7.06383 -9999 7.044035 6.933548 -9999 7.216043 7.099438 -9999 -9999 6.874935 -9999 8.384384 -9999 9.027531 9.139402 -9999 8.242304 7.988606 7.299834 7.425089 8.048967 8.371822 8.677716 -9999 -9999 8.854439 8.778495
-9999 7.112855 7.280234 7.284954 7.450868 7.36035 7.722456 8.162713 7.572711 7.382986 7.324421 -9999 6.750507 7.002806 6.948308 -9999 6.388706 6.435842 6.326401 6.422983 6.245825 6.326375 6.36883 6.339684 6.580303 6.416011 6.543645 6.772805 7.066927 -9999 6.80475 7.3151 7.114295 7.011958 6.978115 -9999 -9999 6.590286 6.756492 6.781981 6.927307 6.977574 -9999 7.018126 7.067459 -9999 -9999 6.916636 6.944247 6.978123 6.819366 7.322377 -9999 9.257806 9.252159 8.963631 9.049787 7.969731 8.297771 7.549452 7.23035 7.397871 8.23597 8.227761 8.427259 8.483212 8.928328 -9999
-9999 -9999 7.008615 7.118212 7.299707 7.342325 7.907719 8.24188 -9999 7.266104 7.278063 7.038055 6.964629 6.886529 7.002328 6.803228 6.458239 6.359852 6.38868 6.402808 6.442702 6.412726 6.439011 6.427366 6.866027 6.542965 6.645055 7.02177 6.203464 -9999 6.380604 6.394021 6.868802 7.024579 7.240083 7.119361 -9999 6.516167 -9999 -9999 6.959322 7.087976 7.860028 -9999 -9999 6.984846 6.87687 6.876319 6.769544 6.856868 6.923233 7.072602 7.775837 7.761698 7.632066 7.583305 7.457057 7.478477 -9999 7.397601 8.204165 8.733597 8.920541 -9999 -9999 -9999 8.960577 -9999
7.039231 7.110694 6.952979 6.836948 6.862851 7.40342 7.854117 8.080594 7.344419 7.105944 7.288797 6.958586 6.850891 6.928734 7.015782 6.95968 6.395938 6.471799 6.415546 6.318419 6.271271 -9999 -9999 -9999 -9999 -9999 6.869935 6.784762 6.339309 -9999 6.268435 -9999 6.404432 -9999 7.172024 7.218117 7.111808 6.958071 -9999 6.663517 6.79468 7.249376 -9999 -9999 -9999 7.189615 7.096317 6.871668 6.77086 6.764018 -9999 7.105434 -9999 -9999 -9999 -9999 7.666773 8.286436 7.949955 7.340484 7.820703 -9999 -9999 -9999 -9999 9.2624 9.186563 -9999
6.969081 7.020848 6.821904 6.92417 6.868093 7.201794 7.769453 7.569715 7.325715 7.009244 7.141248 -9999 6.999771 6.921498 6.996511 6.986478 6.524127 6.832225 -9999 6.424804 6.22977 6.220269 6.558496 -9999 -9999 -9999 6.935596 -9999 6.29379 -9999 -9999 -9999 5.799086 -9999 5.810807 -9999 6.967676 7.183317 6.832417 -9999 6.942554 7.061162 -9999 -9999 7.595453 6.115353 7.336451 7.043968 -9999 6.842464 -9999 7.157558 -9999 -9999 6.91427 -9999 8.112069 8.975739 8.067794 7.380692 8.064206 8.124912 8.448645 8.492449 8.608127 -9999 9.631124 -9999
-9999 6.290444 6.555457 6.816207 6.746531 7.323674 7.551775 7.599583 -9999 6.90901 7.035902 -9999 6.925086 6.871501 6.824507 -9999 6.689612 -9999 -9999 6.4103 6.158456 6.245695 -9999 -9999 6.13991 6.727176 6.722408 -9999 -9999 -9999 6.669603 6.562169 6.345198 5.921224 5.741161 5.761637 6.054909 -9999 7.01596 6.878736 6.21787 7.12175 -9999 -9999 7.498446 -9999 -9999 7.119524 7.04888 6.801197 6.866362 7.122719 6.92584 6.835177 6.808883 -9999 -9999 -9999 7.084019 8.150363 7.977502 8.085203 -9999 8.824245 8.777063 9.281822 9.667734 9.641518
7.215359 6.763517 -9999 5.764167 6.815856 7.386865 -9999 7.655352 -9999 -9999 6.848522 -9999 6.688996 6.688249 6.627048 6.615221 -9999 -9999 -9999 6.534245 6.187125 6.200925 6.166613 6.066563 6.651671 6.720782 6.94953 -9999 6.894658 -9999 7.006576 6.669518 6.608958 6.64889 6.241216 5.682832 5.730765 6.072789 -9999 6.67857 6.820518 7.227544 7.100794 7.483531 -9999 7.52758 -9999 -9999 7.115788 6.770901 6.696874 7.267546 7.05756 7.099031 7.222319 7.608249 -9999 7.917607 7.487741 7.618583 7.583074 7.71232 9.618083 -9999 -9999 9.558804 9.827644 -9999
7.337297 7.532416 7.146373 6.453208 -9999 -9999 7.2867 -9999 7.441804 -9999 6.699319 6.730318 6.877674 6.646906 6.684303 6.57387 6.50117 6.556752 6.646564 6.62699 6.516166 6.386779 6.435531 6.499214 6.672131 6.870532 -9999 7.042462 6.946565 6.951581 6.960047 7.07309 7.076958 6.584892 6.075209 5.822688 -9999 -9999 6.568872 6.611434 6.940211 -9999 6.903451 7.141429 7.211074 -9999 7.61814 6.128441 -9999 7.071435 6.599296 7.13334 7.346592 -9999 7.598973 -9999 -9999 -9999 -9999 8.086145 -9999 -9999 -9999 -9999 -9999 9.830929 10.05418 10.57615
7.586999 7.297427 7.314765 7.288686 7.111253 6.983365 -9999 5.806764 7.13081 -9999 7.000191 6.660095 -9999 -9999 6.577008 6.454376 6.724249 6.870808 6.839443 6.87215 6.947158 7.163911 6.796972 6.830571 6.840998 -9999 7.369998 6.608289 6.718927 6.747453 7.077273 -9999 -9999 7.152287 5.879562 5.778441 5.820383 5.744503 -9999 6.12816 6.903606 6.368399 6.884512 7.036902 7.274791 7.406541 -9999 -9999 -9999 7.472455 7.361262 7.418966 7.428554 7.348171 7.478551 7.700214 7.949175 8.022989 8.195959 8.276318 8.796642 9.077955 9.342348 9.573969 9.819208 10.04188 10.14986 10.47946
-9999 7.442684 7.190975 7.048678 -9999 -9999 8.02679 7.240505 -9999 6.22512 7.004533 6.624911 6.998663 -9999 6.565148 6.555696 6.713552 6.720206 6.79648 7.015913 8.29859 7.898914 7.007902 6.86133 7.108137 7.167917 7.327369 -9999 7.280241 7.117005 7.045988 7.089044 -9999 6.230262 -9999 5.739625 -9999 5.38975 5.990594 -9999 5.897764 5.940554 6.016344 6.991382 -9999 7.438029 7.590438 -9999 7.827098 7.937366 7.656609 8.119709 -9999 -9999 8.100459 -9999 -9999 7.267966 -9999 -9999 8.190367 8.773066 8.826095 9.380302 -9999 10.63907 -9999 10.72062
7.451362 -9999 7.307082 7.190153 7.124882 7.235899 7.860941 7.965589 8.017695 7.198211 -9999 -9999 6.9942 7.214864 7.830347 -9999 -9999 -9999 7.097364 7.050946 7.055344 -9999 6.726447 6.809409 6.766036 7.232852 -9999 -9999 7.455281 7.346545 7.25602 7.117496 6.911963 5.696415 -9999 5.66219 -9999 5.649909 5.96855 -9999 5.751502 -9999 6.184429 6.926044 -9999 7.17383 7.690244 7.917718 8.062347 -9999 8.053308 7.683136 8.028832 8.052921 8.050966 8.891191 9.693186 9.640975 9.637272 9.787209 7.014969 8.770431 9.16373 9.344898 9.708242 10.3562 -9999 -9999
7.511455 7.375143 7.332345 6.597157 7.009993 -9999 7.539063 7.69506 7.915771 7.982267 7.987584 6.924956 -9999 -9999 7.303737 -9999 7.083457 6.785426 6.650108 6.430352 6.543273 6.879099 6.767447 -9999 -9999 -9999 6.659987 7.454195 7.251971 7.327603 7.334426 -9999 6.089475 5.688148 -9999 5.567201 -9999 5.842991 5.719499 -9999 -9999 -9999 -9999 6.977179 6.906453 7.038716 7.726254 7.974454 -9999 8.24542 8.130756 8.035347 -9999 -9999 8.061378 -9999 -9999 9.660334 -9999 -9999 7.485277 -9999 8.919738 8.855559 8.887724 10.77232 11.11031 -9999
7.631403 7.342752 -9999 6.825612 -9999 -9999 -9999 7.295008 7.747921 7.833883 -9999 -9999 7.659917 7.327598 -9999 -9999 7.033534 6.728498 6.546405 -9999 -9999 6.630446 6.7057 6.415997 -9999 6.217451 6.377942 -9999 6.40972 7.152445 -9999 6.662405 6.129601 -9999 6.025266 5.723938 -9999 5.852037 -9999 5.787003 5.853186 -9999 6.94244 7.122091 -9999 -9999 7.85158 7.745794 7.660972 8.01746 8.344886 8.028116 8.474172 8.092338 8.81535 9.386219 9.55201 9.583518 9.624992 9.306828 7.952273 -9999 7.968662 8.60039 8.832243 10.6568 10.73818 -9999
7.224035 7.250758 6.900548 6.710544 -9999 7.004677 6.7205 6.942674 7.077197 6.915143 7.960247 7.908633 7.79606 7.786342 7.689519 7.307284 -9999 -9999 6.857414 -9999 6.757885 6.681281 -9999 6.869458 6.731873 6.344797 6.294343 6.207637 6.441205 -9999 6.678722 5.940042 -9999 6.095608 6.099857 6.174739 6.06903 -9999 -9999 6.024605 -9999 -9999 6.848252 -9999 7.034228 7.310842 8.311628 7.876766 7.601653 -9999 8.135951 8.074986 8.124659 -9999 8.376123 7.944135 7.947668 7.965021 8.097637 8.238063 7.510687 7.910701 8.320898 8.553213 8.955938 10.62673 10.87059 -9999
7.220738 6.28398 -9999 -9999 6.72279 6.865544 6.995642 7.071695 7.116236 7.17699 7.477489 7.915638 7.815919 7.809028 7.757957 7.658147 7.760443 7.294205 -9999 -9999 6.624626 -9999 -9999 6.285118 6.638262 -9999 6.474498 6.253928 6.357113 -9999 6.053079 6.237681 -9999 6.017471 -9999 6.232967 6.063965 -9999 -9999 6.086158 6.643401 7.040614 7.026305 6.897514 7.005308 6.968101 7.947218 -9999 7.504195 7.612554 8.151407 8.077323 7.957422 7.478492 6.836619 7.779524 8.140085 8.125925 8.230255 7.889915 8.730109 -9999 8.523205 9.073103 -9999 10.72349 10.71951 -9999
-9999 7.004154 -9999 6.534855 6.868214 6.903601 7.07015 7.101321 7.096635 7.084321 -9999 9.128756 7.748065 7.620718 7.646429 7.548363 7.687002 -9999 -9999 7.053682 -9999 6.009436 -9999 6.455105 6.471941 -9999 6.435864 6.383312 6.280135 6.270162 6.284322 6.097296 5.898469 6.004255 -9999 5.743487 6.13286 6.162444 6.238904 6.802984 -9999 -9999 6.909996 6.765421 -9999 7.073616 7.71744 -9999 7.656637 7.402182 -9999 -9999 -9999 -9999 6.646421 -9999 -9999 -9999 -9999 7.984428 8.610433 8.87461 9.009071 9.105989 -9999 10.81934 10.04717 -9999
6.735859 -9999 6.97581 6.598162 -9999 6.583857 6.938953 6.978151 7.118225 7.335857 9.344507 9.223728 7.608181 7.572212 -9999 -9999 7.377558 7.289956 7.775095 6.81871 7.094911 7.221025 -9999 5.989842 -9999 6.441786 6.532169 -9999 6.303088 5.958078 -9999 -9999 5.845024 5.911509 6.178693 6.016245 6.068833 6.374321 6.484024 7.172964 7.210546 7.139294 6.767422 6.928819 -9999 7.336883 8.388325 7.946954 8.137438 7.282742 7.26151 7.154315 6.950453 -9999 6.780799 -9999 -9999 -9999 -9999 7.964326 -9999 -9999 -9999 9.63695 10.77987 10.77589 -9999 -9999
6.870769 -9999 6.820394 6.721865 8.045733 6.84911 7.01751 7.192192 7.104127 6.925758 9.569784 8.46475 7.462799 -9999 -9999 7.487627 -9999 -9999 6.82998 6.725032 -9999 7.39433 -9999 6.694326 -9999 6.038893 -9999 6.408171 6.47359 6.057882 5.946535 5.966115 6.120662 -9999 6.037437 6.056125 6.204949 -9999 6.461952 7.116673 6.936094 6.98381 6.969453 -9999 7.072337 7.171767 7.513014 -9999 8.645006 7.209135 7.238796 -9999 7.211617 7.061783 6.996954 7.497399 7.54474 7.792693 7.704489 7.927279 -9999 -9999 -9999 9.658847 10.97927 10.98241 -9999 -9999
6.794648 -9999 6.651568 6.820822 6.713016 6.61541 6.610119 6.813473 7.228929 -9999 -9999 6.946466 7.245566 -9999 7.448678 -9999 7.282335 6.942459 6.937321 6.563791 6.966699 7.140661 -9999 7.481969 -9999 7.03746 -9999 6.426607 6.289032 -9999 6.059206 6.130774 6.240757 5.928433 6.078188 6.253375 6.299313 6.181956 7.096018 7.200971 7.160748 -9999 6.791992 -9999 7.045861 6.9769 -9999 -9999 7.461987 8.277394 7.808057 8.1339 7.368513 7.244238 7.448271 7.639574 7.240458 7.430068 7.703882 8.19272 9.04959 9.792531 10.0208 10.58514 11.10913 11.23901 -9999 -9999
