hx_30m/njhx/nx30.asc
ncols         211
nrows         286
xllcorner     660279.5826
yllcorner     3541874.3250919
cellsize      30
NODATA_value  -9999
[rows 30 to 59 of 286, columns 68 to 135 of 211]
-9999 -9999 -9999 -9999 -9999 -9999 -9999 -9999 -9999 -9999 -9999 -9999 -9999 -9999 -9999 -9999 6.897408 11.6926 7.950158 7.761463 8.578228 8.679499 8.86692 7.332486 7.308237 6.736732 6.713278 6.868197 6.745784 -9999 7.379069 8.003126 8.371847 7.832157 8.153977 -9999 -9999 -9999 8.431545 -9999 9.083464 8.972662 8.684581 8.011415 -9999 7.983387 7.906737 7.782983 -9999 -9999 -9999 7.189677 7.101645 -9999 7.110452 7.120992 7.263889 -9999 -9999 7.851654 10.08367 -9999 -9999 -9999 -9999 -9999 -9999 -9999
-9999 -9999 -9999 -9999 -9999 -9999 -9999 -9999 -9999 -9999 -9999 -9999 -9999 -9999 -9999 -9999 9.539543 9.590073 7.669874 8.320587 9.608086 8.41968 8.505566 7.04366 6.826499 6.669116 6.761499 6.681394 6.807419 7.130775 7.679863 8.12247 7.925241 7.59105 7.706763 -9999 8.165295 8.416201 8.26589 8.353069 8.746514 8.837395 8.37999 -9999 -9999 8.141986 8.046746 8.004124 7.364198 6.861857 6.965258 6.986619 7.05296 -9999 7.015118 7.108763 7.145857 7.08412 -9999 7.640161 7.882534 8.875019 -9999 -9999 -9999 -9999 -9999 -9999
-9999 -9999 -9999 -9999 -9999 -9999 -9999 -9999 -9999 -9999 -9999 -9999 -9999 -9999 -9999 -9999 8.929893 10.63842 7.678222 8.38292 9.166397 -9999 7.603315 6.778179 6.701481 6.693786 6.622659 7.038052 -9999 6.748843 6.526625 8.988244 7.772408 7.736165 -9999 -9999 7.903683 -9999 -9999 8.948908 8.795135 8.651847 8.30302 8.031534 8.608171 8.301792 -9999 8.457765 7.955396 6.916551 6.869338 6.966488 7.077183 7.126635 -9999 7.09215 7.157667 7.140634 7.72122 7.451841 -9999 8.0663 9.106526 -9999 -9999 -9999 10.70919 -9999
-9999 -9999 -9999 -9999 -9999 -9999 -9999 -9999 -9999 -9999 -9999 -9999 -9999 -9999 -9999 -9999 11.42175 9.833006 8.045259 8.496074 8.712329 9.085829 -9999 6.812309 6.804422 6.715825 6.843565 6.9391 6.69785 6.399156 6.608439 7.194551 7.709887 7.614524 -9999 -9999 7.902102 -9999 8.189783 -9999 8.347565 8.534363 8.210876 -9999 -9999 7.184834 7.666131 7.802051 -9999 6.919754 6.898306 6.861241 7.126525 7.303486 7.086673 7.037761 7.070189 7.035786 7.004686 7.037704 7.202721 7.70816 8.092599 -9999 -9999 -9999 -9999 -9999
-9999 -9999 -9999 -9999 -9999 -9999 -9999 -9999 -9999 -9999 -9999 -9999 -9999 -9999 -9999 -9999 9.891685 10.1081 8.678972 8.579578 8.123478 8.883966 8.649105 7.122696 6.756952 6.815567 6.794188 6.889932 6.584765 6.392805 6.708128 6.881227 7.124935 -9999 -9999 -9999 8.205201 -9999 -9999 8.286695 8.19289 8.33255 8.312478 8.011656 7.664007 7.643751 7.62852 7.236303 -9999 -9999 6.84809 6.831173 6.920777 7.426126 7.105536 7.306965 6.986495 7.02543 7.003922 6.98191 7.308879 -9999 7.810102 9.258906 -9999 -9999 -9999 -9999
-9999 -9999 -9999 -9999 -9999 -9999 -9999 7.610626 -9999 -9999 -9999 -9999 -9999 -9999 -9999 4.175339 12.02147 10.39627 9.385035 9.355196 8.25878 8.009843 8.394929 7.359541 6.797556 6.8222 -9999 6.732816 -9999 -9999 -9999 7.003366 7.506851 7.47199 6.95358 7.096752 6.621009 7.687078 -9999 -9999 -9999 8.077904 8.294655 7.965018 -9999 6.827558 7.672663 7.671595 7.646137 -9999 -9999 6.839402 6.849037 6.914531 7.082083 -9999 6.932639 7.016916 -9999 6.895292 7.633741 7.97795 7.71475 7.739007 14.86319 -9999 -9999 -9999
-9999 -9999 -9999 -9999 -9999 -9999 -9999 -9999 -9999 -9999 -9999 -9999 -9999 -9999 -9999 4.533352 11.16923 10.6338 10.05114 9.819193 8.392511 7.753049 8.458948 6.963161 -9999 6.920688 6.919673 6.856256 6.53393 -9999 7.016924 6.855246 7.01692 7.293313 6.87906 6.635526 -9999 -9999 6.998795 -9999 -9999 7.872682 8.12771 7.649442 -9999 7.496543 7.505921 7.560133 7.479472 7.201548 -9999 -9999 7.032826 -9999 -9999 -9999 -9999 -9999 6.869814 6.94799 7.2673 7.751408 7.782762 13.86201 14.61751 12.23666 -9999 -9999
-9999 -9999 -9999 -9999 -9999 -9999 -9999 -9999 -9999 -9999 -9999 -9999 -9999 -9999 -9999 5.646625 11.91314 10.97206 10.76161 8.840403 8.210636 7.895687 8.848115 6.974016 -9999 6.75944 6.83462 -9999 6.657166 -9999 6.985793 7.256901 7.49901 7.256513 -9999 6.681293 7.857798 8.590448 8.686982 -9999 7.485314 7.831695 7.905519 7.591638 -9999 6.896665 7.650951 7.295362 7.274206 -9999 6.798676 -9999 7.121058 7.009823 7.029631 6.85417 -9999 6.73472 -9999 6.754162 7.2241 8.333566 12.85013 13.48796 11.33652 10.20006 -9999 -9999
-9999 -9999 -9999 -9999 -9999 -9999 -9999 -9999 -9999 -9999 -9999 -9999 -9999 -9999 -9999 6.111287 12.28562 11.40651 11.40854 8.56672 8.193342 7.56016 7.956279 6.864981 -9999 6.879603 6.669542 6.869878 6.86861 -9999 7.347217 7.759327 7.685534 7.250128 7.368614 7.22551 8.453014 8.564269 8.362181 -9999 -9999 7.632247 7.776311 7.520996 7.318137 6.804432 7.369767 7.427346 -9999 -9999 6.822156 7.147371 -9999 7.008274 7.028327 6.985737 -9999 -9999 7.867727 9.605724 11.12484 11.83029 11.79696 7.409721 7.572371 7.839081 10.00304 -9999
-9999 -9999 -9999 -9999 -9999 -9999 -9999 -9999 -9999 -9999 -9999 -9999 -9999 -9999 -9999 6.942281 12.00924 11.65392 11.89863 8.701826 7.249737 7.303632 7.860896 6.834085 -9999 6.685664 -9999 6.806021 7.246346 7.438237 7.859475 7.940779 7.505638 6.922693 -9999 7.453112 8.283051 8.303581 -9999 7.669952 7.645372 7.545686 7.580239 7.472033 7.239436 -9999 -9999 -9999 6.731883 6.948668 -9999 -9999 -9999 7.095084 7.758004 6.943232 6.974867 8.260507 9.112664 9.880232 9.774878 7.338548 7.274064 7.54348 -9999 7.576178 8.317826 8.472091
-9999 -9999 -9999 -9999 -9999 -9999 -9999 -9999 -9999 -9999 -9999 -9999 -9999 -9999 -9999 7.67179 12.13955 11.65993 11.79442 9.023232 7.206171 7.34312 7.308768 6.823083 6.852977 6.625039 6.566131 7.295003 -9999 7.448305 7.624362 7.663042 7.146059 7.393657 6.972809 7.271708 7.387025 6.952159 -9999 -9999 7.146308 -9999 7.335302 7.517449 7.040762 -9999 7.229397 7.138352 6.809042 6.875538 6.96865 6.98765 7.070157 7.215887 7.196152 7.270175 7.62606 8.266699 7.495648 -9999 7.072271 -9999 -9999 -9999 7.464952 7.792485 7.672966 10.56691
-9999 -9999 -9999 -9999 -9999 -9999 -9999 -9999 -9999 -9999 -9999 -9999 -9999 -9999 -9999 8.982911 11.94078 11.68609 11.22002 9.85181 7.837917 7.359552 7.598041 7.108206 6.55855 6.626892 -9999 7.491951 7.590621 7.889391 7.690604 -9999 7.245428 -9999 7.219873 -9999 7.468625 6.963962 6.858132 6.868938 -9999 7.140637 7.282813 7.372742 7.258258 6.900746 6.776323 6.882377 5.221636 6.91254 6.965439 6.890655 7.056702 7.265177 7.440367 -9999 -9999 7.557161 7.345701 6.749488 6.778103 7.283334 7.806915 -9999 7.745501 7.956377 7.902702 8.502593
-9999 -9999 -9999 -9999 -9999 -9999 6.33344 -9999 -9999 -9999 -9999 -9999 -9999 -9999 -9999 9.110293 11.76954 11.52478 10.57586 10.17064 7.491247 7.459417 7.500761 6.987211 6.816586 6.775587 7.47812 -9999 7.62253 -9999 -9999 -9999 7.321536 7.346063 7.094443 7.498452 7.509179 7.377051 7.277603 7.200199 7.120177 7.18431 7.324671 7.40099 7.196573 6.752768 6.856217 6.864989 -9999 -9999 6.343445 6.797152 7.396017 -9999 7.589161 7.710502 -9999 7.752875 -9999 -9999 7.777487 7.853449 8.080031 -9999 7.965181 8.023858 8.035 7.945167
-9999 -9999 -9999 -9999 -9999 -9999 -9999 -9999 -9999 -9999 -9999 -9999 -9999 -9999 -9999 9.401449 12.71467 10.66496 8.079609 9.147291 8.581104 7.808888 7.960514 7.629462 7.337031 7.539875 8.079146 7.609105 7.781833 7.502421 7.288666 7.167302 6.999669 7.188439 7.447386 7.734919 7.624074 7.445237 7.634442 7.236732 7.051892 7.081949 6.935918 7.467891 7.099752 8.515969 -9999 7.158102 7.46046 7.519143 -9999 6.748099 7.214938 7.602509 7.544876 7.665486 7.655023 -9999 7.570727 -9999 -9999 -9999 7.631602 7.698685 7.926805 8.016829 -9999 8.095104
-9999 -9999 -9999 -9999 -9999 -9999 -9999 -9999 -9999 -9999 -9999 -9999 -9999 -9999 -9999 10.57067 12.54045 11.18359 8.313406 7.798489 7.060776 7.936674 7.625236 9.386733 8.701876 7.688725 7.730418 7.683856 7.441212 7.37013 7.248564 7.216424 7.258295 7.340649 7.312566 -9999 -9999 7.798001 7.406386 7.215872 -9999 -9999 7.196839 7.163875 7.230426 6.840904 -9999 -9999 7.238623 7.234518 7.233984 6.654343 6.762582 -9999 7.380079 7.365641 7.19496 7.418859 7.227753 7.530486 7.358592 7.682523 7.346012 -9999 7.646718 7.920372 7.938468 7.938213
-9999 -9999 -9999 -9999 -9999 -9999 -9999 -9999 -9999 -9999 -9999 -9999 -9999 -9999 4.872399 11.50142 12.45984 10.99589 10.66762 12.39775 7.919489 7.29823 7.049973 7.418005 7.580789 7.828747 7.483531 7.646377 7.55786 7.932598 7.949912 -9999 -9999 -9999 7.414551 -9999 7.42479 7.224438 6.963196 -9999 7.090565 -9999 7.272013 7.139196 7.412503 6.965828 -9999 -9999 -9999 7.444936 7.212103 6.421956 6.690056 6.842361 7.280244 7.181342 -9999 7.212337 -9999 7.722597 7.545341 7.386838 7.577726 7.752227 7.638585 7.624092 -9999 -9999
-9999 -9999 -9999 -9999 -9999 6.315718 -9999 -9999 -9999 -9999 -9999 -9999 -9999 -9999 4.654501 10.56713 12.55342 11.51139 13.17112 7.248318 6.891159 6.99942 8.123777 8.442271 8.454594 8.353937 7.955916 -9999 8.271261 8.313263 8.272041 8.141191 8.320275 7.970281 7.579791 7.35135 -9999 -9999 -9999 6.892812 -9999 7.232642 7.238781 7.074425 7.373025 7.058857 7.109987 7.460172 7.497603 -9999 7.109222 -9999 6.61132 -9999 7.512548 7.527978 7.464815 7.294667 7.407194 7.295471 7.499241 7.490471 -9999 -9999 7.34892 7.446959 7.503392 7.813432
-9999 -9999 -9999 -9999 -9999 6.05119 -9999 -9999 -9999 -9999 -9999 -9999 -9999 -9999 4.287058 8.585372 12.66411 11.76638 12.56032 8.260678 8.284905 8.684877 8.563005 8.550403 8.554168 8.56541 -9999 8.237059 8.268829 8.342985 8.291691 8.324706 8.023405 7.948241 7.615707 7.619797 7.286102 7.315767 -9999 6.74618 -9999 7.031492 7.181749 7.239268 7.336358 7.189477 7.541008 -9999 -9999 7.359289 7.182281 -9999 6.536084 -9999 7.481358 7.588269 -9999 7.347599 7.309903 7.616237 7.338378 7.361525 -9999 -9999 6.758255 7.381982 6.495426 6.943463
-9999 -9999 -9999 -9999 -9999 5.656615 -9999 -9999 -9999 -9999 -9999 -9999 -9999 -9999 4.012183 6.914606 11.34031 12.0289 12.0063 10.16671 9.769456 8.664274 8.549492 8.667274 8.680653 9.000999 9.131953 8.169645 8.347618 -9999 8.244781 8.131975 8.127028 8.001572 8.009682 7.678106 7.312329 -9999 6.985709 -9999 6.928661 7.010467 7.323143 7.227531 7.344422 7.301684 7.344562 -9999 -9999 7.678841 6.524885 6.593045 6.635635 7.299858 7.477067 7.402995 7.440073 7.422936 7.279286 7.319873 7.310678 7.222429 7.430768 7.476472 -9999 -9999 7.792478 7.396086
-9999 -9999 -9999 -9999 -9999 -9999 -9999 -9999 -9999 -9999 -9999 -9999 -9999 -9999 4.081871 6.751242 11.15625 12.16791 11.57199 10.41146 9.107054 8.654781 8.717562 8.636387 8.654634 8.820853 8.845147 8.590239 8.477678 8.246844 8.110895 8.240748 8.207546 7.172501 7.400782 7.674993 7.425008 7.380426 -9999 -9999 6.880481 -9999 7.619784 -9999 7.353558 7.425116 7.135511 7.45405 7.572859 -9999 7.818595 7.358787 6.643456 6.96828 -9999 7.395459 7.319745 7.36105 -9999 -9999 7.414524 7.246995 8.120414 8.222775 -9999 -9999 6.564301 5.668864
-9999 -9999 -9999 -9999 -9999 -9999 -9999 -9999 -9999 -9999 -9999 -9999 -9999 -9999 3.465255 7.693249 11.88066 12.19158 11.78506 10.09811 9.002208 8.987197 9.080971 8.898766 8.846594 8.833006 8.655142 8.280529 8.220394 -9999 8.027503 7.648258 6.816259 7.077415 7.669188 7.792761 -9999 7.292321 7.15091 6.858102 6.806688 6.820179 7.505629 7.381036 7.3049 7.423746 7.115025 -9999 -9999 7.806621 -9999 7.775419 6.683759 6.943782 7.34273 -9999 7.396308 7.401638 7.315281 -9999 -9999 7.348598 6.903958 -9999 6.322085 6.524846 6.540169 6.804446
-9999 -9999 -9999 -9999 -9999 -9999 -9999 -9999 -9999 -9999 -9999 -9999 -9999 -9999 -9999 7.275647 11.97205 12.17596 14.04877 9.752151 -9999 9.155695 9.203929 9.183421 9.14629 8.609607 8.143184 -9999 8.007309 -9999 7.067138 7.032066 7.175178 -9999 8.060028 7.866277 -9999 -9999 7.122435 7.09624 7.043708 7.301431 7.343892 7.378315 7.602118 7.598287 7.729371 7.540091 -9999 7.79618 8.361878 7.780385 5.632443 6.554083 7.343327 -9999 7.46405 6.949709 -9999 -9999 5.901529 6.195977 6.670232 6.726394 6.757601 -9999 6.507806 -9999
-9999 -9999 -9999 -9999 -9999 -9999 -9999 -9999 -9999 -9999 -9999 -9999 -9999 -9999 -9999 7.312749 11.79716 11.9334 10.55764 9.252836 9.184162 9.279748 8.927957 8.742701 8.536727 8.621815 -9999 7.476192 6.901802 6.967072 6.925609 6.967399 7.740875 -9999 8.089144 7.863469 7.735415 -9999 7.547021 7.654548 8.107275 7.670672 7.370484 7.572045 7.493474 5.932644 7.499357 7.384545 -9999 -9999 7.831387 -9999 -9999 6.455393 -9999 5.24529 6.156831 6.056404 6.265515 6.360168 -9999 -9999 6.359168 6.662543 6.701839 6.574022 -9999 -9999
-9999 -9999 -9999 -9999 -9999 -9999 -9999 -9999 -9999 -9999 -9999 -9999 -9999 -9999 -9999 7.74917 11.52646 11.94349 10.15191 9.355589 9.27318 8.726013 8.656892 8.397437 -9999 7.847136 7.069452 7.244135 7.110213 7.262714 7.644759 7.673762 6.916057 7.43902 7.977992 8.065795 7.859628 7.569032 7.971628 8.302601 8.775295 7.979717 7.838867 7.323914 7.525592 7.052252 7.748612 7.983749 -9999 -9999 7.623337 7.381917 6.73456 6.332815 6.291317 5.974586 6.156188 6.204089 6.196709 6.358559 6.335361 -9999 6.291837 6.654165 6.600873 6.544811 6.475679 6.543393
-9999 -9999 -9999 -9999 -9999 -9999 -9999 -9999 -9999 -9999 -9999 -9999 -9999 -9999 -9999 6.845397 11.59015 11.72726 9.696468 9.22751 8.973798 8.675978 -9999 7.776811 7.263534 6.951801 7.026259 7.181688 7.440606 7.831902 7.039636 7.097022 7.002979 7.174345 7.832025 8.086581 7.775249 8.245178 8.681142 8.295096 8.557966 8.059124 7.933024 7.639307 7.483888 8.006172 8.508731 7.525278 7.365716 7.073247 6.92936 -9999 6.187253 6.370789 -9999 6.204381 6.176416 -9999 6.118785 6.235927 6.25219 6.162548 6.172016 6.493446 6.504415 6.374732 6.326778 6.323596
-9999 -9999 -9999 -9999 -9999 -9999 -9999 -9999 -9999 -9999 -9999 -9999 -9999 -9999 -9999 10.5184 11.81466 11.63923 9.804619 8.872512 -9999 8.497771 8.08543 7.423054 6.902382 6.955709 7.243311 7.527015 7.664833 7.020543 6.951421 7.003705 7.975585 7.699453 7.668233 7.895393 7.731627 -9999 -9999 -9999 -9999 -9999 -9999 -9999 7.843699 10.3526 7.98513 7.521112 -9999 7.480328 6.577722 6.424263 6.221748 6.273361 6.420631 6.311367 -9999 -9999 6.198386 -9999 6.145123 6.01088 6.07803 6.266068 -9999 -9999 6.298148 6.356839
-9999 -9999 -9999 -9999 -9999 -9999 -9999 -9999 -9999 -9999 -9999 -9999 -9999 -9999 -9999 10.91754 11.865 12.04799 9.930811 9.311125 8.286299 7.704386 7.487504 7.160953 6.949658 7.419735 7.286013 6.973454 6.999088 7.32888 7.300178 7.541845 7.399666 6.256265 7.648642 7.949368 7.672497 8.397322 8.600458 8.881652 8.462049 -9999 7.878284 -9999 7.8542 7.427365 7.594504 7.556301 -9999 7.387268 6.62785 7.351062 6.806013 5.696767 6.230385 -9999 -9999 6.364657 6.208399 -9999 6.065399 -9999 6.405457 6.239705 -9999 6.204869 -9999 6.379754
-9999 -9999 -9999 -9999 -9999 -9999 -9999 -9999 -9999 -9999 -9999 -9999 -9999 -9999 -9999 11.14118 11.85061 12.0343 10.75935 7.357365 -9999 7.135056 7.132908 7.587557 8.020363 7.205881 7.028056 6.886601 7.57644 7.673508 7.077186 6.949677 7.496281 7.63163 7.230427 7.890903 7.576462 -9999 8.594309 8.840054 8.77252 8.088888 7.913836 -9999 -9999 6.944127 7.817218 7.736994 -9999 7.53619 7.698929 7.852414 6.997266 -9999 6.473091 -9999 6.295096 6.305389 6.232499 6.262042 -9999 -9999 -9999 6.610682 6.42067 6.296607 -9999 6.291412
-9999 -9999 6.338289 -9999 -9999 -9999 -9999 -9999 -9999 -9999 -9999 -9999 -9999 -9999 -9999 10.90398 11.8852 12.02119 10.22552 7.552033 -9999 7.029445 7.138694 7.327612 7.077979 7.160362 7.101351 7.296358 7.114429 7.306239 7.269616 -9999 7.212905 -9999 4.177741 7.892116 7.561603 -9999 8.561562 8.710278 8.722164 8.313335 -9999 -9999 -9999 7.364873 7.816916 7.829988 7.146098 7.33364 7.312969 7.364153 7.254099 -9999 6.532391 -9999 6.219307 6.334881 6.413305 6.727872 6.521512 -9999 -9999 6.779837 6.43948 6.409945 6.435881 -9999
-9999 -9999 4.78925 -9999 -9999 -9999 -9999 -9999 -9999 -9999 -9999 -9999 -9999 -9999 -9999 8.002293 11.93899 11.47519 9.965137 10.19875 9.418224 8.936337 7.236272 6.971578 6.949969 7.316248 7.217353 7.041425 7.088732 7.265171 7.52155 7.761649 -9999 -9999 6.404429 7.900568 7.550273 8.169517 7.984796 8.299803 8.26425 8.134086 7.826425 -9999 -9999 7.443791 7.575615 7.827042 6.933362 7.297058 -9999 -9999 -9999 6.068683 6.677466 -9999 -9999 6.461787 6.364106 6.717947 6.589866 6.756458 6.775907 6.863725 6.815356 6.58951 6.31284 6.105522
