hx_30m/njhx/rain/result-0031.wd
ncols         211
nrows         286
xllcorner     660279.582600
yllcorner     3541874.325092
cellsize      30.000000
NODATA_value  -9999.000000
[rows 238 to 271 of 286, columns 77 to 153 of 211]
0.007 0.010 0.010 0.011 0.007 0.009 0.000 0.000 0.000 0.009 0.005 0.006 0.000 0.000 0.006 0.004 0.000 0.006 0.015 0.010 0.010 0.010 0.008 0.006 0.009 0.006 0.005 0.000 0.004 0.005 0.002 0.002 0.002 0.002 0.002 0.002 0.005 0.000 0.005 0.008 0.010 0.661 0.093 0.005 0.007 0.007 0.000 0.010 0.000 0.000 0.009 0.038 0.010 0.010 0.010 0.010 0.010 0.010 0.077 0.009 0.006 0.000 0.008 0.010 0.006 0.008 0.010 0.000 0.000 0.003 0.005 0.005 0.007 0.000 0.005 0.005 0.002
0.107 0.007 0.010 0.010 0.014 0.010 0.007 0.000 0.000 0.010 0.000 0.008 0.000 0.008 0.008 0.000 0.006 0.004 0.010 0.010 0.010 0.010 0.009 0.008 0.008 0.007 0.015 0.000 0.000 0.003 0.002 0.002 0.001 0.002 0.002 0.002 0.005 0.009 0.008 0.009 0.000 0.124 0.000 0.003 0.004 0.007 0.007 0.000 0.010 0.010 0.007 0.010 0.010 0.070 0.010 0.010 0.010 0.000 0.043 0.007 0.008 0.010 0.010 0.016 0.009 0.000 0.003 0.000 0.007 0.006 0.022 0.003 0.005 0.008 0.000 0.005 0.005
0.000 0.000 0.010 0.065 0.008 0.007 0.006 0.010 0.010 0.000 0.000 0.010 0.004 0.008 0.009 0.009 0.007 0.042 0.010 0.010 0.010 0.121 0.007 0.007 0.005 0.008 0.007 0.020 0.002 0.003 0.000 0.002 0.002 0.002 0.001 0.003 0.012 0.009 0.014 0.000 0.149 0.129 0.000 0.010 0.005 0.005 0.009 0.007 0.007 0.009 0.010 0.010 0.010 0.010 0.010 0.010 0.000 0.106 0.008 0.009 0.006 0.000 0.010 0.010 0.008 0.009 0.002 0.000 0.003 0.005 0.000 0.005 0.015 0.007 0.000 0.003 0.003
0.000 0.038 0.000 0.000 0.023 0.006 0.010 0.009 0.009 0.009 0.010 0.000 0.008 0.010 0.010 0.010 0.300 0.010 0.010 0.010 0.130 0.010 0.009 0.010 0.010 0.004 0.000 0.000 0.002 0.004 0.004 0.003 0.002 0.005 0.004 0.004 0.010 0.007 0.010 0.008 0.007 0.007 0.006 0.005 0.004 0.007 0.000 0.006 0.004 0.008 0.007 0.006 0.010 0.019 0.010 0.056 0.000 0.010 0.006 0.010 0.000 0.000 0.097 0.108 0.010 0.000 0.007 0.005 0.005 0.004 0.011 0.000 0.002 0.004 0.000 0.000 0.000
0.000 0.000 0.010 0.061 0.000 0.045 0.007 0.008 0.010 0.019 0.010 0.010 0.010 0.010 0.010 0.013 0.010 0.010 0.010 0.010 0.010 0.009 0.008 0.006 0.007 0.000 0.000 0.005 0.006 0.005 0.005 0.005 0.005 0.019 0.010 0.009 0.007 0.009 0.000 0.005 0.010 0.010 0.007 0.006 0.000 0.009 0.005 0.004 0.007 0.006 0.007 0.005 0.006 0.010 0.010 0.010 0.395 0.006 0.006 0.000 0.037 0.000 0.010 0.010 0.000 0.000 0.033 0.000 0.000 0.003 0.003 0.000 0.004 0.002 0.004 0.000 0.004
0.000 0.000 0.000 0.000 0.000 0.010 0.000 0.394 0.009 0.010 0.010 0.021 0.010 0.010 0.010 0.060 0.010 0.010 0.010 0.075 0.010 0.008 0.010 0.008 0.006 0.004 0.000 0.004 0.006 0.009 0.005 0.005 0.003 0.009 0.000 0.007 0.009 0.000 0.007 0.009 0.010 0.010 0.010 0.000 0.004 0.004 0.006 0.006 0.006 0.006 0.000 0.005 0.003 0.006 0.006 0.008 0.009 0.007 0.010 0.000 0.000 0.026 0.137 0.010 0.000 0.090 0.000 0.000 0.000 0.000 0.008 0.003 0.000 0.005 0.003 0.003 0.027
0.000 0.000 0.000 0.000 0.000 0.000 0.000 0.010 0.000 0.140 0.029 0.010 0.033 0.010 0.010 0.010 0.069 0.010 0.065 0.010 0.010 0.013 0.006 0.005 0.007 0.031 0.004 0.010 0.009 0.009 0.006 0.000 0.000 0.007 0.007 0.007 0.010 0.093 0.004 0.009 0.010 0.010 0.004 0.000 0.004 0.000 0.006 0.004 0.005 0.000 0.005 0.000 0.000 0.005 0.004 0.010 0.009 0.008 0.000 0.000 0.010 0.010 0.010 0.071 0.000 0.057 0.010 0.018 0.000 0.000 0.000 0.000 0.006 0.004 0.004 0.004 0.005
0.000 0.000 0.000 0.000 0.000 0.000 0.000 0.000 0.000 0.010 0.000 0.091 0.010 0.010 0.154 0.010 0.010 0.010 0.010 0.010 0.010 0.009 0.007 0.005 0.007 0.000 0.000 0.009 0.009 0.009 0.000 0.000 0.000 0.008 0.008 0.007 0.000 0.009 0.006 0.015 0.010 0.008 0.006 0.000 0.000 0.005 0.003 0.000 0.000 0.005 0.003 0.000 0.004 0.000 0.000 0.004 0.008 0.010 0.007 0.000 0.081 0.092 0.010 0.000 0.173 0.010 0.007 0.008 0.007 0.005 0.053 0.008 0.000 0.000 0.003 0.009 0.003
0.000 0.000 0.000 0.000 0.000 0.000 0.000 0.000 0.000 0.000 0.000 0.010 0.000 0.299 0.211 0.010 0.027 0.010 0.010 0.010 0.010 0.008 0.009 0.000 0.000 0.000 0.008 0.044 0.009 0.005 0.003 0.000 0.010 0.008 0.008 0.000 0.010 0.005 0.010 0.006 0.008 0.006 0.006 0.008 0.006 0.004 0.003 0.000 0.004 0.005 0.010 0.009 0.000 0.008 0.000 0.007 0.007 0.007 0.014 0.008 0.009 0.010 0.050 0.010 0.107 0.010 0.010 0.009 0.006 0.000 0.028 0.004 0.000 0.000 0.019 0.007 0.010
0.000 0.000 0.000 0.000 0.000 0.000 0.000 0.000 0.000 0.000 0.000 0.000 0.038 0.000 0.190 0.094 0.010 0.010 0.010 0.010 0.006 0.010 0.010 0.026 0.000 0.000 0.000 0.000 0.000 0.000 0.018 0.010 0.009 0.008 0.008 0.007 0.005 0.008 0.018 0.023 0.009 0.005 0.009 0.009 0.006 0.005 0.006 0.010 0.000 0.004 0.006 0.007 0.009 0.003 0.003 0.008 0.009 0.010 0.010 0.010 0.011 0.005 0.009 0.010 0.010 0.000 0.010 0.000 0.007 0.000 0.010 0.000 0.055 0.014 0.012 0.099 0.028
0.000 0.000 0.000 0.000 0.000 0.000 0.000 0.000 0.000 0.000 0.000 0.000 0.000 0.000 0.000 0.000 0.010 0.007 0.010 0.009 0.009 0.010 0.010 0.010 0.010 0.010 0.013 0.000 0.000 0.000 0.000 0.044 0.009 0.007 0.000 0.006 0.007 0.008 0.010 0.010 0.005 0.008 0.008 0.005 0.004 0.010 0.021 0.000 0.008 0.008 0.007 0.004 0.005 0.008 0.007 0.005 0.155 0.094 0.010 0.010 0.010 0.010 0.006 0.005 0.004 0.000 0.009 0.010 0.000 0.000 0.000 0.000 0.068 0.010 0.079 0.092 0.085
0.000 0.000 0.000 0.000 0.000 0.000 0.000 0.000 0.000 0.000 0.000 0.000 0.000 0.000 0.000 0.039 0.174 0.000 0.352 0.005 0.010 0.010 0.017 0.010 0.010 0.010 0.010 0.010 0.000 0.000 0.000 0.009 0.006 0.000 0.004 0.008 0.000 0.005 0.008 0.010 0.007 0.009 0.004 0.000 0.006 0.013 0.009 0.005 0.007 0.010 0.029 0.009 0.009 0.003 0.004 0.000 0.000 0.010 0.010 0.010 0.010 0.010 0.010 0.007 0.008 0.007 0.006 0.061 0.000 0.000 0.000 0.000 0.010 0.010 0.124 0.133 0.176
0.000 0.000 0.000 0.000 0.000 0.000 0.000 0.000 0.000 0.000 0.000 0.000 0.000 0.000 0.000 0.000 0.000 0.034 0.000 0.000 0.016 0.010 0.010 0.018 0.010 0.010 0.010 0.010 0.022 0.000 0.038 0.007 0.008 0.009 0.000 0.006 0.006 0.000 0.000 0.004 0.005 0.005 0.008 0.009 0.020 0.000 0.000 0.006 0.004 0.009 0.014 0.008 0.007 0.005 0.000 0.038 0.054 0.010 0.010 0.091 0.010 0.054 0.371 0.010 0.010 0.006 0.006 0.007 0.014 0.000 0.000 0.006 0.006 0.005 0.006 0.048 0.157
0.000 0.000 0.000 0.000 0.000 0.000 0.000 0.000 0.000 0.000 0.000 0.000 0.000 0.000 0.000 0.000 0.000 0.000 0.000 0.000 0.000 0.000 0.008 0.010 0.010 0.010 0.010 0.010 0.010 0.025 0.006 0.007 0.010 0.008 0.007 0.005 0.005 0.005 0.006 0.006 0.003 0.008 0.008 0.008 0.000 0.000 0.004 0.004 0.009 0.010 0.010 0.010 0.018 0.007 0.000 0.000 0.000 0.076 0.010 0.010 0.010 0.062 0.010 0.010 0.010 0.010 0.010 0.008 0.009 0.007 0.007 0.013 0.008 0.000 0.010 0.070 0.040
0.000 0.000 0.000 0.000 0.000 0.000 0.000 0.000 0.000 0.000 0.000 0.000 0.000 0.000 0.000 0.000 0.000 0.000 0.000 0.000 0.000 0.000 0.050 0.000 0.010 0.007 0.009 0.007 0.010 0.008 0.008 0.000 0.008 0.007 0.005 0.007 0.008 0.005 0.006 0.005 0.005 0.006 0.006 0.015 0.007 0.000 0.008 0.005 0.011 0.010 0.010 0.007 0.008 0.000 0.010 0.000 0.103 0.010 0.010 0.010 0.010 0.010 0.070 0.010 0.010 0.010 0.010 0.010 0.009 0.007 0.010 0.006 0.006 0.092 0.117 0.000 0.157
0.000 0.000 0.000 0.000 0.000 0.000 0.000 0.000 0.000 0.000 0.000 0.000 0.000 0.000 0.000 0.000 0.000 0.000 0.000 0.000 0.000 0.000 0.000 0.000 0.223 0.000 0.007 0.008 0.008 0.010 0.076 0.640 0.004 0.006 0.004 0.005 0.006 0.006 0.008 0.007 0.000 0.008 0.007 0.000 0.010 0.006 0.005 0.010 0.006 0.007 0.007 0.008 0.007 0.000 0.010 0.010 0.010 0.010 0.010 0.010 0.000 0.010 0.104 0.000 0.050 0.010 0.010 0.199 0.010 0.010 0.007 0.007 0.006 0.005 0.010 0.139 0.000
0.000 0.000 0.000 0.000 0.000 0.000 0.000 0.000 0.000 0.000 0.000 0.000 0.000 0.000 0.000 0.000 0.000 0.000 0.000 0.000 0.000 0.000 0.000 0.000 0.000 0.000 0.000 0.016 0.010 0.009 0.000 0.010 0.007 0.014 0.007 0.006 0.009 0.000 0.005 0.008 0.007 0.007 0.062 0.004 0.000 0.008 0.009 0.010 0.009 0.009 0.005 0.015 0.000 0.000 0.000 0.000 0.061 0.010 0.010 0.010 0.097 0.105 0.000 0.000 0.083 0.072 0.010 0.010 0.010 0.008 0.007 0.009 0.008 0.007 0.006 0.010 0.043
0.000 0.000 0.000 0.000 0.000 0.000 0.000 0.000 0.000 0.000 0.000 0.000 0.000 0.000 0.000 0.000 0.000 0.000 0.000 0.000 0.000 0.000 0.000 0.000 0.000 0.000 0.000 0.010 0.072 0.000 0.010 0.010 0.007 0.005 0.006 0.009 0.000 0.005 0.008 0.006 0.007 0.009 0.007 0.081 0.010 0.006 0.007 0.005 0.006 0.010 0.004 0.007 0.000 0.031 0.019 0.052 0.010 0.010 0.111 0.000 0.085 0.069 0.010 0.000 0.000 0.075 0.097 0.000 0.010 0.005 0.010 0.024 0.010 0.009 0.007 0.006 0.006
0.000 0.000 0.000 0.000 0.000 0.000 0.000 0.000 0.000 0.000 0.000 0.000 0.000 0.000 0.000 0.000 0.000 0.000 0.000 0.000 0.000 0.000 0.000 0.000 0.000 0.000 0.000 0.000 0.000 0.000 0.000 0.008 0.010 0.010 0.017 0.007 0.004 0.006 0.008 0.007 0.028 0.000 0.000 0.005 0.005 0.064 0.007 0.000 0.000 0.004 0.006 0.000 0.036 0.000 0.000 0.025 0.010 0.010 0.014 0.010 0.035 0.010 0.000 0.000 0.000 0.000 0.000 0.206 0.010 0.010 0.041 0.000 0.009 0.008 0.090 0.008 0.008
0.000 0.000 0.000 0.000 0.000 0.000 0.000 0.000 0.000 0.000 0.000 0.000 0.000 0.000 0.000 0.000 0.000 0.000 0.000 0.000 0.000 0.000 0.000 0.000 0.000 0.000 0.000 0.000 0.000 0.000 0.000 0.100 0.000 0.010 0.010 0.007 0.007 0.010 0.010 0.009 0.006 0.000 0.000 0.003 0.000 0.005 0.012 0.006 0.004 0.005 0.025 0.078 0.000 0.000 0.133 0.010 0.010 0.010 0.010 0.010 0.010 0.010 0.000 0.010 0.063 0.152 0.163 0.010 0.010 0.082 0.007 0.000 0.007 0.000 0.000 0.020 0.017
0.000 0.000 0.000 0.000 0.000 0.000 0.000 0.000 0.000 0.000 0.000 0.000 0.000 0.000 0.000 0.000 0.000 0.000 0.000 0.000 0.000 0.000 0.000 0.000 0.000 0.000 0.000 0.000 0.000 0.000 0.000 0.000 0.000 0.032 0.250 0.007 0.009 0.007 0.008 0.007 0.006 0.012 0.000 0.000 0.000 0.006 0.007 0.008 0.006 0.008 0.000 0.000 0.037 0.000 0.010 0.010 0.010 0.216 0.010 0.087 0.010 0.022 0.010 0.000 0.000 0.032 0.099 0.009 0.007 0.008 0.009 0.009 0.009 0.000 0.020 0.017 0.013
0.000 0.000 0.000 0.000 0.000 0.000 0.000 0.000 0.000 0.000 0.000 0.000 0.000 0.000 0.000 0.000 0.000 0.000 0.000 0.000 0.000 0.000 0.000 0.000 0.000 0.000 0.000 0.000 0.000 0.000 0.000 0.000 0.000 0.000 0.010 0.000 0.006 0.004 0.006 0.006 0.010 0.008 0.007 0.000 0.004 0.000 0.000 0.005 0.006 0.008 0.070 0.119 0.000 0.000 0.010 0.010 0.010 0.096 0.010 0.093 0.010 0.209 0.000 0.000 0.010 0.000 0.008 0.000 0.038 0.010 0.009 0.009 0.009 0.010 0.038 0.009 0.009
0.000 0.000 0.000 0.000 0.000 0.000 0.000 0.000 0.000 0.000 0.000 0.000 0.000 0.000 0.000 0.000 0.000 0.000 0.000 0.000 0.000 0.000 0.000 0.000 0.000 0.000 0.000 0.000 0.000 0.000 0.000 0.000 0.000 0.000 0.000 0.000 0.157 0.000 0.010 0.007 0.007 0.006 0.038 0.007 0.009 0.000 0.007 0.005 0.010 0.006 0.009 0.010 0.070 0.010 0.010 0.010 0.059 0.004 0.007 0.009 0.010 0.010 0.010 0.010 0.010 0.010 0.010 0.000 0.009 0.010 0.010 0.010 0.010 0.009 0.009 0.009 0.009
0.000 0.000 0.000 0.000 0.000 0.000 0.000 0.000 0.000 0.000 0.000 0.000 0.000 0.000 0.000 0.000 0.000 0.000 0.000 0.000 0.000 0.000 0.000 0.000 0.000 0.000 0.000 0.000 0.000 0.000 0.000 0.000 0.000 0.000 0.000 0.000 0.000 0.000 0.793 0.000 0.006 0.010 0.008 0.005 0.008 0.006 0.005 0.008 0.009 0.009 0.008 0.000 0.000 0.005 0.009 0.009 0.010 0.006 0.043 0.012 0.007 0.010 0.010 0.010 0.000 0.010 0.008 0.009 0.010 0.009 0.013 0.010 0.010 0.010 0.010 0.008 0.007
0.000 0.000 0.000 0.000 0.000 0.000 0.000 0.000 0.000 0.000 0.000 0.000 0.000 0.000 0.000 0.000 0.000 0.000 0.000 0.000 0.000 0.000 0.000 0.000 0.000 0.000 0.000 0.000 0.000 0.000 0.000 0.000 0.000 0.000 0.000 0.000 0.000 0.000 0.000 0.000 0.141 0.009 0.006 0.009 0.007 0.009 0.005 0.010 0.009 0.010 0.000 0.000 0.000 0.000 0.006 0.008 0.006 0.000 0.008 0.010 0.005 0.010 0.010 0.010 0.010 0.009 0.009 0.010 0.010 0.010 0.010 0.010 0.010 0.010 0.041 0.010 0.010
0.000 0.000 0.000 0.000 0.000 0.000 0.000 0.000 0.000 0.000 0.000 0.000 0.000 0.000 0.000 0.000 0.000 0.000 0.000 0.000 0.000 0.000 0.000 0.000 0.000 0.000 0.000 0.000 0.000 0.000 0.000 0.000 0.000 0.000 0.000 0.000 0.000 0.000 0.000 0.000 0.000 0.010 0.000 0.007 0.010 0.008 0.044 0.008 0.010 0.009 0.008 0.005 0.000 0.000 0.008 0.005 0.000 0.000 0.007 0.005 0.009 0.010 0.010 0.010 0.010 0.007 0.009 0.010 0.008 0.009 0.027 0.010 0.010 0.010 0.010 0.010 0.010
0.000 0.000 0.000 0.000 0.000 0.000 0.000 0.000 0.000 0.000 0.000 0.000 0.000 0.000 0.000 0.000 0.000 0.000 0.000 0.000 0.000 0.000 0.000 0.000 0.000 0.000 0.000 0.000 0.000 0.000 0.000 0.000 0.000 0.000 0.000 0.000 0.000 0.000 0.000 0.000 0.000 0.000 0.000 0.073 0.000 0.010 0.011 0.009 0.007 0.055 0.008 0.008 0.003 0.006 0.008 0.005 0.000 0.011 0.005 0.008 0.010 0.010 0.010 0.010 0.021 0.007 0.007 0.007 0.010 0.010 0.020 0.085 0.190 0.019 0.010 0.010 0.099
0.000 0.000 0.000 0.000 0.000 0.000 0.000 0.000 0.000 0.000 0.000 0.000 0.000 0.000 0.000 0.000 0.000 0.000 0.000 0.000 0.000 0.000 0.000 0.000 0.000 0.000 0.000 0.000 0.000 0.000 0.000 0.000 0.000 0.000 0.000 0.000 0.000 0.000 0.000 0.000 0.000 0.000 0.000 0.000 0.000 0.010 0.000 0.010 0.010 0.010 0.107 0.005 0.009 0.006 0.008 0.004 0.000 0.005 0.009 0.006 0.008 0.018 0.010 0.006 0.007 0.008 0.000 0.000 0.010 0.010 0.010 0.359 0.063 0.032 0.010 0.010 0.010
0.000 0.000 0.000 0.000 0.000 0.000 0.000 0.000 0.000 0.000 0.000 0.000 0.000 0.000 0.000 0.000 0.000 0.000 0.000 0.000 0.000 0.000 0.000 0.000 0.000 0.000 0.000 0.000 0.000 0.000 0.000 0.000 0.000 0.000 0.000 0.000 0.000 0.000 0.000 0.000 0.000 0.000 0.000 0.000 0.000 0.000 0.000 0.121 0.000 0.126 0.088 0.069 0.000 0.010 0.005 0.010 0.000 0.004 0.010 0.004 0.008 0.010 0.007 0.013 0.007 0.007 0.000 0.000 0.000 0.010 0.010 0.010 0.042 0.060 0.009 0.009 0.010
0.000 0.000 0.000 0.000 0.000 0.000 0.000 0.000 0.000 0.000 0.000 0.000 0.000 0.000 0.000 0.000 0.000 0.000 0.000 0.000 0.000 0.000 0.000 0.000 0.000 0.000 0.000 0.000 0.000 0.000 0.000 0.000 0.000 0.000 0.000 0.000 0.000 0.000 0.000 0.000 0.000 0.000 0.000 0.000 0.000 0.000 0.000 0.000 0.000 0.000 0.597 0.008 0.010 0.008 0.009 0.006 0.004 0.000 0.007 0.004 0.009 0.008 0.007 0.009 0.006 0.000 0.000 0.000 0.000 0.000 0.000 0.010 0.008 0.055 0.010 0.010 0.009
0.000 0.000 0.000 0.000 0.000 0.000 0.000 0.000 0.000 0.000 0.000 0.000 0.000 0.000 0.000 0.000 0.000 0.000 0.000 0.000 0.000 0.000 0.000 0.000 0.000 0.000 0.000 0.000 0.000 0.000 0.000 0.000 0.000 0.000 0.000 0.000 0.000 0.000 0.000 0.000 0.000 0.000 0.000 0.000 0.000 0.000 0.000 0.000 0.000 0.000 0.010 0.000 0.010 0.006 0.009 0.008 0.005 0.026 0.010 0.018 0.008 0.007 0.027 0.009 0.009 0.010 0.000 0.000 0.000 0.000 0.000 0.000 0.000 0.007 0.010 0.074 0.010
0.000 0.000 0.000 0.000 0.000 0.000 0.000 0.000 0.000 0.000 0.000 0.000 0.000 0.000 0.000 0.000 0.000 0.000 0.000 0.000 0.000 0.000 0.000 0.000 0.000 0.000 0.000 0.000 0.000 0.000 0.000 0.000 0.000 0.000 0.000 0.000 0.000 0.000 0.000 0.000 0.000 0.000 0.000 0.000 0.000 0.000 0.000 0.000 0.000 0.000 0.000 0.000 0.064 0.000 0.006 0.009 0.008 0.018 0.009 0.005 0.008 0.005 0.008 0.008 0.021 0.007 0.029 0.014 0.000 0.000 0.000 0.000 0.008 0.000 0.000 0.009 0.028
0.000 0.000 0.000 0.000 0.000 0.000 0.000 0.000 0.000 0.000 0.000 0.000 0.000 0.000 0.000 0.000 0.000 0.000 0.000 0.000 0.000 0.000 0.000 0.000 0.000 0.000 0.000 0.000 0.000 0.000 0.000 0.000 0.000 0.000 0.000 0.000 0.000 0.000 0.000 0.000 0.000 0.000 0.000 0.000 0.000 0.000 0.000 0.000 0.000 0.000 0.000 0.000 0.000 0.000 0.058 0.000 0.006 0.008 0.012 0.008 0.008 0.008 0.007 0.010 0.010 0.010 0.007 0.007 0.022 0.005 0.000 0.000 0.000 0.000 0.032 0.006 0.010
0.000 0.000 0.000 0.000 0.000 0.000 0.000 0.000 0.000 0.000 0.000 0.000 0.000 0.000 0.000 0.000 0.000 0.000 0.000 0.000 0.000 0.000 0.000 0.000 0.000 0.000 0.000 0.000 0.000 0.000 0.000 0.000 0.000 0.000 0.000 0.000 0.000 0.000 0.000 0.000 0.000 0.000 0.000 0.000 0.000 0.000 0.000 0.000 0.000 0.000 0.000 0.000 0.000 0.000 0.000 0.000 0.000 0.030 0.005 0.009 0.005 0.006 0.010 0.009 0.010 0.010 0.010 0.010 0.009 0.008 0.000 0.000 0.000 0.000 0.000 0.003 0.000
