hx_30m/njhx/rain/result-0030.wd
ncols         211
nrows         286
xllcorner     660279.582600
yllcorner     3541874.325092
cellsize      30.000000
NODATA_value  -9999.000000
[rows 102 to 135 of 286, columns 77 to 153 of 211]
0.000 0.057 0.010 0.006 0.009 0.007 0.006 0.002 0.003 0.004 0.009 0.007 0.005 0.000 0.003 0.001 0.000 0.009 0.029 0.007 0.010 0.041 0.139 0.010 0.010 0.010 0.013 0.004 0.007 0.007 0.000 0.000 0.000 0.005 0.048 0.000 0.006 0.006 0.007 0.003 0.007 0.004 0.010 0.029 0.000 0.006 0.006 0.004 0.000 0.004 0.010 0.010 0.010 0.000 0.082 0.000 0.000 0.007 0.009 0.003 0.000 0.000 0.000 0.010 0.003 0.005 0.005 0.002 0.003 0.010 0.005 0.003 0.000 0.006 0.008 0.009 0.000
0.010 0.010 0.007 0.005 0.009 0.003 0.002 0.002 0.003 0.010 0.007 0.004 0.000 0.002 0.002 0.007 0.007 0.007 0.007 0.010 0.027 0.010 0.010 0.010 0.010 0.010 0.010 0.004 0.004 0.005 0.000 0.000 0.000 0.010 0.020 0.000 0.005 0.003 0.005 0.003 0.008 0.010 0.095 0.000 0.000 0.000 0.003 0.005 0.003 0.004 0.040 0.008 0.008 0.000 0.000 0.000 0.000 0.005 0.007 0.004 0.000 0.000 0.000 0.005 0.008 0.003 0.004 0.002 0.003 0.003 0.000 0.004 0.006 0.004 0.003 0.007 0.000
0.010 0.010 0.007 0.006 0.010 0.005 0.005 0.005 0.002 0.003 0.010 0.007 0.000 0.003 0.003 0.003 0.003 0.003 0.002 0.005 0.010 0.017 0.010 0.010 0.010 0.010 0.010 0.009 0.006 0.007 0.010 0.007 0.007 0.010 0.004 0.007 0.007 0.007 0.007 0.005 0.000 0.026 0.000 0.000 0.000 0.005 0.003 0.000 0.000 0.000 0.004 0.020 0.004 0.002 0.013 0.043 0.010 0.045 0.008 0.005 0.004 0.011 0.010 0.004 0.003 0.003 0.011 0.005 0.008 0.010 0.011 0.000 0.000 0.004 0.008 0.010 0.008
0.010 0.010 0.007 0.009 0.009 0.034 0.009 0.003 0.004 0.003 0.010 0.005 0.000 0.003 0.003 0.002 0.004 0.006 0.006 0.003 0.092 0.103 0.010 0.010 0.010 0.010 0.010 0.160 0.010 0.010 0.010 0.010 0.010 0.010 0.140 0.010 0.007 0.007 0.006 0.005 0.000 0.153 0.010 0.005 0.004 0.003 0.004 0.004 0.000 0.003 0.002 0.008 0.002 0.003 0.004 0.006 0.007 0.000 0.005 0.002 0.003 0.000 0.000 0.005 0.004 0.004 0.005 0.007 0.000 0.007 0.000 0.000 0.000 0.010 0.010 0.010 0.010
0.010 0.010 0.005 0.009 0.007 0.000 0.002 0.003 0.000 0.002 0.000 0.004 0.000 0.002 0.003 0.002 0.005 0.003 0.002 0.006 0.010 0.010 0.010 0.010 0.010 0.010 0.010 0.010 0.010 0.010 0.010 0.010 0.010 0.010 0.010 0.010 0.007 0.007 0.005 0.006 0.010 0.010 0.010 0.010 0.009 0.003 0.003 0.005 0.004 0.006 0.005 0.034 0.010 0.000 0.000 0.000 0.000 0.000 0.000 0.002 0.003 0.000 0.000 0.003 0.004 0.040 0.000 0.000 0.056 0.000 0.000 0.004 0.007 0.010 0.000 0.010 0.007
0.010 0.010 0.007 0.009 0.007 0.005 0.000 0.000 0.000 0.002 0.002 0.000 0.001 0.003 0.000 0.000 0.000 0.000 0.004 0.010 0.010 0.010 0.196 0.122 0.010 0.010 0.010 0.010 0.189 0.076 0.010 0.010 0.000 0.140 0.000 0.010 0.007 0.007 0.005 0.009 0.010 0.010 0.010 0.010 0.006 0.000 0.004 0.000 0.003 0.000 0.000 0.010 0.010 0.002 0.004 0.002 0.002 0.004 0.006 0.002 0.003 0.000 0.000 0.000 0.000 0.010 0.000 0.005 0.002 0.005 0.003 0.014 0.005 0.010 0.000 0.000 0.010
0.285 0.028 0.006 0.009 0.015 0.000 0.000 0.000 0.000 0.000 0.003 0.000 0.002 0.002 0.014 0.000 0.002 0.004 0.004 0.007 0.010 0.551 0.010 0.010 0.010 0.010 0.010 0.010 0.010 0.010 0.010 0.010 0.115 0.010 0.024 0.000 0.007 0.256 0.010 0.000 0.010 0.107 0.006 0.005 0.007 0.000 0.006 0.004 0.006 0.003 0.005 0.009 0.010 0.000 0.008 0.007 0.003 0.003 0.003 0.005 0.005 0.004 0.000 0.006 0.000 0.017 0.000 0.004 0.004 0.002 0.006 0.010 0.000 0.000 0.000 0.031 0.008
0.069 0.010 0.005 0.010 0.009 0.014 0.006 0.003 0.003 0.006 0.004 0.004 0.003 0.001 0.007 0.006 0.010 0.007 0.004 0.007 0.006 0.007 0.007 0.010 0.010 0.010 0.007 0.009 0.010 0.034 0.007 0.009 0.006 0.009 0.009 0.010 0.006 0.010 0.005 0.010 0.011 0.010 0.009 0.004 0.009 0.000 0.006 0.000 0.000 0.000 0.000 0.005 0.015 0.000 0.000 0.000 0.004 0.003 0.000 0.000 0.000 0.008 0.003 0.000 0.000 0.003 0.000 0.000 0.004 0.003 0.055 0.010 0.000 0.000 0.000 0.010 0.007
0.010 0.010 0.005 0.010 0.004 0.000 0.000 0.000 0.000 0.005 0.007 0.010 0.008 0.010 0.010 0.054 0.010 0.010 0.010 0.020 0.006 0.006 0.010 0.005 0.047 0.010 0.010 0.014 0.010 0.010 0.007 0.005 0.006 0.006 0.007 0.010 0.004 0.062 0.007 0.010 0.010 0.009 0.005 0.010 0.015 0.007 0.012 0.007 0.009 0.006 0.007 0.005 0.010 0.018 0.010 0.020 0.007 0.007 0.007 0.007 0.006 0.005 0.005 0.002 0.002 0.008 0.005 0.007 0.006 0.006 0.008 0.010 0.009 0.010 0.010 0.010 0.010
0.010 0.007 0.007 0.007 0.005 0.000 0.000 0.002 0.004 0.003 0.020 0.000 0.007 0.010 0.062 0.000 0.000 0.000 0.010 0.010 0.010 0.010 0.009 0.010 0.010 0.009 0.063 0.007 0.009 0.010 0.009 0.004 0.003 0.007 0.005 0.009 0.010 0.053 0.007 0.007 0.009 0.009 0.006 0.007 0.006 0.005 0.005 0.007 0.007 0.005 0.009 0.006 0.006 0.007 0.007 0.009 0.012 0.003 0.007 0.007 0.007 0.009 0.010 0.006 0.007 0.005 0.006 0.005 0.005 0.005 0.004 0.007 0.003 0.003 0.005 0.036 0.010
0.010 0.007 0.007 0.007 0.004 0.000 0.003 0.004 0.003 0.004 0.010 0.010 0.010 0.053 0.010 0.071 0.003 0.007 0.010 0.003 0.005 0.004 0.003 0.002 0.005 0.010 0.010 0.010 0.010 0.010 0.010 0.000 0.021 0.002 0.000 0.000 0.007 0.274 0.008 0.010 0.000 0.000 0.010 0.010 0.010 0.005 0.006 0.009 0.010 0.010 0.010 0.007 0.051 0.010 0.140 0.010 0.007 0.004 0.003 0.004 0.004 0.005 0.010 0.004 0.000 0.006 0.002 0.000 0.006 0.010 0.010 0.003 0.003 0.000 0.000 0.000 0.018
0.010 0.005 0.010 0.006 0.003 0.003 0.007 0.006 0.004 0.004 0.010 0.007 0.071 0.058 0.010 0.005 0.004 0.005 0.054 0.010 0.010 0.056 0.010 0.003 0.006 0.010 0.015 0.010 0.011 0.010 0.095 0.003 0.010 0.002 0.006 0.000 0.006 0.010 0.010 0.010 0.010 0.010 0.103 0.010 0.010 0.005 0.000 0.004 0.010 0.010 0.010 0.006 0.000 0.010 0.010 0.010 0.004 0.006 0.005 0.003 0.002 0.007 0.000 0.002 0.006 0.007 0.006 0.010 0.009 0.010 0.031 0.006 0.004 0.000 0.000 0.000 0.006
0.009 0.006 0.010 0.005 0.004 0.011 0.003 0.003 0.003 0.005 0.039 0.010 0.010 0.000 0.021 0.003 0.010 0.007 0.005 0.006 0.003 0.002 0.003 0.002 0.007 0.007 0.010 0.010 0.059 0.010 0.006 0.010 0.010 0.003 0.002 0.000 0.003 0.010 0.008 0.006 0.006 0.003 0.003 0.002 0.005 0.099 0.000 0.003 0.010 0.007 0.007 0.026 0.014 0.007 0.007 0.010 0.000 0.002 0.002 0.002 0.003 0.003 0.002 0.000 0.000 0.006 0.003 0.000 0.010 0.056 0.010 0.000 0.003 0.021 0.000 0.000 0.008
0.005 0.007 0.007 0.005 0.004 0.010 0.010 0.010 0.004 0.006 0.010 0.000 0.000 0.000 0.000 0.000 0.005 0.003 0.042 0.003 0.006 0.005 0.003 0.003 0.006 0.007 0.010 0.010 0.010 0.034 0.005 0.010 0.010 0.003 0.003 0.000 0.006 0.067 0.005 0.006 0.010 0.007 0.000 0.000 0.006 0.305 0.000 0.004 0.010 0.019 0.000 0.006 0.009 0.000 0.009 0.009 0.007 0.007 0.010 0.010 0.007 0.002 0.003 0.000 0.005 0.007 0.000 0.005 0.005 0.004 0.008 0.007 0.000 0.000 0.000 0.000 0.007
0.007 0.007 0.006 0.000 0.000 0.013 0.000 0.000 0.000 0.000 0.081 0.000 0.007 0.007 0.005 0.000 0.000 0.005 0.005 0.000 0.000 0.000 0.000 0.000 0.005 0.058 0.010 0.010 0.010 0.009 0.010 0.010 0.020 0.005 0.003 0.009 0.006 0.009 0.005 0.010 0.010 0.010 0.000 0.000 0.010 0.010 0.005 0.006 0.006 0.004 0.000 0.003 0.004 0.000 0.003 0.003 0.007 0.009 0.008 0.010 0.007 0.000 0.000 0.006 0.006 0.010 0.000 0.000 0.002 0.003 0.008 0.009 0.002 0.000 0.004 0.000 0.004
0.005 0.010 0.006 0.006 0.004 0.004 0.000 0.000 0.000 0.000 0.101 0.000 0.006 0.006 0.005 0.000 0.014 0.000 0.004 0.002 0.000 0.000 0.000 0.000 0.007 0.005 0.007 0.019 0.009 0.008 0.000 0.000 0.010 0.010 0.005 0.008 0.007 0.010 0.006 0.007 0.009 0.008 0.000 0.000 0.012 0.005 0.007 0.003 0.007 0.000 0.000 0.009 0.000 0.000 0.010 0.000 0.005 0.010 0.009 0.010 0.003 0.002 0.000 0.000 0.007 0.110 0.000 0.032 0.061 0.000 0.006 0.010 0.007 0.007 0.010 0.000 0.000
0.008 0.010 0.016 0.009 0.005 0.000 0.006 0.000 0.000 0.005 0.248 0.000 0.000 0.000 0.115 0.000 0.280 0.000 0.001 0.000 0.000 0.000 0.000 0.002 0.006 0.007 0.000 0.003 0.009 0.010 0.000 0.006 0.002 0.010 0.005 0.000 0.004 0.010 0.007 0.010 0.010 0.010 0.000 0.000 0.002 0.009 0.023 0.007 0.009 0.006 0.007 0.010 0.000 0.000 0.000 0.002 0.000 0.002 0.003 0.003 0.003 0.004 0.000 0.002 0.005 0.145 0.154 0.010 0.010 0.010 0.107 0.213 0.045 0.241 0.000 0.007 0.010
0.007 0.008 0.000 0.000 0.000 0.004 0.002 0.005 0.007 0.004 0.431 0.094 0.063 0.019 0.062 0.352 0.138 0.003 0.009 0.007 0.010 0.008 0.004 0.003 0.007 0.006 0.017 0.006 0.006 0.006 0.004 0.192 0.308 0.414 0.004 0.000 0.009 0.010 0.006 0.006 0.009 0.010 0.000 0.000 0.074 0.007 0.000 0.009 0.007 0.010 0.010 0.008 0.005 0.007 0.000 0.005 0.005 0.002 0.005 0.005 0.005 0.004 0.002 0.002 0.005 0.066 0.135 0.000 0.000 0.000 0.010 0.032 0.049 0.060 0.008 0.009 0.038
0.010 0.007 0.009 0.008 0.006 0.005 0.000 0.002 0.004 0.000 0.393 0.008 0.596 0.010 0.158 0.305 0.127 0.086 0.007 0.010 0.010 0.010 0.007 0.006 0.007 0.009 0.010 0.005 0.007 0.007 0.088 0.442 0.415 0.343 0.006 0.000 0.010 0.010 0.015 0.005 0.005 0.010 0.022 0.004 0.005 0.005 0.004 0.005 0.007 0.004 0.009 0.004 0.003 0.000 0.000 0.005 0.004 0.005 0.004 0.005 0.003 0.000 0.002 0.003 0.006 0.130 0.086 0.004 0.000 0.000 0.010 0.020 0.056 0.063 0.005 0.010 0.000
0.010 0.009 0.004 0.005 0.004 0.003 0.009 0.003 0.000 0.000 0.464 0.008 0.010 0.010 0.010 0.010 0.286 0.137 0.007 0.010 0.010 0.000 0.007 0.011 0.000 0.009 0.000 0.003 0.000 0.000 0.008 0.460 0.438 0.045 0.005 0.000 0.040 0.009 0.010 0.000 0.000 0.008 0.010 0.017 0.002 0.005 0.006 0.006 0.005 0.005 0.006 0.004 0.007 0.004 0.003 0.004 0.004 0.003 0.007 0.004 0.000 0.005 0.003 0.003 0.010 0.000 0.010 0.010 0.000 0.000 0.023 0.010 0.028 0.010 0.007 0.005 0.000
0.006 0.006 0.006 0.006 0.000 0.000 0.005 0.010 0.010 0.010 0.347 0.010 0.008 0.010 0.010 0.010 0.109 0.077 0.005 0.000 0.000 0.010 0.007 0.006 0.000 0.007 0.000 0.009 0.000 0.000 0.005 0.182 0.370 0.005 0.004 0.005 0.014 0.006 0.009 0.000 0.006 0.007 0.005 0.007 0.004 0.004 0.009 0.007 0.008 0.003 0.006 0.006 0.007 0.006 0.045 0.006 0.010 0.003 0.001 0.002 0.002 0.004 0.005 0.004 0.007 0.028 0.007 0.010 0.065 0.000 0.276 0.038 0.101 0.051 0.382 0.003 0.000
0.007 0.007 0.003 0.005 0.002 0.005 0.004 0.006 0.007 0.007 0.033 0.010 0.010 0.010 0.010 0.006 0.010 0.010 0.004 0.005 0.005 0.010 0.007 0.005 0.006 0.009 0.006 0.146 0.058 0.041 0.025 0.035 0.015 0.007 0.005 0.042 0.007 0.010 0.010 0.000 0.010 0.010 0.007 0.003 0.003 0.006 0.006 0.007 0.007 0.009 0.010 0.005 0.010 0.010 0.010 0.000 0.000 0.003 0.001 0.001 0.003 0.004 0.009 0.007 0.004 0.000 0.000 0.000 0.000 0.000 0.000 0.000 0.010 0.006 0.000 0.006 0.000
0.005 0.003 0.003 0.002 0.002 0.003 0.002 0.008 0.006 0.000 0.292 0.000 0.015 0.000 0.010 0.000 0.000 0.014 0.000 0.000 0.000 0.000 0.025 0.061 0.057 0.040 0.065 0.000 0.000 0.000 0.000 0.058 0.009 0.010 0.006 0.366 0.009 0.009 0.006 0.000 0.010 0.010 0.005 0.003 0.003 0.002 0.000 0.007 0.028 0.010 0.006 0.004 0.009 0.000 0.000 0.000 0.000 0.004 0.002 0.001 0.003 0.000 0.000 0.007 0.005 0.000 0.002 0.000 0.003 0.005 0.002 0.003 0.004 0.000 0.000 0.009 0.000
0.011 0.003 0.004 0.005 0.005 0.002 0.004 0.005 0.006 0.000 0.338 0.000 0.040 0.000 0.040 0.005 0.005 0.067 0.000 0.000 0.001 0.000 0.027 0.017 0.114 0.102 0.005 0.006 0.006 0.007 0.005 0.004 0.047 0.000 0.000 0.052 0.010 0.006 0.000 0.008 0.005 0.010 0.006 0.004 0.003 0.006 0.000 0.000 0.007 0.005 0.009 0.003 0.010 0.010 0.029 0.000 0.000 0.005 0.003 0.001 0.002 0.000 0.003 0.003 0.003 0.000 0.007 0.010 0.007 0.007 0.002 0.003 0.003 0.009 0.000 0.007 0.000
0.009 0.000 0.000 0.000 0.000 0.002 0.000 0.002 0.000 0.000 0.234 0.000 0.000 0.000 0.004 0.010 0.010 0.006 0.005 0.006 0.001 0.000 0.060 0.134 0.094 0.005 0.008 0.036 0.007 0.005 0.005 0.010 0.000 0.001 0.000 0.007 0.007 0.004 0.000 0.005 0.000 0.000 0.009 0.006 0.003 0.004 0.004 0.000 0.000 0.000 0.005 0.004 0.004 0.005 0.004 0.000 0.000 0.002 0.001 0.002 0.001 0.000 0.004 0.000 0.007 0.007 0.008 0.032 0.000 0.007 0.003 0.006 0.002 0.000 0.021 0.006 0.000
0.005 0.009 0.000 0.000 0.000 0.004 0.000 0.000 0.000 0.000 0.237 0.000 0.000 0.001 0.004 0.003 0.000 0.010 0.000 0.006 0.002 0.002 0.037 0.004 0.002 0.003 0.000 0.000 0.003 0.002 0.002 0.006 0.000 0.000 0.000 0.003 0.009 0.006 0.000 0.000 0.000 0.006 0.009 0.007 0.005 0.006 0.007 0.009 0.003 0.005 0.004 0.004 0.004 0.011 0.000 0.000 0.000 0.001 0.002 0.002 0.002 0.000 0.000 0.000 0.004 0.000 0.006 0.010 0.000 0.000 0.003 0.009 0.003 0.003 0.004 0.010 0.006
0.005 0.005 0.009 0.004 0.007 0.003 0.004 0.002 0.000 0.007 0.010 0.047 0.002 0.002 0.002 0.000 0.000 0.004 0.003 0.003 0.001 0.002 0.082 0.000 0.000 0.004 0.000 0.000 0.002 0.003 0.003 0.002 0.001 0.003 0.000 0.005 0.010 0.007 0.000 0.000 0.000 0.002 0.003 0.005 0.007 0.010 0.008 0.010 0.006 0.005 0.003 0.005 0.000 0.000 0.007 0.004 0.002 0.001 0.001 0.000 0.002 0.000 0.000 0.000 0.006 0.000 0.000 0.000 0.000 0.002 0.002 0.001 0.009 0.009 0.006 0.010 0.000
0.007 0.000 0.000 0.005 0.005 0.004 0.002 0.004 0.003 0.007 0.009 0.008 0.004 0.002 0.000 0.005 0.002 0.004 0.004 0.003 0.000 0.000 0.239 0.000 0.000 0.004 0.000 0.000 0.006 0.010 0.006 0.003 0.002 0.003 0.009 0.004 0.009 0.006 0.000 0.002 0.010 0.010 0.002 0.007 0.010 0.009 0.000 0.000 0.000 0.000 0.000 0.005 0.000 0.000 0.004 0.002 0.001 0.001 0.001 0.000 0.004 0.005 0.003 0.000 0.005 0.041 0.000 0.002 0.000 0.001 0.001 0.002 0.000 0.007 0.007 0.004 0.007
0.004 0.006 0.005 0.007 0.009 0.004 0.002 0.004 0.007 0.009 0.005 0.003 0.004 0.006 0.000 0.000 0.000 0.006 0.010 0.010 0.000 0.000 0.311 0.000 0.000 0.000 0.002 0.002 0.002 0.010 0.006 0.000 0.000 0.006 0.000 0.006 0.010 0.009 0.000 0.000 0.009 0.007 0.000 0.000 0.009 0.010 0.006 0.009 0.005 0.005 0.006 0.005 0.010 0.007 0.006 0.009 0.005 0.005 0.000 0.000 0.003 0.000 0.000 0.010 0.007 0.007 0.002 0.000 0.003 0.002 0.006 0.006 0.003 0.002 0.004 0.000 0.006
0.005 0.004 0.010 0.003 0.003 0.006 0.004 0.003 0.005 0.010 0.009 0.010 0.009 0.010 0.010 0.075 0.006 0.003 0.002 0.003 0.000 0.000 0.276 0.004 0.003 0.004 0.002 0.001 0.002 0.010 0.003 0.005 0.003 0.003 0.000 0.003 0.009 0.007 0.007 0.007 0.100 0.005 0.003 0.004 0.008 0.006 0.000 0.000 0.005 0.003 0.005 0.006 0.000 0.000 0.000 0.000 0.005 0.008 0.003 0.002 0.008 0.005 0.004 0.005 0.010 0.003 0.002 0.004 0.004 0.004 0.000 0.000 0.002 0.010 0.046 0.007 0.005
0.000 0.000 0.006 0.000 0.000 0.000 0.004 0.005 0.005 0.010 0.004 0.072 0.000 0.000 0.000 0.000 0.000 0.003 0.000 0.000 0.000 0.000 0.402 0.004 0.004 0.005 0.002 0.001 0.002 0.004 0.002 0.000 0.002 0.007 0.000 0.007 0.010 0.004 0.000 0.002 0.000 0.000 0.000 0.000 0.000 0.007 0.003 0.000 0.001 0.002 0.002 0.007 0.000 0.000 0.000 0.002 0.003 0.002 0.000 0.000 0.000 0.004 0.002 0.007 0.007 0.000 0.002 0.003 0.000 0.005 0.009 0.003 0.000 0.000 0.000 0.018 0.000
0.003 0.005 0.009 0.005 0.004 0.004 0.005 0.006 0.000 0.013 0.008 0.172 0.007 0.007 0.006 0.007 0.010 0.010 0.005 0.007 0.000 0.000 0.236 0.004 0.003 0.002 0.001 0.002 0.001 0.002 0.001 0.003 0.004 0.007 0.000 0.003 0.437 0.005 0.000 0.004 0.010 0.036 0.000 0.000 0.000 0.005 0.005 0.001 0.002 0.002 0.001 0.000 0.006 0.009 0.002 0.002 0.002 0.001 0.004 0.006 0.004 0.000 0.000 0.000 0.007 0.001 0.002 0.052 0.000 0.004 0.005 0.004 0.000 0.000 0.000 0.000 0.000
0.000 0.009 0.000 0.005 0.005 0.003 0.004 0.005 0.000 0.020 0.006 0.010 0.000 0.000 0.010 0.000 0.000 0.006 0.000 0.000 0.007 0.000 0.100 0.005 0.003 0.003 0.003 0.004 0.004 0.004 0.001 0.003 0.010 0.007 0.009 0.007 0.010 0.004 0.010 0.000 0.007 0.000 0.010 0.000 0.000 0.007 0.004 0.009 0.025 0.003 0.002 0.000 0.010 0.006 0.003 0.003 0.004 0.004 0.004 0.000 0.000 0.000 0.000 0.000 0.003 0.037 0.000 0.000 0.010 0.000 0.002 0.005 0.005 0.004 0.000 0.005 0.003
0.007 0.010 0.004 0.005 0.167 0.069 0.008 0.007 0.006 0.007 0.009 0.034 0.010 0.010 0.009 0.009 0.010 0.005 0.000 0.000 0.007 0.005 0.007 0.006 0.005 0.005 0.004 0.005 0.006 0.005 0.003 0.004 0.006 0.004 0.004 0.004 0.010 0.010 0.005 0.005 0.005 0.004 0.003 0.009 0.005 0.006 0.003 0.000 0.000 0.002 0.010 0.000 0.007 0.007 0.000 0.001 0.003 0.000 0.000 0.004 0.000 0.005 0.010 0.000 0.006 0.000 0.010 0.005 0.000 0.000 0.003 0.000 0.009 0.003 0.000 0.000 0.007
