hx_30m/njhx/rain/result-0023.wd
ncols         211
nrows         286
xllcorner     660279.582600
yllcorner     3541874.325092
cellsize      30.000000
NODATA_value  -9999.000000
[rows 170 to 203 of 286, columns 0 to 76 of 211]
0.000 0.000 0.000 0.000 0.000 0.000 0.000 0.000 0.000 0.000 0.000 0.000 0.000 0.000 0.000 0.000 0.000 0.000 0.000 0.000 0.000 0.000 0.000 0.000 0.000 0.000 0.000 0.000 0.000 0.000 0.000 0.000 0.000 0.130 0.010 0.010 0.010 0.010 0.010 0.010 0.010 0.010 0.215 0.010 0.010 0.010 0.010 0.010 0.000 0.012 0.020 0.128 0.010 0.010 0.018 0.010 0.010 0.010 0.000 0.010 0.010 0.020 0.010 0.010 0.036 0.010 0.010 0.008 0.010 0.010 0.010 0.008 0.007 0.008 0.008 0.000 0.000
0.000 0.000 0.000 0.000 0.000 0.000 0.000 0.000 0.000 0.000 0.000 0.000 0.000 0.000 0.000 0.000 0.000 0.000 0.000 0.000 0.000 0.000 0.000 0.000 0.000 0.000 0.000 0.000 0.000 0.000 0.000 0.000 0.000 0.010 0.010 0.010 0.010 0.010 0.010 0.010 0.010 0.010 0.010 0.010 0.025 0.010 0.010 0.010 0.061 0.246 0.000 0.018 0.000 0.000 0.010 0.010 0.010 0.010 0.000 0.010 0.010 0.000 0.010 0.054 0.010 0.010 0.010 0.125 0.235 0.010 0.010 0.008 0.009 0.008 0.008 0.010 0.010
0.000 0.000 0.000 0.000 0.000 0.000 0.000 0.000 0.000 0.000 0.000 0.000 0.000 0.000 0.000 0.000 0.000 0.000 0.000 0.000 0.000 0.000 0.000 0.000 0.000 0.000 0.000 0.000 0.000 0.000 0.000 0.000 0.089 0.010 0.010 0.010 0.010 0.010 0.010 0.010 0.032 0.000 0.010 0.010 0.010 0.010 0.010 0.171 0.133 0.010 0.010 0.000 0.017 0.000 0.010 0.010 0.010 0.010 0.010 0.010 0.010 0.010 0.010 0.010 0.010 0.010 0.226 0.195 0.228 0.010 0.010 0.010 0.009 0.009 0.009 0.010 0.010
0.000 0.000 0.000 0.000 0.000 0.000 0.000 0.000 0.000 0.000 0.000 0.000 0.000 0.000 0.000 0.000 0.000 0.000 0.000 0.000 0.000 0.000 0.000 0.000 0.000 0.000 0.000 0.000 0.000 0.000 0.000 0.000 0.010 0.010 0.010 0.010 0.010 0.010 0.010 0.046 0.000 0.045 0.010 0.010 0.010 0.010 0.010 0.233 0.253 0.010 0.010 0.000 0.000 0.000 0.010 0.010 0.010 0.026 0.010 0.010 0.010 0.010 0.010 0.010 0.010 0.000 0.264 0.190 0.130 0.010 0.060 0.010 0.010 0.010 0.010 0.067 0.010
0.000 0.000 0.000 0.000 0.000 0.000 0.000 0.000 0.000 0.000 0.000 0.000 0.000 0.000 0.000 0.000 0.000 0.000 0.000 0.000 0.000 0.000 0.000 0.000 0.000 0.000 0.000 0.000 0.000 0.000 0.000 0.000 0.010 0.009 0.010 0.073 0.010 0.010 0.093 0.010 0.010 0.010 0.010 0.010 0.010 0.010 0.010 0.011 0.010 0.023 0.010 0.010 0.010 0.010 0.130 0.010 0.010 0.000 0.010 0.010 0.010 0.010 0.010 0.151 0.000 0.010 0.191 0.098 0.010 0.010 0.010 0.017 0.010 0.010 0.095 0.010 0.010
0.000 0.000 0.000 0.000 0.000 0.000 0.000 0.000 0.000 0.000 0.000 0.000 0.000 0.000 0.000 0.000 0.000 0.000 0.000 0.000 0.000 0.000 0.020 0.000 0.000 0.000 0.000 0.000 0.000 0.000 0.000 0.042 0.010 0.010 0.009 0.010 0.010 0.010 0.010 0.010 0.010 0.087 0.010 0.035 0.010 0.010 0.010 0.010 0.010 0.010 0.010 0.010 0.000 0.010 0.069 0.099 0.000 0.010 0.000 0.010 0.010 0.010 0.010 0.000 0.059 0.010 0.010 0.091 0.010 0.010 0.010 0.085 0.010 0.010 0.000 0.010 0.000
0.000 0.000 0.000 0.000 0.000 0.000 0.000 0.000 0.000 0.000 0.000 0.000 0.000 0.000 0.000 0.000 0.000 0.000 0.000 0.000 0.000 0.000 0.000 0.000 0.000 0.000 0.000 0.000 0.000 0.000 0.000 0.010 0.010 0.054 0.010 0.010 0.010 0.018 0.074 0.010 0.010 0.010 0.010 0.010 0.010 0.010 0.010 0.010 0.010 0.010 0.000 0.054 0.000 0.010 0.010 0.116 0.010 0.011 0.031 0.008 0.010 0.010 0.010 0.064 0.010 0.010 0.010 0.010 0.010 0.010 0.010 0.010 0.000 0.010 0.072 0.010 0.032
0.000 0.000 0.000 0.000 0.000 0.000 0.000 0.000 0.000 0.000 0.000 0.000 0.000 0.000 0.000 0.000 0.000 0.000 0.000 0.000 0.000 0.000 0.000 0.000 0.000 0.000 0.000 0.000 0.000 0.000 0.117 0.010 0.010 0.010 0.010 0.010 0.010 0.010 0.000 0.010 0.010 0.050 0.010 0.010 0.047 0.010 0.010 0.010 0.010 0.031 0.023 0.010 0.010 0.164 0.034 0.010 0.010 0.010 0.010 0.000 0.010 0.117 0.010 0.010 0.010 0.010 0.010 0.010 0.000 0.010 0.010 0.010 0.000 0.010 0.010 0.010 0.010
0.000 0.000 0.000 0.000 0.000 0.000 0.000 0.000 0.000 0.000 0.000 0.000 0.000 0.000 0.000 0.000 0.000 0.000 0.000 0.000 0.000 0.000 0.000 0.000 0.000 0.000 0.000 0.000 0.000 0.000 0.010 0.010 0.010 0.010 0.010 0.010 0.010 0.010 0.010 0.010 0.010 0.010 0.010 0.010 0.056 0.010 0.010 0.010 0.010 0.010 0.010 0.010 0.010 0.010 0.010 0.010 0.010 0.013 0.010 0.010 0.010 0.010 0.135 0.010 0.010 0.077 0.010 0.010 0.000 0.065 0.030 0.010 0.010 0.010 0.010 0.010 0.010
0.000 0.000 0.000 0.000 0.000 0.000 0.000 0.000 0.000 0.000 0.000 0.000 0.000 0.000 0.000 0.000 0.000 0.000 0.000 0.000 0.000 0.000 0.000 0.000 0.000 0.000 0.000 0.000 0.084 0.010 0.010 0.010 0.010 0.124 0.010 0.010 0.010 0.010 0.143 0.010 0.010 0.010 0.010 0.010 0.010 0.010 0.010 0.010 0.010 0.149 0.010 0.010 0.010 0.010 0.010 0.010 0.010 0.036 0.010 0.010 0.010 0.010 0.010 0.010 0.010 0.010 0.000 0.010 0.010 0.010 0.010 0.010 0.010 0.010 0.010 0.010 0.010
0.000 0.000 0.000 0.000 0.000 0.000 0.000 0.000 0.000 0.000 0.000 0.000 0.000 0.000 0.000 0.000 0.000 0.000 0.000 0.000 0.000 0.000 0.000 0.000 0.000 0.000 0.000 0.000 0.000 0.010 0.010 0.010 0.050 0.010 0.073 0.010 0.084 0.010 0.000 0.010 0.010 0.010 0.010 0.010 0.010 0.010 0.010 0.010 0.010 0.010 0.066 0.010 0.010 0.013 0.010 0.010 0.010 0.068 0.010 0.010 0.010 0.010 0.010 0.010 0.010 0.010 0.010 0.035 0.080 0.053 0.010 0.010 0.010 0.010 0.010 0.010 0.010
0.000 0.000 0.000 0.000 0.000 0.000 0.000 0.000 0.000 0.000 0.000 0.000 0.000 0.000 0.000 0.000 0.000 0.000 0.000 0.000 0.000 0.000 0.000 0.000 0.000 0.000 0.000 0.000 0.000 0.071 0.010 0.010 0.010 0.029 0.010 0.010 0.010 0.010 0.000 0.010 0.010 0.010 0.010 0.015 0.010 0.033 0.010 0.010 0.010 0.010 0.010 0.010 0.010 0.010 0.010 0.010 0.010 0.010 0.010 0.010 0.010 0.010 0.010 0.010 0.010 0.010 0.010 0.010 0.010 0.010 0.010 0.004 0.010 0.007 0.008 0.010 0.010
0.000 0.000 0.000 0.000 0.000 0.000 0.000 0.000 0.000 0.000 0.000 0.000 0.000 0.000 0.000 0.000 0.000 0.040 0.000 0.000 0.000 0.000 0.000 0.000 0.000 0.000 0.000 0.000 0.000 0.010 0.010 0.402 0.010 0.010 0.010 0.010 0.010 0.010 0.000 0.072 0.010 0.010 0.010 0.010 0.010 0.010 0.010 0.010 0.010 0.010 0.010 0.010 0.011 0.532 0.010 0.010 0.103 0.010 0.010 0.010 0.010 0.010 0.010 0.010 0.010 0.010 0.010 0.010 0.010 0.010 0.010 0.005 0.004 0.007 0.005 0.007 0.008
0.000 0.000 0.000 0.000 0.000 0.000 0.000 0.000 0.000 0.000 0.000 0.000 0.000 0.000 0.000 0.000 0.000 0.010 0.000 0.000 0.000 0.000 0.000 0.000 0.000 0.000 0.000 0.000 0.044 0.010 0.010 0.010 0.010 0.010 0.010 0.010 0.010 0.010 0.074 0.010 0.008 0.010 0.042 0.010 0.027 0.010 0.010 0.010 0.010 0.010 0.010 0.010 0.010 0.010 0.010 0.010 0.010 0.010 0.010 0.010 0.034 0.010 0.010 0.010 0.010 0.010 0.012 0.010 0.010 0.010 0.007 0.004 0.005 0.009 0.005 0.004 0.010
0.000 0.000 0.000 0.000 0.000 0.000 0.000 0.000 0.000 0.000 0.000 0.000 0.000 0.000 0.000 0.000 0.000 0.000 0.000 0.000 0.000 0.000 0.000 0.000 0.000 0.000 0.000 0.049 0.010 0.010 0.010 0.010 0.057 0.010 0.010 0.010 0.010 0.010 0.010 0.010 0.010 0.030 0.010 0.010 0.010 0.019 0.010 0.010 0.010 0.010 0.010 0.010 0.010 0.010 0.010 0.010 0.010 0.010 0.010 0.010 0.010 0.010 0.010 0.010 0.010 0.010 0.101 0.026 0.010 0.032 0.005 0.006 0.004 0.006 0.007 0.009 0.010
0.000 0.000 0.000 0.000 0.000 0.000 0.000 0.000 0.000 0.000 0.000 0.000 0.000 0.000 0.000 0.000 0.000 0.000 0.000 0.000 0.000 0.000 0.000 0.000 0.000 0.000 0.045 0.010 0.010 0.010 0.055 0.010 0.027 0.010 0.010 0.010 0.179 0.010 0.036 0.010 0.010 0.010 0.010 0.010 0.019 0.010 0.010 0.036 0.010 0.010 0.010 0.010 0.010 0.010 0.010 0.010 0.010 0.010 0.010 0.015 0.010 0.010 0.010 0.010 0.010 0.010 0.010 0.024 0.010 0.008 0.005 0.004 0.004 0.004 0.004 0.006 0.008
0.000 0.000 0.000 0.000 0.000 0.000 0.000 0.000 0.000 0.000 0.000 0.000 0.000 0.000 0.000 0.000 0.044 0.000 0.000 0.000 0.000 0.000 0.000 0.000 0.000 0.098 0.010 0.010 0.010 0.010 0.010 0.010 0.010 0.010 0.010 0.000 0.010 0.010 0.010 0.010 0.010 0.010 0.028 0.010 0.010 0.038 0.000 0.010 0.000 0.010 0.010 0.010 0.010 0.009 0.010 0.010 0.010 0.010 0.010 0.082 0.010 0.010 0.010 0.077 0.011 0.005 0.007 0.005 0.008 0.006 0.005 0.010 0.010 0.010 0.024 0.010 0.009
0.000 0.000 0.000 0.000 0.000 0.000 0.000 0.000 0.000 0.000 0.000 0.000 0.000 0.000 0.000 0.000 0.010 0.000 0.000 0.000 0.000 0.000 0.000 0.000 0.000 0.010 0.010 0.010 0.078 0.075 0.010 0.010 0.010 0.010 0.010 0.171 0.010 0.010 0.010 0.012 0.010 0.010 0.010 0.010 0.034 0.010 0.053 0.010 0.000 0.029 0.010 0.014 0.010 0.009 0.010 0.008 0.011 0.010 0.010 0.010 0.047 0.010 0.010 0.010 0.008 0.009 0.008 0.010 0.006 0.007 0.007 0.010 0.010 0.010 0.010 0.010 0.008
0.000 0.000 0.000 0.000 0.000 0.000 0.000 0.000 0.000 0.000 0.000 0.000 0.000 0.000 0.000 0.000 0.000 0.000 0.000 0.000 0.000 0.000 0.000 0.000 0.000 0.010 0.010 0.010 0.046 0.010 0.010 0.010 0.010 0.010 0.000 0.010 0.010 0.010 0.010 0.023 0.010 0.028 0.010 0.037 0.010 0.010 0.010 0.010 0.010 0.010 0.010 0.000 0.015 0.009 0.009 0.007 0.010 0.008 0.011 0.008 0.010 0.010 0.045 0.007 0.006 0.009 0.010 0.010 0.010 0.010 0.010 0.010 0.018 0.009 0.009 0.008 0.008
0.000 0.000 0.000 0.000 0.000 0.000 0.000 0.000 0.000 0.000 0.000 0.000 0.000 0.000 0.000 0.000 0.000 0.000 0.000 0.000 0.000 0.000 0.000 0.000 0.032 0.010 0.116 0.010 0.010 0.010 0.010 0.010 0.010 0.010 0.000 0.034 0.010 0.010 0.010 0.010 0.010 0.010 0.010 0.010 0.010 0.010 0.010 0.010 0.010 0.010 0.010 0.010 0.010 0.010 0.010 0.020 0.014 0.008 0.009 0.010 0.008 0.007 0.010 0.008 0.006 0.009 0.012 0.010 0.010 0.010 0.010 0.013 0.010 0.008 0.010 0.010 0.009
0.000 0.000 0.000 0.000 0.000 0.000 0.000 0.000 0.000 0.000 0.000 0.000 0.000 0.000 0.027 0.000 0.000 0.000 0.000 0.000 0.000 0.000 0.000 0.000 0.000 0.010 0.115 0.010 0.010 0.010 0.010 0.010 0.010 0.010 0.131 0.010 0.010 0.010 0.010 0.010 0.026 0.010 0.029 0.010 0.010 0.010 0.085 0.010 0.010 0.142 0.010 0.010 0.010 0.059 0.010 0.010 0.010 0.010 0.010 0.013 0.006 0.008 0.008 0.006 0.006 0.005 0.005 0.007 0.010 0.010 0.017 0.008 0.010 0.010 0.007 0.010 0.007
0.000 0.000 0.000 0.000 0.000 0.000 0.000 0.000 0.000 0.000 0.000 0.000 0.000 0.000 0.000 0.000 0.000 0.000 0.000 0.000 0.000 0.000 0.000 0.093 0.010 0.010 0.010 0.010 0.010 0.010 0.010 0.010 0.010 0.010 0.010 0.000 0.010 0.010 0.036 0.010 0.010 0.010 0.010 0.010 0.010 0.102 0.010 0.010 0.010 0.010 0.108 0.010 0.010 0.010 0.010 0.010 0.010 0.010 0.000 0.010 0.009 0.006 0.011 0.006 0.007 0.009 0.009 0.006 0.007 0.006 0.007 0.008 0.010 0.033 0.010 0.008 0.009
0.000 0.000 0.000 0.000 0.000 0.000 0.000 0.000 0.000 0.000 0.000 0.000 0.000 0.000 0.000 0.000 0.000 0.000 0.000 0.000 0.000 0.000 0.000 0.010 0.010 0.010 0.010 0.010 0.010 0.010 0.010 0.010 0.010 0.010 0.259 0.000 0.010 0.017 0.010 0.010 0.018 0.007 0.010 0.010 0.010 0.010 0.049 0.010 0.010 0.010 0.010 0.010 0.010 0.010 0.010 0.029 0.007 0.010 0.010 0.010 0.010 0.006 0.004 0.007 0.008 0.007 0.007 0.006 0.007 0.007 0.010 0.010 0.010 0.008 0.008 0.010 0.007
0.000 0.000 0.000 0.000 0.000 0.000 0.000 0.000 0.000 0.000 0.000 0.000 0.000 0.000 0.000 0.000 0.000 0.000 0.000 0.000 0.000 0.081 0.010 0.010 0.010 0.010 0.023 0.010 0.010 0.010 0.010 0.010 0.010 0.010 0.010 0.000 0.010 0.010 0.010 0.010 0.010 0.010 0.010 0.010 0.010 0.010 0.010 0.010 0.010 0.010 0.084 0.010 0.010 0.010 0.010 0.010 0.008 0.008 0.010 0.000 0.010 0.008 0.008 0.000 0.000 0.010 0.010 0.009 0.010 0.013 0.007 0.008 0.010 0.010 0.010 0.010 0.009
0.000 0.000 0.000 0.000 0.000 0.000 0.000 0.000 0.000 0.000 0.000 0.000 0.000 0.000 0.000 0.000 0.000 0.000 0.000 0.000 0.000 0.026 0.010 0.010 0.010 0.010 0.046 0.010 0.010 0.010 0.010 0.010 0.052 0.000 0.010 0.010 0.010 0.021 0.010 0.021 0.010 0.010 0.010 0.031 0.010 0.025 0.010 0.010 0.010 0.010 0.010 0.010 0.010 0.010 0.010 0.009 0.008 0.010 0.010 0.010 0.010 0.008 0.005 0.008 0.010 0.010 0.010 0.000 0.009 0.010 0.007 0.010 0.010 0.010 0.012 0.010 0.011
0.000 0.000 0.000 0.000 0.000 0.000 0.000 0.000 0.000 0.000 0.000 0.000 0.000 0.000 0.000 0.000 0.000 0.000 0.000 0.000 0.112 0.010 0.010 0.010 0.010 0.010 0.010 0.010 0.010 0.010 0.010 0.010 0.000 0.010 0.010 0.000 0.010 0.010 0.010 0.010 0.052 0.010 0.010 0.010 0.010 0.010 0.010 0.010 0.010 0.010 0.010 0.010 0.010 0.010 0.010 0.014 0.010 0.012 0.010 0.010 0.005 0.006 0.008 0.008 0.010 0.010 0.010 0.022 0.010 0.010 0.000 0.000 0.006 0.010 0.009 0.010 0.010
0.000 0.000 0.000 0.000 0.000 0.000 0.000 0.000 0.000 0.000 0.000 0.000 0.000 0.000 0.000 0.000 0.000 0.000 0.000 0.000 0.010 0.010 0.010 0.010 0.010 0.010 0.010 0.010 0.010 0.018 0.000 0.000 0.000 0.010 0.000 0.010 0.010 0.010 0.010 0.010 0.012 0.065 0.010 0.010 0.010 0.010 0.010 0.010 0.052 0.010 0.010 0.010 0.010 0.010 0.010 0.008 0.010 0.010 0.000 0.000 0.006 0.008 0.007 0.010 0.011 0.007 0.008 0.000 0.010 0.010 0.010 0.010 0.010 0.010 0.000 0.000 0.010
0.000 0.000 0.000 0.000 0.000 0.000 0.000 0.000 0.000 0.024 0.000 0.000 0.000 0.000 0.000 0.000 0.000 0.000 0.000 0.060 0.010 0.010 0.010 0.010 0.010 0.030 0.010 0.010 0.010 0.013 0.000 0.000 0.010 0.049 0.010 0.010 0.023 0.010 0.022 0.010 0.010 0.010 0.010 0.010 0.010 0.010 0.047 0.000 0.010 0.010 0.010 0.010 0.010 0.010 0.008 0.010 0.000 0.010 0.008 0.007 0.008 0.010 0.005 0.006 0.007 0.010 0.000 0.000 0.010 0.010 0.010 0.010 0.019 0.000 0.010 0.010 0.009
0.000 0.000 0.000 0.000 0.000 0.000 0.000 0.000 0.000 0.000 0.000 0.000 0.000 0.000 0.000 0.000 0.000 0.000 0.045 0.010 0.010 0.010 0.010 0.010 0.025 0.010 0.010 0.010 0.010 0.010 0.009 0.000 0.011 0.000 0.010 0.010 0.010 0.010 0.010 0.010 0.010 0.010 0.010 0.010 0.000 0.000 0.000 0.000 0.010 0.010 0.010 0.010 0.010 0.010 0.020 0.007 0.007 0.007 0.010 0.010 0.007 0.008 0.010 0.010 0.072 0.000 0.000 0.010 0.010 0.000 0.000 0.010 0.010 0.000 0.000 0.007 0.020
0.000 0.000 0.000 0.000 0.000 0.000 0.000 0.000 0.000 0.000 0.000 0.000 0.000 0.000 0.000 0.000 0.000 0.000 0.010 0.010 0.010 0.010 0.010 0.010 0.010 0.010 0.010 0.010 0.010 0.009 0.006 0.000 0.000 0.013 0.010 0.017 0.009 0.013 0.006 0.027 0.010 0.010 0.010 0.010 0.000 0.007 0.000 0.000 0.017 0.010 0.010 0.016 0.000 0.000 0.000 0.000 0.008 0.010 0.007 0.010 0.008 0.007 0.010 0.010 0.010 0.000 0.000 0.024 0.000 0.000 0.010 0.010 0.010 0.010 0.010 0.010 0.010
0.000 0.000 0.000 0.000 0.000 0.000 0.000 0.000 0.000 0.000 0.000 0.000 0.000 0.000 0.000 0.000 0.000 0.015 0.046 0.010 0.010 0.010 0.010 0.010 0.037 0.010 0.010 0.010 0.022 0.000 0.005 0.010 0.020 0.010 0.010 0.007 0.010 0.007 0.023 0.010 0.010 0.010 0.010 0.010 0.042 0.000 0.011 0.010 0.000 0.000 0.008 0.010 0.008 0.005 0.007 0.009 0.008 0.000 0.010 0.009 0.010 0.008 0.033 0.010 0.000 0.000 0.010 0.009 0.000 0.000 0.010 0.010 0.000 0.007 0.010 0.010 0.010
0.000 0.000 0.000 0.000 0.000 0.000 0.000 0.000 0.000 0.000 0.000 0.000 0.000 0.000 0.000 0.000 0.000 0.059 0.010 0.010 0.010 0.010 0.010 0.020 0.010 0.010 0.010 0.010 0.000 0.010 0.010 0.000 0.000 0.010 0.018 0.007 0.007 0.009 0.010 0.021 0.010 0.010 0.010 0.000 0.000 0.000 0.006 0.010 0.007 0.005 0.007 0.010 0.008 0.007 0.010 0.000 0.000 0.000 0.006 0.000 0.009 0.009 0.010 0.010 0.027 0.010 0.010 0.000 0.000 0.010 0.113 0.063 0.010 0.010 0.010 0.010 0.000
0.000 0.000 0.000 0.000 0.000 0.000 0.000 0.000 0.000 0.000 0.000 0.000 0.000 0.000 0.000 0.000 0.010 0.010 0.010 0.049 0.010 0.010 0.010 0.009 0.010 0.010 0.010 0.010 0.000 0.010 0.010 0.006 0.017 0.000 0.005 0.010 0.008 0.010 0.006 0.008 0.007 0.011 0.007 0.010 0.000 0.005 0.006 0.000 0.000 0.007 0.005 0.006 0.010 0.010 0.007 0.007 0.007 0.000 0.004 0.000 0.006 0.006 0.009 0.006 0.000 0.050 0.010 0.043 0.010 0.010 0.010 0.008 0.000 0.010 0.000 0.010 0.010
0.000 0.000 0.000 0.000 0.000 0.000 0.000 0.000 0.000 0.000 0.000 0.000 0.000 0.000 0.000 0.166 0.010 0.010 0.010 0.010 0.008 0.010 0.007 0.010 0.010 0.010 0.010 0.008 0.005 0.010 0.010 0.010 0.000 0.020 0.009 0.010 0.009 0.010 0.010 0.010 0.008 0.010 0.006 0.007 0.010 0.005 0.006 0.000 0.010 0.008 0.006 0.009 0.006 0.010 0.006 0.005 0.008 0.007 0.006 0.005 0.000 0.008 0.005 0.004 0.000 0.010 0.000 0.008 0.008 0.010 0.013 0.030 0.010 0.010 0.000 0.016 0.088
