hx_30m/njhx/rain/result-0062.wd
ncols         211
nrows         286
xllcorner     660279.582600
yllcorner     3541874.325092
cellsize      30.000000
NODATA_value  -9999.000000
[rows 136 to 169 of 286, columns 77 to 153 of 211]
0.001 0.001 0.002 0.002 0.002 0.004 0.001 0.002 0.002 0.004 0.002 0.002 0.010 0.001 0.001 0.001 0.001 0.001 0.001 0.001 0.001 0.004 0.001 0.001 0.001 0.010 0.001 0.001 0.002 0.002 0.001 0.001 0.003 0.004 0.000 0.000 0.011 0.000 0.002 0.001 0.010 0.000 0.000 0.000 0.003 0.000 0.002 0.001 0.000 0.000 0.001 0.000 0.001 0.000 0.000 0.000 0.000 0.000 0.000 0.000 0.000 0.000 0.000 0.000 0.001 0.010 0.000 0.010 0.000 0.000 0.000 0.000 0.000 0.010 0.002 0.005 0.000
0.000 0.000 0.002 0.002 0.002 0.001 0.004 0.002 0.001 0.001 0.001 0.000 0.001 0.001 0.004 0.001 0.000 0.000 0.001 0.000 0.002 0.001 0.002 0.001 0.001 0.001 0.001 0.001 0.000 0.000 0.000 0.000 0.000 0.000 0.001 0.000 0.079 0.001 0.010 0.000 0.000 0.000 0.000 0.000 0.000 0.003 0.000 0.001 0.000 0.002 0.001 0.001 0.002 0.001 0.003 0.000 0.000 0.002 0.000 0.000 0.000 0.000 0.002 0.003 0.000 0.003 0.000 0.000 0.005 0.000 0.000 0.000 0.000 0.000 0.000 0.000 0.000
0.000 0.000 0.000 0.000 0.000 0.000 0.000 0.000 0.001 0.002 0.000 0.000 0.000 0.000 0.000 0.000 0.001 0.001 0.000 0.000 0.000 0.001 0.001 0.000 0.010 0.004 0.010 0.010 0.000 0.000 0.000 0.000 0.000 0.000 0.000 0.002 0.692 0.001 0.000 0.010 0.000 0.000 0.010 0.010 0.010 0.035 0.000 0.000 0.000 0.000 0.000 0.000 0.000 0.000 0.000 0.000 0.000 0.000 0.000 0.001 0.000 0.000 0.001 0.001 0.000 0.003 0.001 0.001 0.001 0.001 0.001 0.001 0.010 0.000 0.000 0.000 0.000
0.000 0.000 0.004 0.001 0.001 0.000 0.004 0.001 0.000 0.002 0.000 0.000 0.000 0.001 0.000 0.000 0.000 0.030 0.042 0.010 0.001 0.002 0.001 0.000 0.010 0.010 0.010 0.001 0.000 0.000 0.000 0.001 0.000 0.000 0.000 0.001 0.010 0.000 0.046 0.000 0.000 0.000 0.002 0.010 0.000 0.003 0.000 0.000 0.000 0.000 0.000 0.000 0.001 0.000 0.000 0.000 0.000 0.000 0.000 0.000 0.000 0.001 0.001 0.000 0.003 0.003 0.000 0.000 0.000 0.000 0.001 0.000 0.000 0.010 0.000 0.000 0.000
0.002 0.000 0.000 0.001 0.001 0.000 0.000 0.000 0.002 0.004 0.002 0.001 0.000 0.002 0.001 0.000 0.000 0.000 0.000 0.000 0.001 0.001 0.002 0.001 0.010 0.010 0.010 0.001 0.000 0.000 0.000 0.001 0.000 0.000 0.000 0.002 0.010 0.001 0.009 0.001 0.000 0.000 0.000 0.010 0.010 0.001 0.000 0.002 0.000 0.002 0.010 0.010 0.002 0.000 0.000 0.000 0.000 0.000 0.000 0.000 0.000 0.000 0.000 0.000 0.001 0.000 0.000 0.010 0.003 0.019 0.129 0.117 0.000 0.031 0.003 0.001 0.000
0.004 0.000 0.000 0.002 0.000 0.000 0.001 0.000 0.001 0.001 0.010 0.032 0.098 0.010 0.010 0.010 0.000 0.000 0.052 0.010 0.010 0.010 0.001 0.001 0.010 0.010 0.010 0.008 0.000 0.000 0.000 0.004 0.000 0.000 0.000 0.001 0.010 0.000 0.000 0.001 0.000 0.000 0.000 0.010 0.000 0.000 0.004 0.000 0.000 0.000 0.000 0.000 0.000 0.000 0.001 0.000 0.000 0.000 0.000 0.000 0.000 0.000 0.000 0.000 0.000 0.000 0.000 0.000 0.010 0.138 0.065 0.124 0.003 0.000 0.035 0.010 0.010
0.006 0.000 0.004 0.010 0.003 0.010 0.010 0.010 0.001 0.001 0.072 0.010 0.078 0.010 0.096 0.010 0.084 0.010 0.010 0.010 0.138 0.004 0.000 0.001 0.010 0.010 0.010 0.004 0.000 0.000 0.000 0.000 0.000 0.000 0.000 0.001 0.002 0.001 0.000 0.000 0.000 0.010 0.000 0.000 0.000 0.000 0.000 0.000 0.000 0.000 0.000 0.001 0.000 0.000 0.000 0.000 0.000 0.000 0.000 0.001 0.010 0.010 0.000 0.000 0.000 0.000 0.000 0.002 0.010 0.144 0.081 0.010 0.010 0.036 0.010 0.000 0.010
0.010 0.010 0.001 0.002 0.001 0.000 0.001 0.000 0.001 0.002 0.010 0.010 0.010 0.119 0.010 0.010 0.010 0.010 0.117 0.010 0.044 0.010 0.000 0.004 0.010 0.010 0.010 0.001 0.004 0.000 0.000 0.000 0.000 0.000 0.004 0.001 0.002 0.001 0.000 0.000 0.010 0.000 0.047 0.000 0.000 0.000 0.000 0.000 0.000 0.000 0.001 0.010 0.008 0.001 0.000 0.000 0.000 0.000 0.000 0.001 0.000 0.002 0.000 0.002 0.000 0.000 0.000 0.010 0.010 0.029 0.010 0.010 0.000 0.000 0.052 0.010 0.010
0.010 0.010 0.010 0.010 0.010 0.010 0.000 0.002 0.010 0.010 0.010 0.010 0.010 0.010 0.000 0.000 0.000 0.000 0.010 0.010 0.094 0.010 0.000 0.004 0.010 0.109 0.010 0.010 0.001 0.010 0.002 0.004 0.001 0.010 0.004 0.001 0.001 0.000 0.001 0.010 0.010 0.046 0.010 0.056 0.000 0.001 0.000 0.059 0.010 0.092 0.010 0.010 0.010 0.001 0.010 0.010 0.010 0.050 0.010 0.076 0.000 0.000 0.000 0.000 0.000 0.000 0.000 0.000 0.010 0.047 0.010 0.010 0.000 0.010 0.000 0.010 0.000
0.004 0.010 0.010 0.010 0.010 0.010 0.000 0.000 0.001 0.004 0.010 0.010 0.010 0.010 0.010 0.010 0.010 0.010 0.010 0.010 0.010 0.004 0.000 0.002 0.010 0.010 0.010 0.103 0.001 0.001 0.002 0.001 0.005 0.001 0.002 0.004 0.010 0.000 0.010 0.010 0.010 0.010 0.152 0.002 0.000 0.000 0.010 0.010 0.010 0.010 0.010 0.005 0.005 0.000 0.010 0.010 0.010 0.010 0.010 0.062 0.010 0.000 0.000 0.000 0.001 0.000 0.000 0.000 0.001 0.010 0.007 0.000 0.022 0.037 0.011 0.010 0.010
0.002 0.001 0.004 0.004 0.004 0.002 0.000 0.000 0.001 0.010 0.010 0.010 0.010 0.010 0.010 0.010 0.010 0.010 0.010 0.010 0.089 0.001 0.000 0.001 0.002 0.001 0.000 0.000 0.001 0.001 0.001 0.004 0.011 0.004 0.001 0.001 0.001 0.000 0.000 0.001 0.000 0.003 0.000 0.001 0.003 0.000 0.001 0.000 0.000 0.000 0.010 0.000 0.000 0.000 0.013 0.000 0.000 0.066 0.010 0.017 0.000 0.000 0.000 0.000 0.002 0.001 0.000 0.000 0.000 0.010 0.010 0.000 0.001 0.002 0.001 0.000 0.000
0.010 0.010 0.010 0.004 0.002 0.001 0.002 0.003 0.002 0.010 0.060 0.010 0.010 0.010 0.010 0.010 0.010 0.010 0.010 0.010 0.010 0.010 0.002 0.004 0.002 0.000 0.001 0.001 0.001 0.002 0.004 0.001 0.010 0.002 0.001 0.004 0.001 0.002 0.010 0.010 0.022 0.010 0.010 0.010 0.010 0.003 0.010 0.001 0.000 0.000 0.010 0.000 0.000 0.000 0.000 0.000 0.000 0.010 0.175 0.000 0.000 0.097 0.045 0.000 0.001 0.000 0.000 0.000 0.000 0.000 0.000 0.000 0.000 0.000 0.005 0.000 0.000
0.116 0.010 0.010 0.010 0.010 0.030 0.010 0.001 0.001 0.010 0.010 0.010 0.010 0.010 0.010 0.010 0.010 0.010 0.010 0.010 0.010 0.001 0.004 0.000 0.000 0.001 0.000 0.000 0.000 0.001 0.001 0.001 0.001 0.001 0.000 0.000 0.000 0.004 0.010 0.010 0.010 0.010 0.010 0.055 0.010 0.001 0.000 0.001 0.000 0.000 0.038 0.000 0.000 0.000 0.060 0.010 0.010 0.010 0.010 0.000 0.070 0.010 0.010 0.000 0.001 0.000 0.000 0.000 0.000 0.000 0.000 0.000 0.000 0.000 0.001 0.000 0.000
0.000 0.016 0.010 0.010 0.010 0.010 0.010 0.001 0.001 0.010 0.010 0.455 0.010 0.010 0.010 0.010 0.010 0.010 0.010 0.010 0.010 0.001 0.002 0.002 0.004 0.002 0.002 0.002 0.001 0.010 0.004 0.010 0.010 0.004 0.000 0.000 0.001 0.003 0.010 0.030 0.010 0.010 0.010 0.000 0.000 0.001 0.002 0.000 0.000 0.001 0.001 0.003 0.001 0.001 0.000 0.001 0.003 0.010 0.010 0.000 0.010 0.003 0.010 0.001 0.010 0.010 0.000 0.000 0.000 0.000 0.005 0.006 0.000 0.000 0.000 0.000 0.000
0.010 0.010 0.010 0.010 0.010 0.010 0.010 0.010 0.004 0.010 0.028 0.155 0.152 0.010 0.010 0.010 0.010 0.010 0.010 0.024 0.010 0.001 0.000 0.003 0.010 0.010 0.010 0.010 0.010 0.010 0.010 0.050 0.010 0.001 0.000 0.004 0.001 0.000 0.004 0.002 0.007 0.005 0.000 0.000 0.000 0.000 0.000 0.000 0.000 0.000 0.000 0.010 0.003 0.003 0.000 0.003 0.001 0.000 0.000 0.000 0.010 0.000 0.000 0.000 0.001 0.000 0.000 0.000 0.000 0.000 0.000 0.000 0.000 0.000 0.000 0.000 0.000
0.010 0.010 0.010 0.010 0.010 0.010 0.010 0.002 0.001 0.010 0.010 0.010 0.098 0.010 0.010 0.010 0.010 0.010 0.010 0.010 0.062 0.010 0.010 0.001 0.001 0.000 0.000 0.000 0.000 0.000 0.001 0.004 0.010 0.004 0.001 0.010 0.001 0.003 0.010 0.010 0.010 0.010 0.000 0.000 0.000 0.002 0.001 0.000 0.000 0.010 0.010 0.010 0.013 0.098 0.050 0.010 0.010 0.010 0.010 0.002 0.002 0.000 0.003 0.001 0.000 0.000 0.003 0.000 0.000 0.000 0.000 0.000 0.001 0.000 0.000 0.000 0.000
0.130 0.091 0.010 0.010 0.010 0.010 0.002 0.002 0.001 0.010 0.010 0.010 0.010 0.010 0.010 0.010 0.010 0.010 0.010 0.010 0.010 0.001 0.001 0.004 0.001 0.000 0.000 0.000 0.000 0.000 0.000 0.001 0.010 0.002 0.001 0.002 0.000 0.010 0.010 0.010 0.010 0.010 0.007 0.004 0.002 0.001 0.001 0.000 0.010 0.010 0.010 0.065 0.000 0.018 0.001 0.001 0.003 0.001 0.000 0.000 0.001 0.001 0.002 0.000 0.003 0.002 0.000 0.000 0.000 0.001 0.000 0.000 0.000 0.001 0.000 0.003 0.000
0.010 0.556 0.010 0.010 0.010 0.206 0.004 0.004 0.010 0.010 0.010 0.010 0.010 0.010 0.010 0.010 0.010 0.010 0.010 0.010 0.010 0.001 0.001 0.004 0.001 0.000 0.000 0.000 0.000 0.000 0.000 0.002 0.010 0.001 0.000 0.002 0.000 0.010 0.010 0.003 0.003 0.001 0.010 0.010 0.010 0.010 0.010 0.003 0.002 0.007 0.005 0.001 0.000 0.000 0.003 0.000 0.000 0.001 0.000 0.002 0.000 0.000 0.000 0.000 0.002 0.002 0.000 0.000 0.001 0.001 0.000 0.000 0.000 0.001 0.000 0.000 0.001
0.010 0.010 0.010 0.010 0.010 0.057 0.004 0.002 0.002 0.010 0.010 0.010 0.010 0.010 0.010 0.010 0.055 0.010 0.010 0.010 0.010 0.002 0.001 0.001 0.001 0.003 0.004 0.010 0.010 0.000 0.002 0.002 0.004 0.010 0.001 0.001 0.000 0.010 0.010 0.001 0.005 0.010 0.001 0.002 0.001 0.002 0.001 0.001 0.000 0.001 0.001 0.000 0.001 0.003 0.003 0.000 0.002 0.001 0.003 0.010 0.000 0.000 0.000 0.000 0.000 0.001 0.000 0.000 0.000 0.001 0.001 0.000 0.005 0.000 0.002 0.000 0.000
0.010 0.010 0.010 0.010 0.010 0.010 0.010 0.010 0.010 0.010 0.010 0.010 0.010 0.010 0.010 0.279 0.135 0.087 0.010 0.010 0.010 0.010 0.010 0.001 0.002 0.002 0.002 0.001 0.001 0.004 0.001 0.001 0.004 0.000 0.001 0.163 0.010 0.000 0.001 0.002 0.002 0.004 0.001 0.001 0.001 0.002 0.001 0.003 0.000 0.003 0.010 0.010 0.010 0.003 0.001 0.010 0.010 0.016 0.010 0.003 0.000 0.000 0.000 0.000 0.000 0.000 0.000 0.000 0.000 0.000 0.000 0.000 0.001 0.001 0.001 0.001 0.005
0.000 0.010 0.019 0.100 0.116 0.010 0.002 0.010 0.010 0.010 0.010 0.196 0.050 0.079 0.154 0.248 0.234 0.180 0.010 0.010 0.267 0.001 0.001 0.000 0.001 0.001 0.004 0.001 0.001 0.010 0.001 0.001 0.000 0.000 0.001 0.000 0.010 0.001 0.001 0.002 0.002 0.001 0.003 0.010 0.003 0.010 0.010 0.010 0.056 0.092 0.045 0.000 0.000 0.002 0.001 0.000 0.000 0.000 0.000 0.000 0.000 0.000 0.000 0.000 0.000 0.000 0.000 0.000 0.000 0.000 0.000 0.000 0.000 0.000 0.000 0.000 0.001
0.185 0.193 0.040 0.010 0.010 0.004 0.001 0.001 0.125 0.144 0.142 0.135 0.083 0.010 0.141 0.258 0.240 0.010 0.010 0.010 0.238 0.001 0.000 0.000 0.001 0.001 0.001 0.000 0.003 0.003 0.004 0.003 0.003 0.001 0.000 0.001 0.010 0.003 0.004 0.002 0.000 0.003 0.002 0.141 0.010 0.000 0.000 0.000 0.000 0.000 0.000 0.000 0.000 0.001 0.002 0.010 0.010 0.000 0.010 0.000 0.000 0.000 0.000 0.000 0.000 0.002 0.000 0.000 0.000 0.000 0.000 0.000 0.001 0.002 0.000 0.000 0.010
0.010 0.010 0.010 0.010 0.010 0.010 0.004 0.009 0.099 0.123 0.088 0.104 0.082 0.040 0.193 0.189 0.052 0.010 0.010 0.027 0.074 0.001 0.001 0.003 0.004 0.000 0.000 0.000 0.000 0.000 0.000 0.001 0.001 0.007 0.002 0.002 0.046 0.000 0.000 0.000 0.000 0.002 0.010 0.000 0.000 0.010 0.010 0.010 0.000 0.000 0.000 0.000 0.001 0.001 0.001 0.000 0.002 0.000 0.000 0.002 0.003 0.000 0.000 0.000 0.000 0.001 0.000 0.002 0.000 0.000 0.000 0.000 0.000 0.000 0.001 0.001 0.000
0.010 0.010 0.010 0.010 0.010 0.004 0.001 0.010 0.041 0.086 0.130 0.010 0.010 0.010 0.010 0.010 0.010 0.010 0.174 0.010 0.010 0.001 0.000 0.000 0.000 0.000 0.000 0.000 0.000 0.000 0.002 0.004 0.010 0.010 0.001 0.001 0.071 0.000 0.010 0.000 0.004 0.003 0.010 0.000 0.010 0.010 0.010 0.010 0.010 0.000 0.000 0.010 0.000 0.000 0.000 0.010 0.000 0.009 0.010 0.000 0.001 0.001 0.000 0.000 0.000 0.010 0.000 0.000 0.001 0.000 0.000 0.000 0.000 0.000 0.000 0.000 0.000
0.010 0.010 0.010 0.010 0.010 0.001 0.001 0.010 0.010 0.129 0.543 0.010 0.010 0.010 0.010 0.010 0.010 0.010 0.010 0.010 0.010 0.001 0.001 0.000 0.000 0.000 0.000 0.000 0.000 0.000 0.000 0.001 0.002 0.001 0.001 0.000 0.001 0.000 0.073 0.010 0.010 0.010 0.010 0.000 0.241 0.000 0.010 0.055 0.085 0.010 0.010 0.010 0.010 0.001 0.000 0.002 0.000 0.034 0.008 0.000 0.000 0.010 0.000 0.010 0.001 0.000 0.000 0.000 0.000 0.000 0.000 0.000 0.000 0.000 0.000 0.000 0.000
0.010 0.010 0.010 0.010 0.010 0.010 0.004 0.010 0.010 0.087 0.010 0.010 0.273 0.010 0.010 0.010 0.010 0.010 0.010 0.010 0.010 0.001 0.000 0.000 0.000 0.000 0.000 0.000 0.000 0.000 0.000 0.000 0.000 0.001 0.010 0.001 0.001 0.000 0.003 0.114 0.035 0.010 0.159 0.010 0.120 0.000 0.000 0.000 0.010 0.010 0.010 0.010 0.001 0.001 0.003 0.010 0.000 0.000 0.002 0.000 0.003 0.010 0.000 0.061 0.010 0.000 0.000 0.000 0.000 0.000 0.000 0.000 0.000 0.000 0.000 0.000 0.000
0.010 0.000 0.010 0.010 0.010 0.001 0.001 0.010 0.010 0.121 0.119 0.010 0.144 0.130 0.010 0.010 0.171 0.051 0.010 0.010 0.010 0.001 0.000 0.000 0.000 0.000 0.000 0.000 0.000 0.000 0.000 0.000 0.000 0.001 0.004 0.002 0.001 0.000 0.003 0.096 0.074 0.010 0.000 0.000 0.049 0.010 0.010 0.010 0.010 0.000 0.000 0.000 0.002 0.001 0.063 0.000 0.000 0.000 0.000 0.000 0.002 0.001 0.000 0.000 0.040 0.001 0.000 0.000 0.000 0.000 0.000 0.000 0.000 0.000 0.000 0.000 0.001
0.010 0.002 0.004 0.005 0.004 0.002 0.001 0.010 0.010 0.010 0.163 0.010 0.010 0.004 0.010 0.153 0.204 0.010 0.010 0.010 0.022 0.000 0.010 0.004 0.010 0.010 0.000 0.000 0.000 0.000 0.000 0.000 0.000 0.002 0.010 0.001 0.000 0.000 0.002 0.220 0.065 0.000 0.000 0.003 0.010 0.000 0.000 0.000 0.010 0.010 0.010 0.000 0.001 0.002 0.000 0.000 0.000 0.000 0.000 0.000 0.000 0.000 0.000 0.000 0.000 0.000 0.000 0.000 0.000 0.000 0.000 0.000 0.000 0.000 0.000 0.010 0.010
0.001 0.001 0.018 0.002 0.000 0.010 0.010 0.001 0.001 0.010 0.002 0.004 0.001 0.002 0.010 0.002 0.002 0.002 0.002 0.010 0.002 0.000 0.001 0.003 0.001 0.000 0.001 0.000 0.002 0.000 0.002 0.001 0.003 0.001 0.010 0.002 0.002 0.001 0.001 0.010 0.161 0.002 0.001 0.003 0.002 0.000 0.000 0.001 0.001 0.002 0.005 0.000 0.001 0.000 0.010 0.000 0.000 0.000 0.000 0.000 0.000 0.000 0.000 0.000 0.001 0.002 0.000 0.004 0.000 0.001 0.010 0.001 0.000 0.010 0.010 0.010 0.055
0.003 0.000 0.000 0.000 0.005 0.010 0.004 0.000 0.001 0.001 0.000 0.001 0.000 0.000 0.000 0.001 0.001 0.001 0.001 0.001 0.001 0.002 0.000 0.000 0.000 0.001 0.001 0.002 0.001 0.004 0.000 0.024 0.002 0.002 0.010 0.002 0.000 0.003 0.001 0.001 0.001 0.001 0.010 0.010 0.010 0.000 0.000 0.000 0.000 0.001 0.000 0.000 0.003 0.002 0.000 0.000 0.000 0.000 0.000 0.000 0.000 0.000 0.000 0.000 0.001 0.002 0.000 0.000 0.000 0.000 0.001 0.000 0.000 0.000 0.010 0.040 0.000
0.009 0.001 0.000 0.001 0.001 0.010 0.001 0.001 0.001 0.002 0.000 0.001 0.000 0.001 0.001 0.000 0.001 0.001 0.000 0.000 0.001 0.000 0.001 0.000 0.000 0.000 0.001 0.000 0.000 0.000 0.000 0.000 0.000 0.000 0.000 0.002 0.001 0.002 0.000 0.010 0.010 0.010 0.010 0.010 0.010 0.000 0.001 0.003 0.003 0.010 0.000 0.000 0.000 0.000 0.000 0.001 0.005 0.000 0.000 0.001 0.000 0.000 0.000 0.000 0.001 0.000 0.000 0.000 0.000 0.000 0.000 0.000 0.000 0.000 0.000 0.004 0.000
0.001 0.000 0.000 0.000 0.001 0.009 0.001 0.001 0.000 0.000 0.004 0.000 0.000 0.000 0.000 0.004 0.007 0.004 0.004 0.010 0.001 0.000 0.001 0.004 0.010 0.010 0.010 0.000 0.000 0.000 0.001 0.000 0.000 0.010 0.000 0.003 0.001 0.003 0.001 0.001 0.010 0.010 0.010 0.010 0.010 0.002 0.001 0.010 0.000 0.003 0.001 0.001 0.001 0.000 0.000 0.000 0.004 0.000 0.000 0.002 0.000 0.000 0.000 0.000 0.000 0.000 0.000 0.000 0.000 0.000 0.000 0.000 0.000 0.000 0.002 0.002 0.000
0.001 0.010 0.004 0.001 0.001 0.064 0.000 0.001 0.000 0.001 0.001 0.002 0.001 0.004 0.002 0.010 0.004 0.010 0.000 0.000 0.001 0.000 0.000 0.000 0.001 0.010 0.000 0.010 0.010 0.001 0.002 0.009 0.000 0.010 0.010 0.004 0.002 0.001 0.001 0.001 0.010 0.010 0.010 0.010 0.010 0.010 0.010 0.010 0.003 0.010 0.000 0.000 0.009 0.003 0.000 0.001 0.000 0.000 0.000 0.010 0.000 0.000 0.000 0.000 0.000 0.000 0.002 0.000 0.000 0.000 0.000 0.000 0.000 0.000 0.001 0.000 0.000
0.000 0.001 0.000 0.000 0.001 0.011 0.000 0.001 0.001 0.001 0.009 0.001 0.087 0.005 0.009 0.002 0.010 0.010 0.004 0.004 0.002 0.001 0.000 0.002 0.000 0.000 0.000 0.001 0.000 0.000 0.000 0.000 0.000 0.034 0.004 0.000 0.010 0.000 0.001 0.001 0.010 0.010 0.010 0.010 0.022 0.177 0.003 0.000 0.000 0.000 0.000 0.030 0.000 0.002 0.000 0.000 0.000 0.000 0.000 0.001 0.000 0.001 0.000 0.000 0.000 0.000 0.000 0.000 0.000 0.000 0.002 0.000 0.000 0.000 0.000 0.000 0.000
