hx_30m/njhx/rain/result-0032.wd
ncols         211
nrows         286
xllcorner     660279.582600
yllcorner     3541874.325092
cellsize      30.000000
NODATA_value  -9999.000000
[rows 204 to 237 of 286, columns 77 to 153 of 211]
0.010 0.010 0.010 0.009 0.044 0.010 0.005 0.004 0.003 0.003 0.010 0.010 0.054 0.267 0.008 0.000 0.004 0.003 0.008 0.012 0.008 0.006 0.012 0.002 0.000 0.007 0.007 0.044 0.128 0.008 0.004 0.000 0.004 0.010 0.007 0.006 0.003 0.033 0.006 0.004 0.003 0.003 0.004 0.006 0.005 0.003 0.003 0.003 0.007 0.005 0.000 0.000 0.000 0.000 0.004 0.002 0.004 0.000 0.064 0.006 0.005 0.010 0.009 0.000 0.010 0.009 0.003 0.009 0.019 0.010 0.004 0.003 0.004 0.004 0.059 0.000 0.000
0.016 0.008 0.010 0.010 0.021 0.010 0.002 0.004 0.006 0.004 0.000 0.000 0.010 0.010 0.010 0.010 0.007 0.005 0.006 0.010 0.005 0.000 0.000 0.011 0.007 0.007 0.010 0.029 0.003 0.000 0.001 0.000 0.000 0.000 0.004 0.010 0.012 0.007 0.002 0.000 0.003 0.010 0.011 0.007 0.003 0.006 0.005 0.004 0.005 0.004 0.005 0.002 0.009 0.000 0.002 0.000 0.000 0.004 0.010 0.010 0.133 0.000 0.000 0.009 0.003 0.005 0.009 0.005 0.006 0.010 0.009 0.005 0.004 0.007 0.003 0.004 0.011
0.008 0.007 0.005 0.032 0.007 0.010 0.003 0.000 0.000 0.000 0.004 0.004 0.010 0.000 0.000 0.007 0.000 0.010 0.008 0.004 0.000 0.000 0.000 0.007 0.008 0.005 0.008 0.007 0.000 0.004 0.002 0.002 0.000 0.008 0.008 0.007 0.006 0.003 0.000 0.007 0.003 0.006 0.005 0.010 0.010 0.035 0.010 0.003 0.002 0.003 0.003 0.007 0.005 0.006 0.008 0.007 0.004 0.005 0.041 0.000 0.010 0.000 0.005 0.007 0.005 0.009 0.009 0.010 0.015 0.000 0.010 0.010 0.009 0.006 0.005 0.006 0.000
0.015 0.009 0.000 0.019 0.010 0.008 0.007 0.006 0.007 0.005 0.003 0.003 0.007 0.005 0.005 0.006 0.000 0.009 0.007 0.006 0.000 0.000 0.010 0.006 0.010 0.005 0.007 0.010 0.010 0.006 0.008 0.000 0.010 0.011 0.006 0.005 0.000 0.002 0.003 0.005 0.000 0.000 0.005 0.010 0.010 0.205 0.000 0.001 0.000 0.002 0.008 0.005 0.004 0.006 0.006 0.008 0.521 0.210 0.094 0.313 0.000 0.006 0.004 0.000 0.003 0.005 0.010 0.010 0.010 0.010 0.010 0.010 0.046 0.000 0.000 0.006 0.004
0.008 0.000 0.010 0.010 0.005 0.006 0.005 0.000 0.000 0.008 0.010 0.007 0.010 0.006 0.022 0.010 0.010 0.234 0.121 0.006 0.006 0.009 0.010 0.007 0.016 0.000 0.010 0.000 0.008 0.010 0.000 0.000 0.000 0.004 0.007 0.010 0.000 0.002 0.005 0.007 0.010 0.000 0.019 0.006 0.010 0.000 0.002 0.001 0.004 0.002 0.009 0.007 0.005 0.004 0.004 0.006 0.010 0.219 0.000 0.178 0.000 0.004 0.007 0.010 0.006 0.007 0.007 0.007 0.007 0.006 0.010 0.010 0.000 0.000 0.039 0.000 0.000
0.000 0.010 0.010 0.007 0.010 0.004 0.000 0.000 0.005 0.007 0.005 0.004 0.005 0.000 0.006 0.005 0.005 0.202 0.407 0.131 0.215 0.026 0.010 0.005 0.000 0.010 0.010 0.005 0.007 0.004 0.011 0.000 0.000 0.005 0.006 0.008 0.006 0.002 0.000 0.000 0.000 0.010 0.004 0.010 0.010 0.000 0.001 0.001 0.000 0.003 0.000 0.017 0.010 0.000 0.007 0.007 0.007 0.006 0.010 0.255 0.000 0.023 0.007 0.006 0.004 0.005 0.005 0.007 0.000 0.000 0.006 0.007 0.000 0.010 0.000 0.010 0.008
0.000 0.008 0.018 0.008 0.005 0.003 0.000 0.000 0.000 0.000 0.006 0.007 0.004 0.000 0.000 0.033 0.009 0.282 0.127 0.304 0.385 0.000 0.579 0.010 0.007 0.008 0.007 0.000 0.003 0.004 0.010 0.000 0.007 0.006 0.007 0.000 0.010 0.007 0.004 0.002 0.003 0.008 0.002 0.010 0.000 0.003 0.002 0.003 0.005 0.005 0.002 0.010 0.010 0.003 0.010 0.000 0.009 0.000 0.010 0.006 0.004 0.009 0.006 0.003 0.000 0.010 0.006 0.007 0.000 0.000 0.000 0.010 0.010 0.010 0.010 0.000 0.005
0.010 0.010 0.010 0.010 0.003 0.004 0.004 0.000 0.000 0.020 0.007 0.000 0.006 0.000 0.000 0.004 0.054 0.143 0.279 0.090 0.449 0.042 0.050 0.140 0.716 0.000 0.530 0.008 0.003 0.000 0.010 0.010 0.095 0.010 0.004 0.000 0.010 0.010 0.005 0.010 0.000 0.010 0.010 0.010 0.010 0.004 0.002 0.000 0.008 0.000 0.000 0.010 0.045 0.000 0.025 0.010 0.076 0.010 0.006 0.004 0.006 0.003 0.007 0.005 0.000 0.000 0.004 0.010 0.007 0.000 0.000 0.016 0.000 0.012 0.009 0.007 0.008
0.000 0.028 0.010 0.010 0.006 0.005 0.007 0.006 0.000 0.007 0.010 0.009 0.005 0.000 0.006 0.007 0.280 0.394 0.410 0.368 0.070 0.006 0.008 0.006 0.010 0.010 0.010 0.010 0.000 0.007 0.009 0.000 0.094 0.007 0.007 0.010 0.010 0.010 0.003 0.000 0.007 0.005 0.005 0.000 0.005 0.002 0.002 0.003 0.003 0.003 0.000 0.000 0.002 0.000 0.027 0.007 0.000 0.000 0.000 0.005 0.006 0.004 0.006 0.004 0.004 0.004 0.010 0.057 0.025 0.010 0.010 0.000 0.010 0.000 0.004 0.010 0.010
0.006 0.005 0.000 0.006 0.000 0.007 0.008 0.006 0.007 0.000 0.043 0.000 0.006 0.006 0.008 0.010 0.395 0.155 0.357 0.010 0.008 0.005 0.010 0.004 0.007 0.007 0.007 0.163 0.006 0.010 0.000 0.184 0.025 0.010 0.007 0.010 0.010 0.006 0.004 0.000 0.010 0.007 0.008 0.004 0.005 0.000 0.005 0.004 0.000 0.000 0.000 0.036 0.000 0.000 0.010 0.011 0.004 0.000 0.000 0.000 0.000 0.007 0.004 0.007 0.006 0.004 0.006 0.058 0.010 0.010 0.007 0.000 0.010 0.009 0.032 0.044 0.000
0.010 0.010 0.007 0.003 0.008 0.000 0.000 0.006 0.006 0.006 0.047 0.006 0.005 0.000 0.006 0.007 0.264 0.443 0.005 0.006 0.009 0.008 0.007 0.005 0.008 0.005 0.006 0.000 0.000 0.004 0.007 0.019 0.000 0.070 0.130 0.007 0.006 0.010 0.014 0.008 0.005 0.013 0.005 0.007 0.007 0.039 0.000 0.002 0.004 0.010 0.000 0.035 0.000 0.007 0.008 0.460 0.000 0.003 0.010 0.000 0.000 0.007 0.003 0.004 0.004 0.005 0.006 0.004 0.008 0.010 0.010 0.000 0.000 0.005 0.009 0.008 0.003
0.065 0.010 0.000 0.003 0.004 0.006 0.000 0.008 0.006 0.005 0.000 0.000 0.008 0.010 0.010 0.008 0.095 0.005 0.039 0.010 0.010 0.010 0.010 0.005 0.008 0.006 0.007 0.010 0.010 0.010 0.006 0.010 0.010 0.030 0.000 0.006 0.007 0.007 0.007 0.063 0.010 0.015 0.004 0.005 0.010 0.000 0.010 0.003 0.000 0.000 0.010 0.000 0.000 0.009 0.000 0.007 0.000 0.004 0.006 0.004 0.007 0.004 0.005 0.000 0.004 0.006 0.019 0.005 0.005 0.005 0.006 0.007 0.005 0.008 0.007 0.000 0.000
0.022 0.010 0.010 0.006 0.006 0.000 0.007 0.005 0.000 0.007 0.027 0.007 0.010 0.000 0.009 0.007 0.199 0.010 0.010 0.005 0.010 0.010 0.010 0.010 0.007 0.007 0.005 0.015 0.006 0.006 0.009 0.008 0.013 0.004 0.010 0.025 0.000 0.007 0.007 0.010 0.008 0.005 0.005 0.003 0.010 0.068 0.010 0.000 0.010 0.000 0.003 0.000 0.006 0.009 0.188 0.000 0.000 0.010 0.007 0.000 0.005 0.005 0.000 0.003 0.003 0.000 0.006 0.007 0.052 0.005 0.007 0.005 0.007 0.008 0.007 0.000 0.006
0.010 0.006 0.010 0.010 0.000 0.006 0.006 0.005 0.000 0.009 0.010 0.000 0.010 0.010 0.008 0.006 0.010 0.005 0.004 0.006 0.008 0.008 0.007 0.008 0.007 0.007 0.009 0.008 0.000 0.006 0.006 0.007 0.004 0.010 0.000 0.007 0.000 0.018 0.000 0.006 0.005 0.000 0.005 0.010 0.006 0.006 0.000 0.088 0.000 0.003 0.003 0.003 0.009 0.000 0.007 0.005 0.008 0.010 0.010 0.000 0.009 0.008 0.005 0.005 0.003 0.003 0.005 0.004 0.000 0.009 0.058 0.006 0.008 0.008 0.007 0.006 0.000
0.010 0.010 0.005 0.005 0.013 0.006 0.000 0.000 0.008 0.006 0.005 0.005 0.009 0.007 0.007 0.005 0.014 0.008 0.009 0.010 0.010 0.009 0.006 0.010 0.010 0.006 0.016 0.008 0.000 0.008 0.006 0.009 0.009 0.010 0.000 0.003 0.003 0.003 0.003 0.633 0.000 0.008 0.010 0.000 0.004 0.003 0.000 0.011 0.000 0.015 0.000 0.007 0.010 0.011 0.000 0.003 0.004 0.004 0.000 0.008 0.006 0.000 0.003 0.004 0.004 0.000 0.000 0.000 0.000 0.000 0.000 0.014 0.010 0.005 0.008 0.005 0.007
0.000 0.010 0.000 0.007 0.005 0.010 0.006 0.006 0.009 0.052 0.000 0.000 0.000 0.006 0.006 0.015 0.005 0.006 0.010 0.010 0.010 0.010 0.009 0.007 0.007 0.006 0.006 0.000 0.000 0.010 0.006 0.007 0.006 0.000 0.010 0.013 0.010 0.005 0.000 0.113 0.022 0.024 0.000 0.010 0.004 0.000 0.003 0.003 0.000 0.004 0.000 0.010 0.010 0.004 0.003 0.017 0.004 0.003 0.005 0.006 0.003 0.003 0.008 0.003 0.007 0.004 0.010 0.006 0.000 0.000 0.004 0.008 0.008 0.010 0.007 0.005 0.006
0.000 0.007 0.000 0.000 0.005 0.005 0.008 0.006 0.007 0.009 0.010 0.010 0.008 0.018 0.007 0.008 0.006 0.007 0.013 0.007 0.010 0.010 0.023 0.005 0.005 0.021 0.007 0.006 0.006 0.012 0.009 0.005 0.010 0.000 0.006 0.000 0.000 0.038 0.021 0.163 0.011 0.020 0.006 0.021 0.009 0.010 0.006 0.000 0.003 0.003 0.007 0.019 0.005 0.007 0.011 0.010 0.000 0.003 0.005 0.000 0.000 0.005 0.006 0.000 0.004 0.003 0.010 0.010 0.012 0.007 0.005 0.007 0.000 0.000 0.000 0.044 0.005
0.005 0.007 0.000 0.003 0.006 0.005 0.004 0.000 0.007 0.005 0.008 0.007 0.017 0.005 0.000 0.000 0.010 0.008 0.007 0.009 0.005 0.121 0.010 0.010 0.008 0.008 0.000 0.000 0.000 0.004 0.007 0.020 0.010 0.000 0.003 0.010 0.045 0.035 0.000 0.087 0.010 0.013 0.010 0.007 0.007 0.010 0.089 0.009 0.007 0.000 0.007 0.010 0.008 0.010 0.000 0.003 0.000 0.058 0.000 0.006 0.010 0.005 0.004 0.007 0.000 0.000 0.000 0.011 0.000 0.005 0.004 0.009 0.003 0.002 0.003 0.003 0.000
0.009 0.008 0.000 0.000 0.010 0.006 0.005 0.007 0.005 0.000 0.000 0.011 0.010 0.008 0.007 0.010 0.010 0.010 0.187 0.010 0.009 0.010 0.005 0.008 0.009 0.022 0.015 0.024 0.000 0.007 0.004 0.004 0.005 0.000 0.005 0.096 0.077 0.005 0.009 0.006 0.010 0.014 0.033 0.009 0.008 0.015 0.007 0.012 0.000 0.006 0.000 0.000 0.000 0.000 0.010 0.005 0.000 0.000 0.002 0.000 0.008 0.010 0.005 0.000 0.006 0.000 0.035 0.000 0.009 0.005 0.008 0.000 0.000 0.003 0.006 0.005 0.005
0.000 0.008 0.006 0.005 0.000 0.010 0.007 0.009 0.000 0.006 0.010 0.006 0.008 0.008 0.008 0.007 0.006 0.010 0.010 0.167 0.010 0.008 0.004 0.007 0.000 0.007 0.000 0.000 0.032 0.006 0.005 0.005 0.004 0.005 0.004 0.089 0.075 0.007 0.000 0.009 0.212 0.095 0.190 0.035 0.010 0.010 0.010 0.006 0.006 0.007 0.055 0.008 0.010 0.000 0.014 0.006 0.003 0.004 0.003 0.007 0.005 0.000 0.089 0.010 0.010 0.010 0.014 0.000 0.005 0.006 0.009 0.003 0.003 0.003 0.004 0.003 0.003
0.004 0.008 0.007 0.008 0.017 0.007 0.005 0.007 0.009 0.005 0.005 0.007 0.006 0.007 0.000 0.010 0.008 0.016 0.004 0.009 0.007 0.107 0.010 0.004 0.000 0.005 0.000 0.000 0.003 0.009 0.007 0.009 0.009 0.005 0.005 0.007 0.000 0.007 0.007 0.006 0.010 0.000 0.009 0.158 0.114 0.086 0.124 0.009 0.008 0.000 0.010 0.010 0.021 0.008 0.010 0.000 0.000 0.003 0.005 0.004 0.000 0.008 0.000 0.010 0.008 0.010 0.011 0.008 0.005 0.007 0.000 0.000 0.002 0.002 0.004 0.004 0.005
0.008 0.000 0.006 0.005 0.007 0.006 0.006 0.005 0.000 0.007 0.011 0.004 0.000 0.000 0.007 0.010 0.010 0.081 0.008 0.008 0.007 0.008 0.015 0.006 0.018 0.008 0.000 0.007 0.004 0.008 0.007 0.004 0.000 0.007 0.005 0.004 0.004 0.007 0.014 0.003 0.000 0.165 0.172 0.062 0.163 0.059 0.010 0.007 0.010 0.027 0.008 0.007 0.007 0.439 0.011 0.008 0.010 0.000 0.004 0.007 0.007 0.005 0.007 0.000 0.000 0.003 0.006 0.004 0.005 0.004 0.002 0.004 0.004 0.007 0.003 0.003 0.006
0.000 0.004 0.006 0.006 0.007 0.000 0.006 0.006 0.007 0.005 0.007 0.004 0.010 0.006 0.008 0.010 0.010 0.010 0.010 0.010 0.004 0.005 0.005 0.006 0.010 0.156 0.007 0.004 0.010 0.006 0.006 0.007 0.010 0.006 0.000 0.000 0.007 0.003 0.005 0.009 0.000 0.074 0.078 0.061 0.008 0.009 0.010 0.010 0.063 0.010 0.010 0.007 0.008 0.010 0.008 0.010 0.746 0.010 0.009 0.007 0.009 0.006 0.005 0.000 0.000 0.000 0.006 0.005 0.000 0.003 0.003 0.003 0.000 0.009 0.000 0.005 0.003
0.010 0.004 0.000 0.067 0.005 0.005 0.008 0.007 0.010 0.006 0.007 0.005 0.000 0.010 0.010 0.010 0.010 0.010 0.010 0.007 0.006 0.003 0.005 0.008 0.007 0.010 0.010 0.006 0.009 0.004 0.006 0.009 0.009 0.005 0.009 0.006 0.004 0.000 0.004 0.007 0.020 0.000 0.000 0.009 0.008 0.006 0.010 0.000 0.009 0.010 0.010 0.008 0.010 0.010 0.006 0.005 0.009 0.904 0.751 0.008 0.007 0.007 0.004 0.004 0.000 0.000 0.006 0.005 0.010 0.010 0.000 0.001 0.000 0.002 0.003 0.004 0.007
0.003 0.003 0.064 0.096 0.008 0.008 0.006 0.008 0.008 0.007 0.000 0.012 0.008 0.006 0.007 0.000 0.006 0.010 0.010 0.007 0.058 0.004 0.010 0.008 0.008 0.005 0.007 0.006 0.007 0.017 0.006 0.000 0.005 0.000 0.000 0.005 0.005 0.010 0.005 0.010 0.005 0.006 0.005 0.000 0.000 0.008 0.010 0.028 0.007 0.010 0.010 0.051 0.011 0.010 0.010 0.010 0.006 0.006 0.008 0.000 0.667 0.012 0.005 0.000 0.000 0.005 0.006 0.000 0.006 0.007 0.001 0.002 0.038 0.005 0.004 0.003 0.008
0.006 0.000 0.010 0.012 0.235 0.092 0.004 0.008 0.006 0.005 0.008 0.000 0.004 0.000 0.007 0.133 0.000 0.008 0.007 0.004 0.005 0.005 0.000 0.005 0.000 0.006 0.032 0.009 0.005 0.007 0.007 0.009 0.003 0.005 0.005 0.006 0.008 0.005 0.013 0.006 0.007 0.000 0.009 0.006 0.009 0.008 0.688 0.010 0.009 0.008 0.008 0.010 0.010 0.008 0.005 0.008 0.004 0.008 0.006 0.007 0.010 0.011 0.319 0.006 0.007 0.006 0.000 0.000 0.002 0.002 0.002 0.006 0.093 0.190 0.116 0.006 0.007
0.010 0.000 0.000 0.004 0.004 0.004 0.004 0.016 0.007 0.006 0.007 0.007 0.008 0.000 0.000 0.000 0.008 0.000 0.004 0.000 0.006 0.006 0.005 0.000 0.000 0.010 0.003 0.009 0.005 0.006 0.004 0.010 0.004 0.005 0.004 0.007 0.006 0.005 0.006 0.006 0.006 0.006 0.000 0.007 0.007 0.000 0.015 0.010 0.010 0.010 0.007 0.008 0.009 0.010 0.009 0.006 0.006 0.006 0.009 0.009 0.010 0.000 0.010 0.687 0.010 0.006 0.006 0.000 0.002 0.003 0.000 0.070 0.109 0.095 0.008 0.010 0.010
0.006 0.006 0.000 0.000 0.000 0.006 0.004 0.009 0.005 0.009 0.008 0.007 0.000 0.000 0.008 0.000 0.004 0.006 0.005 0.000 0.009 0.008 0.010 0.006 0.000 0.000 0.003 0.009 0.007 0.006 0.005 0.005 0.003 0.000 0.000 0.008 0.007 0.005 0.010 0.010 0.007 0.010 0.006 0.010 0.010 0.010 0.010 0.021 0.010 0.010 0.010 0.010 0.007 0.005 0.006 0.006 0.010 0.008 0.010 0.010 0.010 0.000 0.000 0.010 0.006 0.000 0.014 0.007 0.032 0.000 0.012 0.133 0.145 0.125 0.004 0.010 0.017
0.010 0.004 0.006 0.003 0.006 0.005 0.010 0.008 0.000 0.004 0.055 0.038 0.008 0.010 0.000 0.007 0.010 0.005 0.007 0.006 0.005 0.006 0.006 0.003 0.007 0.003 0.004 0.009 0.007 0.000 0.000 0.004 0.007 0.004 0.003 0.000 0.000 0.010 0.010 0.005 0.007 0.000 0.008 0.008 0.048 0.000 0.010 0.010 0.010 0.010 0.035 0.010 0.010 0.010 0.008 0.010 0.010 0.020 0.010 0.010 0.010 0.010 0.004 0.014 0.010 0.060 0.010 0.000 0.323 0.023 0.015 0.097 0.247 0.003 0.005 0.006 0.008
0.004 0.004 0.004 0.004 0.005 0.012 0.012 0.006 0.007 0.003 0.005 0.006 0.004 0.011 0.010 0.004 0.007 0.000 0.000 0.008 0.009 0.000 0.000 0.003 0.003 0.004 0.009 0.004 0.007 0.002 0.002 0.000 0.000 0.008 0.006 0.005 0.005 0.006 0.007 0.008 0.007 0.009 0.007 0.000 0.000 0.000 0.000 0.010 0.000 0.010 0.010 0.010 0.046 0.010 0.008 0.010 0.007 0.000 0.010 0.000 0.010 0.010 0.008 0.005 0.167 0.124 0.123 0.187 0.010 0.000 1.117 0.209 0.046 0.000 0.007 0.007 0.008
0.010 0.006 0.004 0.006 0.005 0.007 0.007 0.000 0.003 0.007 0.005 0.006 0.000 0.004 0.005 0.006 0.009 0.010 0.165 0.004 0.007 0.010 0.058 0.000 0.007 0.008 0.007 0.007 0.003 0.000 0.003 0.004 0.003 0.004 0.004 0.004 0.009 0.007 0.006 0.008 0.008 0.010 0.010 0.665 0.000 0.000 0.000 0.049 0.000 0.000 0.010 0.010 0.010 0.015 0.008 0.010 0.007 0.010 0.068 0.010 0.010 0.000 0.006 0.007 0.000 0.131 0.013 0.000 0.000 0.010 0.010 0.000 0.026 0.252 0.102 0.004 0.037
0.000 0.000 0.010 0.006 0.009 0.006 0.006 0.004 0.000 0.000 0.005 0.010 0.009 0.005 0.006 0.005 0.006 0.007 0.018 0.006 0.000 0.007 0.008 0.007 0.009 0.004 0.005 0.009 0.003 0.004 0.002 0.000 0.005 0.006 0.003 0.003 0.011 0.022 0.008 0.017 0.010 0.010 0.000 0.010 0.176 0.000 0.000 0.000 0.000 0.000 0.000 0.010 0.010 0.010 0.010 0.023 0.008 0.008 0.010 0.007 0.012 0.008 0.006 0.000 0.007 0.009 0.088 0.000 0.010 0.113 0.010 0.004 0.010 0.000 0.207 0.328 0.057
0.010 0.008 0.007 0.007 0.015 0.009 0.002 0.004 0.008 0.004 0.003 0.000 0.006 0.008 0.006 0.004 0.004 0.004 0.010 0.025 0.006 0.000 0.005 0.008 0.005 0.007 0.004 0.005 0.000 0.002 0.004 0.002 0.002 0.003 0.004 0.005 0.007 0.012 0.010 0.010 0.010 0.010 0.673 0.010 0.000 0.000 0.141 0.034 0.000 0.000 0.000 0.010 0.010 0.010 0.010 0.010 0.009 0.048 0.006 0.006 0.007 0.009 0.006 0.000 0.000 0.007 0.005 0.005 0.020 0.000 0.007 0.010 0.000 0.000 0.005 0.000 0.128
0.008 0.007 0.006 0.005 0.009 0.000 0.000 0.005 0.004 0.008 0.000 0.005 0.004 0.000 0.000 0.006 0.006 0.004 0.010 0.010 0.010 0.022 0.006 0.008 0.005 0.009 0.004 0.010 0.000 0.000 0.000 0.002 0.003 0.003 0.004 0.000 0.007 0.010 0.010 0.007 0.020 0.000 0.010 0.009 0.010 0.010 0.022 0.010 0.000 0.000 0.010 0.010 0.010 0.010 0.010 0.010 0.010 0.010 0.010 0.008 0.006 0.007 0.000 0.000 0.010 0.010 0.000 0.000 0.000 0.008 0.004 0.000 0.018 0.005 0.004 0.005 0.008
