hx_30m/njhx/rain/result-0041.wd
ncols         211
nrows         286
xllcorner     660279.582600
yllcorner     3541874.325092
cellsize      30.000000
NODATA_value  -9999.000000
[rows 136 to 169 of 286, columns 77 to 153 of 211]
0.003 0.002 0.004 0.004 0.004 0.006 0.002 0.004 0.004 0.007 0.004 0.004 0.010 0.004 0.004 0.003 0.003 0.003 0.002 0.003 0.002 0.007 0.002 0.002 0.003 0.010 0.003 0.005 0.004 0.004 0.003 0.003 0.010 0.008 0.001 0.001 0.011 0.001 0.004 0.002 0.010 0.002 0.002 0.001 0.006 0.001 0.004 0.002 0.001 0.003 0.008 0.000 0.003 0.002 0.001 0.000 0.001 0.000 0.000 0.000 0.000 0.001 0.000 0.000 0.003 0.010 0.000 0.010 0.001 0.000 0.000 0.000 0.000 0.010 0.004 0.010 0.001
0.002 0.002 0.004 0.004 0.004 0.002 0.006 0.004 0.002 0.002 0.005 0.001 0.003 0.002 0.010 0.003 0.001 0.001 0.002 0.001 0.004 0.002 0.004 0.005 0.004 0.003 0.003 0.003 0.001 0.000 0.000 0.001 0.000 0.000 0.003 0.001 0.079 0.003 0.010 0.000 0.000 0.002 0.000 0.000 0.001 0.006 0.000 0.002 0.000 0.004 0.002 0.002 0.004 0.002 0.006 0.001 0.001 0.004 0.000 0.000 0.000 0.001 0.004 0.006 0.001 0.006 0.000 0.000 0.009 0.001 0.001 0.000 0.001 0.000 0.000 0.000 0.001
0.001 0.001 0.000 0.000 0.000 0.000 0.000 0.000 0.003 0.004 0.002 0.000 0.000 0.000 0.001 0.000 0.004 0.002 0.001 0.000 0.000 0.002 0.003 0.001 0.010 0.007 0.010 0.010 0.001 0.000 0.000 0.001 0.000 0.000 0.000 0.004 0.692 0.002 0.000 0.010 0.001 0.000 0.010 0.010 0.010 0.035 0.000 0.000 0.000 0.000 0.000 0.001 0.000 0.000 0.000 0.001 0.002 0.001 0.001 0.002 0.000 0.000 0.003 0.002 0.002 0.006 0.002 0.003 0.003 0.002 0.003 0.003 0.010 0.001 0.001 0.000 0.000
0.002 0.002 0.006 0.002 0.002 0.001 0.006 0.003 0.001 0.004 0.000 0.001 0.001 0.003 0.001 0.000 0.000 0.030 0.042 0.010 0.006 0.004 0.003 0.001 0.010 0.010 0.010 0.002 0.000 0.000 0.001 0.003 0.000 0.000 0.000 0.002 0.010 0.002 0.046 0.001 0.000 0.000 0.004 0.010 0.000 0.006 0.000 0.001 0.000 0.000 0.001 0.000 0.003 0.001 0.000 0.000 0.000 0.000 0.000 0.001 0.001 0.003 0.003 0.002 0.008 0.006 0.001 0.001 0.001 0.001 0.003 0.001 0.002 0.010 0.002 0.001 0.001
0.006 0.001 0.001 0.002 0.002 0.002 0.001 0.002 0.006 0.007 0.004 0.003 0.001 0.004 0.003 0.001 0.001 0.001 0.000 0.001 0.002 0.002 0.004 0.002 0.010 0.010 0.010 0.004 0.000 0.000 0.000 0.002 0.000 0.000 0.000 0.004 0.010 0.002 0.010 0.003 0.000 0.000 0.001 0.010 0.010 0.003 0.000 0.004 0.001 0.004 0.010 0.010 0.004 0.001 0.001 0.000 0.001 0.000 0.000 0.000 0.000 0.000 0.000 0.000 0.003 0.001 0.000 0.010 0.006 0.018 0.128 0.116 0.000 0.031 0.006 0.003 0.001
0.006 0.000 0.000 0.007 0.000 0.000 0.002 0.001 0.003 0.005 0.010 0.032 0.099 0.010 0.010 0.010 0.000 0.000 0.053 0.010 0.010 0.010 0.002 0.002 0.010 0.010 0.010 0.028 0.000 0.000 0.000 0.006 0.000 0.000 0.000 0.002 0.010 0.001 0.001 0.003 0.001 0.001 0.000 0.010 0.000 0.001 0.007 0.001 0.000 0.001 0.000 0.000 0.000 0.000 0.002 0.000 0.001 0.000 0.000 0.000 0.000 0.000 0.000 0.000 0.001 0.001 0.000 0.000 0.010 0.137 0.064 0.123 0.006 0.000 0.035 0.010 0.010
0.016 0.001 0.006 0.010 0.010 0.010 0.010 0.010 0.003 0.002 0.073 0.010 0.078 0.010 0.096 0.010 0.084 0.010 0.010 0.010 0.138 0.007 0.001 0.003 0.010 0.010 0.010 0.007 0.000 0.001 0.001 0.001 0.001 0.001 0.000 0.002 0.004 0.003 0.002 0.000 0.002 0.010 0.000 0.000 0.000 0.000 0.000 0.002 0.000 0.001 0.001 0.003 0.000 0.002 0.000 0.000 0.000 0.000 0.000 0.003 0.010 0.010 0.000 0.000 0.001 0.000 0.000 0.005 0.010 0.143 0.080 0.010 0.010 0.036 0.010 0.000 0.010
0.010 0.010 0.003 0.004 0.004 0.001 0.002 0.001 0.002 0.005 0.010 0.010 0.010 0.119 0.010 0.010 0.010 0.010 0.117 0.010 0.044 0.010 0.002 0.007 0.010 0.010 0.010 0.003 0.007 0.000 0.000 0.000 0.000 0.000 0.006 0.002 0.004 0.002 0.000 0.001 0.010 0.000 0.047 0.000 0.000 0.000 0.001 0.001 0.000 0.000 0.002 0.010 0.010 0.007 0.000 0.001 0.001 0.001 0.001 0.002 0.000 0.004 0.001 0.004 0.001 0.000 0.000 0.010 0.010 0.028 0.010 0.010 0.000 0.000 0.052 0.010 0.010
0.010 0.010 0.010 0.010 0.010 0.010 0.000 0.004 0.010 0.010 0.010 0.010 0.010 0.010 0.000 0.000 0.000 0.000 0.010 0.010 0.095 0.010 0.002 0.007 0.010 0.109 0.010 0.010 0.003 0.010 0.004 0.006 0.003 0.010 0.009 0.003 0.003 0.001 0.002 0.010 0.010 0.046 0.010 0.056 0.000 0.004 0.002 0.059 0.010 0.092 0.010 0.010 0.010 0.002 0.010 0.010 0.010 0.050 0.010 0.077 0.000 0.000 0.000 0.000 0.002 0.000 0.000 0.001 0.010 0.046 0.010 0.010 0.000 0.010 0.000 0.010 0.000
0.007 0.010 0.010 0.010 0.010 0.010 0.000 0.001 0.004 0.007 0.010 0.010 0.010 0.010 0.010 0.010 0.010 0.010 0.010 0.010 0.010 0.007 0.002 0.004 0.010 0.010 0.010 0.103 0.003 0.003 0.004 0.002 0.009 0.003 0.004 0.006 0.010 0.000 0.010 0.010 0.010 0.010 0.152 0.004 0.000 0.001 0.010 0.010 0.010 0.010 0.010 0.009 0.007 0.001 0.026 0.010 0.010 0.010 0.010 0.062 0.010 0.000 0.000 0.000 0.004 0.000 0.001 0.001 0.002 0.010 0.010 0.000 0.023 0.037 0.011 0.010 0.010
0.004 0.003 0.007 0.007 0.007 0.004 0.000 0.001 0.002 0.010 0.010 0.010 0.010 0.010 0.010 0.010 0.010 0.010 0.010 0.010 0.089 0.003 0.002 0.003 0.004 0.002 0.001 0.001 0.002 0.002 0.003 0.006 0.012 0.006 0.003 0.003 0.002 0.001 0.001 0.002 0.001 0.006 0.001 0.002 0.006 0.001 0.003 0.000 0.000 0.000 0.010 0.001 0.000 0.001 0.044 0.000 0.000 0.066 0.010 0.017 0.000 0.000 0.000 0.000 0.004 0.003 0.000 0.000 0.000 0.010 0.010 0.000 0.002 0.008 0.003 0.000 0.000
0.010 0.010 0.010 0.006 0.004 0.004 0.005 0.009 0.004 0.010 0.060 0.010 0.010 0.010 0.010 0.010 0.010 0.010 0.010 0.010 0.010 0.010 0.004 0.007 0.007 0.000 0.002 0.002 0.002 0.004 0.006 0.003 0.010 0.004 0.003 0.006 0.002 0.004 0.010 0.010 0.022 0.010 0.010 0.010 0.010 0.006 0.010 0.003 0.001 0.001 0.010 0.001 0.000 0.001 0.000 0.000 0.000 0.010 0.175 0.000 0.000 0.096 0.045 0.000 0.003 0.000 0.002 0.001 0.000 0.001 0.000 0.000 0.002 0.000 0.008 0.000 0.000
0.116 0.010 0.010 0.010 0.010 0.030 0.010 0.002 0.002 0.010 0.010 0.010 0.010 0.010 0.010 0.010 0.010 0.010 0.010 0.010 0.010 0.003 0.007 0.001 0.001 0.002 0.002 0.001 0.001 0.003 0.003 0.002 0.002 0.002 0.001 0.001 0.001 0.006 0.010 0.010 0.010 0.010 0.010 0.055 0.010 0.002 0.000 0.003 0.001 0.000 0.083 0.000 0.001 0.000 0.060 0.010 0.010 0.010 0.010 0.000 0.070 0.010 0.010 0.000 0.005 0.000 0.000 0.000 0.000 0.000 0.000 0.000 0.001 0.001 0.003 0.000 0.001
0.000 0.017 0.010 0.010 0.010 0.010 0.010 0.002 0.003 0.010 0.010 0.455 0.010 0.010 0.010 0.010 0.010 0.010 0.010 0.010 0.010 0.003 0.006 0.005 0.007 0.005 0.004 0.004 0.003 0.010 0.007 0.010 0.010 0.006 0.001 0.001 0.002 0.006 0.010 0.030 0.010 0.010 0.010 0.000 0.000 0.002 0.004 0.000 0.000 0.002 0.002 0.006 0.002 0.002 0.001 0.003 0.006 0.010 0.010 0.000 0.010 0.006 0.010 0.008 0.010 0.010 0.000 0.000 0.000 0.000 0.008 0.016 0.001 0.000 0.000 0.000 0.001
0.010 0.010 0.010 0.010 0.010 0.010 0.010 0.010 0.007 0.010 0.028 0.156 0.152 0.010 0.010 0.010 0.010 0.010 0.010 0.024 0.010 0.003 0.001 0.011 0.010 0.010 0.010 0.010 0.010 0.010 0.010 0.050 0.010 0.002 0.002 0.006 0.002 0.001 0.008 0.005 0.010 0.010 0.001 0.000 0.001 0.001 0.000 0.000 0.000 0.001 0.000 0.010 0.006 0.006 0.001 0.006 0.003 0.001 0.002 0.002 0.010 0.002 0.000 0.001 0.003 0.002 0.001 0.000 0.000 0.000 0.001 0.000 0.000 0.001 0.001 0.000 0.000
0.010 0.010 0.010 0.010 0.010 0.010 0.010 0.004 0.003 0.010 0.010 0.010 0.098 0.010 0.010 0.010 0.010 0.010 0.010 0.010 0.062 0.010 0.010 0.004 0.003 0.000 0.000 0.000 0.000 0.000 0.003 0.006 0.010 0.006 0.002 0.010 0.003 0.006 0.010 0.010 0.010 0.010 0.000 0.000 0.000 0.007 0.002 0.000 0.000 0.010 0.010 0.010 0.025 0.111 0.063 0.010 0.010 0.010 0.010 0.004 0.004 0.001 0.006 0.002 0.001 0.001 0.006 0.000 0.000 0.000 0.000 0.000 0.003 0.002 0.000 0.000 0.001
0.130 0.091 0.010 0.010 0.010 0.010 0.005 0.006 0.002 0.010 0.010 0.010 0.010 0.010 0.010 0.010 0.010 0.010 0.010 0.010 0.010 0.003 0.003 0.006 0.002 0.000 0.000 0.000 0.000 0.000 0.000 0.003 0.010 0.004 0.002 0.004 0.001 0.010 0.010 0.010 0.010 0.010 0.020 0.007 0.004 0.002 0.002 0.000 0.010 0.010 0.010 0.065 0.000 0.031 0.003 0.003 0.006 0.003 0.001 0.002 0.002 0.003 0.005 0.001 0.006 0.004 0.002 0.001 0.001 0.002 0.000 0.000 0.000 0.002 0.000 0.007 0.000
0.010 0.556 0.010 0.010 0.010 0.206 0.006 0.006 0.010 0.010 0.010 0.010 0.010 0.010 0.010 0.010 0.010 0.010 0.010 0.010 0.010 0.003 0.003 0.006 0.003 0.000 0.000 0.000 0.000 0.000 0.000 0.004 0.010 0.003 0.001 0.014 0.001 0.010 0.010 0.006 0.006 0.003 0.010 0.010 0.010 0.010 0.010 0.006 0.005 0.009 0.021 0.002 0.002 0.002 0.008 0.001 0.001 0.003 0.001 0.006 0.001 0.001 0.001 0.002 0.006 0.004 0.001 0.002 0.002 0.003 0.001 0.001 0.001 0.003 0.000 0.001 0.003
0.010 0.010 0.010 0.010 0.010 0.057 0.006 0.004 0.004 0.010 0.010 0.010 0.010 0.010 0.010 0.010 0.053 0.010 0.010 0.010 0.010 0.004 0.003 0.003 0.002 0.006 0.006 0.010 0.010 0.000 0.004 0.004 0.006 0.010 0.003 0.002 0.001 0.010 0.010 0.003 0.009 0.010 0.003 0.004 0.005 0.004 0.002 0.002 0.002 0.002 0.002 0.002 0.002 0.006 0.006 0.002 0.004 0.003 0.006 0.010 0.002 0.002 0.000 0.000 0.001 0.003 0.000 0.000 0.000 0.003 0.002 0.001 0.010 0.002 0.004 0.000 0.000
0.010 0.010 0.010 0.010 0.010 0.010 0.010 0.010 0.010 0.010 0.010 0.010 0.010 0.010 0.010 0.277 0.133 0.084 0.010 0.010 0.010 0.010 0.010 0.003 0.004 0.004 0.004 0.003 0.003 0.006 0.002 0.002 0.006 0.001 0.003 0.169 0.010 0.001 0.003 0.004 0.004 0.006 0.003 0.003 0.003 0.004 0.002 0.006 0.002 0.006 0.010 0.010 0.010 0.006 0.005 0.010 0.010 0.016 0.010 0.006 0.000 0.001 0.000 0.000 0.000 0.002 0.001 0.000 0.000 0.000 0.000 0.000 0.003 0.006 0.002 0.002 0.009
0.000 0.010 0.020 0.101 0.116 0.010 0.004 0.010 0.010 0.010 0.010 0.195 0.048 0.076 0.152 0.245 0.232 0.178 0.010 0.010 0.268 0.006 0.004 0.002 0.002 0.005 0.007 0.002 0.002 0.010 0.002 0.003 0.002 0.002 0.002 0.002 0.010 0.002 0.002 0.004 0.004 0.002 0.006 0.010 0.006 0.010 0.010 0.010 0.056 0.092 0.045 0.000 0.000 0.004 0.003 0.000 0.000 0.000 0.000 0.000 0.000 0.000 0.001 0.000 0.000 0.001 0.000 0.000 0.000 0.000 0.000 0.001 0.002 0.001 0.000 0.000 0.003
0.186 0.192 0.040 0.010 0.010 0.007 0.002 0.003 0.124 0.143 0.140 0.134 0.081 0.010 0.139 0.256 0.237 0.010 0.010 0.010 0.238 0.003 0.001 0.001 0.002 0.002 0.003 0.002 0.006 0.006 0.006 0.006 0.009 0.003 0.001 0.003 0.010 0.006 0.006 0.004 0.000 0.006 0.004 0.141 0.010 0.000 0.000 0.000 0.000 0.000 0.000 0.000 0.000 0.005 0.004 0.010 0.010 0.000 0.010 0.000 0.001 0.001 0.002 0.000 0.000 0.004 0.000 0.000 0.000 0.000 0.001 0.000 0.002 0.005 0.001 0.000 0.010
0.010 0.010 0.010 0.010 0.010 0.010 0.007 0.010 0.098 0.121 0.086 0.102 0.080 0.038 0.191 0.187 0.050 0.010 0.010 0.028 0.074 0.003 0.002 0.006 0.006 0.000 0.000 0.000 0.000 0.000 0.000 0.003 0.003 0.019 0.004 0.004 0.312 0.002 0.000 0.000 0.000 0.004 0.010 0.000 0.000 0.010 0.010 0.010 0.000 0.000 0.000 0.000 0.002 0.002 0.003 0.000 0.004 0.001 0.001 0.004 0.008 0.000 0.000 0.000 0.000 0.002 0.000 0.004 0.001 0.000 0.001 0.000 0.000 0.000 0.002 0.002 0.000
0.010 0.010 0.010 0.010 0.010 0.007 0.002 0.010 0.039 0.084 0.128 0.010 0.010 0.010 0.010 0.010 0.010 0.010 0.174 0.010 0.010 0.004 0.002 0.000 0.000 0.000 0.000 0.000 0.000 0.000 0.004 0.006 0.010 0.010 0.003 0.002 0.338 0.001 0.010 0.000 0.006 0.006 0.010 0.000 0.010 0.010 0.010 0.010 0.010 0.000 0.000 0.010 0.000 0.002 0.000 0.010 0.001 0.025 0.010 0.000 0.004 0.004 0.001 0.001 0.000 0.010 0.000 0.000 0.004 0.002 0.000 0.000 0.000 0.001 0.000 0.000 0.000
0.010 0.010 0.010 0.010 0.010 0.004 0.003 0.010 0.010 0.127 0.541 0.010 0.010 0.010 0.010 0.010 0.010 0.010 0.010 0.010 0.010 0.004 0.003 0.000 0.000 0.000 0.000 0.000 0.000 0.000 0.000 0.003 0.004 0.003 0.003 0.001 0.003 0.001 0.074 0.010 0.010 0.010 0.010 0.000 0.241 0.000 0.010 0.055 0.085 0.010 0.010 0.010 0.010 0.002 0.000 0.004 0.001 0.049 0.018 0.000 0.000 0.010 0.000 0.010 0.003 0.001 0.000 0.000 0.001 0.001 0.000 0.000 0.000 0.001 0.000 0.000 0.001
0.010 0.010 0.010 0.010 0.010 0.010 0.006 0.010 0.010 0.085 0.010 0.010 0.273 0.010 0.010 0.010 0.010 0.010 0.010 0.010 0.010 0.004 0.002 0.000 0.000 0.000 0.000 0.000 0.000 0.000 0.000 0.000 0.000 0.003 0.010 0.002 0.003 0.001 0.006 0.114 0.035 0.010 0.159 0.010 0.121 0.000 0.000 0.000 0.010 0.010 0.010 0.010 0.003 0.002 0.006 0.010 0.001 0.000 0.006 0.001 0.006 0.010 0.000 0.061 0.010 0.001 0.001 0.000 0.002 0.001 0.001 0.000 0.001 0.000 0.000 0.000 0.002
0.010 0.000 0.010 0.010 0.010 0.002 0.002 0.010 0.010 0.119 0.116 0.010 0.144 0.131 0.010 0.010 0.172 0.051 0.010 0.010 0.010 0.005 0.001 0.000 0.000 0.000 0.000 0.000 0.000 0.000 0.000 0.000 0.000 0.003 0.006 0.004 0.003 0.001 0.006 0.096 0.074 0.010 0.000 0.000 0.049 0.010 0.010 0.010 0.010 0.000 0.000 0.000 0.004 0.002 0.063 0.000 0.000 0.000 0.000 0.001 0.004 0.002 0.000 0.000 0.040 0.002 0.000 0.000 0.000 0.000 0.000 0.001 0.001 0.001 0.000 0.000 0.003
0.010 0.005 0.007 0.008 0.006 0.004 0.003 0.010 0.010 0.010 0.160 0.010 0.010 0.006 0.010 0.153 0.204 0.010 0.010 0.010 0.022 0.001 0.010 0.006 0.010 0.010 0.000 0.000 0.000 0.000 0.000 0.000 0.000 0.004 0.010 0.003 0.001 0.001 0.004 0.220 0.066 0.000 0.000 0.006 0.010 0.000 0.000 0.000 0.010 0.010 0.010 0.000 0.003 0.005 0.000 0.000 0.000 0.000 0.001 0.001 0.000 0.001 0.001 0.000 0.002 0.001 0.000 0.000 0.000 0.000 0.001 0.001 0.000 0.000 0.000 0.010 0.010
0.004 0.002 0.046 0.005 0.001 0.010 0.010 0.005 0.004 0.010 0.005 0.006 0.003 0.004 0.010 0.004 0.004 0.004 0.004 0.010 0.004 0.001 0.002 0.006 0.002 0.001 0.002 0.001 0.004 0.000 0.004 0.003 0.006 0.002 0.010 0.004 0.004 0.003 0.002 0.010 0.161 0.004 0.003 0.006 0.004 0.001 0.001 0.003 0.003 0.004 0.012 0.000 0.005 0.002 0.010 0.001 0.000 0.000 0.000 0.000 0.000 0.001 0.000 0.001 0.003 0.004 0.000 0.008 0.001 0.002 0.010 0.003 0.000 0.010 0.010 0.010 0.057
0.010 0.000 0.000 0.000 0.020 0.010 0.014 0.000 0.002 0.002 0.001 0.002 0.001 0.001 0.001 0.002 0.002 0.002 0.002 0.003 0.002 0.004 0.002 0.001 0.001 0.002 0.005 0.004 0.003 0.006 0.002 0.024 0.010 0.004 0.010 0.004 0.001 0.006 0.003 0.003 0.003 0.003 0.010 0.010 0.010 0.000 0.000 0.000 0.002 0.004 0.001 0.001 0.006 0.004 0.001 0.001 0.000 0.000 0.000 0.001 0.000 0.000 0.000 0.000 0.012 0.004 0.000 0.001 0.000 0.001 0.002 0.001 0.000 0.000 0.010 0.044 0.000
0.010 0.005 0.002 0.003 0.002 0.010 0.002 0.002 0.002 0.004 0.001 0.002 0.001 0.002 0.002 0.001 0.002 0.002 0.002 0.001 0.003 0.001 0.002 0.000 0.000 0.001 0.002 0.001 0.002 0.001 0.001 0.001 0.002 0.000 0.000 0.004 0.002 0.004 0.001 0.010 0.010 0.010 0.010 0.010 0.010 0.002 0.003 0.006 0.008 0.010 0.000 0.001 0.001 0.001 0.000 0.002 0.011 0.002 0.000 0.002 0.000 0.000 0.000 0.000 0.004 0.001 0.000 0.001 0.000 0.000 0.000 0.000 0.000 0.000 0.000 0.010 0.000
0.002 0.001 0.001 0.000 0.002 0.010 0.005 0.002 0.001 0.001 0.006 0.001 0.001 0.001 0.001 0.006 0.019 0.007 0.006 0.010 0.002 0.001 0.002 0.006 0.010 0.010 0.010 0.001 0.001 0.002 0.002 0.000 0.001 0.010 0.000 0.006 0.002 0.006 0.002 0.003 0.010 0.010 0.010 0.010 0.010 0.004 0.003 0.010 0.002 0.006 0.003 0.002 0.002 0.000 0.000 0.000 0.009 0.000 0.000 0.004 0.002 0.001 0.000 0.002 0.002 0.002 0.001 0.000 0.000 0.000 0.000 0.000 0.000 0.000 0.004 0.010 0.005
0.002 0.010 0.010 0.004 0.004 0.068 0.001 0.003 0.001 0.002 0.002 0.004 0.002 0.006 0.004 0.010 0.006 0.010 0.000 0.000 0.002 0.001 0.001 0.001 0.003 0.010 0.000 0.010 0.010 0.002 0.004 0.010 0.002 0.010 0.010 0.006 0.007 0.003 0.003 0.002 0.010 0.010 0.010 0.010 0.010 0.010 0.010 0.010 0.006 0.010 0.000 0.001 0.010 0.006 0.000 0.003 0.000 0.000 0.000 0.010 0.001 0.000 0.000 0.002 0.001 0.002 0.004 0.000 0.000 0.000 0.001 0.001 0.000 0.000 0.003 0.000 0.000
0.001 0.003 0.000 0.000 0.002 0.014 0.001 0.002 0.003 0.007 0.010 0.002 0.106 0.006 0.010 0.007 0.010 0.010 0.006 0.006 0.004 0.002 0.000 0.005 0.000 0.000 0.000 0.003 0.000 0.000 0.001 0.000 0.000 0.034 0.006 0.000 0.010 0.001 0.003 0.002 0.010 0.010 0.010 0.010 0.023 0.177 0.006 0.001 0.001 0.000 0.001 0.030 0.000 0.004 0.000 0.001 0.000 0.000 0.001 0.002 0.000 0.002 0.000 0.000 0.001 0.000 0.000 0.001 0.002 0.001 0.004 0.000 0.000 0.000 0.001 0.000 0.000
