hx_30m/njhx/rain/result-0045.wd
ncols         211
nrows         286
xllcorner     660279.582600
yllcorner     3541874.325092
cellsize      30.000000
NODATA_value  -9999.000000
[rows 204 to 237 of 286, columns 0 to 76 of 211]
0.000 0.000 0.000 0.000 0.000 0.000 0.000 0.000 0.000 0.000 0.000 0.000 0.000 0.000 0.000 0.010 0.211 0.010 0.000 0.001 0.004 0.002 0.003 0.006 0.010 0.010 0.010 0.019 0.001 0.010 0.010 0.106 0.000 0.003 0.006 0.003 0.004 0.004 0.010 0.010 0.133 0.000 0.010 0.498 0.003 0.010 0.002 0.003 0.002 0.010 0.000 0.003 0.000 0.002 0.005 0.003 0.005 0.003 0.000 0.000 0.001 0.001 0.001 0.001 0.000 0.000 0.001 0.001 0.000 0.038 0.006 0.002 0.010 0.010 0.010 0.010 0.000
0.000 0.000 0.000 0.000 0.000 0.000 0.000 0.000 0.000 0.000 0.000 0.000 0.000 0.000 0.118 0.010 0.010 0.002 0.001 0.003 0.002 0.010 0.003 0.010 0.006 0.006 0.010 0.010 0.001 0.006 0.010 0.063 0.000 0.010 0.010 0.004 0.006 0.006 0.010 0.006 0.002 0.000 0.010 0.010 0.010 0.010 0.010 0.002 0.003 0.002 0.006 0.010 0.002 0.003 0.006 0.002 0.001 0.001 0.000 0.000 0.000 0.000 0.000 0.000 0.006 0.002 0.006 0.000 0.002 0.012 0.000 0.006 0.006 0.006 0.000 0.332 0.040
0.000 0.000 0.000 0.000 0.000 0.000 0.000 0.000 0.000 0.000 0.000 0.000 0.000 0.000 0.010 0.127 0.003 0.003 0.004 0.003 0.010 0.010 0.003 0.010 0.004 0.085 0.010 0.003 0.010 0.004 0.010 0.010 0.000 0.005 0.010 0.006 0.003 0.006 0.010 0.003 0.000 0.070 0.010 0.010 0.010 0.010 0.010 0.006 0.006 0.001 0.002 0.002 0.001 0.002 0.002 0.002 0.001 0.001 0.001 0.000 0.000 0.001 0.001 0.001 0.010 0.010 0.010 0.010 0.006 0.020 0.010 0.006 0.010 0.000 0.370 0.271 0.414
0.000 0.000 0.000 0.000 0.000 0.000 0.000 0.000 0.000 0.000 0.000 0.000 0.000 0.000 0.010 0.010 0.004 0.010 0.003 0.002 0.010 0.004 0.010 0.003 0.006 0.002 0.002 0.004 0.004 0.002 0.002 0.006 0.007 0.010 0.010 0.010 0.006 0.004 0.001 0.003 0.010 0.088 0.010 0.010 0.010 0.010 0.010 0.004 0.001 0.000 0.001 0.002 0.002 0.003 0.002 0.001 0.008 0.000 0.000 0.000 0.000 0.000 0.000 0.001 0.010 0.010 0.010 0.010 0.002 0.010 0.010 0.000 0.041 0.006 0.165 0.000 0.006
0.000 0.000 0.000 0.000 0.000 0.000 0.000 0.000 0.000 0.000 0.000 0.000 0.000 0.000 0.010 0.010 0.003 0.004 0.004 0.058 0.015 0.006 0.010 0.004 0.010 0.004 0.004 0.002 0.010 0.004 0.006 0.000 0.004 0.010 0.004 0.002 0.002 0.003 0.004 0.010 0.010 0.071 0.010 0.010 0.010 0.010 0.006 0.002 0.000 0.010 0.001 0.002 0.010 0.000 0.001 0.001 0.002 0.001 0.006 0.001 0.000 0.001 0.001 0.010 0.006 0.010 0.010 0.004 0.002 0.013 0.000 0.010 0.010 0.003 0.000 0.002 0.000
0.000 0.000 0.000 0.000 0.000 0.000 0.000 0.000 0.000 0.000 0.000 0.000 0.000 0.010 0.006 0.003 0.010 0.010 0.010 0.004 0.010 0.010 0.006 0.006 0.001 0.010 0.006 0.010 0.002 0.006 0.055 0.000 0.006 0.010 0.004 0.002 0.000 0.001 0.004 0.010 0.010 0.010 0.010 0.010 0.010 0.010 0.003 0.002 0.004 0.002 0.000 0.100 0.012 0.000 0.000 0.000 0.004 0.006 0.091 0.182 0.001 0.001 0.001 0.010 0.010 0.010 0.062 0.000 0.000 0.322 0.208 0.046 0.002 0.004 0.000 0.002 0.002
0.000 0.000 0.000 0.000 0.000 0.000 0.000 0.000 0.000 0.000 0.000 0.000 0.169 0.010 0.006 0.004 0.075 0.010 0.010 0.003 0.010 0.010 0.006 0.004 0.003 0.010 0.010 0.003 0.000 0.010 0.000 0.073 0.010 0.006 0.006 0.000 0.000 0.001 0.001 0.010 0.004 0.010 0.010 0.010 0.010 0.010 0.001 0.002 0.006 0.003 0.001 0.010 0.000 0.000 0.000 0.028 0.000 0.003 0.002 0.042 0.263 0.136 0.016 0.001 0.010 0.079 0.014 0.010 0.010 0.178 0.116 0.004 0.001 0.000 0.001 0.001 0.001
0.000 0.000 0.000 0.000 0.000 0.000 0.000 0.000 0.000 0.000 0.000 0.000 0.010 0.010 0.003 0.026 0.010 0.010 0.002 0.010 0.010 0.010 0.010 0.010 0.002 0.010 0.001 0.004 0.000 0.000 0.000 0.004 0.010 0.004 0.002 0.000 0.000 0.000 0.001 0.004 0.043 0.006 0.010 0.010 0.010 0.003 0.003 0.004 0.010 0.003 0.000 0.002 0.000 0.000 0.001 0.010 0.000 0.000 0.000 0.002 0.010 0.001 0.102 0.018 0.260 0.010 0.000 0.010 0.010 0.244 0.006 0.003 0.003 0.003 0.003 0.001 0.010
0.000 0.000 0.000 0.000 0.000 0.000 0.000 0.000 0.000 0.000 0.000 0.000 0.010 0.010 0.003 0.010 0.010 0.051 0.004 0.004 0.010 0.010 0.010 0.005 0.003 0.010 0.002 0.006 0.000 0.000 0.000 0.007 0.010 0.006 0.004 0.002 0.000 0.010 0.002 0.001 0.000 0.001 0.001 0.006 0.006 0.005 0.001 0.010 0.010 0.010 0.005 0.001 0.000 0.000 0.000 0.002 0.002 0.001 0.004 0.004 0.002 0.000 0.002 0.146 0.010 0.010 0.010 0.035 0.003 0.000 0.006 0.001 0.004 0.001 0.001 0.001 0.000
0.000 0.000 0.000 0.000 0.000 0.000 0.000 0.000 0.000 0.000 0.000 0.000 0.054 0.003 0.010 0.010 0.415 0.141 0.004 0.010 0.010 0.010 0.006 0.010 0.002 0.010 0.002 0.004 0.000 0.010 0.000 0.006 0.004 0.010 0.002 0.001 0.001 0.001 0.000 0.000 0.001 0.000 0.000 0.000 0.002 0.007 0.000 0.002 0.005 0.003 0.000 0.001 0.002 0.001 0.007 0.005 0.001 0.002 0.001 0.001 0.002 0.004 0.000 0.554 0.010 0.010 0.010 0.010 0.010 0.063 0.061 0.000 0.000 0.006 0.003 0.000 0.000
0.000 0.000 0.000 0.000 0.000 0.000 0.000 0.000 0.000 0.000 0.000 0.010 0.002 0.002 0.010 0.010 0.010 0.010 0.003 0.010 0.010 0.004 0.006 0.003 0.092 0.010 0.006 0.002 0.010 1.006 0.271 0.010 0.113 0.010 0.001 0.004 0.003 0.006 0.002 0.000 0.002 0.002 0.009 0.001 0.001 0.001 0.002 0.001 0.005 0.002 0.002 0.000 0.002 0.011 0.001 0.000 0.002 0.001 0.002 0.006 0.006 0.000 0.041 0.010 0.010 0.010 0.011 0.000 0.010 0.087 0.333 0.108 0.010 0.000 0.000 0.000 0.010
0.000 0.000 0.000 0.000 0.000 0.000 0.000 0.000 0.000 0.000 0.000 0.069 0.010 0.002 0.010 0.010 0.010 0.002 0.010 0.010 0.010 0.004 0.002 0.006 0.010 0.010 0.064 0.010 0.010 0.000 0.004 0.010 0.007 0.004 0.002 0.001 0.004 0.002 0.006 0.001 0.006 0.000 0.000 0.001 0.002 0.001 0.003 0.001 0.002 0.002 0.004 0.000 0.006 0.004 0.003 0.010 0.010 0.010 0.006 0.000 0.164 0.010 0.010 0.069 0.000 0.005 0.028 0.004 0.003 0.000 0.004 0.003 0.029 0.001 0.003 0.010 0.010
0.000 0.000 0.000 0.000 0.000 0.000 0.000 0.000 0.000 0.000 0.272 0.010 0.010 0.010 0.010 0.010 0.010 0.003 0.010 0.010 0.010 0.004 0.001 0.003 0.010 0.010 0.010 0.010 0.002 0.000 0.088 0.010 0.004 0.002 0.001 0.003 0.002 0.001 0.000 0.001 0.006 0.075 0.010 0.002 0.001 0.000 0.000 0.001 0.003 0.001 0.075 0.002 0.006 0.004 0.001 0.002 0.004 0.004 0.000 0.057 0.010 0.010 0.000 0.000 0.005 0.017 0.000 0.000 0.001 0.003 0.004 0.002 0.006 0.001 0.001 0.002 0.004
0.000 0.000 0.000 0.000 0.000 0.000 0.000 0.000 0.000 0.000 0.015 0.010 0.010 0.010 0.010 0.010 0.010 0.002 0.010 0.010 0.010 0.010 0.003 0.002 0.010 0.010 0.002 0.001 0.000 0.298 0.075 0.006 0.006 0.000 0.000 0.001 0.104 0.010 0.010 0.002 0.001 0.002 0.000 0.001 0.002 0.002 0.010 0.010 0.001 0.002 0.000 0.001 0.004 0.001 0.004 0.006 0.000 0.128 0.010 0.073 0.010 0.000 0.000 0.010 0.006 0.004 0.004 0.003 0.004 0.004 0.002 0.002 0.004 0.001 0.000 0.003 0.006
0.000 0.000 0.000 0.000 0.000 0.000 0.000 0.000 0.000 0.000 0.010 0.010 0.010 0.010 0.010 0.010 0.010 0.006 0.010 0.041 0.000 0.010 0.095 0.010 0.003 0.004 0.001 0.000 0.087 0.002 0.010 0.004 0.010 0.002 0.002 0.006 0.010 0.010 0.096 0.006 0.004 0.001 0.001 0.004 0.004 0.003 0.006 0.004 0.003 0.004 0.001 0.000 0.003 0.004 0.010 0.000 0.005 0.010 0.000 0.010 0.010 0.000 0.010 0.006 0.002 0.003 0.000 0.001 0.000 0.002 0.004 0.003 0.001 0.001 0.003 0.010 0.045
0.000 0.000 0.000 0.000 0.000 0.000 0.000 0.000 0.000 0.000 0.000 0.010 0.099 0.025 0.010 0.010 0.010 0.010 0.041 0.000 0.000 0.000 0.010 0.071 0.000 0.000 0.218 0.004 0.004 0.006 0.010 0.010 0.010 0.000 0.000 0.004 0.004 0.000 0.002 0.002 0.004 0.001 0.002 0.001 0.004 0.010 0.006 0.004 0.002 0.001 0.001 0.000 0.001 0.000 0.103 0.002 0.001 0.001 0.001 0.000 0.010 0.010 0.010 0.006 0.003 0.003 0.004 0.001 0.004 0.009 0.004 0.006 0.004 0.000 0.000 0.008 0.007
0.000 0.000 0.000 0.000 0.000 0.000 0.000 0.000 0.000 0.000 0.000 0.000 0.000 0.000 0.202 0.010 0.010 0.010 0.000 0.000 0.000 0.000 0.000 0.010 0.000 0.010 0.006 0.004 0.010 0.002 0.010 0.004 0.010 0.000 0.008 0.010 0.000 0.004 0.002 0.001 0.000 0.001 0.004 0.003 0.004 0.010 0.010 0.002 0.002 0.001 0.001 0.001 0.000 0.014 0.010 0.002 0.010 0.000 0.001 0.001 0.002 0.004 0.004 0.003 0.010 0.001 0.002 0.003 0.003 0.002 0.006 0.000 0.001 0.000 0.002 0.279 0.000
0.000 0.000 0.000 0.000 0.000 0.000 0.000 0.000 0.000 0.000 0.000 0.000 0.010 0.010 0.010 0.010 0.010 0.010 0.000 0.000 0.000 0.000 0.000 0.000 0.000 0.233 0.003 0.004 0.003 0.004 0.010 0.004 0.010 0.003 0.003 0.001 0.000 0.010 0.002 0.001 0.000 0.001 0.001 0.000 0.002 0.006 0.003 0.006 0.002 0.001 0.000 0.010 0.010 0.005 0.000 0.000 0.003 0.000 0.006 0.000 0.000 0.001 0.003 0.003 0.002 0.000 0.001 0.003 0.000 0.000 0.003 0.004 0.004 0.004 0.001 0.285 0.002
0.000 0.000 0.000 0.000 0.000 0.000 0.000 0.000 0.000 0.000 0.000 0.000 0.000 0.000 0.000 0.010 0.010 0.010 0.010 0.000 0.000 0.000 0.032 0.000 0.000 0.000 0.000 0.062 0.010 0.003 0.010 0.003 0.010 0.003 0.002 0.010 0.003 0.004 0.000 0.000 0.001 0.002 0.002 0.005 0.002 0.001 0.004 0.001 0.002 0.000 0.002 0.004 0.004 0.001 0.002 0.006 0.002 0.002 0.000 0.000 0.001 0.000 0.001 0.001 0.000 0.004 0.003 0.000 0.001 0.002 0.001 0.004 0.002 0.004 0.002 0.001 0.001
0.000 0.000 0.000 0.000 0.000 0.000 0.000 0.000 0.000 0.000 0.000 0.000 0.000 0.000 0.000 0.000 0.010 0.010 0.010 0.010 0.010 0.100 0.000 0.000 0.000 0.000 0.000 0.000 0.000 0.091 0.010 0.146 0.015 0.001 0.004 0.010 0.002 0.003 0.002 0.004 0.001 0.001 0.000 0.002 0.000 0.000 0.010 0.000 0.144 0.010 0.001 0.002 0.002 0.002 0.006 0.004 0.010 0.010 0.001 0.001 0.001 0.006 0.001 0.010 0.000 0.000 0.002 0.006 0.001 0.002 0.003 0.006 0.000 0.003 0.004 0.003 0.000
0.000 0.000 0.000 0.000 0.000 0.000 0.000 0.000 0.000 0.000 0.000 0.000 0.000 0.000 0.000 0.000 0.000 0.010 0.010 0.126 0.000 0.000 0.000 0.043 0.000 0.120 0.010 0.010 0.069 0.000 0.000 0.000 0.000 0.000 0.000 0.004 0.002 0.010 0.010 0.002 0.004 0.002 0.006 0.010 0.010 0.010 0.000 0.069 0.010 0.010 0.001 0.001 0.001 0.002 0.006 0.010 0.010 0.003 0.001 0.003 0.003 0.010 0.002 0.003 0.001 0.006 0.004 0.002 0.002 0.001 0.004 0.002 0.000 0.004 0.003 0.000 0.000
0.000 0.000 0.000 0.000 0.000 0.000 0.000 0.000 0.000 0.000 0.000 0.000 0.000 0.000 0.000 0.000 0.000 0.000 0.000 0.207 0.000 0.000 0.000 0.010 0.000 0.010 0.010 0.000 0.000 0.000 0.000 0.078 0.010 0.010 0.038 0.000 0.010 0.002 0.003 0.002 0.004 0.010 0.004 0.005 0.010 0.488 0.010 0.010 0.010 0.004 0.002 0.001 0.004 0.006 0.001 0.001 0.002 0.004 0.002 0.002 0.010 0.010 0.006 0.004 0.004 0.000 0.000 0.002 0.002 0.000 0.000 0.002 0.001 0.003 0.004 0.000 0.002
0.000 0.000 0.000 0.000 0.000 0.000 0.000 0.000 0.000 0.000 0.000 0.000 0.000 0.000 0.000 0.000 0.000 0.000 0.000 0.000 0.027 0.000 0.000 0.000 0.000 0.010 0.000 0.000 0.000 0.000 0.000 0.000 0.000 0.000 0.000 0.010 0.075 0.000 0.000 0.010 0.010 0.002 0.003 0.002 0.000 0.010 0.002 0.002 0.002 0.001 0.006 0.010 0.000 0.004 0.001 0.002 0.003 0.001 0.002 0.001 0.001 0.067 0.010 0.003 0.004 0.010 0.010 0.005 0.003 0.001 0.001 0.002 0.001 0.001 0.006 0.001 0.002
0.000 0.000 0.000 0.000 0.000 0.000 0.000 0.000 0.000 0.000 0.000 0.000 0.000 0.000 0.000 0.000 0.000 0.000 0.000 0.000 0.000 0.026 0.000 0.000 0.031 0.000 0.000 0.000 0.000 0.000 0.000 0.000 0.000 0.000 0.000 0.000 0.000 0.010 0.010 0.146 0.000 0.000 0.000 0.010 0.000 0.002 0.002 0.004 0.010 0.006 0.222 0.012 0.006 0.006 0.010 0.000 0.000 0.000 0.000 0.000 0.027 0.158 0.010 0.001 0.001 0.000 0.006 0.004 0.002 0.001 0.001 0.002 0.001 0.003 0.001 0.001 0.001
0.000 0.000 0.000 0.000 0.000 0.000 0.000 0.000 0.000 0.000 0.000 0.000 0.000 0.000 0.000 0.000 0.000 0.000 0.000 0.000 0.000 0.000 0.000 0.031 0.000 0.000 0.000 0.000 0.000 0.000 0.000 0.000 0.000 0.000 0.000 0.000 0.000 0.000 0.000 0.010 0.059 0.010 0.010 0.104 0.000 0.000 0.000 0.017 0.002 0.002 0.004 0.085 0.211 0.191 0.092 0.003 0.010 0.002 0.000 0.002 0.002 0.006 0.001 0.000 0.001 0.003 0.004 0.004 0.001 0.000 0.068 0.010 0.006 0.006 0.001 0.006 0.000
0.000 0.000 0.000 0.000 0.000 0.000 0.000 0.000 0.000 0.000 0.000 0.000 0.000 0.000 0.000 0.000 0.000 0.000 0.000 0.000 0.000 0.000 0.000 0.000 0.000 0.000 0.000 0.000 0.000 0.000 0.000 0.000 0.000 0.000 0.000 0.000 0.000 0.000 0.000 0.000 0.000 0.000 0.000 0.000 0.000 0.000 0.000 0.102 0.000 0.000 0.253 0.054 0.143 0.004 0.006 0.010 0.003 0.001 0.002 0.001 0.004 0.139 0.000 0.000 0.000 0.001 0.003 0.005 0.002 0.000 0.001 0.006 0.010 0.183 0.115 0.010 0.010
0.000 0.000 0.000 0.000 0.000 0.000 0.000 0.000 0.000 0.000 0.000 0.000 0.000 0.000 0.000 0.000 0.000 0.000 0.000 0.000 0.000 0.000 0.000 0.000 0.000 0.000 0.000 0.000 0.000 0.000 0.000 0.000 0.000 0.000 0.000 0.000 0.000 0.000 0.000 0.000 0.000 0.000 0.000 0.000 0.000 0.000 0.000 0.000 0.000 0.037 0.000 0.000 0.010 0.004 0.002 0.004 0.003 0.010 0.006 0.002 0.002 0.002 0.012 0.004 0.004 0.000 0.000 0.001 0.000 0.003 0.013 0.010 0.004 0.000 0.001 0.001 0.001
0.000 0.000 0.000 0.000 0.000 0.000 0.000 0.000 0.000 0.000 0.000 0.000 0.000 0.000 0.000 0.000 0.000 0.000 0.000 0.000 0.000 0.000 0.000 0.000 0.000 0.000 0.000 0.000 0.000 0.000 0.000 0.000 0.000 0.000 0.000 0.000 0.000 0.000 0.000 0.000 0.000 0.000 0.000 0.000 0.000 0.000 0.000 0.000 0.000 0.000 0.000 0.036 0.000 0.000 0.000 0.010 0.010 0.001 0.005 0.004 0.006 0.010 0.004 0.002 0.001 0.004 0.004 0.010 0.000 0.006 0.000 0.002 0.001 0.006 0.001 0.000 0.001
0.000 0.000 0.000 0.000 0.000 0.000 0.000 0.000 0.000 0.000 0.000 0.000 0.000 0.000 0.000 0.000 0.000 0.000 0.000 0.000 0.000 0.000 0.000 0.000 0.000 0.000 0.000 0.000 0.000 0.000 0.000 0.000 0.000 0.000 0.000 0.000 0.000 0.000 0.000 0.000 0.000 0.000 0.000 0.000 0.000 0.000 0.000 0.000 0.000 0.000 0.000 0.000 0.000 0.000 0.010 0.010 0.000 0.000 0.000 0.000 0.011 0.003 0.002 0.003 0.010 0.006 0.001 0.003 0.006 0.004 0.004 0.054 0.000 0.000 0.001 0.001 0.000
0.000 0.000 0.000 0.000 0.000 0.000 0.000 0.000 0.000 0.000 0.000 0.000 0.000 0.000 0.000 0.000 0.000 0.000 0.000 0.000 0.000 0.000 0.000 0.000 0.000 0.000 0.000 0.000 0.000 0.000 0.000 0.000 0.000 0.000 0.000 0.000 0.000 0.000 0.000 0.000 0.000 0.000 0.000 0.000 0.000 0.000 0.000 0.000 0.000 0.000 0.000 0.000 0.000 0.000 0.000 0.000 0.000 0.000 0.000 0.035 0.000 0.000 0.000 0.000 0.003 0.003 0.003 0.006 0.004 0.003 0.006 0.006 0.004 0.006 0.000 0.003 0.003
0.000 0.000 0.000 0.000 0.000 0.000 0.000 0.000 0.000 0.000 0.000 0.000 0.000 0.000 0.000 0.000 0.000 0.000 0.000 0.000 0.000 0.000 0.000 0.000 0.000 0.000 0.000 0.000 0.000 0.000 0.000 0.000 0.000 0.000 0.000 0.000 0.000 0.000 0.000 0.000 0.000 0.000 0.000 0.000 0.000 0.000 0.000 0.000 0.000 0.000 0.000 0.000 0.000 0.000 0.000 0.000 0.000 0.000 0.000 0.000 0.000 0.000 0.010 0.061 0.000 0.000 0.000 0.003 0.003 0.003 0.004 0.006 0.006 0.003 0.006 0.003 0.000
0.000 0.000 0.000 0.000 0.000 0.000 0.000 0.000 0.000 0.000 0.000 0.000 0.000 0.000 0.000 0.000 0.000 0.000 0.000 0.000 0.000 0.000 0.000 0.000 0.000 0.000 0.000 0.000 0.000 0.000 0.000 0.000 0.000 0.000 0.000 0.000 0.000 0.000 0.000 0.000 0.000 0.000 0.000 0.000 0.000 0.000 0.000 0.000 0.000 0.000 0.000 0.000 0.000 0.000 0.000 0.000 0.000 0.000 0.000 0.000 0.000 0.000 0.000 0.000 0.000 0.010 0.064 0.000 0.000 0.077 0.006 0.001 0.010 0.006 0.001 0.006 0.006
0.000 0.000 0.000 0.000 0.000 0.000 0.000 0.000 0.000 0.000 0.000 0.000 0.000 0.000 0.000 0.000 0.000 0.000 0.000 0.000 0.000 0.000 0.000 0.000 0.000 0.000 0.000 0.000 0.000 0.000 0.000 0.000 0.000 0.000 0.000 0.000 0.000 0.000 0.000 0.000 0.000 0.000 0.000 0.000 0.000 0.000 0.000 0.000 0.000 0.000 0.000 0.000 0.000 0.000 0.000 0.000 0.000 0.000 0.000 0.000 0.000 0.000 0.000 0.000 0.000 0.000 0.000 0.000 0.000 0.000 0.000 0.000 0.003 0.001 0.010 0.003 0.003
0.000 0.000 0.000 0.000 0.000 0.000 0.000 0.000 0.000 0.000 0.000 0.000 0.000 0.000 0.000 0.000 0.000 0.000 0.000 0.000 0.000 0.000 0.000 0.000 0.000 0.000 0.000 0.000 0.000 0.000 0.000 0.000 0.000 0.000 0.000 0.000 0.000 0.000 0.000 0.000 0.000 0.000 0.000 0.000 0.000 0.000 0.000 0.000 0.000 0.000 0.000 0.000 0.000 0.000 0.000 0.000 0.000 0.000 0.000 0.000 0.000 0.000 0.000 0.000 0.000 0.000 0.000 0.000 0.000 0.000 0.000 0.000 0.000 0.000 0.003 0.003 0.006
