hx_30m/njhx/rain/result-0019.wd
ncols         211
nrows         286
xllcorner     660279.582600
yllcorner     3541874.325092
cellsize      30.000000
NODATA_value  -9999.000000
[rows 238 to 271 of 286, columns 77 to 153 of 211]
0.006 0.009 0.009 0.006 0.005 0.007 0.000 0.000 0.000 0.004 0.003 0.004 0.000 0.000 0.003 0.002 0.000 0.003 0.004 0.010 0.010 0.010 0.005 0.003 0.005 0.003 0.004 0.000 0.003 0.004 0.002 0.002 0.001 0.002 0.002 0.002 0.004 0.000 0.004 0.007 0.010 0.376 0.005 0.004 0.006 0.006 0.000 0.010 0.000 0.000 0.008 0.027 0.010 0.010 0.010 0.010 0.010 0.010 0.046 0.008 0.006 0.000 0.007 0.010 0.005 0.007 0.010 0.000 0.000 0.003 0.005 0.004 0.007 0.000 0.005 0.004 0.002
0.018 0.006 0.009 0.010 0.007 0.010 0.004 0.000 0.000 0.010 0.000 0.004 0.000 0.006 0.003 0.000 0.003 0.002 0.010 0.010 0.010 0.010 0.006 0.005 0.004 0.004 0.005 0.000 0.000 0.002 0.002 0.001 0.001 0.002 0.002 0.002 0.004 0.008 0.007 0.008 0.000 0.006 0.000 0.003 0.003 0.006 0.006 0.000 0.010 0.010 0.004 0.010 0.010 0.026 0.010 0.010 0.010 0.000 0.012 0.006 0.007 0.010 0.009 0.017 0.009 0.000 0.002 0.000 0.006 0.005 0.015 0.003 0.004 0.007 0.000 0.004 0.004
0.000 0.000 0.009 0.015 0.006 0.005 0.004 0.010 0.008 0.000 0.000 0.007 0.001 0.005 0.004 0.006 0.004 0.022 0.010 0.010 0.010 0.020 0.004 0.004 0.002 0.005 0.005 0.008 0.002 0.002 0.000 0.002 0.001 0.002 0.001 0.002 0.006 0.008 0.007 0.000 0.004 0.006 0.000 0.010 0.004 0.005 0.007 0.006 0.006 0.008 0.010 0.010 0.010 0.010 0.010 0.010 0.000 0.035 0.007 0.008 0.006 0.000 0.010 0.010 0.008 0.009 0.002 0.000 0.003 0.005 0.000 0.004 0.010 0.006 0.000 0.003 0.003
0.000 0.016 0.000 0.000 0.007 0.004 0.009 0.007 0.006 0.006 0.006 0.000 0.004 0.006 0.010 0.010 0.042 0.010 0.010 0.010 0.023 0.010 0.004 0.008 0.005 0.002 0.000 0.000 0.002 0.003 0.003 0.002 0.002 0.004 0.003 0.004 0.010 0.006 0.010 0.005 0.006 0.006 0.006 0.004 0.004 0.006 0.000 0.005 0.004 0.007 0.006 0.006 0.010 0.019 0.010 0.056 0.000 0.010 0.006 0.010 0.000 0.000 0.034 0.045 0.010 0.000 0.006 0.005 0.005 0.004 0.009 0.000 0.002 0.003 0.000 0.000 0.000
0.000 0.000 0.010 0.018 0.000 0.010 0.006 0.006 0.010 0.007 0.007 0.010 0.010 0.007 0.010 0.010 0.010 0.010 0.010 0.010 0.008 0.005 0.005 0.003 0.004 0.000 0.000 0.003 0.005 0.004 0.003 0.004 0.004 0.008 0.010 0.008 0.006 0.008 0.000 0.004 0.010 0.010 0.006 0.005 0.000 0.008 0.004 0.004 0.006 0.005 0.006 0.004 0.006 0.010 0.010 0.010 0.075 0.005 0.005 0.000 0.020 0.000 0.010 0.010 0.000 0.000 0.020 0.000 0.000 0.003 0.003 0.000 0.004 0.002 0.003 0.000 0.004
0.000 0.000 0.000 0.000 0.000 0.010 0.000 0.091 0.005 0.006 0.008 0.005 0.010 0.006 0.010 0.025 0.010 0.010 0.010 0.020 0.007 0.005 0.008 0.005 0.004 0.002 0.000 0.002 0.005 0.008 0.004 0.004 0.003 0.008 0.000 0.006 0.008 0.000 0.006 0.008 0.010 0.010 0.007 0.000 0.004 0.004 0.005 0.005 0.005 0.005 0.000 0.005 0.003 0.005 0.006 0.007 0.008 0.006 0.009 0.000 0.000 0.010 0.058 0.010 0.000 0.044 0.000 0.000 0.000 0.000 0.007 0.003 0.000 0.004 0.003 0.003 0.016
0.000 0.000 0.000 0.000 0.000 0.000 0.000 0.010 0.000 0.019 0.005 0.006 0.007 0.006 0.008 0.008 0.019 0.010 0.020 0.010 0.006 0.012 0.003 0.002 0.004 0.007 0.002 0.010 0.008 0.008 0.004 0.000 0.000 0.007 0.004 0.005 0.010 0.022 0.004 0.008 0.010 0.010 0.003 0.000 0.004 0.000 0.005 0.004 0.004 0.000 0.004 0.000 0.000 0.004 0.004 0.010 0.008 0.007 0.000 0.000 0.010 0.010 0.010 0.030 0.000 0.012 0.010 0.017 0.000 0.000 0.000 0.000 0.005 0.003 0.003 0.003 0.005
0.000 0.000 0.000 0.000 0.000 0.000 0.000 0.000 0.000 0.010 0.000 0.022 0.004 0.010 0.006 0.004 0.010 0.010 0.010 0.006 0.010 0.007 0.004 0.002 0.005 0.000 0.000 0.007 0.008 0.008 0.000 0.000 0.000 0.007 0.007 0.006 0.000 0.008 0.006 0.009 0.010 0.007 0.005 0.000 0.000 0.004 0.002 0.000 0.000 0.004 0.003 0.000 0.004 0.000 0.000 0.004 0.007 0.010 0.006 0.000 0.031 0.042 0.010 0.000 0.080 0.010 0.006 0.007 0.006 0.004 0.022 0.007 0.000 0.000 0.003 0.009 0.003
0.000 0.000 0.000 0.000 0.000 0.000 0.000 0.000 0.000 0.000 0.000 0.010 0.000 0.110 0.026 0.010 0.009 0.007 0.007 0.007 0.008 0.006 0.006 0.000 0.000 0.000 0.006 0.009 0.008 0.004 0.002 0.000 0.010 0.006 0.007 0.000 0.010 0.004 0.010 0.006 0.007 0.005 0.005 0.007 0.005 0.003 0.002 0.000 0.003 0.004 0.010 0.008 0.000 0.007 0.000 0.006 0.006 0.006 0.013 0.007 0.008 0.010 0.037 0.010 0.015 0.010 0.009 0.007 0.005 0.000 0.010 0.004 0.000 0.000 0.008 0.006 0.010
0.000 0.000 0.000 0.000 0.000 0.000 0.000 0.000 0.000 0.000 0.000 0.000 0.016 0.000 0.020 0.004 0.010 0.008 0.007 0.010 0.004 0.010 0.006 0.008 0.000 0.000 0.000 0.000 0.000 0.000 0.009 0.006 0.008 0.007 0.007 0.006 0.003 0.007 0.008 0.013 0.008 0.004 0.008 0.008 0.006 0.004 0.004 0.010 0.000 0.004 0.005 0.006 0.008 0.003 0.003 0.007 0.008 0.010 0.010 0.008 0.010 0.004 0.008 0.010 0.010 0.000 0.010 0.000 0.006 0.000 0.010 0.000 0.051 0.010 0.010 0.010 0.010
0.000 0.000 0.000 0.000 0.000 0.000 0.000 0.000 0.000 0.000 0.000 0.000 0.000 0.000 0.000 0.000 0.010 0.005 0.010 0.006 0.007 0.010 0.010 0.010 0.010 0.008 0.005 0.000 0.000 0.000 0.000 0.012 0.008 0.006 0.000 0.005 0.006 0.007 0.010 0.010 0.004 0.007 0.007 0.004 0.003 0.008 0.018 0.000 0.007 0.006 0.006 0.003 0.004 0.007 0.006 0.004 0.067 0.010 0.010 0.010 0.010 0.008 0.005 0.004 0.004 0.000 0.008 0.010 0.000 0.000 0.000 0.000 0.063 0.004 0.010 0.010 0.006
0.000 0.000 0.000 0.000 0.000 0.000 0.000 0.000 0.000 0.000 0.000 0.000 0.000 0.000 0.000 0.010 0.031 0.000 0.017 0.003 0.010 0.006 0.007 0.008 0.010 0.010 0.010 0.005 0.000 0.000 0.000 0.008 0.005 0.000 0.003 0.005 0.000 0.004 0.006 0.010 0.006 0.007 0.003 0.000 0.006 0.008 0.008 0.004 0.006 0.010 0.025 0.008 0.008 0.003 0.004 0.000 0.000 0.010 0.010 0.010 0.010 0.010 0.010 0.006 0.008 0.006 0.005 0.026 0.000 0.000 0.000 0.000 0.005 0.004 0.011 0.012 0.049
0.000 0.000 0.000 0.000 0.000 0.000 0.000 0.000 0.000 0.000 0.000 0.000 0.000 0.000 0.000 0.000 0.000 0.014 0.000 0.000 0.007 0.008 0.008 0.007 0.010 0.010 0.010 0.010 0.008 0.000 0.009 0.006 0.007 0.008 0.000 0.005 0.004 0.000 0.000 0.003 0.004 0.004 0.007 0.008 0.012 0.000 0.000 0.005 0.004 0.008 0.010 0.007 0.006 0.005 0.000 0.011 0.026 0.010 0.010 0.035 0.010 0.010 0.133 0.010 0.010 0.005 0.005 0.006 0.012 0.000 0.000 0.005 0.005 0.004 0.005 0.006 0.030
0.000 0.000 0.000 0.000 0.000 0.000 0.000 0.000 0.000 0.000 0.000 0.000 0.000 0.000 0.000 0.000 0.000 0.000 0.000 0.000 0.000 0.000 0.005 0.010 0.007 0.006 0.010 0.010 0.010 0.007 0.005 0.006 0.010 0.004 0.006 0.003 0.003 0.004 0.003 0.004 0.002 0.007 0.007 0.007 0.000 0.000 0.003 0.004 0.008 0.010 0.010 0.010 0.011 0.006 0.000 0.000 0.000 0.027 0.010 0.010 0.010 0.017 0.010 0.010 0.010 0.010 0.010 0.006 0.008 0.006 0.005 0.010 0.007 0.000 0.005 0.006 0.009
0.000 0.000 0.000 0.000 0.000 0.000 0.000 0.000 0.000 0.000 0.000 0.000 0.000 0.000 0.000 0.000 0.000 0.000 0.000 0.000 0.000 0.000 0.012 0.000 0.006 0.004 0.006 0.004 0.010 0.007 0.007 0.000 0.004 0.006 0.003 0.006 0.007 0.004 0.005 0.003 0.004 0.005 0.005 0.011 0.004 0.000 0.007 0.004 0.010 0.010 0.010 0.004 0.006 0.000 0.010 0.000 0.028 0.010 0.010 0.010 0.010 0.010 0.013 0.010 0.010 0.010 0.010 0.010 0.008 0.006 0.010 0.005 0.005 0.010 0.006 0.000 0.030
0.000 0.000 0.000 0.000 0.000 0.000 0.000 0.000 0.000 0.000 0.000 0.000 0.000 0.000 0.000 0.000 0.000 0.000 0.000 0.000 0.000 0.000 0.000 0.000 0.012 0.000 0.004 0.006 0.007 0.010 0.005 0.223 0.002 0.004 0.003 0.004 0.004 0.004 0.007 0.006 0.000 0.007 0.006 0.000 0.010 0.005 0.005 0.008 0.005 0.006 0.005 0.007 0.006 0.000 0.008 0.010 0.010 0.010 0.010 0.010 0.000 0.010 0.046 0.000 0.010 0.010 0.010 0.057 0.010 0.010 0.006 0.006 0.005 0.004 0.003 0.008 0.000
0.000 0.000 0.000 0.000 0.000 0.000 0.000 0.000 0.000 0.000 0.000 0.000 0.000 0.000 0.000 0.000 0.000 0.000 0.000 0.000 0.000 0.000 0.000 0.000 0.000 0.000 0.000 0.006 0.010 0.008 0.000 0.010 0.005 0.007 0.006 0.005 0.005 0.000 0.003 0.007 0.006 0.006 0.019 0.003 0.000 0.007 0.007 0.010 0.008 0.008 0.004 0.011 0.000 0.000 0.000 0.000 0.025 0.010 0.010 0.010 0.037 0.044 0.000 0.000 0.031 0.020 0.010 0.010 0.010 0.007 0.006 0.008 0.007 0.006 0.005 0.005 0.004
0.000 0.000 0.000 0.000 0.000 0.000 0.000 0.000 0.000 0.000 0.000 0.000 0.000 0.000 0.000 0.000 0.000 0.000 0.000 0.000 0.000 0.000 0.000 0.000 0.000 0.000 0.000 0.010 0.015 0.000 0.010 0.008 0.006 0.004 0.005 0.008 0.000 0.004 0.007 0.005 0.006 0.006 0.006 0.027 0.010 0.005 0.006 0.005 0.005 0.010 0.004 0.006 0.000 0.008 0.008 0.033 0.010 0.010 0.035 0.000 0.025 0.010 0.010 0.000 0.000 0.024 0.046 0.000 0.010 0.004 0.010 0.018 0.010 0.008 0.006 0.005 0.005
0.000 0.000 0.000 0.000 0.000 0.000 0.000 0.000 0.000 0.000 0.000 0.000 0.000 0.000 0.000 0.000 0.000 0.000 0.000 0.000 0.000 0.000 0.000 0.000 0.000 0.000 0.000 0.000 0.000 0.000 0.000 0.007 0.010 0.008 0.008 0.006 0.002 0.004 0.007 0.006 0.013 0.000 0.000 0.004 0.004 0.025 0.006 0.000 0.000 0.003 0.006 0.000 0.015 0.000 0.000 0.010 0.010 0.010 0.010 0.010 0.010 0.010 0.000 0.000 0.000 0.000 0.000 0.046 0.008 0.010 0.023 0.000 0.008 0.007 0.029 0.007 0.007
0.000 0.000 0.000 0.000 0.000 0.000 0.000 0.000 0.000 0.000 0.000 0.000 0.000 0.000 0.000 0.000 0.000 0.000 0.000 0.000 0.000 0.000 0.000 0.000 0.000 0.000 0.000 0.000 0.000 0.000 0.000 0.019 0.000 0.010 0.010 0.006 0.005 0.010 0.010 0.007 0.005 0.000 0.000 0.003 0.000 0.004 0.008 0.005 0.004 0.005 0.010 0.029 0.000 0.000 0.032 0.010 0.010 0.010 0.010 0.010 0.010 0.010 0.000 0.010 0.010 0.051 0.064 0.007 0.010 0.030 0.006 0.000 0.006 0.000 0.000 0.011 0.009
0.000 0.000 0.000 0.000 0.000 0.000 0.000 0.000 0.000 0.000 0.000 0.000 0.000 0.000 0.000 0.000 0.000 0.000 0.000 0.000 0.000 0.000 0.000 0.000 0.000 0.000 0.000 0.000 0.000 0.000 0.000 0.000 0.000 0.010 0.067 0.006 0.008 0.006 0.007 0.005 0.004 0.011 0.000 0.000 0.000 0.004 0.006 0.007 0.005 0.007 0.000 0.000 0.016 0.000 0.010 0.010 0.010 0.059 0.010 0.026 0.010 0.010 0.010 0.000 0.000 0.010 0.010 0.008 0.005 0.007 0.008 0.008 0.008 0.000 0.009 0.010 0.010
0.000 0.000 0.000 0.000 0.000 0.000 0.000 0.000 0.000 0.000 0.000 0.000 0.000 0.000 0.000 0.000 0.000 0.000 0.000 0.000 0.000 0.000 0.000 0.000 0.000 0.000 0.000 0.000 0.000 0.000 0.000 0.000 0.000 0.000 0.010 0.000 0.005 0.003 0.005 0.005 0.010 0.007 0.006 0.000 0.003 0.000 0.000 0.004 0.005 0.007 0.012 0.061 0.000 0.000 0.010 0.010 0.010 0.010 0.010 0.032 0.010 0.068 0.000 0.000 0.010 0.000 0.007 0.000 0.021 0.010 0.008 0.008 0.008 0.010 0.023 0.008 0.008
0.000 0.000 0.000 0.000 0.000 0.000 0.000 0.000 0.000 0.000 0.000 0.000 0.000 0.000 0.000 0.000 0.000 0.000 0.000 0.000 0.000 0.000 0.000 0.000 0.000 0.000 0.000 0.000 0.000 0.000 0.000 0.000 0.000 0.000 0.000 0.000 0.024 0.000 0.010 0.006 0.006 0.005 0.016 0.006 0.008 0.000 0.006 0.004 0.010 0.004 0.008 0.008 0.024 0.010 0.010 0.010 0.032 0.004 0.006 0.008 0.010 0.010 0.010 0.010 0.010 0.010 0.007 0.000 0.008 0.010 0.009 0.010 0.010 0.008 0.008 0.008 0.008
0.000 0.000 0.000 0.000 0.000 0.000 0.000 0.000 0.000 0.000 0.000 0.000 0.000 0.000 0.000 0.000 0.000 0.000 0.000 0.000 0.000 0.000 0.000 0.000 0.000 0.000 0.000 0.000 0.000 0.000 0.000 0.000 0.000 0.000 0.000 0.000 0.000 0.000 0.221 0.000 0.004 0.010 0.007 0.004 0.007 0.005 0.004 0.005 0.008 0.008 0.007 0.000 0.000 0.004 0.007 0.008 0.010 0.005 0.022 0.006 0.006 0.010 0.010 0.010 0.000 0.008 0.007 0.008 0.010 0.007 0.013 0.010 0.010 0.010 0.010 0.007 0.007
0.000 0.000 0.000 0.000 0.000 0.000 0.000 0.000 0.000 0.000 0.000 0.000 0.000 0.000 0.000 0.000 0.000 0.000 0.000 0.000 0.000 0.000 0.000 0.000 0.000 0.000 0.000 0.000 0.000 0.000 0.000 0.000 0.000 0.000 0.000 0.000 0.000 0.000 0.000 0.000 0.037 0.007 0.005 0.008 0.006 0.008 0.004 0.010 0.008 0.010 0.000 0.000 0.000 0.000 0.005 0.007 0.005 0.000 0.007 0.010 0.004 0.010 0.010 0.010 0.010 0.009 0.008 0.008 0.010 0.010 0.010 0.010 0.010 0.010 0.040 0.010 0.010
0.000 0.000 0.000 0.000 0.000 0.000 0.000 0.000 0.000 0.000 0.000 0.000 0.000 0.000 0.000 0.000 0.000 0.000 0.000 0.000 0.000 0.000 0.000 0.000 0.000 0.000 0.000 0.000 0.000 0.000 0.000 0.000 0.000 0.000 0.000 0.000 0.000 0.000 0.000 0.000 0.000 0.010 0.000 0.006 0.007 0.007 0.027 0.007 0.010 0.008 0.006 0.004 0.000 0.000 0.007 0.004 0.000 0.000 0.006 0.004 0.008 0.010 0.010 0.010 0.008 0.006 0.008 0.010 0.007 0.008 0.017 0.010 0.010 0.010 0.010 0.010 0.010
0.000 0.000 0.000 0.000 0.000 0.000 0.000 0.000 0.000 0.000 0.000 0.000 0.000 0.000 0.000 0.000 0.000 0.000 0.000 0.000 0.000 0.000 0.000 0.000 0.000 0.000 0.000 0.000 0.000 0.000 0.000 0.000 0.000 0.000 0.000 0.000 0.000 0.000 0.000 0.000 0.000 0.000 0.000 0.022 0.000 0.010 0.005 0.008 0.006 0.009 0.007 0.007 0.002 0.006 0.007 0.004 0.000 0.010 0.004 0.007 0.008 0.010 0.010 0.008 0.017 0.006 0.006 0.006 0.008 0.010 0.010 0.009 0.115 0.010 0.010 0.010 0.037
0.000 0.000 0.000 0.000 0.000 0.000 0.000 0.000 0.000 0.000 0.000 0.000 0.000 0.000 0.000 0.000 0.000 0.000 0.000 0.000 0.000 0.000 0.000 0.000 0.000 0.000 0.000 0.000 0.000 0.000 0.000 0.000 0.000 0.000 0.000 0.000 0.000 0.000 0.000 0.000 0.000 0.000 0.000 0.000 0.000 0.010 0.000 0.006 0.004 0.007 0.007 0.005 0.008 0.006 0.007 0.004 0.000 0.005 0.008 0.005 0.007 0.018 0.010 0.005 0.006 0.007 0.000 0.000 0.010 0.010 0.010 0.182 0.009 0.006 0.010 0.010 0.010
0.000 0.000 0.000 0.000 0.000 0.000 0.000 0.000 0.000 0.000 0.000 0.000 0.000 0.000 0.000 0.000 0.000 0.000 0.000 0.000 0.000 0.000 0.000 0.000 0.000 0.000 0.000 0.000 0.000 0.000 0.000 0.000 0.000 0.000 0.000 0.000 0.000 0.000 0.000 0.000 0.000 0.000 0.000 0.000 0.000 0.000 0.000 0.019 0.000 0.031 0.010 0.007 0.000 0.010 0.004 0.010 0.000 0.004 0.010 0.004 0.007 0.008 0.006 0.010 0.006 0.006 0.000 0.000 0.000 0.010 0.010 0.010 0.010 0.025 0.008 0.008 0.010
0.000 0.000 0.000 0.000 0.000 0.000 0.000 0.000 0.000 0.000 0.000 0.000 0.000 0.000 0.000 0.000 0.000 0.000 0.000 0.000 0.000 0.000 0.000 0.000 0.000 0.000 0.000 0.000 0.000 0.000 0.000 0.000 0.000 0.000 0.000 0.000 0.000 0.000 0.000 0.000 0.000 0.000 0.000 0.000 0.000 0.000 0.000 0.000 0.000 0.000 0.302 0.007 0.010 0.007 0.008 0.005 0.004 0.000 0.006 0.004 0.008 0.007 0.005 0.008 0.005 0.000 0.000 0.000 0.000 0.000 0.000 0.010 0.007 0.020 0.010 0.010 0.008
0.000 0.000 0.000 0.000 0.000 0.000 0.000 0.000 0.000 0.000 0.000 0.000 0.000 0.000 0.000 0.000 0.000 0.000 0.000 0.000 0.000 0.000 0.000 0.000 0.000 0.000 0.000 0.000 0.000 0.000 0.000 0.000 0.000 0.000 0.000 0.000 0.000 0.000 0.000 0.000 0.000 0.000 0.000 0.000 0.000 0.000 0.000 0.000 0.000 0.000 0.010 0.000 0.010 0.005 0.008 0.007 0.005 0.015 0.008 0.010 0.007 0.006 0.019 0.008 0.007 0.010 0.000 0.000 0.000 0.000 0.000 0.000 0.000 0.007 0.010 0.018 0.010
0.000 0.000 0.000 0.000 0.000 0.000 0.000 0.000 0.000 0.000 0.000 0.000 0.000 0.000 0.000 0.000 0.000 0.000 0.000 0.000 0.000 0.000 0.000 0.000 0.000 0.000 0.000 0.000 0.000 0.000 0.000 0.000 0.000 0.000 0.000 0.000 0.000 0.000 0.000 0.000 0.000 0.000 0.000 0.000 0.000 0.000 0.000 0.000 0.000 0.000 0.000 0.000 0.025 0.000 0.006 0.008 0.007 0.009 0.008 0.004 0.007 0.005 0.007 0.007 0.018 0.006 0.025 0.007 0.000 0.000 0.000 0.000 0.006 0.000 0.000 0.008 0.008
0.000 0.000 0.000 0.000 0.000 0.000 0.000 0.000 0.000 0.000 0.000 0.000 0.000 0.000 0.000 0.000 0.000 0.000 0.000 0.000 0.000 0.000 0.000 0.000 0.000 0.000 0.000 0.000 0.000 0.000 0.000 0.000 0.000 0.000 0.000 0.000 0.000 0.000 0.000 0.000 0.000 0.000 0.000 0.000 0.000 0.000 0.000 0.000 0.000 0.000 0.000 0.000 0.000 0.000 0.034 0.000 0.006 0.007 0.009 0.007 0.007 0.007 0.005 0.010 0.010 0.010 0.006 0.006 0.014 0.004 0.000 0.000 0.000 0.000 0.016 0.006 0.010
0.000 0.000 0.000 0.000 0.000 0.000 0.000 0.000 0.000 0.000 0.000 0.000 0.000 0.000 0.000 0.000 0.000 0.000 0.000 0.000 0.000 0.000 0.000 0.000 0.000 0.000 0.000 0.000 0.000 0.000 0.000 0.000 0.000 0.000 0.000 0.000 0.000 0.000 0.000 0.000 0.000 0.000 0.000 0.000 0.000 0.000 0.000 0.000 0.000 0.000 0.000 0.000 0.000 0.000 0.000 0.000 0.000 0.017 0.005 0.008 0.005 0.006 0.008 0.008 0.010 0.010 0.010 0.010 0.007 0.007 0.000 0.000 0.000 0.000 0.000 0.002 0.000
