hx_30m/njhx/rain/result-0020.wd
ncols         211
nrows         286
xllcorner     660279.582600
yllcorner     3541874.325092
cellsize      30.000000
NODATA_value  -9999.000000
[rows 170 to 203 of 286, columns 0 to 76 of 211]
0.000 0.000 0.000 0.000 0.000 0.000 0.000 0.000 0.000 0.000 0.000 0.000 0.000 0.000 0.000 0.000 0.000 0.000 0.000 0.000 0.000 0.000 0.000 0.000 0.000 0.000 0.000 0.000 0.000 0.000 0.000 0.000 0.000 0.029 0.010 0.010 0.010 0.010 0.010 0.010 0.010 0.010 0.124 0.010 0.009 0.010 0.010 0.010 0.000 0.010 0.011 0.112 0.010 0.010 0.005 0.007 0.010 0.010 0.000 0.010 0.010 0.008 0.010 0.009 0.023 0.010 0.010 0.007 0.010 0.010 0.010 0.007 0.007 0.008 0.006 0.000 0.000
0.000 0.000 0.000 0.000 0.000 0.000 0.000 0.000 0.000 0.000 0.000 0.000 0.000 0.000 0.000 0.000 0.000 0.000 0.000 0.000 0.000 0.000 0.000 0.000 0.000 0.000 0.000 0.000 0.000 0.000 0.000 0.000 0.000 0.010 0.010 0.010 0.010 0.010 0.010 0.010 0.010 0.010 0.010 0.010 0.011 0.010 0.010 0.010 0.013 0.206 0.000 0.010 0.000 0.000 0.009 0.007 0.009 0.010 0.000 0.010 0.010 0.000 0.009 0.030 0.010 0.010 0.010 0.087 0.197 0.010 0.009 0.007 0.009 0.007 0.007 0.010 0.010
0.000 0.000 0.000 0.000 0.000 0.000 0.000 0.000 0.000 0.000 0.000 0.000 0.000 0.000 0.000 0.000 0.000 0.000 0.000 0.000 0.000 0.000 0.000 0.000 0.000 0.000 0.000 0.000 0.000 0.000 0.000 0.000 0.020 0.010 0.010 0.010 0.010 0.010 0.010 0.010 0.019 0.000 0.010 0.010 0.009 0.010 0.010 0.050 0.017 0.010 0.009 0.000 0.012 0.000 0.010 0.010 0.010 0.010 0.010 0.010 0.010 0.010 0.009 0.010 0.010 0.010 0.188 0.156 0.190 0.010 0.010 0.010 0.008 0.008 0.007 0.010 0.010
0.000 0.000 0.000 0.000 0.000 0.000 0.000 0.000 0.000 0.000 0.000 0.000 0.000 0.000 0.000 0.000 0.000 0.000 0.000 0.000 0.000 0.000 0.000 0.000 0.000 0.000 0.000 0.000 0.000 0.000 0.000 0.000 0.010 0.010 0.010 0.010 0.010 0.010 0.010 0.023 0.000 0.028 0.010 0.010 0.010 0.010 0.010 0.112 0.132 0.010 0.008 0.000 0.000 0.000 0.009 0.010 0.010 0.024 0.010 0.010 0.010 0.010 0.010 0.010 0.010 0.000 0.225 0.151 0.092 0.010 0.046 0.010 0.010 0.010 0.010 0.044 0.010
0.000 0.000 0.000 0.000 0.000 0.000 0.000 0.000 0.000 0.000 0.000 0.000 0.000 0.000 0.000 0.000 0.000 0.000 0.000 0.000 0.000 0.000 0.000 0.000 0.000 0.000 0.000 0.000 0.000 0.000 0.000 0.000 0.010 0.010 0.010 0.023 0.010 0.010 0.035 0.010 0.010 0.010 0.010 0.010 0.010 0.010 0.010 0.010 0.010 0.011 0.010 0.010 0.010 0.010 0.055 0.007 0.007 0.000 0.008 0.010 0.010 0.010 0.010 0.076 0.000 0.010 0.152 0.059 0.010 0.010 0.010 0.010 0.010 0.010 0.070 0.010 0.010
0.000 0.000 0.000 0.000 0.000 0.000 0.000 0.000 0.000 0.000 0.000 0.000 0.000 0.000 0.000 0.000 0.000 0.000 0.000 0.000 0.000 0.000 0.009 0.000 0.000 0.000 0.000 0.000 0.000 0.000 0.000 0.010 0.009 0.010 0.010 0.010 0.010 0.010 0.010 0.010 0.010 0.049 0.010 0.008 0.010 0.009 0.010 0.010 0.010 0.009 0.010 0.010 0.000 0.010 0.012 0.050 0.000 0.008 0.000 0.007 0.007 0.010 0.010 0.000 0.042 0.010 0.010 0.051 0.010 0.010 0.010 0.070 0.010 0.010 0.000 0.010 0.000
0.000 0.000 0.000 0.000 0.000 0.000 0.000 0.000 0.000 0.000 0.000 0.000 0.000 0.000 0.000 0.000 0.000 0.000 0.000 0.000 0.000 0.000 0.000 0.000 0.000 0.000 0.000 0.000 0.000 0.000 0.000 0.010 0.010 0.018 0.010 0.010 0.010 0.010 0.029 0.010 0.010 0.010 0.008 0.010 0.009 0.010 0.010 0.010 0.010 0.010 0.000 0.030 0.000 0.010 0.010 0.067 0.010 0.010 0.025 0.005 0.010 0.010 0.010 0.045 0.010 0.010 0.010 0.010 0.010 0.010 0.010 0.010 0.000 0.010 0.053 0.010 0.028
0.000 0.000 0.000 0.000 0.000 0.000 0.000 0.000 0.000 0.000 0.000 0.000 0.000 0.000 0.000 0.000 0.000 0.000 0.000 0.000 0.000 0.000 0.000 0.000 0.000 0.000 0.000 0.000 0.000 0.000 0.039 0.010 0.010 0.010 0.010 0.010 0.010 0.010 0.000 0.010 0.010 0.022 0.007 0.010 0.010 0.010 0.010 0.010 0.010 0.023 0.015 0.010 0.010 0.092 0.010 0.010 0.010 0.010 0.010 0.000 0.010 0.075 0.010 0.010 0.010 0.010 0.010 0.010 0.000 0.010 0.010 0.010 0.000 0.010 0.010 0.010 0.010
0.000 0.000 0.000 0.000 0.000 0.000 0.000 0.000 0.000 0.000 0.000 0.000 0.000 0.000 0.000 0.000 0.000 0.000 0.000 0.000 0.000 0.000 0.000 0.000 0.000 0.000 0.000 0.000 0.000 0.000 0.010 0.010 0.010 0.010 0.010 0.010 0.010 0.010 0.010 0.010 0.010 0.010 0.009 0.010 0.017 0.010 0.009 0.010 0.010 0.008 0.008 0.010 0.010 0.010 0.010 0.010 0.010 0.011 0.010 0.010 0.010 0.010 0.091 0.010 0.010 0.053 0.010 0.010 0.000 0.052 0.017 0.010 0.010 0.010 0.010 0.010 0.010
0.000 0.000 0.000 0.000 0.000 0.000 0.000 0.000 0.000 0.000 0.000 0.000 0.000 0.000 0.000 0.000 0.000 0.000 0.000 0.000 0.000 0.000 0.000 0.000 0.000 0.000 0.000 0.000 0.024 0.010 0.010 0.010 0.010 0.049 0.010 0.010 0.010 0.010 0.055 0.010 0.010 0.008 0.010 0.010 0.010 0.010 0.007 0.007 0.010 0.020 0.009 0.010 0.010 0.010 0.010 0.010 0.010 0.033 0.010 0.010 0.010 0.010 0.010 0.010 0.010 0.010 0.000 0.010 0.010 0.010 0.010 0.010 0.010 0.010 0.010 0.010 0.010
0.000 0.000 0.000 0.000 0.000 0.000 0.000 0.000 0.000 0.000 0.000 0.000 0.000 0.000 0.000 0.000 0.000 0.000 0.000 0.000 0.000 0.000 0.000 0.000 0.000 0.000 0.000 0.000 0.000 0.010 0.010 0.010 0.021 0.010 0.028 0.010 0.035 0.010 0.000 0.010 0.010 0.007 0.010 0.009 0.010 0.010 0.007 0.010 0.010 0.010 0.028 0.010 0.010 0.012 0.010 0.010 0.010 0.064 0.010 0.010 0.010 0.010 0.010 0.010 0.010 0.010 0.010 0.017 0.061 0.034 0.010 0.010 0.010 0.010 0.010 0.010 0.010
0.000 0.000 0.000 0.000 0.000 0.000 0.000 0.000 0.000 0.000 0.000 0.000 0.000 0.000 0.000 0.000 0.000 0.000 0.000 0.000 0.000 0.000 0.000 0.000 0.000 0.000 0.000 0.000 0.000 0.025 0.010 0.010 0.010 0.010 0.010 0.010 0.010 0.010 0.000 0.010 0.009 0.009 0.010 0.007 0.005 0.014 0.007 0.007 0.010 0.010 0.010 0.010 0.010 0.010 0.010 0.010 0.010 0.010 0.010 0.010 0.010 0.010 0.010 0.010 0.010 0.010 0.010 0.010 0.010 0.010 0.010 0.003 0.008 0.006 0.006 0.009 0.010
0.000 0.000 0.000 0.000 0.000 0.000 0.000 0.000 0.000 0.000 0.000 0.000 0.000 0.000 0.000 0.000 0.000 0.019 0.000 0.000 0.000 0.000 0.000 0.000 0.000 0.000 0.000 0.000 0.000 0.010 0.010 0.243 0.010 0.007 0.010 0.010 0.008 0.010 0.000 0.035 0.005 0.010 0.010 0.009 0.009 0.006 0.007 0.006 0.010 0.010 0.010 0.010 0.010 0.234 0.010 0.010 0.063 0.010 0.010 0.010 0.010 0.010 0.010 0.010 0.010 0.010 0.010 0.010 0.010 0.010 0.010 0.003 0.003 0.005 0.003 0.004 0.004
0.000 0.000 0.000 0.000 0.000 0.000 0.000 0.000 0.000 0.000 0.000 0.000 0.000 0.000 0.000 0.000 0.000 0.010 0.000 0.000 0.000 0.000 0.000 0.000 0.000 0.000 0.000 0.000 0.018 0.010 0.010 0.010 0.005 0.010 0.010 0.010 0.008 0.010 0.035 0.010 0.003 0.008 0.015 0.010 0.010 0.009 0.006 0.005 0.006 0.006 0.010 0.010 0.010 0.010 0.010 0.010 0.010 0.010 0.010 0.010 0.027 0.010 0.010 0.010 0.010 0.010 0.010 0.010 0.010 0.010 0.005 0.002 0.003 0.007 0.003 0.002 0.010
0.000 0.000 0.000 0.000 0.000 0.000 0.000 0.000 0.000 0.000 0.000 0.000 0.000 0.000 0.000 0.000 0.000 0.000 0.000 0.000 0.000 0.000 0.000 0.000 0.000 0.000 0.000 0.018 0.010 0.009 0.007 0.005 0.023 0.010 0.010 0.010 0.010 0.010 0.010 0.010 0.005 0.020 0.006 0.006 0.007 0.005 0.004 0.005 0.007 0.007 0.007 0.010 0.010 0.010 0.010 0.010 0.010 0.010 0.010 0.010 0.010 0.010 0.010 0.010 0.010 0.010 0.088 0.012 0.010 0.023 0.003 0.004 0.003 0.004 0.005 0.007 0.005
0.000 0.000 0.000 0.000 0.000 0.000 0.000 0.000 0.000 0.000 0.000 0.000 0.000 0.000 0.000 0.000 0.000 0.000 0.000 0.000 0.000 0.000 0.000 0.000 0.000 0.000 0.018 0.010 0.009 0.010 0.015 0.009 0.010 0.010 0.010 0.010 0.044 0.010 0.018 0.009 0.006 0.010 0.006 0.006 0.009 0.010 0.010 0.008 0.003 0.005 0.010 0.007 0.007 0.010 0.010 0.010 0.010 0.010 0.010 0.010 0.010 0.010 0.010 0.010 0.010 0.009 0.010 0.010 0.010 0.006 0.004 0.002 0.002 0.002 0.002 0.003 0.004
0.000 0.000 0.000 0.000 0.000 0.000 0.000 0.000 0.000 0.000 0.000 0.000 0.000 0.000 0.000 0.000 0.020 0.000 0.000 0.000 0.000 0.000 0.000 0.000 0.000 0.030 0.010 0.007 0.008 0.010 0.010 0.010 0.010 0.010 0.010 0.000 0.010 0.010 0.009 0.004 0.010 0.010 0.012 0.006 0.010 0.022 0.000 0.010 0.000 0.005 0.005 0.005 0.009 0.005 0.004 0.007 0.010 0.010 0.010 0.056 0.010 0.010 0.010 0.048 0.010 0.003 0.005 0.003 0.005 0.004 0.003 0.010 0.010 0.006 0.005 0.005 0.005
0.000 0.000 0.000 0.000 0.000 0.000 0.000 0.000 0.000 0.000 0.000 0.000 0.000 0.000 0.000 0.000 0.010 0.000 0.000 0.000 0.000 0.000 0.000 0.000 0.000 0.010 0.010 0.005 0.022 0.019 0.010 0.010 0.010 0.010 0.010 0.054 0.010 0.010 0.009 0.006 0.010 0.009 0.009 0.007 0.020 0.010 0.023 0.010 0.000 0.010 0.009 0.004 0.004 0.005 0.009 0.005 0.004 0.009 0.010 0.010 0.033 0.010 0.010 0.009 0.005 0.007 0.006 0.008 0.004 0.004 0.004 0.010 0.010 0.010 0.005 0.007 0.004
0.000 0.000 0.000 0.000 0.000 0.000 0.000 0.000 0.000 0.000 0.000 0.000 0.000 0.000 0.000 0.000 0.000 0.000 0.000 0.000 0.000 0.000 0.000 0.000 0.000 0.010 0.007 0.005 0.010 0.010 0.009 0.010 0.010 0.008 0.000 0.010 0.010 0.010 0.010 0.017 0.009 0.007 0.009 0.021 0.010 0.010 0.010 0.010 0.010 0.010 0.010 0.000 0.010 0.005 0.005 0.004 0.007 0.005 0.007 0.005 0.009 0.010 0.035 0.005 0.004 0.006 0.009 0.010 0.008 0.006 0.008 0.008 0.009 0.005 0.005 0.004 0.004
0.000 0.000 0.000 0.000 0.000 0.000 0.000 0.000 0.000 0.000 0.000 0.000 0.000 0.000 0.000 0.000 0.000 0.000 0.000 0.000 0.000 0.000 0.000 0.000 0.014 0.004 0.030 0.010 0.010 0.010 0.010 0.010 0.010 0.006 0.000 0.022 0.010 0.010 0.004 0.009 0.009 0.006 0.006 0.010 0.010 0.010 0.010 0.010 0.010 0.010 0.010 0.010 0.010 0.010 0.010 0.013 0.008 0.005 0.007 0.007 0.005 0.004 0.004 0.004 0.004 0.006 0.005 0.007 0.008 0.008 0.008 0.008 0.008 0.003 0.008 0.006 0.004
0.000 0.000 0.000 0.000 0.000 0.000 0.000 0.000 0.000 0.000 0.000 0.000 0.000 0.000 0.014 0.000 0.000 0.000 0.000 0.000 0.000 0.000 0.000 0.000 0.000 0.004 0.030 0.010 0.010 0.008 0.010 0.010 0.008 0.010 0.122 0.010 0.010 0.010 0.007 0.010 0.004 0.009 0.011 0.010 0.010 0.010 0.038 0.010 0.010 0.054 0.010 0.010 0.010 0.028 0.010 0.010 0.008 0.008 0.009 0.004 0.003 0.006 0.006 0.003 0.004 0.003 0.002 0.004 0.008 0.008 0.008 0.005 0.010 0.008 0.003 0.006 0.003
0.000 0.000 0.000 0.000 0.000 0.000 0.000 0.000 0.000 0.000 0.000 0.000 0.000 0.000 0.000 0.000 0.000 0.000 0.000 0.000 0.000 0.000 0.000 0.030 0.010 0.007 0.010 0.010 0.010 0.010 0.010 0.007 0.008 0.010 0.010 0.000 0.008 0.005 0.005 0.010 0.005 0.009 0.010 0.010 0.010 0.045 0.010 0.010 0.010 0.010 0.051 0.010 0.010 0.010 0.010 0.010 0.010 0.007 0.000 0.007 0.006 0.004 0.009 0.004 0.004 0.006 0.006 0.003 0.004 0.003 0.004 0.005 0.008 0.015 0.010 0.003 0.005
0.000 0.000 0.000 0.000 0.000 0.000 0.000 0.000 0.000 0.000 0.000 0.000 0.000 0.000 0.000 0.000 0.000 0.000 0.000 0.000 0.000 0.000 0.000 0.010 0.010 0.008 0.009 0.010 0.010 0.010 0.010 0.010 0.010 0.010 0.043 0.000 0.006 0.004 0.004 0.009 0.002 0.003 0.005 0.010 0.010 0.010 0.026 0.010 0.010 0.010 0.010 0.010 0.010 0.010 0.010 0.014 0.004 0.007 0.010 0.006 0.007 0.003 0.002 0.004 0.005 0.004 0.004 0.003 0.004 0.004 0.006 0.006 0.006 0.004 0.004 0.008 0.003
0.000 0.000 0.000 0.000 0.000 0.000 0.000 0.000 0.000 0.000 0.000 0.000 0.000 0.000 0.000 0.000 0.000 0.000 0.000 0.000 0.000 0.039 0.010 0.010 0.010 0.010 0.007 0.010 0.010 0.010 0.010 0.007 0.010 0.010 0.010 0.000 0.004 0.006 0.008 0.006 0.005 0.010 0.005 0.004 0.004 0.005 0.010 0.010 0.010 0.010 0.041 0.010 0.010 0.010 0.010 0.006 0.005 0.005 0.009 0.000 0.005 0.005 0.005 0.000 0.000 0.007 0.005 0.003 0.006 0.006 0.003 0.005 0.006 0.006 0.006 0.006 0.005
0.000 0.000 0.000 0.000 0.000 0.000 0.000 0.000 0.000 0.000 0.000 0.000 0.000 0.000 0.000 0.000 0.000 0.000 0.000 0.000 0.000 0.010 0.010 0.010 0.010 0.010 0.012 0.008 0.007 0.010 0.004 0.010 0.016 0.000 0.010 0.010 0.009 0.003 0.010 0.003 0.008 0.010 0.010 0.018 0.005 0.011 0.006 0.006 0.009 0.010 0.010 0.010 0.010 0.010 0.008 0.005 0.004 0.007 0.010 0.006 0.005 0.005 0.003 0.004 0.009 0.010 0.010 0.000 0.002 0.004 0.003 0.008 0.006 0.006 0.006 0.005 0.006
0.000 0.000 0.000 0.000 0.000 0.000 0.000 0.000 0.000 0.000 0.000 0.000 0.000 0.000 0.000 0.000 0.000 0.000 0.000 0.000 0.067 0.010 0.009 0.007 0.007 0.009 0.010 0.010 0.010 0.010 0.010 0.005 0.000 0.010 0.010 0.000 0.005 0.006 0.008 0.006 0.021 0.010 0.010 0.010 0.010 0.010 0.009 0.009 0.003 0.009 0.010 0.010 0.010 0.010 0.009 0.007 0.007 0.008 0.007 0.007 0.002 0.003 0.005 0.004 0.005 0.004 0.008 0.013 0.008 0.010 0.000 0.000 0.003 0.005 0.004 0.008 0.006
0.000 0.000 0.000 0.000 0.000 0.000 0.000 0.000 0.000 0.000 0.000 0.000 0.000 0.000 0.000 0.000 0.000 0.000 0.000 0.000 0.010 0.005 0.008 0.010 0.008 0.006 0.006 0.010 0.010 0.004 0.000 0.000 0.000 0.010 0.000 0.010 0.003 0.010 0.006 0.006 0.010 0.040 0.010 0.010 0.010 0.010 0.010 0.010 0.023 0.008 0.010 0.004 0.007 0.010 0.004 0.005 0.009 0.010 0.000 0.000 0.003 0.005 0.004 0.010 0.005 0.003 0.004 0.000 0.003 0.010 0.010 0.005 0.005 0.003 0.000 0.000 0.005
0.000 0.000 0.000 0.000 0.000 0.000 0.000 0.000 0.000 0.011 0.000 0.000 0.000 0.000 0.000 0.000 0.000 0.000 0.000 0.029 0.010 0.007 0.008 0.010 0.006 0.004 0.006 0.010 0.010 0.005 0.000 0.000 0.007 0.021 0.010 0.010 0.008 0.010 0.006 0.010 0.010 0.010 0.010 0.010 0.010 0.010 0.027 0.000 0.010 0.010 0.010 0.007 0.005 0.004 0.003 0.006 0.000 0.006 0.004 0.004 0.004 0.007 0.002 0.002 0.003 0.006 0.000 0.000 0.008 0.004 0.005 0.005 0.003 0.000 0.006 0.003 0.004
0.000 0.000 0.000 0.000 0.000 0.000 0.000 0.000 0.000 0.000 0.000 0.000 0.000 0.000 0.000 0.000 0.000 0.000 0.023 0.010 0.010 0.010 0.008 0.010 0.010 0.010 0.010 0.008 0.006 0.004 0.005 0.000 0.007 0.000 0.010 0.006 0.008 0.010 0.006 0.010 0.010 0.010 0.010 0.010 0.000 0.000 0.000 0.000 0.010 0.010 0.010 0.007 0.003 0.003 0.002 0.004 0.004 0.003 0.006 0.009 0.004 0.004 0.007 0.008 0.049 0.000 0.000 0.006 0.006 0.000 0.000 0.006 0.005 0.000 0.000 0.003 0.011
0.000 0.000 0.000 0.000 0.000 0.000 0.000 0.000 0.000 0.000 0.000 0.000 0.000 0.000 0.000 0.000 0.000 0.000 0.010 0.010 0.010 0.010 0.009 0.003 0.006 0.010 0.010 0.010 0.006 0.003 0.003 0.000 0.000 0.008 0.010 0.007 0.005 0.008 0.003 0.024 0.010 0.010 0.010 0.010 0.000 0.004 0.000 0.000 0.013 0.010 0.010 0.007 0.000 0.000 0.000 0.000 0.005 0.009 0.004 0.007 0.005 0.004 0.006 0.010 0.006 0.000 0.000 0.012 0.000 0.000 0.010 0.004 0.003 0.008 0.005 0.006 0.006
0.000 0.000 0.000 0.000 0.000 0.000 0.000 0.000 0.000 0.000 0.000 0.000 0.000 0.000 0.000 0.000 0.000 0.010 0.034 0.010 0.010 0.005 0.006 0.004 0.005 0.010 0.010 0.010 0.013 0.000 0.003 0.007 0.014 0.010 0.010 0.003 0.010 0.003 0.009 0.010 0.010 0.010 0.010 0.010 0.026 0.000 0.006 0.010 0.000 0.000 0.005 0.010 0.005 0.003 0.003 0.006 0.005 0.000 0.006 0.004 0.007 0.005 0.014 0.010 0.000 0.000 0.006 0.004 0.000 0.000 0.010 0.004 0.000 0.002 0.006 0.010 0.010
0.000 0.000 0.000 0.000 0.000 0.000 0.000 0.000 0.000 0.000 0.000 0.000 0.000 0.000 0.000 0.000 0.000 0.021 0.010 0.010 0.010 0.009 0.003 0.009 0.005 0.010 0.005 0.005 0.000 0.010 0.007 0.000 0.000 0.010 0.007 0.003 0.004 0.004 0.008 0.007 0.008 0.010 0.010 0.000 0.000 0.000 0.003 0.008 0.004 0.003 0.005 0.008 0.005 0.004 0.008 0.000 0.000 0.000 0.003 0.000 0.007 0.007 0.010 0.007 0.003 0.008 0.006 0.000 0.000 0.004 0.045 0.010 0.008 0.005 0.004 0.008 0.000
0.000 0.000 0.000 0.000 0.000 0.000 0.000 0.000 0.000 0.000 0.000 0.000 0.000 0.000 0.000 0.000 0.010 0.010 0.010 0.026 0.008 0.010 0.006 0.004 0.010 0.010 0.008 0.003 0.000 0.005 0.004 0.003 0.012 0.000 0.002 0.008 0.004 0.009 0.003 0.006 0.004 0.005 0.004 0.008 0.000 0.002 0.004 0.000 0.000 0.005 0.003 0.004 0.010 0.010 0.003 0.003 0.004 0.000 0.002 0.000 0.004 0.004 0.006 0.003 0.000 0.025 0.010 0.015 0.005 0.005 0.008 0.002 0.000 0.009 0.000 0.008 0.006
0.000 0.000 0.000 0.000 0.000 0.000 0.000 0.000 0.000 0.000 0.000 0.000 0.000 0.000 0.000 0.121 0.010 0.010 0.007 0.010 0.003 0.008 0.003 0.006 0.010 0.010 0.010 0.005 0.002 0.007 0.010 0.010 0.000 0.013 0.005 0.010 0.004 0.010 0.009 0.010 0.006 0.008 0.004 0.005 0.007 0.003 0.004 0.000 0.010 0.004 0.004 0.006 0.004 0.007 0.003 0.002 0.004 0.004 0.003 0.003 0.000 0.007 0.003 0.001 0.000 0.003 0.000 0.002 0.002 0.003 0.003 0.002 0.003 0.010 0.000 0.010 0.031
