hx_30m/njhx/rain/result.totaltm
ncols         211
nrows         286
xllcorner     660279.582600
yllcorner     3541874.325092
cellsize      30.000000
NODATA_value  -9999.000000
[rows 34 to 67 of 286, columns 77 to 153 of 211]
0.000 0.000 0.000 0.000 0.000 0.000 0.000 3.637 0.077 0.445 0.226 3.376 0.035 0.014 0.045 0.456 0.000 0.275 0.023 0.077 2.840 0.178 0.217 0.001 0.000 0.000 0.000 0.018 0.000 0.000 0.090 1.082 0.075 0.156 0.087 0.117 0.139 0.275 13.817 0.000 0.000 7.235 9.942 0.000 0.000 0.271 0.002 0.674 0.029 0.000 0.042 0.146 0.000 0.334 0.005 0.000 0.000 0.000 0.000 0.000 0.000 0.000 0.000 0.000 0.000 0.000 0.000 0.000 0.000 0.000 0.000 0.000 0.000 0.000 0.000 0.000 0.000
0.000 0.000 0.000 0.000 0.000 0.000 13.197 0.006 0.110 0.367 0.066 0.319 0.619 0.074 0.031 0.000 0.000 0.000 0.208 0.000 0.000 0.000 0.163 0.000 0.000 0.138 0.021 0.962 0.039 0.000 0.000 0.000 0.082 0.076 0.112 0.000 5.653 0.062 0.209 0.461 0.000 0.000 9.066 7.175 0.070 0.044 0.000 0.428 0.073 0.000 0.301 0.153 0.089 3.315 0.315 0.005 0.000 0.000 0.000 15.896 0.000 0.000 0.000 0.000 0.000 0.000 0.000 0.000 0.000 0.000 0.000 0.000 0.000 0.000 0.000 0.000 0.000
0.000 0.000 0.000 0.000 0.000 0.000 1.239 0.009 0.167 0.187 0.047 0.134 13.803 0.046 0.088 0.000 0.000 0.000 0.000 6.702 0.000 0.000 0.356 0.036 0.000 0.000 0.025 0.000 0.000 0.183 0.000 0.000 0.090 0.070 0.099 0.000 0.123 0.127 0.206 0.310 0.791 0.000 0.000 0.000 0.000 0.000 0.000 0.000 0.000 0.000 0.080 0.171 0.244 0.316 0.005 0.008 0.043 0.000 0.000 0.000 15.891 0.000 0.000 0.000 0.000 0.000 0.000 0.000 0.000 0.000 0.000 0.000 0.000 0.000 0.000 0.000 0.000
0.000 0.000 0.000 0.000 0.000 0.000 0.559 0.007 0.177 0.052 0.186 0.414 0.448 0.022 0.079 0.000 0.000 0.000 0.000 3.764 0.000 0.000 0.001 0.000 0.131 0.000 0.000 0.000 0.000 0.000 0.000 0.583 0.072 0.129 0.108 0.000 0.440 0.042 0.433 3.596 0.000 0.481 0.000 0.000 0.938 0.298 0.402 0.000 13.581 0.000 1.418 0.133 0.030 0.006 0.006 0.015 0.071 0.000 0.000 0.000 0.000 0.041 0.000 0.000 0.000 0.000 0.000 0.000 0.000 0.000 0.000 0.000 0.000 0.000 0.000 0.000 0.000
0.000 0.000 0.000 0.000 0.000 0.000 0.769 0.007 0.179 0.015 0.323 0.165 0.711 0.064 0.277 0.000 0.000 11.694 10.746 4.312 0.000 0.006 0.000 0.000 0.239 0.000 0.000 0.000 0.127 0.000 0.000 0.000 0.201 0.178 0.142 0.210 6.077 0.082 0.051 0.000 0.000 0.026 0.000 0.000 1.013 0.524 0.095 0.000 0.000 0.386 0.026 0.012 0.008 0.008 12.318 0.515 0.198 0.022 0.000 0.000 0.000 15.844 0.000 0.000 0.000 0.000 0.000 0.000 0.000 0.000 0.000 0.000 0.000 0.000 0.000 0.000 0.000
0.000 0.000 0.000 0.000 0.000 0.000 0.544 0.018 0.205 0.011 0.068 13.071 12.613 0.040 8.322 0.000 0.000 0.000 11.637 0.000 0.000 0.000 0.000 0.000 0.183 0.000 0.000 0.000 0.052 0.000 0.910 0.244 1.964 0.191 0.242 0.189 0.000 0.000 0.000 4.751 0.214 0.000 0.000 0.000 0.137 0.008 3.206 0.092 0.016 0.035 0.066 0.018 0.871 12.766 0.184 0.000 2.373 0.102 0.512 0.000 0.000 0.000 15.595 0.000 0.000 0.000 0.000 0.000 0.000 0.000 0.000 0.000 0.000 0.000 0.000 0.000 0.000
0.000 0.000 0.000 0.000 0.000 0.000 0.234 0.009 0.604 0.009 0.053 13.723 1.344 0.590 13.716 0.404 12.299 13.736 0.000 0.000 0.000 0.000 0.000 1.008 0.000 0.000 0.098 0.000 0.513 0.000 0.000 2.079 0.000 0.250 0.066 0.694 0.000 0.541 1.073 1.224 0.268 0.091 0.189 0.085 0.131 3.181 0.068 0.032 0.008 0.447 0.000 0.238 0.000 0.000 0.000 12.242 0.087 1.548 0.006 0.000 0.000 0.000 0.000 0.037 0.000 0.000 0.000 0.000 0.000 0.000 0.000 0.000 0.000 0.000 0.000 0.000 0.000
0.000 0.000 0.000 0.000 0.000 0.000 0.131 0.021 0.000 0.022 0.034 0.079 1.449 0.062 0.114 13.671 9.309 0.000 0.000 0.000 0.000 0.010 0.000 0.000 0.000 0.000 0.000 0.000 0.114 1.654 2.397 0.000 0.483 0.165 0.176 0.075 0.287 10.676 1.312 13.775 0.045 0.016 1.550 0.124 0.113 0.149 0.000 0.000 0.075 0.203 12.683 3.224 0.354 0.000 0.000 0.239 0.127 0.170 0.085 0.091 0.000 0.000 0.000 15.159 0.000 0.000 0.000 0.000 0.000 0.000 0.000 0.000 0.000 0.000 0.000 0.000 0.000
0.000 0.000 0.000 0.000 0.000 0.000 0.337 0.011 0.007 0.078 0.023 1.005 0.878 0.140 0.502 0.504 0.414 0.000 0.000 0.000 0.000 0.000 0.000 0.000 0.000 0.368 0.074 0.000 0.161 0.000 0.031 0.132 0.192 0.128 0.291 0.196 15.268 9.023 4.109 0.000 0.000 5.807 0.488 0.005 0.000 0.369 0.192 0.000 0.091 0.000 0.000 0.000 0.056 0.000 0.000 0.000 0.000 0.000 3.230 0.007 0.000 0.000 0.000 0.000 0.025 0.000 0.000 0.000 0.000 0.000 0.000 0.000 0.000 0.000 0.000 0.000 0.000
0.000 0.000 0.000 0.000 0.000 0.000 0.264 0.008 0.036 12.955 0.013 0.013 0.131 0.018 0.028 0.082 0.081 0.002 0.000 0.000 0.182 0.077 0.004 0.306 0.221 0.000 0.000 0.000 0.265 0.000 0.000 0.000 0.000 0.534 0.072 0.391 0.000 0.000 0.005 0.012 0.000 0.000 0.392 0.112 0.162 0.430 0.049 0.000 0.000 0.000 0.000 0.000 0.000 0.000 0.000 0.000 0.000 0.000 0.032 0.050 0.025 0.000 0.000 0.000 12.945 0.014 0.000 0.000 0.000 0.000 0.000 0.000 0.000 0.000 0.000 0.000 0.000
0.000 0.000 0.000 0.000 0.000 0.000 0.043 0.039 0.022 0.241 0.163 2.748 0.000 0.082 0.004 0.000 0.264 0.000 0.000 0.000 0.332 0.257 0.037 0.000 0.000 0.550 0.000 0.000 0.000 0.000 0.000 0.000 0.000 0.005 0.316 0.061 0.738 0.000 0.000 0.000 0.000 0.216 9.197 0.194 0.000 0.564 0.116 0.023 0.000 0.217 0.000 0.243 0.000 0.000 0.000 0.000 0.034 0.000 0.111 0.025 0.017 0.000 0.000 0.000 0.000 12.840 0.000 0.000 0.000 0.000 0.000 0.000 0.000 0.000 0.000 0.000 0.000
0.000 0.000 0.000 0.000 0.000 0.326 0.011 0.029 0.174 0.079 0.004 0.050 0.075 0.251 0.006 0.162 0.054 0.887 0.000 0.000 0.000 0.000 0.000 0.000 0.000 0.526 0.000 0.000 0.000 0.000 0.000 0.000 0.000 0.000 0.245 0.070 0.229 0.000 0.000 0.000 0.000 0.000 15.507 0.203 0.209 0.230 0.268 0.000 0.241 0.000 0.042 0.037 0.560 0.000 0.000 0.000 0.000 0.000 0.000 0.357 0.446 0.012 0.000 0.000 0.000 0.000 12.700 0.000 0.000 0.000 0.000 0.000 0.000 0.000 0.000 0.000 0.000
0.000 0.000 0.000 0.000 0.000 0.384 0.016 0.022 0.090 0.006 0.067 4.503 0.099 0.036 0.000 0.000 0.000 0.000 0.000 0.000 0.000 0.000 2.370 0.094 0.157 1.122 2.082 0.000 0.000 0.000 0.000 0.000 0.000 0.000 1.041 0.050 0.259 0.000 0.000 0.000 0.000 0.000 0.000 0.211 0.000 0.000 0.000 0.000 0.069 0.021 2.985 0.151 0.000 0.000 0.000 0.000 0.000 0.000 0.000 0.172 0.007 0.017 12.880 0.000 0.000 0.000 0.000 0.031 0.000 0.000 0.000 0.000 0.000 0.000 0.000 0.000 0.000
0.000 0.000 0.000 0.000 0.000 0.611 0.025 0.011 0.017 0.006 0.009 0.011 0.028 0.000 0.000 0.000 0.000 0.000 0.523 0.838 0.275 0.208 0.073 1.018 0.551 4.130 0.009 0.000 0.000 0.000 0.000 0.000 0.000 0.000 0.122 0.193 0.308 0.000 0.000 0.000 0.000 0.000 0.000 2.211 0.000 0.033 0.000 0.000 0.000 0.282 0.025 0.197 0.000 0.000 0.000 0.000 0.000 0.428 0.108 0.157 0.029 0.288 0.012 0.000 0.000 0.000 0.000 12.797 0.000 0.000 0.000 0.000 0.000 0.000 0.000 0.000 0.000
0.000 0.000 0.000 0.000 0.000 12.948 0.054 0.019 0.010 0.013 0.003 0.020 0.000 0.000 0.000 0.000 0.000 0.050 13.720 0.073 0.000 0.000 0.000 0.000 0.026 0.047 0.010 0.000 0.000 0.000 0.000 0.000 0.000 0.063 0.000 0.337 0.451 0.000 0.000 0.000 0.000 0.339 0.294 0.336 0.033 0.038 0.174 0.000 0.000 0.184 0.000 0.061 4.434 0.000 0.000 0.000 0.000 0.000 0.000 0.000 0.155 12.835 0.000 0.000 0.000 0.000 0.000 0.000 0.088 0.000 0.000 0.000 0.000 0.000 0.000 0.000 0.000
0.000 0.000 0.000 0.000 0.000 0.594 0.059 0.025 0.027 0.071 0.041 0.152 0.796 0.000 0.000 0.000 0.037 0.041 0.000 0.000 0.000 0.000 0.030 0.034 0.807 0.449 0.081 0.000 0.000 0.000 0.000 0.000 0.000 0.169 0.000 0.123 0.216 0.312 0.000 0.123 0.000 0.018 0.048 0.468 0.071 0.000 0.032 0.000 0.000 0.000 0.000 0.066 6.483 0.014 0.063 0.000 0.000 0.016 0.867 0.000 12.836 0.007 2.576 0.013 0.000 0.000 0.000 0.000 0.498 0.000 0.000 0.000 0.000 0.000 0.000 0.000 0.000
0.000 0.000 0.000 0.000 0.000 12.949 0.020 0.016 0.055 0.042 0.062 0.767 0.146 0.000 0.000 0.000 0.000 0.000 2.707 2.304 0.000 0.058 0.082 13.794 0.836 0.204 0.195 0.000 0.105 0.000 0.000 0.024 0.252 0.034 0.471 0.441 0.126 1.106 0.000 0.000 0.347 0.000 0.041 0.138 0.042 0.000 0.000 0.000 0.000 0.000 0.000 0.000 1.296 6.719 0.000 11.392 3.978 6.528 0.000 0.151 0.000 0.812 12.813 0.016 0.000 0.000 0.000 0.000 0.137 0.000 0.000 0.000 0.000 0.000 0.000 0.000 0.000
0.000 0.000 0.000 0.000 0.000 0.000 12.961 0.011 0.119 0.086 0.080 0.000 0.000 0.000 0.000 0.000 0.000 3.254 0.000 1.132 0.000 0.600 12.428 0.202 0.000 0.161 0.351 0.000 0.000 0.000 0.000 0.207 0.353 0.668 0.340 0.028 0.021 0.000 0.222 0.000 0.549 0.006 0.033 15.313 0.072 0.057 0.000 0.000 0.006 0.000 0.000 15.574 15.521 9.690 0.000 0.000 0.000 6.552 0.000 0.000 0.009 0.205 0.049 0.261 0.018 0.000 0.000 0.000 0.403 0.026 0.000 0.000 0.000 0.000 0.000 0.000 0.000
0.000 0.000 0.000 0.000 0.000 0.000 12.399 0.003 0.051 0.063 0.206 1.417 0.001 0.000 0.000 0.000 0.020 0.000 0.124 13.778 13.090 13.778 13.137 0.038 0.000 0.222 0.533 3.506 0.000 0.057 0.136 0.018 0.275 1.159 0.167 0.006 3.554 0.037 0.611 0.000 0.000 0.173 0.000 0.000 0.152 0.000 5.617 0.068 0.851 0.115 0.243 0.000 0.000 14.608 0.100 0.082 0.000 0.000 0.000 0.000 0.000 0.000 0.018 7.131 0.013 0.000 0.000 0.000 12.820 0.033 0.000 0.000 0.000 0.000 0.000 0.000 0.000
0.000 0.000 0.000 0.000 0.000 0.000 0.062 0.016 0.021 0.040 0.009 0.000 0.000 0.000 0.000 0.000 0.062 1.036 0.286 0.790 0.218 0.046 0.037 13.783 0.230 0.176 0.142 0.120 2.080 0.082 0.126 0.058 0.394 0.249 13.798 0.038 0.113 0.120 0.008 0.000 0.000 0.087 0.067 0.126 7.850 2.113 2.164 3.288 0.000 1.069 0.000 0.000 0.000 12.950 0.120 0.314 0.073 0.000 0.000 0.000 0.000 0.000 0.000 0.190 0.013 12.846 0.000 0.000 0.000 0.096 0.000 0.000 0.000 0.000 0.000 0.000 0.000
0.000 0.000 0.000 0.000 0.000 0.000 12.963 0.002 0.024 0.192 0.127 0.000 0.000 0.000 0.078 0.185 13.769 1.425 0.613 0.176 0.032 1.153 0.310 12.694 0.640 0.160 0.092 0.283 0.084 0.052 2.789 0.129 0.468 0.427 0.490 5.618 0.049 0.035 0.691 0.459 0.411 0.308 0.000 12.951 0.286 0.000 0.025 4.829 0.000 1.883 1.862 2.035 9.171 12.388 0.113 0.083 0.165 0.146 0.000 0.000 0.000 0.000 0.175 0.000 0.895 0.012 0.000 0.000 0.000 0.102 0.000 0.000 0.000 0.000 0.000 0.000 0.000
0.000 0.000 0.000 0.000 0.000 0.000 0.063 0.016 0.029 0.033 1.248 0.000 0.065 0.141 0.257 13.759 13.217 0.245 0.084 0.053 12.702 13.781 13.120 0.032 0.051 1.146 0.269 0.231 0.000 0.000 0.000 0.000 0.000 0.000 0.000 0.193 0.000 0.173 2.871 0.000 0.025 0.545 2.406 9.346 0.309 0.042 0.006 0.000 0.000 1.253 0.000 5.382 14.912 13.384 1.069 0.000 0.000 0.000 0.000 0.000 0.000 0.000 0.171 0.000 0.214 0.011 0.000 0.000 0.000 12.865 0.000 0.000 0.000 0.000 0.000 0.000 0.000
0.000 0.000 0.000 0.000 0.000 0.000 0.261 0.049 0.018 0.115 0.018 0.142 0.383 0.331 0.827 13.707 0.077 0.181 13.089 12.588 0.164 0.197 0.064 0.118 13.787 0.178 0.147 0.469 0.190 0.208 0.000 0.000 0.000 13.782 0.000 0.249 0.201 0.378 1.727 0.000 0.107 0.546 0.031 0.153 11.535 0.131 0.000 0.000 0.000 1.322 0.000 5.741 0.000 0.063 1.571 0.000 0.000 0.000 0.000 0.000 0.000 0.000 1.929 0.635 0.280 0.025 12.852 0.000 0.000 0.000 0.072 0.000 0.000 0.000 0.000 0.000 0.000
0.000 0.000 0.000 0.000 0.000 0.000 0.183 0.081 0.043 0.017 12.965 0.000 12.866 13.725 0.086 0.027 0.400 1.437 13.763 0.060 0.067 1.183 13.782 0.111 0.038 0.061 0.087 0.538 0.000 0.375 0.012 0.008 0.000 12.637 0.000 0.000 13.732 0.247 0.556 0.000 0.164 0.058 0.028 0.357 0.000 0.094 0.000 0.000 0.000 0.000 0.000 0.000 0.000 0.000 0.058 0.060 0.000 0.000 0.000 0.000 0.195 0.149 0.000 0.000 0.004 0.053 0.020 0.000 0.000 0.000 0.128 0.000 0.000 0.000 0.000 0.000 0.000
0.000 0.000 0.000 0.000 0.000 0.000 0.056 0.052 0.028 0.027 0.426 0.000 13.776 12.663 0.146 1.177 0.559 0.885 0.088 1.263 0.337 0.500 0.000 2.293 0.000 13.787 0.012 0.479 0.000 0.213 0.060 0.010 0.000 0.000 0.000 0.000 12.515 9.624 0.000 0.243 0.222 12.819 0.291 0.257 0.000 0.183 0.000 0.000 0.091 0.016 0.000 0.000 0.000 0.000 0.052 0.372 0.206 0.309 0.000 0.000 0.050 0.274 0.000 0.461 0.460 0.186 0.016 0.000 0.000 0.000 12.854 0.000 0.000 0.000 0.000 0.000 0.000
0.000 0.000 0.000 0.000 0.000 0.000 12.929 0.005 0.061 0.468 0.006 0.228 0.230 0.918 13.759 13.755 0.092 0.153 8.116 1.035 0.554 0.206 0.342 0.000 0.000 0.064 0.022 0.350 0.056 0.319 0.024 0.057 0.118 0.039 0.000 0.000 9.714 11.621 0.015 0.331 0.069 0.000 0.000 0.000 15.578 0.064 0.000 0.000 0.085 0.761 0.073 0.190 0.168 0.201 0.062 0.000 0.000 0.132 0.142 0.000 0.092 0.036 1.701 0.426 0.191 0.160 0.026 0.000 0.000 0.000 0.101 0.000 0.000 0.000 0.000 0.000 0.000
0.000 0.000 0.000 0.000 0.000 0.000 0.000 0.161 0.039 0.223 0.615 0.010 0.056 0.318 0.568 0.021 12.636 13.091 13.764 12.087 0.033 0.000 0.151 0.159 0.049 0.018 0.062 0.365 0.518 4.669 0.643 0.291 0.000 3.600 0.038 0.000 12.383 9.727 0.028 0.644 0.018 0.000 0.000 0.000 12.698 0.042 10.340 9.152 9.352 0.000 0.000 0.182 0.000 0.072 0.000 0.000 0.000 0.000 0.039 0.142 0.027 0.000 0.000 0.264 0.208 0.283 0.024 0.000 0.000 0.000 0.286 0.000 0.000 0.000 0.000 0.000 0.000
0.000 0.000 0.000 0.000 0.000 0.000 12.938 0.153 0.049 0.026 0.000 0.049 0.000 0.644 0.059 8.862 13.759 0.358 0.136 0.038 0.103 0.185 13.774 0.504 13.777 0.295 6.668 0.421 14.904 14.966 13.463 0.472 0.467 0.142 0.000 0.032 0.000 11.958 0.000 0.000 0.000 0.000 0.000 0.000 0.000 12.673 2.867 12.594 9.007 0.000 0.000 0.398 0.000 0.000 0.000 0.040 0.000 0.000 0.000 0.000 0.000 0.000 0.000 0.000 0.000 0.405 0.021 12.733 0.000 0.000 12.754 0.000 0.000 0.000 0.000 0.000 0.000
0.000 0.000 0.000 0.000 0.000 0.000 0.084 3.260 0.018 0.090 13.676 0.056 0.000 0.105 4.479 13.752 0.340 0.000 0.158 0.527 0.000 0.000 0.000 0.754 12.619 1.176 0.254 0.216 13.783 13.778 0.653 0.340 0.599 0.555 0.000 0.000 0.000 1.436 0.265 1.622 0.029 0.000 0.336 0.000 14.262 0.093 0.014 12.154 10.431 0.000 0.000 2.442 1.903 0.908 6.668 0.652 0.197 0.255 0.039 0.006 0.000 0.000 0.000 0.000 0.402 0.438 0.128 0.110 0.000 0.000 0.000 0.092 0.000 0.000 0.000 0.000 0.000
0.000 0.000 0.000 0.000 0.000 0.000 0.051 0.214 0.049 0.055 0.052 13.683 0.081 14.856 3.525 0.363 0.055 0.085 0.479 0.000 0.000 0.000 0.000 0.000 0.000 0.612 0.226 0.395 0.000 13.777 1.402 0.903 0.821 0.400 0.017 0.362 0.000 0.101 0.148 4.768 0.545 2.701 0.000 0.000 0.001 0.000 0.872 0.000 13.778 0.177 0.568 0.139 5.004 0.000 1.005 0.330 12.448 0.093 0.387 0.000 0.000 0.000 0.000 0.000 1.199 0.540 0.546 0.037 0.000 0.000 0.000 12.731 0.000 0.000 0.000 0.000 0.000
0.000 0.000 0.000 0.000 0.000 0.000 0.120 0.113 0.023 0.250 0.020 0.182 14.720 0.338 0.000 0.057 0.200 0.165 0.000 0.000 0.021 0.127 13.769 0.000 0.000 0.000 0.000 0.240 0.000 0.000 0.000 0.000 0.000 0.000 0.013 0.000 0.010 0.070 11.699 7.370 0.000 0.250 0.000 0.000 0.053 0.073 0.466 0.565 0.132 2.075 0.000 0.263 0.980 0.000 0.944 0.257 13.719 0.276 0.170 0.077 0.014 0.730 0.070 0.839 0.641 0.803 0.414 0.047 0.000 0.000 0.000 0.000 0.000 0.000 0.000 0.000 0.000
0.000 0.000 0.000 0.000 0.000 0.000 12.999 0.019 0.050 0.118 5.030 0.000 0.000 0.000 0.182 0.152 0.455 0.000 0.009 0.000 0.654 0.000 0.318 0.566 1.514 0.000 0.000 0.844 0.000 0.000 0.000 0.000 0.000 0.000 0.200 1.264 0.057 0.047 11.782 4.466 0.241 0.260 0.000 0.018 0.018 2.878 1.071 0.000 0.223 0.352 0.385 0.131 0.236 0.268 0.714 0.879 0.149 0.078 0.057 0.016 0.011 0.098 0.028 0.153 0.041 0.006 0.004 0.113 0.000 0.000 0.000 0.000 0.000 0.000 0.000 0.000 0.000
0.000 0.000 0.000 0.000 0.000 0.000 0.200 0.022 0.050 0.443 0.000 0.000 0.201 0.000 0.189 0.000 0.138 0.036 13.763 12.621 0.593 0.503 1.264 12.786 12.746 1.067 0.594 0.335 0.000 0.000 13.772 1.011 0.000 0.000 0.000 0.427 0.160 0.145 12.322 0.012 0.162 0.335 0.341 0.021 0.089 0.104 2.572 0.191 0.000 0.173 0.974 0.193 0.014 0.153 0.197 0.111 0.077 0.018 0.012 0.020 0.010 0.211 0.013 0.005 0.009 0.009 0.006 0.416 0.000 0.000 0.000 0.303 0.000 0.000 0.000 0.000 0.000
0.000 0.000 0.000 0.000 0.000 0.000 0.154 0.050 0.392 0.298 0.601 0.394 0.000 0.000 0.208 0.495 0.000 1.168 0.231 0.000 0.000 13.762 13.763 13.764 12.595 0.544 1.563 0.085 0.000 0.000 0.000 0.000 0.220 0.276 0.006 0.152 0.117 0.024 13.099 0.011 12.825 0.411 0.276 0.456 0.498 0.271 0.822 0.175 0.144 0.713 0.067 0.184 0.131 1.033 0.097 0.037 0.063 0.226 0.204 0.053 0.046 0.571 0.000 0.279 0.144 0.753 0.293 0.075 0.000 0.000 0.000 12.715 0.000 0.000 0.000 0.000 0.000
