hx_30m/njhx/rain/result-0033.wd
ncols         211
nrows         286
xllcorner     660279.582600
yllcorner     3541874.325092
cellsize      30.000000
NODATA_value  -9999.000000
[rows 34 to 67 of 286, columns 77 to 153 of 211]
0.000 0.000 0.000 0.000 0.000 0.000 0.000 0.015 0.010 0.010 0.009 0.018 0.009 0.006 0.006 0.009 0.002 0.005 0.003 0.003 0.028 0.010 0.002 0.001 0.000 0.000 0.000 0.006 0.000 0.000 0.007 0.006 0.006 0.009 0.006 0.005 0.010 0.010 0.106 0.000 0.000 0.046 0.064 0.003 0.004 0.008 0.006 0.010 0.005 0.003 0.003 0.010 0.000 0.010 0.008 0.000 0.000 0.000 0.000 0.000 0.000 0.000 0.000 0.000 0.000 0.000 0.000 0.000 0.000 0.000 0.000 0.000 0.000 0.000 0.000 0.000 0.000
0.000 0.000 0.000 0.000 0.000 0.000 0.253 0.010 0.010 0.010 0.010 0.010 0.010 0.010 0.004 0.001 0.001 0.000 0.005 0.000 0.000 0.000 0.001 0.001 0.004 0.007 0.008 0.005 0.008 0.000 0.000 0.000 0.005 0.008 0.008 0.000 0.023 0.007 0.010 0.010 0.000 0.000 0.055 0.045 0.007 0.006 0.000 0.005 0.003 0.000 0.006 0.010 0.010 0.021 0.007 0.009 0.000 0.000 0.000 0.034 0.000 0.000 0.000 0.000 0.000 0.000 0.000 0.000 0.000 0.000 0.000 0.000 0.000 0.000 0.000 0.000 0.000
0.000 0.000 0.000 0.000 0.000 0.000 0.010 0.009 0.010 0.010 0.010 0.010 0.121 0.010 0.002 0.000 0.002 0.002 0.004 0.032 0.000 0.001 0.001 0.005 0.004 0.002 0.005 0.000 0.000 0.005 0.000 0.000 0.005 0.008 0.005 0.000 0.010 0.005 0.010 0.010 0.005 0.000 0.000 0.001 0.000 0.000 0.000 0.000 0.000 0.004 0.004 0.008 0.010 0.009 0.010 0.010 0.010 0.000 0.000 0.000 0.034 0.000 0.000 0.000 0.000 0.000 0.000 0.000 0.000 0.000 0.000 0.000 0.000 0.000 0.000 0.000 0.000
0.000 0.000 0.000 0.000 0.000 0.000 0.010 0.009 0.007 0.010 0.010 0.010 0.010 0.010 0.005 0.000 0.001 0.002 0.000 0.010 0.000 0.003 0.004 0.005 0.007 0.000 0.002 0.005 0.005 0.004 0.000 0.005 0.006 0.009 0.005 0.000 0.010 0.008 0.004 0.012 0.000 0.002 0.000 0.003 0.010 0.010 0.006 0.000 0.230 0.000 0.009 0.009 0.009 0.010 0.010 0.010 0.010 0.000 0.000 0.000 0.000 0.010 0.000 0.000 0.000 0.000 0.000 0.000 0.000 0.000 0.000 0.000 0.000 0.000 0.000 0.000 0.000
0.000 0.000 0.000 0.000 0.000 0.000 0.010 0.009 0.009 0.009 0.010 0.010 0.010 0.010 0.006 0.000 0.001 0.054 0.011 0.010 0.000 0.005 0.001 0.002 0.010 0.003 0.004 0.002 0.010 0.003 0.000 0.000 0.007 0.010 0.005 0.010 0.029 0.006 0.004 0.000 0.000 0.002 0.004 0.000 0.009 0.010 0.005 0.000 0.000 0.005 0.010 0.010 0.010 0.010 0.079 0.010 0.009 0.010 0.000 0.000 0.000 0.055 0.000 0.000 0.000 0.000 0.000 0.000 0.000 0.000 0.000 0.000 0.000 0.000 0.000 0.000 0.000
0.000 0.000 0.000 0.000 0.000 0.000 0.010 0.010 0.006 0.009 0.010 0.103 0.049 0.010 0.028 0.000 0.001 0.000 0.032 0.009 0.001 0.002 0.001 0.001 0.003 0.000 0.001 0.001 0.008 0.000 0.010 0.010 0.008 0.010 0.009 0.003 0.000 0.000 0.000 0.022 0.010 0.000 0.000 0.000 0.008 0.008 0.018 0.005 0.006 0.010 0.010 0.010 0.010 0.066 0.010 0.000 0.016 0.009 0.010 0.000 0.000 0.000 0.032 0.000 0.000 0.000 0.000 0.000 0.000 0.000 0.000 0.000 0.000 0.000 0.000 0.000 0.000
0.000 0.000 0.000 0.000 0.000 0.000 0.010 0.009 0.009 0.007 0.010 0.147 0.010 0.010 0.039 0.010 0.022 0.081 0.003 0.000 0.002 0.002 0.002 0.009 0.004 0.003 0.008 0.002 0.005 0.000 0.000 0.010 0.000 0.006 0.009 0.004 0.000 0.009 0.010 0.010 0.008 0.008 0.010 0.005 0.010 0.018 0.008 0.010 0.008 0.010 0.000 0.010 0.000 0.000 0.000 0.042 0.010 0.010 0.009 0.000 0.000 0.000 0.000 0.010 0.000 0.000 0.000 0.000 0.000 0.000 0.000 0.000 0.000 0.000 0.000 0.000 0.000
0.000 0.000 0.000 0.000 0.000 0.000 0.009 0.010 0.003 0.009 0.010 0.010 0.010 0.010 0.010 0.088 0.020 0.000 0.002 0.003 0.001 0.003 0.000 0.003 0.000 0.002 0.000 0.003 0.002 0.013 0.010 0.000 0.004 0.004 0.008 0.006 0.007 0.113 0.010 0.870 0.010 0.003 0.010 0.008 0.007 0.009 0.000 0.000 0.007 0.009 0.051 0.023 0.010 0.005 0.000 0.010 0.010 0.006 0.007 0.010 0.000 0.000 0.000 0.053 0.000 0.000 0.000 0.000 0.000 0.000 0.000 0.000 0.000 0.000 0.000 0.000 0.000
0.000 0.000 0.000 0.000 0.000 0.000 0.007 0.007 0.006 0.009 0.010 0.010 0.010 0.010 0.010 0.010 0.009 0.002 0.000 0.003 0.000 0.000 0.000 0.001 0.003 0.005 0.008 0.002 0.010 0.003 0.007 0.006 0.009 0.009 0.010 0.007 0.137 0.033 0.024 0.000 0.000 0.022 0.010 0.006 0.000 0.010 0.010 0.000 0.008 0.000 0.000 0.002 0.010 0.003 0.000 0.004 0.005 0.003 0.017 0.007 0.000 0.000 0.000 0.000 0.010 0.000 0.000 0.000 0.000 0.000 0.000 0.000 0.000 0.000 0.000 0.000 0.000
0.000 0.000 0.000 0.000 0.000 0.000 0.010 0.009 0.007 0.058 0.007 0.009 0.009 0.007 0.007 0.007 0.009 0.006 0.005 0.005 0.010 0.004 0.004 0.006 0.007 0.003 0.006 0.006 0.008 0.005 0.002 0.004 0.002 0.005 0.010 0.004 0.004 0.000 0.003 0.004 0.002 0.000 0.009 0.010 0.010 0.010 0.006 0.003 0.000 0.004 0.000 0.000 0.000 0.002 0.003 0.005 0.002 0.000 0.003 0.007 0.010 0.000 0.000 0.000 0.065 0.010 0.000 0.000 0.000 0.000 0.000 0.000 0.000 0.000 0.000 0.000 0.000
0.000 0.000 0.000 0.000 0.000 0.000 0.006 0.009 0.010 0.010 0.006 0.012 0.004 0.009 0.007 0.005 0.009 0.005 0.003 0.005 0.009 0.006 0.003 0.004 0.005 0.003 0.000 0.000 0.001 0.002 0.002 0.000 0.000 0.005 0.007 0.006 0.006 0.000 0.000 0.001 0.001 0.010 0.020 0.009 0.000 0.010 0.007 0.003 0.002 0.006 0.004 0.006 0.003 0.002 0.000 0.003 0.006 0.003 0.003 0.005 0.008 0.000 0.000 0.000 0.000 0.032 0.000 0.000 0.000 0.000 0.000 0.000 0.000 0.000 0.000 0.000 0.000
0.000 0.000 0.000 0.000 0.000 0.010 0.010 0.010 0.008 0.010 0.010 0.010 0.009 0.003 0.004 0.007 0.009 0.008 0.003 0.002 0.003 0.002 0.000 0.000 0.000 0.005 0.000 0.001 0.001 0.001 0.000 0.002 0.000 0.003 0.005 0.009 0.004 0.000 0.000 0.000 0.002 0.002 0.252 0.006 0.004 0.007 0.004 0.000 0.006 0.000 0.009 0.006 0.008 0.004 0.004 0.003 0.004 0.000 0.000 0.007 0.007 0.009 0.000 0.000 0.000 0.000 0.022 0.000 0.000 0.000 0.000 0.000 0.000 0.000 0.000 0.000 0.000
0.000 0.000 0.000 0.000 0.000 0.010 0.010 0.010 0.008 0.010 0.006 0.020 0.006 0.007 0.005 0.003 0.004 0.006 0.000 0.002 0.002 0.002 0.010 0.010 0.008 0.010 0.006 0.000 0.000 0.000 0.001 0.000 0.003 0.002 0.008 0.006 0.004 0.003 0.003 0.002 0.000 0.001 0.000 0.006 0.000 0.003 0.003 0.002 0.005 0.005 0.016 0.010 0.005 0.000 0.000 0.002 0.003 0.002 0.002 0.003 0.004 0.007 0.037 0.000 0.000 0.000 0.000 0.010 0.000 0.000 0.000 0.000 0.000 0.000 0.000 0.000 0.000
0.000 0.000 0.000 0.000 0.000 0.010 0.010 0.010 0.005 0.007 0.006 0.006 0.010 0.004 0.002 0.002 0.003 0.000 0.005 0.009 0.009 0.007 0.009 0.010 0.010 0.010 0.005 0.001 0.001 0.000 0.001 0.000 0.001 0.002 0.004 0.007 0.003 0.003 0.000 0.000 0.002 0.001 0.000 0.015 0.000 0.003 0.002 0.000 0.002 0.009 0.009 0.007 0.003 0.000 0.000 0.002 0.004 0.004 0.003 0.005 0.010 0.008 0.010 0.000 0.000 0.000 0.000 0.046 0.000 0.000 0.000 0.000 0.000 0.000 0.000 0.000 0.000
0.000 0.000 0.000 0.000 0.000 0.080 0.010 0.010 0.006 0.007 0.005 0.010 0.003 0.002 0.002 0.004 0.004 0.010 0.051 0.007 0.000 0.002 0.002 0.004 0.007 0.008 0.005 0.001 0.000 0.000 0.000 0.001 0.002 0.003 0.002 0.009 0.009 0.003 0.000 0.000 0.002 0.002 0.003 0.007 0.005 0.003 0.005 0.003 0.003 0.002 0.002 0.002 0.034 0.003 0.002 0.000 0.000 0.003 0.002 0.000 0.010 0.055 0.000 0.000 0.000 0.000 0.000 0.000 0.010 0.000 0.000 0.000 0.000 0.000 0.000 0.000 0.000
0.000 0.000 0.000 0.000 0.000 0.010 0.010 0.010 0.010 0.010 0.005 0.010 0.006 0.002 0.002 0.004 0.006 0.006 0.002 0.006 0.002 0.003 0.007 0.010 0.010 0.010 0.005 0.002 0.002 0.000 0.000 0.002 0.000 0.009 0.000 0.003 0.010 0.004 0.002 0.004 0.000 0.006 0.009 0.009 0.005 0.000 0.002 0.002 0.002 0.000 0.000 0.006 0.011 0.010 0.010 0.000 0.000 0.007 0.008 0.000 0.084 0.010 0.010 0.010 0.000 0.000 0.000 0.000 0.010 0.000 0.000 0.000 0.000 0.000 0.000 0.000 0.000
0.000 0.000 0.000 0.000 0.000 0.162 0.009 0.010 0.007 0.010 0.008 0.009 0.003 0.003 0.005 0.004 0.003 0.005 0.010 0.010 0.000 0.010 0.010 0.163 0.010 0.010 0.007 0.000 0.004 0.001 0.001 0.001 0.001 0.004 0.009 0.003 0.007 0.008 0.000 0.000 0.007 0.000 0.009 0.010 0.005 0.002 0.000 0.003 0.002 0.002 0.000 0.000 0.010 0.010 0.000 0.055 0.010 0.010 0.005 0.005 0.003 0.010 0.109 0.009 0.000 0.000 0.000 0.000 0.010 0.000 0.000 0.000 0.000 0.000 0.000 0.000 0.000
0.000 0.000 0.000 0.000 0.000 0.000 0.050 0.008 0.007 0.007 0.007 0.000 0.002 0.002 0.003 0.003 0.003 0.021 0.000 0.010 0.000 0.010 0.041 0.010 0.000 0.010 0.007 0.000 0.000 0.001 0.001 0.003 0.003 0.005 0.005 0.004 0.006 0.003 0.008 0.000 0.005 0.003 0.008 0.255 0.006 0.006 0.000 0.001 0.003 0.000 0.000 0.807 0.513 0.025 0.003 0.004 0.000 0.018 0.000 0.004 0.005 0.010 0.004 0.005 0.010 0.000 0.000 0.000 0.010 0.010 0.000 0.000 0.000 0.000 0.000 0.000 0.000
0.000 0.000 0.000 0.000 0.000 0.000 0.013 0.006 0.010 0.007 0.004 0.010 0.006 0.002 0.002 0.005 0.006 0.000 0.010 0.172 0.107 0.148 0.106 0.010 0.000 0.010 0.009 0.012 0.000 0.004 0.006 0.003 0.008 0.010 0.010 0.003 0.014 0.006 0.005 0.000 0.000 0.006 0.000 0.000 0.005 0.000 0.054 0.008 0.007 0.004 0.007 0.000 0.000 0.039 0.007 0.007 0.004 0.000 0.000 0.000 0.002 0.000 0.005 0.056 0.008 0.000 0.000 0.000 0.131 0.010 0.000 0.000 0.000 0.000 0.000 0.000 0.000
0.000 0.000 0.000 0.000 0.000 0.000 0.010 0.007 0.008 0.006 0.003 0.002 0.001 0.004 0.004 0.000 0.010 0.010 0.010 0.010 0.010 0.010 0.010 0.121 0.010 0.010 0.008 0.007 0.008 0.004 0.009 0.010 0.010 0.010 0.100 0.005 0.004 0.009 0.004 0.000 0.000 0.007 0.004 0.010 0.010 0.010 0.010 0.010 0.002 0.011 0.002 0.002 0.000 0.040 0.010 0.010 0.008 0.002 0.003 0.000 0.002 0.001 0.001 0.006 0.007 0.031 0.000 0.000 0.000 0.010 0.000 0.000 0.000 0.000 0.000 0.000 0.000
0.000 0.000 0.000 0.000 0.000 0.000 0.080 0.006 0.008 0.010 0.005 0.001 0.003 0.000 0.008 0.010 0.080 0.010 0.010 0.010 0.010 0.010 0.010 0.034 0.010 0.010 0.008 0.005 0.009 0.009 0.009 0.009 0.010 0.010 0.010 0.024 0.005 0.009 0.007 0.005 0.003 0.005 0.000 0.091 0.010 0.000 0.003 0.010 0.000 0.086 0.018 0.024 0.119 0.110 0.010 0.003 0.007 0.005 0.002 0.002 0.000 0.004 0.005 0.000 0.006 0.010 0.000 0.000 0.000 0.010 0.000 0.000 0.000 0.000 0.000 0.000 0.000
0.000 0.000 0.000 0.000 0.000 0.000 0.010 0.007 0.008 0.006 0.008 0.000 0.010 0.010 0.010 0.129 0.076 0.010 0.010 0.010 0.027 0.096 0.044 0.010 0.010 0.010 0.010 0.004 0.000 0.000 0.000 0.000 0.000 0.000 0.000 0.007 0.003 0.010 0.010 0.000 0.006 0.010 0.010 0.056 0.007 0.005 0.003 0.000 0.000 0.013 0.000 0.136 0.270 0.203 0.010 0.000 0.000 0.002 0.002 0.003 0.002 0.000 0.007 0.000 0.010 0.010 0.000 0.000 0.000 0.072 0.000 0.000 0.000 0.000 0.000 0.000 0.000
0.000 0.000 0.000 0.000 0.000 0.000 0.010 0.009 0.009 0.004 0.009 0.010 0.010 0.010 0.010 0.082 0.010 0.010 0.053 0.028 0.010 0.010 0.010 0.010 0.125 0.010 0.010 0.006 0.010 0.007 0.004 0.002 0.000 0.052 0.000 0.010 0.003 0.009 0.010 0.000 0.009 0.010 0.006 0.010 0.158 0.007 0.000 0.000 0.003 0.010 0.000 0.216 0.000 0.005 0.026 0.000 0.004 0.000 0.002 0.003 0.000 0.000 0.013 0.010 0.006 0.009 0.036 0.000 0.000 0.000 0.010 0.000 0.000 0.000 0.000 0.000 0.000
0.000 0.000 0.000 0.000 0.000 0.000 0.010 0.009 0.010 0.008 0.067 0.000 0.047 0.049 0.010 0.010 0.010 0.010 0.140 0.010 0.010 0.010 0.115 0.010 0.009 0.008 0.009 0.007 0.000 0.007 0.004 0.004 0.002 0.016 0.000 0.000 0.432 0.010 0.010 0.000 0.009 0.010 0.007 0.009 0.000 0.005 0.000 0.001 0.002 0.002 0.002 0.000 0.000 0.000 0.006 0.002 0.002 0.000 0.004 0.002 0.005 0.007 0.002 0.001 0.002 0.006 0.010 0.000 0.000 0.000 0.010 0.000 0.000 0.000 0.000 0.000 0.000
0.000 0.000 0.000 0.000 0.000 0.000 0.010 0.009 0.010 0.008 0.010 0.000 0.153 0.043 0.010 0.010 0.010 0.010 0.010 0.010 0.010 0.010 0.000 0.009 0.000 0.095 0.007 0.006 0.000 0.009 0.006 0.005 0.003 0.000 0.000 0.000 0.029 0.011 0.003 0.009 0.008 0.031 0.007 0.009 0.000 0.005 0.000 0.002 0.005 0.004 0.002 0.001 0.000 0.000 0.005 0.008 0.003 0.010 0.000 0.002 0.008 0.003 0.000 0.003 0.004 0.005 0.010 0.000 0.000 0.000 0.074 0.000 0.000 0.000 0.000 0.000 0.000
0.000 0.000 0.000 0.000 0.000 0.000 0.057 0.007 0.010 0.008 0.007 0.010 0.010 0.010 0.113 0.135 0.010 0.010 0.010 0.010 0.010 0.009 0.010 0.000 0.000 0.010 0.007 0.003 0.009 0.010 0.005 0.006 0.006 0.003 0.000 0.000 0.010 0.010 0.005 0.007 0.007 0.000 0.000 0.000 0.372 0.007 0.000 0.000 0.006 0.007 0.007 0.003 0.005 0.005 0.005 0.003 0.003 0.003 0.003 0.003 0.005 0.005 0.013 0.002 0.003 0.006 0.010 0.000 0.000 0.000 0.010 0.000 0.000 0.000 0.000 0.000 0.000
0.000 0.000 0.000 0.000 0.000 0.000 0.000 0.009 0.010 0.008 0.003 0.007 0.010 0.010 0.010 0.010 0.066 0.115 0.186 0.015 0.007 0.000 0.009 0.008 0.006 0.006 0.007 0.006 0.010 0.010 0.010 0.010 0.000 0.012 0.005 0.000 0.069 0.010 0.006 0.004 0.004 0.003 0.000 0.000 0.013 0.005 0.010 0.059 0.133 0.000 0.000 0.004 0.000 0.002 0.002 0.000 0.000 0.001 0.007 0.003 0.005 0.003 0.000 0.007 0.009 0.006 0.010 0.000 0.000 0.000 0.010 0.000 0.000 0.000 0.000 0.000 0.000
0.000 0.000 0.000 0.000 0.000 0.000 0.028 0.010 0.010 0.008 0.002 0.007 0.000 0.010 0.010 0.010 0.089 0.010 0.007 0.007 0.005 0.010 0.069 0.010 0.141 0.010 0.040 0.010 0.169 0.158 0.102 0.010 0.010 0.010 0.003 0.005 0.003 0.024 0.003 0.000 0.003 0.000 0.000 0.003 0.003 0.067 0.010 0.177 0.084 0.000 0.000 0.007 0.002 0.002 0.002 0.002 0.002 0.002 0.000 0.001 0.002 0.002 0.000 0.000 0.000 0.006 0.009 0.045 0.000 0.000 0.059 0.000 0.000 0.000 0.000 0.000 0.000
0.000 0.000 0.000 0.000 0.000 0.000 0.010 0.018 0.010 0.008 0.068 0.010 0.000 0.010 0.010 0.090 0.009 0.000 0.009 0.005 0.000 0.000 0.000 0.010 0.022 0.010 0.010 0.007 0.124 0.123 0.010 0.010 0.010 0.010 0.000 0.000 0.000 0.010 0.010 0.011 0.006 0.000 0.006 0.002 0.048 0.007 0.003 0.102 0.032 0.000 0.000 0.011 0.010 0.010 0.041 0.010 0.008 0.003 0.004 0.003 0.002 0.003 0.000 0.001 0.004 0.010 0.010 0.010 0.000 0.000 0.000 0.010 0.000 0.000 0.000 0.000 0.000
0.000 0.000 0.000 0.000 0.000 0.000 0.010 0.008 0.010 0.008 0.009 0.021 0.010 0.186 0.010 0.010 0.007 0.005 0.007 0.000 0.000 0.000 0.000 0.000 0.000 0.010 0.010 0.007 0.000 0.141 0.010 0.010 0.010 0.008 0.004 0.008 0.002 0.009 0.010 0.010 0.010 0.014 0.000 0.004 0.003 0.000 0.003 0.000 0.099 0.010 0.010 0.005 0.010 0.000 0.010 0.010 0.029 0.010 0.003 0.000 0.003 0.003 0.000 0.000 0.006 0.010 0.007 0.010 0.000 0.000 0.000 0.046 0.000 0.000 0.000 0.000 0.000
0.000 0.000 0.000 0.000 0.000 0.000 0.010 0.007 0.010 0.008 0.010 0.007 0.080 0.010 0.000 0.007 0.006 0.005 0.000 0.000 0.007 0.009 0.064 0.000 0.000 0.000 0.000 0.006 0.000 0.000 0.000 0.000 0.000 0.000 0.004 0.000 0.004 0.009 0.010 0.010 0.000 0.005 0.000 0.000 0.010 0.005 0.009 0.010 0.010 0.011 0.000 0.004 0.010 0.000 0.010 0.010 0.071 0.010 0.008 0.003 0.003 0.003 0.008 0.010 0.007 0.010 0.007 0.010 0.000 0.000 0.000 0.000 0.000 0.000 0.000 0.000 0.000
0.000 0.000 0.000 0.000 0.000 0.000 0.062 0.008 0.010 0.009 0.026 0.000 0.000 0.000 0.006 0.006 0.004 0.000 0.005 0.004 0.010 0.000 0.010 0.010 0.010 0.000 0.000 0.010 0.000 0.000 0.000 0.000 0.000 0.000 0.008 0.010 0.010 0.010 0.010 0.010 0.010 0.004 0.002 0.007 0.010 0.017 0.010 0.000 0.007 0.006 0.010 0.005 0.003 0.004 0.010 0.010 0.007 0.005 0.003 0.007 0.009 0.002 0.007 0.010 0.010 0.007 0.004 0.010 0.000 0.000 0.000 0.000 0.000 0.000 0.000 0.000 0.000
0.000 0.000 0.000 0.000 0.000 0.000 0.010 0.008 0.010 0.009 0.000 0.000 0.005 0.000 0.006 0.000 0.005 0.010 0.082 0.022 0.010 0.010 0.010 0.049 0.024 0.010 0.010 0.005 0.000 0.000 0.056 0.010 0.000 0.000 0.000 0.010 0.010 0.010 0.011 0.004 0.009 0.003 0.006 0.005 0.006 0.005 0.010 0.004 0.003 0.004 0.006 0.004 0.003 0.005 0.005 0.004 0.006 0.007 0.007 0.010 0.010 0.002 0.009 0.007 0.007 0.007 0.005 0.010 0.000 0.000 0.000 0.010 0.000 0.000 0.000 0.000 0.000
0.000 0.000 0.000 0.000 0.000 0.000 0.010 0.009 0.010 0.009 0.008 0.003 0.000 0.004 0.010 0.006 0.000 0.010 0.010 0.000 0.000 0.103 0.151 0.099 0.024 0.010 0.010 0.008 0.000 0.000 0.000 0.000 0.010 0.008 0.004 0.005 0.004 0.010 0.261 0.006 0.047 0.009 0.005 0.007 0.007 0.010 0.010 0.004 0.010 0.005 0.005 0.004 0.004 0.008 0.006 0.007 0.010 0.010 0.009 0.005 0.009 0.003 0.000 0.002 0.005 0.004 0.008 0.010 0.000 0.000 0.000 0.077 0.000 0.000 0.000 0.000 0.000
