hx_30m/njhx/rain/result-0033.wd
ncols         211
nrows         286
xllcorner     660279.582600
yllcorner     3541874.325092
cellsize      30.000000
NODATA_value  -9999.000000
[rows 204 to 237 of 286, columns 0 to 76 of 211]
0.000 0.000 0.000 0.000 0.000 0.000 0.000 0.000 0.000 0.000 0.000 0.000 0.000 0.000 0.000 0.010 0.193 0.010 0.000 0.005 0.011 0.006 0.010 0.010 0.010 0.010 0.010 0.051 0.004 0.010 0.010 0.107 0.000 0.009 0.010 0.007 0.009 0.008 0.010 0.010 0.133 0.000 0.010 0.542 0.009 0.010 0.005 0.007 0.006 0.010 0.000 0.007 0.000 0.005 0.008 0.006 0.008 0.006 0.000 0.000 0.004 0.003 0.003 0.003 0.000 0.002 0.003 0.003 0.000 0.064 0.009 0.006 0.010 0.010 0.010 0.010 0.000
0.000 0.000 0.000 0.000 0.000 0.000 0.000 0.000 0.000 0.000 0.000 0.000 0.000 0.000 0.118 0.010 0.010 0.007 0.003 0.007 0.008 0.010 0.009 0.010 0.010 0.010 0.010 0.010 0.004 0.010 0.010 0.062 0.000 0.010 0.010 0.009 0.010 0.019 0.010 0.010 0.006 0.000 0.010 0.010 0.010 0.010 0.010 0.006 0.007 0.005 0.008 0.010 0.011 0.006 0.018 0.005 0.003 0.003 0.000 0.002 0.000 0.000 0.000 0.002 0.017 0.006 0.009 0.000 0.006 0.030 0.000 0.010 0.009 0.009 0.000 0.312 0.011
0.000 0.000 0.000 0.000 0.000 0.000 0.000 0.000 0.000 0.000 0.000 0.000 0.000 0.000 0.010 0.127 0.007 0.007 0.009 0.007 0.010 0.010 0.008 0.010 0.009 0.085 0.010 0.018 0.010 0.013 0.010 0.010 0.000 0.012 0.010 0.018 0.007 0.010 0.010 0.007 0.000 0.071 0.010 0.010 0.010 0.010 0.010 0.008 0.008 0.004 0.005 0.005 0.006 0.005 0.005 0.005 0.003 0.003 0.003 0.000 0.000 0.003 0.003 0.005 0.010 0.010 0.010 0.010 0.009 0.043 0.010 0.019 0.010 0.000 0.350 0.251 0.393
0.000 0.000 0.000 0.000 0.000 0.000 0.000 0.000 0.000 0.000 0.000 0.000 0.000 0.000 0.010 0.010 0.009 0.010 0.007 0.007 0.010 0.012 0.010 0.009 0.018 0.007 0.006 0.009 0.009 0.008 0.007 0.010 0.022 0.010 0.010 0.010 0.010 0.009 0.005 0.007 0.010 0.088 0.010 0.010 0.010 0.010 0.010 0.007 0.003 0.000 0.004 0.004 0.006 0.010 0.005 0.003 0.013 0.000 0.000 0.000 0.000 0.002 0.001 0.003 0.010 0.010 0.010 0.010 0.005 0.022 0.010 0.000 0.041 0.009 0.145 0.000 0.009
0.000 0.000 0.000 0.000 0.000 0.000 0.000 0.000 0.000 0.000 0.000 0.000 0.000 0.000 0.010 0.010 0.007 0.009 0.009 0.080 0.036 0.010 0.010 0.019 0.010 0.009 0.009 0.008 0.010 0.009 0.010 0.000 0.009 0.010 0.017 0.005 0.005 0.009 0.009 0.010 0.010 0.072 0.010 0.010 0.010 0.010 0.009 0.007 0.000 0.010 0.004 0.005 0.010 0.000 0.002 0.004 0.005 0.002 0.009 0.002 0.002 0.004 0.004 0.010 0.009 0.010 0.010 0.008 0.006 0.031 0.000 0.010 0.010 0.010 0.000 0.005 0.000
0.000 0.000 0.000 0.000 0.000 0.000 0.000 0.000 0.000 0.000 0.000 0.000 0.000 0.010 0.010 0.007 0.010 0.010 0.010 0.009 0.010 0.010 0.010 0.010 0.005 0.010 0.010 0.010 0.008 0.020 0.065 0.000 0.019 0.010 0.009 0.005 0.000 0.004 0.009 0.010 0.010 0.010 0.010 0.010 0.010 0.010 0.009 0.006 0.007 0.005 0.000 0.100 0.012 0.000 0.000 0.002 0.020 0.031 0.145 0.236 0.002 0.003 0.004 0.010 0.010 0.010 0.062 0.000 0.000 0.345 0.233 0.070 0.005 0.007 0.000 0.007 0.005
0.000 0.000 0.000 0.000 0.000 0.000 0.000 0.000 0.000 0.000 0.000 0.000 0.169 0.010 0.010 0.009 0.075 0.010 0.010 0.013 0.010 0.010 0.010 0.009 0.009 0.010 0.010 0.013 0.000 0.010 0.000 0.073 0.010 0.010 0.010 0.002 0.000 0.004 0.005 0.010 0.009 0.010 0.010 0.010 0.010 0.010 0.007 0.005 0.008 0.006 0.003 0.010 0.000 0.000 0.000 0.045 0.000 0.006 0.006 0.095 0.315 0.188 0.026 0.004 0.010 0.079 0.014 0.010 0.010 0.203 0.140 0.007 0.004 0.000 0.004 0.003 0.005
0.000 0.000 0.000 0.000 0.000 0.000 0.000 0.000 0.000 0.000 0.000 0.000 0.010 0.010 0.006 0.026 0.010 0.010 0.009 0.010 0.010 0.010 0.010 0.010 0.008 0.010 0.005 0.009 0.000 0.000 0.000 0.009 0.010 0.009 0.006 0.000 0.002 0.003 0.004 0.009 0.043 0.010 0.010 0.010 0.010 0.009 0.006 0.008 0.010 0.006 0.000 0.005 0.000 0.000 0.002 0.010 0.000 0.000 0.000 0.006 0.056 0.003 0.116 0.027 0.272 0.010 0.000 0.010 0.010 0.268 0.009 0.009 0.006 0.006 0.006 0.004 0.010
0.000 0.000 0.000 0.000 0.000 0.000 0.000 0.000 0.000 0.000 0.000 0.000 0.010 0.010 0.006 0.010 0.010 0.051 0.009 0.009 0.010 0.010 0.010 0.028 0.007 0.010 0.006 0.010 0.000 0.000 0.000 0.021 0.010 0.019 0.009 0.006 0.002 0.010 0.008 0.005 0.000 0.004 0.005 0.018 0.010 0.020 0.004 0.010 0.010 0.010 0.008 0.003 0.000 0.000 0.001 0.005 0.004 0.005 0.007 0.007 0.006 0.000 0.005 0.156 0.010 0.010 0.010 0.058 0.007 0.000 0.009 0.004 0.007 0.003 0.004 0.004 0.000
0.000 0.000 0.000 0.000 0.000 0.000 0.000 0.000 0.000 0.000 0.000 0.000 0.054 0.007 0.010 0.010 0.415 0.141 0.009 0.010 0.010 0.010 0.010 0.010 0.006 0.010 0.008 0.009 0.000 0.010 0.000 0.010 0.009 0.010 0.007 0.004 0.004 0.005 0.000 0.000 0.005 0.000 0.000 0.000 0.006 0.010 0.000 0.004 0.007 0.006 0.000 0.003 0.004 0.003 0.021 0.008 0.004 0.005 0.004 0.003 0.005 0.009 0.000 0.563 0.010 0.010 0.010 0.010 0.010 0.086 0.084 0.000 0.000 0.009 0.006 0.000 0.000
0.000 0.000 0.000 0.000 0.000 0.000 0.000 0.000 0.000 0.000 0.000 0.010 0.006 0.005 0.010 0.010 0.010 0.010 0.009 0.010 0.010 0.009 0.010 0.009 0.092 0.010 0.010 0.009 0.010 0.875 0.140 0.010 0.117 0.010 0.004 0.009 0.007 0.015 0.006 0.000 0.006 0.005 0.017 0.004 0.005 0.004 0.006 0.002 0.008 0.004 0.005 0.000 0.005 0.023 0.003 0.000 0.005 0.003 0.006 0.008 0.008 0.000 0.042 0.010 0.010 0.010 0.025 0.000 0.010 0.110 0.356 0.131 0.010 0.000 0.000 0.000 0.010
0.000 0.000 0.000 0.000 0.000 0.000 0.000 0.000 0.000 0.000 0.000 0.069 0.010 0.005 0.020 0.010 0.010 0.008 0.010 0.010 0.010 0.009 0.008 0.010 0.010 0.010 0.064 0.010 0.010 0.000 0.009 0.010 0.014 0.009 0.005 0.004 0.009 0.007 0.010 0.005 0.010 0.000 0.000 0.005 0.006 0.004 0.006 0.006 0.007 0.005 0.007 0.000 0.009 0.007 0.006 0.010 0.010 0.010 0.009 0.000 0.165 0.010 0.010 0.069 0.000 0.010 0.044 0.007 0.006 0.000 0.009 0.008 0.033 0.004 0.007 0.010 0.010
0.000 0.000 0.000 0.000 0.000 0.000 0.000 0.000 0.000 0.000 0.272 0.010 0.010 0.010 0.010 0.010 0.010 0.008 0.010 0.010 0.010 0.009 0.003 0.007 0.010 0.010 0.010 0.010 0.009 0.000 0.087 0.010 0.009 0.006 0.004 0.007 0.005 0.005 0.000 0.005 0.010 0.075 0.010 0.006 0.004 0.000 0.000 0.006 0.006 0.006 0.075 0.006 0.009 0.007 0.002 0.005 0.007 0.007 0.000 0.057 0.010 0.010 0.000 0.000 0.009 0.065 0.000 0.000 0.005 0.006 0.007 0.005 0.009 0.005 0.005 0.006 0.008
0.000 0.000 0.000 0.000 0.000 0.000 0.000 0.000 0.000 0.000 0.015 0.010 0.010 0.010 0.010 0.010 0.010 0.006 0.010 0.010 0.010 0.010 0.008 0.007 0.010 0.010 0.009 0.005 0.000 0.297 0.073 0.010 0.010 0.000 0.000 0.005 0.104 0.010 0.010 0.006 0.004 0.006 0.002 0.005 0.005 0.005 0.010 0.010 0.003 0.005 0.000 0.004 0.011 0.003 0.007 0.009 0.000 0.128 0.010 0.073 0.010 0.000 0.000 0.010 0.010 0.008 0.008 0.009 0.007 0.007 0.005 0.005 0.007 0.004 0.000 0.006 0.044
0.000 0.000 0.000 0.000 0.000 0.000 0.000 0.000 0.000 0.000 0.010 0.010 0.010 0.010 0.010 0.010 0.010 0.009 0.010 0.041 0.000 0.010 0.095 0.010 0.008 0.009 0.005 0.000 0.087 0.008 0.010 0.009 0.010 0.006 0.006 0.017 0.010 0.010 0.096 0.010 0.008 0.004 0.003 0.008 0.008 0.006 0.009 0.008 0.007 0.012 0.003 0.002 0.006 0.007 0.010 0.000 0.012 0.010 0.000 0.010 0.010 0.000 0.010 0.010 0.005 0.006 0.000 0.003 0.000 0.005 0.007 0.009 0.005 0.004 0.006 0.010 0.117
0.000 0.000 0.000 0.000 0.000 0.000 0.000 0.000 0.000 0.000 0.000 0.010 0.099 0.025 0.010 0.010 0.010 0.010 0.041 0.000 0.000 0.000 0.010 0.071 0.000 0.000 0.219 0.008 0.009 0.010 0.010 0.010 0.010 0.000 0.000 0.009 0.008 0.000 0.006 0.006 0.008 0.003 0.006 0.004 0.007 0.010 0.010 0.011 0.005 0.005 0.004 0.002 0.004 0.000 0.103 0.006 0.004 0.003 0.005 0.000 0.010 0.010 0.010 0.010 0.010 0.006 0.008 0.004 0.012 0.017 0.007 0.009 0.007 0.000 0.000 0.018 0.059
0.000 0.000 0.000 0.000 0.000 0.000 0.000 0.000 0.000 0.000 0.000 0.000 0.000 0.000 0.202 0.010 0.010 0.010 0.000 0.000 0.000 0.000 0.000 0.010 0.000 0.010 0.009 0.008 0.010 0.006 0.010 0.009 0.010 0.000 0.013 0.010 0.000 0.008 0.006 0.005 0.000 0.003 0.007 0.006 0.007 0.010 0.010 0.005 0.006 0.004 0.003 0.004 0.000 0.020 0.010 0.005 0.010 0.000 0.003 0.003 0.009 0.008 0.008 0.007 0.010 0.004 0.005 0.009 0.006 0.005 0.009 0.000 0.004 0.000 0.006 0.306 0.000
0.000 0.000 0.000 0.000 0.000 0.000 0.000 0.000 0.000 0.000 0.000 0.000 0.010 0.010 0.010 0.010 0.010 0.010 0.000 0.000 0.000 0.000 0.000 0.000 0.000 0.209 0.006 0.008 0.007 0.011 0.010 0.009 0.010 0.007 0.007 0.005 0.000 0.010 0.008 0.003 0.002 0.002 0.003 0.000 0.005 0.009 0.006 0.009 0.005 0.003 0.000 0.010 0.010 0.016 0.000 0.000 0.008 0.000 0.009 0.000 0.000 0.003 0.006 0.006 0.005 0.000 0.004 0.006 0.000 0.000 0.006 0.007 0.007 0.007 0.005 0.312 0.005
0.000 0.000 0.000 0.000 0.000 0.000 0.000 0.000 0.000 0.000 0.000 0.000 0.000 0.000 0.000 0.010 0.010 0.010 0.010 0.000 0.000 0.000 0.032 0.000 0.000 0.000 0.000 0.063 0.010 0.007 0.010 0.007 0.010 0.007 0.009 0.010 0.006 0.009 0.000 0.000 0.003 0.006 0.005 0.012 0.006 0.003 0.012 0.003 0.006 0.000 0.006 0.012 0.007 0.004 0.006 0.009 0.006 0.005 0.000 0.000 0.002 0.000 0.003 0.005 0.002 0.008 0.009 0.000 0.004 0.005 0.003 0.007 0.005 0.007 0.006 0.005 0.005
0.000 0.000 0.000 0.000 0.000 0.000 0.000 0.000 0.000 0.000 0.000 0.000 0.000 0.000 0.000 0.000 0.010 0.010 0.010 0.010 0.010 0.100 0.000 0.000 0.000 0.000 0.000 0.000 0.000 0.091 0.010 0.157 0.026 0.004 0.008 0.010 0.006 0.006 0.006 0.007 0.004 0.004 0.000 0.006 0.000 0.000 0.010 0.000 0.144 0.010 0.003 0.005 0.005 0.006 0.009 0.007 0.010 0.010 0.004 0.005 0.004 0.009 0.005 0.010 0.000 0.000 0.005 0.015 0.005 0.005 0.006 0.009 0.000 0.006 0.007 0.006 0.000
0.000 0.000 0.000 0.000 0.000 0.000 0.000 0.000 0.000 0.000 0.000 0.000 0.000 0.000 0.000 0.000 0.000 0.010 0.010 0.126 0.000 0.000 0.000 0.043 0.000 0.120 0.010 0.010 0.069 0.000 0.000 0.000 0.000 0.000 0.000 0.008 0.007 0.010 0.010 0.005 0.012 0.005 0.009 0.010 0.010 0.010 0.000 0.069 0.010 0.010 0.003 0.004 0.003 0.006 0.009 0.010 0.010 0.006 0.004 0.006 0.006 0.010 0.006 0.006 0.004 0.015 0.008 0.005 0.005 0.005 0.042 0.006 0.000 0.007 0.006 0.000 0.000
0.000 0.000 0.000 0.000 0.000 0.000 0.000 0.000 0.000 0.000 0.000 0.000 0.000 0.000 0.000 0.000 0.000 0.000 0.000 0.207 0.000 0.000 0.000 0.010 0.000 0.010 0.010 0.000 0.000 0.000 0.000 0.078 0.010 0.010 0.038 0.000 0.010 0.006 0.008 0.005 0.008 0.010 0.007 0.012 0.010 0.454 0.010 0.010 0.010 0.007 0.006 0.003 0.013 0.009 0.004 0.003 0.005 0.007 0.005 0.006 0.010 0.039 0.010 0.008 0.008 0.000 0.000 0.005 0.006 0.000 0.000 0.006 0.003 0.006 0.008 0.000 0.005
0.000 0.000 0.000 0.000 0.000 0.000 0.000 0.000 0.000 0.000 0.000 0.000 0.000 0.000 0.000 0.000 0.000 0.000 0.000 0.000 0.027 0.000 0.000 0.000 0.000 0.010 0.000 0.000 0.000 0.000 0.000 0.000 0.000 0.000 0.000 0.010 0.075 0.000 0.000 0.010 0.010 0.005 0.009 0.006 0.000 0.010 0.006 0.006 0.006 0.004 0.009 0.010 0.000 0.007 0.004 0.006 0.009 0.004 0.006 0.004 0.004 0.213 0.010 0.006 0.008 0.010 0.010 0.010 0.007 0.004 0.003 0.005 0.005 0.004 0.009 0.004 0.005
0.000 0.000 0.000 0.000 0.000 0.000 0.000 0.000 0.000 0.000 0.000 0.000 0.000 0.000 0.000 0.000 0.000 0.000 0.000 0.000 0.000 0.026 0.000 0.000 0.031 0.000 0.000 0.000 0.000 0.000 0.000 0.000 0.000 0.000 0.000 0.000 0.000 0.010 0.010 0.147 0.000 0.000 0.000 0.010 0.000 0.006 0.006 0.007 0.010 0.009 0.043 0.010 0.009 0.009 0.010 0.000 0.000 0.000 0.000 0.000 0.173 0.304 0.010 0.005 0.004 0.000 0.009 0.009 0.008 0.002 0.003 0.005 0.004 0.006 0.003 0.003 0.004
0.000 0.000 0.000 0.000 0.000 0.000 0.000 0.000 0.000 0.000 0.000 0.000 0.000 0.000 0.000 0.000 0.000 0.000 0.000 0.000 0.000 0.000 0.000 0.031 0.000 0.000 0.000 0.000 0.000 0.000 0.000 0.000 0.000 0.000 0.000 0.000 0.000 0.000 0.000 0.010 0.059 0.010 0.010 0.104 0.000 0.000 0.000 0.027 0.006 0.005 0.007 0.082 0.208 0.188 0.089 0.006 0.010 0.006 0.000 0.006 0.005 0.009 0.003 0.002 0.004 0.006 0.008 0.008 0.005 0.000 0.068 0.010 0.009 0.009 0.004 0.009 0.000
0.000 0.000 0.000 0.000 0.000 0.000 0.000 0.000 0.000 0.000 0.000 0.000 0.000 0.000 0.000 0.000 0.000 0.000 0.000 0.000 0.000 0.000 0.000 0.000 0.000 0.000 0.000 0.000 0.000 0.000 0.000 0.000 0.000 0.000 0.000 0.000 0.000 0.000 0.000 0.000 0.000 0.000 0.000 0.000 0.000 0.000 0.000 0.111 0.000 0.000 0.251 0.052 0.140 0.007 0.009 0.010 0.010 0.004 0.006 0.004 0.007 0.139 0.000 0.000 0.000 0.003 0.006 0.010 0.008 0.000 0.005 0.010 0.010 0.177 0.110 0.010 0.010
0.000 0.000 0.000 0.000 0.000 0.000 0.000 0.000 0.000 0.000 0.000 0.000 0.000 0.000 0.000 0.000 0.000 0.000 0.000 0.000 0.000 0.000 0.000 0.000 0.000 0.000 0.000 0.000 0.000 0.000 0.000 0.000 0.000 0.000 0.000 0.000 0.000 0.000 0.000 0.000 0.000 0.000 0.000 0.000 0.000 0.000 0.000 0.000 0.000 0.037 0.000 0.000 0.010 0.007 0.006 0.015 0.006 0.010 0.009 0.006 0.005 0.005 0.027 0.007 0.008 0.000 0.000 0.005 0.000 0.006 0.026 0.010 0.007 0.000 0.004 0.004 0.003
0.000 0.000 0.000 0.000 0.000 0.000 0.000 0.000 0.000 0.000 0.000 0.000 0.000 0.000 0.000 0.000 0.000 0.000 0.000 0.000 0.000 0.000 0.000 0.000 0.000 0.000 0.000 0.000 0.000 0.000 0.000 0.000 0.000 0.000 0.000 0.000 0.000 0.000 0.000 0.000 0.000 0.000 0.000 0.000 0.000 0.000 0.000 0.000 0.000 0.000 0.000 0.037 0.000 0.000 0.000 0.010 0.010 0.004 0.013 0.007 0.009 0.010 0.007 0.006 0.005 0.008 0.008 0.010 0.000 0.009 0.000 0.005 0.005 0.009 0.003 0.000 0.003
0.000 0.000 0.000 0.000 0.000 0.000 0.000 0.000 0.000 0.000 0.000 0.000 0.000 0.000 0.000 0.000 0.000 0.000 0.000 0.000 0.000 0.000 0.000 0.000 0.000 0.000 0.000 0.000 0.000 0.000 0.000 0.000 0.000 0.000 0.000 0.000 0.000 0.000 0.000 0.000 0.000 0.000 0.000 0.000 0.000 0.000 0.000 0.000 0.000 0.000 0.000 0.000 0.000 0.000 0.010 0.010 0.000 0.000 0.000 0.000 0.024 0.006 0.006 0.007 0.010 0.009 0.005 0.007 0.009 0.007 0.008 0.054 0.000 0.000 0.005 0.004 0.000
0.000 0.000 0.000 0.000 0.000 0.000 0.000 0.000 0.000 0.000 0.000 0.000 0.000 0.000 0.000 0.000 0.000 0.000 0.000 0.000 0.000 0.000 0.000 0.000 0.000 0.000 0.000 0.000 0.000 0.000 0.000 0.000 0.000 0.000 0.000 0.000 0.000 0.000 0.000 0.000 0.000 0.000 0.000 0.000 0.000 0.000 0.000 0.000 0.000 0.000 0.000 0.000 0.000 0.000 0.000 0.000 0.000 0.000 0.000 0.035 0.000 0.000 0.000 0.000 0.009 0.006 0.006 0.009 0.008 0.006 0.019 0.009 0.008 0.010 0.000 0.009 0.006
0.000 0.000 0.000 0.000 0.000 0.000 0.000 0.000 0.000 0.000 0.000 0.000 0.000 0.000 0.000 0.000 0.000 0.000 0.000 0.000 0.000 0.000 0.000 0.000 0.000 0.000 0.000 0.000 0.000 0.000 0.000 0.000 0.000 0.000 0.000 0.000 0.000 0.000 0.000 0.000 0.000 0.000 0.000 0.000 0.000 0.000 0.000 0.000 0.000 0.000 0.000 0.000 0.000 0.000 0.000 0.000 0.000 0.000 0.000 0.000 0.000 0.000 0.010 0.061 0.000 0.000 0.000 0.008 0.006 0.006 0.008 0.010 0.015 0.006 0.010 0.006 0.000
0.000 0.000 0.000 0.000 0.000 0.000 0.000 0.000 0.000 0.000 0.000 0.000 0.000 0.000 0.000 0.000 0.000 0.000 0.000 0.000 0.000 0.000 0.000 0.000 0.000 0.000 0.000 0.000 0.000 0.000 0.000 0.000 0.000 0.000 0.000 0.000 0.000 0.000 0.000 0.000 0.000 0.000 0.000 0.000 0.000 0.000 0.000 0.000 0.000 0.000 0.000 0.000 0.000 0.000 0.000 0.000 0.000 0.000 0.000 0.000 0.000 0.000 0.000 0.000 0.000 0.010 0.064 0.000 0.000 0.077 0.010 0.005 0.010 0.010 0.005 0.010 0.010
0.000 0.000 0.000 0.000 0.000 0.000 0.000 0.000 0.000 0.000 0.000 0.000 0.000 0.000 0.000 0.000 0.000 0.000 0.000 0.000 0.000 0.000 0.000 0.000 0.000 0.000 0.000 0.000 0.000 0.000 0.000 0.000 0.000 0.000 0.000 0.000 0.000 0.000 0.000 0.000 0.000 0.000 0.000 0.000 0.000 0.000 0.000 0.000 0.000 0.000 0.000 0.000 0.000 0.000 0.000 0.000 0.000 0.000 0.000 0.000 0.000 0.000 0.000 0.000 0.000 0.000 0.000 0.000 0.000 0.000 0.000 0.000 0.009 0.004 0.010 0.007 0.010
0.000 0.000 0.000 0.000 0.000 0.000 0.000 0.000 0.000 0.000 0.000 0.000 0.000 0.000 0.000 0.000 0.000 0.000 0.000 0.000 0.000 0.000 0.000 0.000 0.000 0.000 0.000 0.000 0.000 0.000 0.000 0.000 0.000 0.000 0.000 0.000 0.000 0.000 0.000 0.000 0.000 0.000 0.000 0.000 0.000 0.000 0.000 0.000 0.000 0.000 0.000 0.000 0.000 0.000 0.000 0.000 0.000 0.000 0.000 0.000 0.000 0.000 0.000 0.000 0.000 0.000 0.000 0.000 0.000 0.000 0.000 0.000 0.000 0.000 0.007 0.007 0.010
