hx_30m/njhx/rain/result-0041.wd
ncols         211
nrows         286
xllcorner     660279.582600
yllcorner     3541874.325092
cellsize      30.000000
NODATA_value  -9999.000000
[rows 34 to 67 of 286, columns 77 to 153 of 211]
0.000 0.000 0.000 0.000 0.000 0.000 0.000 0.010 0.010 0.010 0.005 0.008 0.007 0.003 0.003 0.005 0.001 0.002 0.001 0.001 0.009 0.001 0.001 0.000 0.000 0.000 0.000 0.004 0.000 0.000 0.003 0.003 0.003 0.007 0.003 0.002 0.010 0.010 0.106 0.000 0.000 0.031 0.049 0.001 0.001 0.005 0.003 0.010 0.002 0.001 0.001 0.006 0.000 0.007 0.005 0.000 0.000 0.000 0.000 0.000 0.000 0.000 0.000 0.000 0.000 0.000 0.000 0.000 0.000 0.000 0.000 0.000 0.000 0.000 0.000 0.000 0.000
0.000 0.000 0.000 0.000 0.000 0.000 0.270 0.010 0.010 0.009 0.010 0.010 0.010 0.010 0.001 0.000 0.000 0.000 0.002 0.000 0.000 0.000 0.000 0.000 0.002 0.004 0.005 0.002 0.005 0.000 0.000 0.000 0.002 0.005 0.005 0.000 0.014 0.004 0.010 0.010 0.000 0.000 0.040 0.030 0.003 0.003 0.000 0.001 0.001 0.000 0.002 0.010 0.010 0.012 0.003 0.007 0.000 0.000 0.000 0.034 0.000 0.000 0.000 0.000 0.000 0.000 0.000 0.000 0.000 0.000 0.000 0.000 0.000 0.000 0.000 0.000 0.000
0.000 0.000 0.000 0.000 0.000 0.000 0.010 0.007 0.010 0.007 0.010 0.010 0.121 0.010 0.001 0.000 0.000 0.000 0.002 0.037 0.000 0.000 0.000 0.003 0.002 0.001 0.002 0.000 0.000 0.002 0.000 0.000 0.003 0.005 0.003 0.000 0.010 0.003 0.007 0.007 0.002 0.000 0.000 0.000 0.000 0.000 0.000 0.000 0.000 0.001 0.001 0.003 0.008 0.005 0.010 0.010 0.010 0.000 0.000 0.000 0.034 0.000 0.000 0.000 0.000 0.000 0.000 0.000 0.000 0.000 0.000 0.000 0.000 0.000 0.000 0.000 0.000
0.000 0.000 0.000 0.000 0.000 0.000 0.010 0.007 0.005 0.010 0.010 0.010 0.010 0.010 0.002 0.000 0.000 0.001 0.000 0.010 0.000 0.001 0.002 0.002 0.004 0.000 0.001 0.003 0.002 0.001 0.000 0.002 0.003 0.007 0.002 0.000 0.007 0.005 0.002 0.006 0.000 0.000 0.000 0.001 0.007 0.010 0.002 0.000 0.159 0.000 0.004 0.005 0.005 0.010 0.010 0.007 0.010 0.000 0.000 0.000 0.000 0.010 0.000 0.000 0.000 0.000 0.000 0.000 0.000 0.000 0.000 0.000 0.000 0.000 0.000 0.000 0.000
0.000 0.000 0.000 0.000 0.000 0.000 0.010 0.007 0.007 0.007 0.010 0.010 0.010 0.010 0.003 0.000 0.000 0.054 0.011 0.010 0.000 0.003 0.000 0.001 0.010 0.002 0.002 0.001 0.010 0.001 0.000 0.000 0.004 0.010 0.002 0.010 0.016 0.003 0.002 0.000 0.000 0.000 0.002 0.000 0.004 0.010 0.001 0.000 0.000 0.001 0.010 0.010 0.010 0.010 0.079 0.010 0.004 0.010 0.000 0.000 0.000 0.055 0.000 0.000 0.000 0.000 0.000 0.000 0.000 0.000 0.000 0.000 0.000 0.000 0.000 0.000 0.000
0.000 0.000 0.000 0.000 0.000 0.000 0.010 0.010 0.003 0.007 0.010 0.103 0.049 0.010 0.021 0.000 0.000 0.000 0.033 0.010 0.000 0.001 0.000 0.000 0.001 0.000 0.000 0.000 0.006 0.000 0.010 0.010 0.004 0.007 0.007 0.001 0.000 0.000 0.000 0.011 0.007 0.000 0.000 0.000 0.005 0.005 0.011 0.002 0.002 0.010 0.010 0.010 0.010 0.066 0.010 0.000 0.008 0.005 0.010 0.000 0.000 0.000 0.032 0.000 0.000 0.000 0.000 0.000 0.000 0.000 0.000 0.000 0.000 0.000 0.000 0.000 0.000
0.000 0.000 0.000 0.000 0.000 0.000 0.010 0.007 0.007 0.004 0.010 0.147 0.010 0.010 0.032 0.007 0.019 0.078 0.001 0.000 0.001 0.001 0.001 0.006 0.002 0.001 0.006 0.001 0.002 0.000 0.000 0.005 0.000 0.003 0.007 0.001 0.000 0.004 0.005 0.005 0.005 0.005 0.010 0.002 0.007 0.011 0.005 0.007 0.005 0.010 0.000 0.010 0.000 0.000 0.000 0.041 0.007 0.004 0.007 0.000 0.000 0.000 0.000 0.010 0.000 0.000 0.000 0.000 0.000 0.000 0.000 0.000 0.000 0.000 0.000 0.000 0.000
0.000 0.000 0.000 0.000 0.000 0.000 0.007 0.010 0.001 0.007 0.010 0.010 0.010 0.010 0.010 0.086 0.017 0.000 0.001 0.001 0.000 0.001 0.000 0.001 0.000 0.001 0.000 0.002 0.001 0.005 0.010 0.000 0.002 0.002 0.005 0.003 0.005 0.094 0.008 0.765 0.007 0.001 0.010 0.005 0.004 0.004 0.000 0.000 0.003 0.005 0.040 0.012 0.009 0.003 0.000 0.010 0.010 0.003 0.004 0.010 0.000 0.000 0.000 0.053 0.000 0.000 0.000 0.000 0.000 0.000 0.000 0.000 0.000 0.000 0.000 0.000 0.000
0.000 0.000 0.000 0.000 0.000 0.000 0.003 0.004 0.010 0.009 0.010 0.010 0.010 0.010 0.010 0.010 0.007 0.001 0.000 0.001 0.000 0.000 0.000 0.000 0.001 0.002 0.006 0.001 0.010 0.001 0.005 0.003 0.007 0.007 0.010 0.004 0.120 0.015 0.010 0.000 0.000 0.011 0.009 0.003 0.000 0.010 0.007 0.000 0.005 0.000 0.000 0.000 0.010 0.001 0.000 0.002 0.002 0.001 0.011 0.005 0.000 0.000 0.000 0.000 0.010 0.000 0.000 0.000 0.000 0.000 0.000 0.000 0.000 0.000 0.000 0.000 0.000
0.000 0.000 0.000 0.000 0.000 0.000 0.010 0.007 0.007 0.058 0.005 0.007 0.007 0.004 0.004 0.004 0.007 0.003 0.002 0.002 0.010 0.002 0.002 0.003 0.004 0.002 0.003 0.003 0.006 0.002 0.000 0.002 0.001 0.002 0.010 0.002 0.002 0.000 0.001 0.002 0.001 0.000 0.006 0.007 0.010 0.010 0.003 0.001 0.000 0.002 0.000 0.000 0.000 0.000 0.001 0.002 0.001 0.000 0.001 0.004 0.010 0.000 0.000 0.000 0.065 0.010 0.000 0.000 0.000 0.000 0.000 0.000 0.000 0.000 0.000 0.000 0.000
0.000 0.000 0.000 0.000 0.000 0.000 0.003 0.007 0.010 0.010 0.002 0.008 0.002 0.007 0.004 0.002 0.007 0.002 0.001 0.003 0.007 0.003 0.001 0.002 0.003 0.001 0.000 0.000 0.000 0.001 0.000 0.000 0.000 0.002 0.004 0.003 0.002 0.000 0.000 0.000 0.000 0.010 0.020 0.005 0.000 0.010 0.004 0.001 0.001 0.003 0.002 0.003 0.001 0.000 0.000 0.001 0.003 0.001 0.001 0.002 0.005 0.000 0.000 0.000 0.000 0.032 0.000 0.000 0.000 0.000 0.000 0.000 0.000 0.000 0.000 0.000 0.000
0.000 0.000 0.000 0.000 0.000 0.010 0.010 0.010 0.005 0.010 0.009 0.010 0.006 0.001 0.001 0.004 0.007 0.005 0.001 0.001 0.001 0.001 0.000 0.000 0.000 0.002 0.000 0.000 0.000 0.001 0.000 0.000 0.000 0.001 0.002 0.007 0.002 0.000 0.000 0.000 0.000 0.001 0.252 0.003 0.002 0.002 0.001 0.000 0.003 0.000 0.007 0.003 0.005 0.002 0.001 0.001 0.001 0.000 0.000 0.005 0.004 0.007 0.000 0.000 0.000 0.000 0.022 0.000 0.000 0.000 0.000 0.000 0.000 0.000 0.000 0.000 0.000
0.000 0.000 0.000 0.000 0.000 0.010 0.010 0.010 0.005 0.010 0.002 0.013 0.001 0.004 0.002 0.001 0.002 0.003 0.000 0.001 0.001 0.001 0.006 0.010 0.005 0.005 0.002 0.000 0.000 0.000 0.000 0.000 0.001 0.001 0.004 0.003 0.002 0.001 0.001 0.000 0.000 0.000 0.000 0.003 0.000 0.001 0.001 0.001 0.002 0.002 0.010 0.010 0.002 0.000 0.000 0.001 0.001 0.001 0.001 0.001 0.001 0.004 0.036 0.000 0.000 0.000 0.000 0.010 0.000 0.000 0.000 0.000 0.000 0.000 0.000 0.000 0.000
0.000 0.000 0.000 0.000 0.000 0.010 0.010 0.010 0.002 0.004 0.003 0.003 0.010 0.002 0.001 0.001 0.001 0.000 0.002 0.007 0.007 0.004 0.007 0.010 0.010 0.010 0.003 0.000 0.000 0.000 0.000 0.000 0.000 0.001 0.002 0.004 0.001 0.001 0.000 0.000 0.000 0.000 0.000 0.007 0.000 0.001 0.001 0.000 0.001 0.007 0.006 0.004 0.001 0.000 0.000 0.000 0.002 0.001 0.001 0.002 0.010 0.005 0.010 0.000 0.000 0.000 0.000 0.046 0.000 0.000 0.000 0.000 0.000 0.000 0.000 0.000 0.000
0.000 0.000 0.000 0.000 0.000 0.080 0.010 0.010 0.004 0.004 0.002 0.010 0.001 0.001 0.001 0.002 0.002 0.010 0.051 0.004 0.000 0.001 0.001 0.002 0.004 0.006 0.002 0.001 0.000 0.000 0.000 0.000 0.001 0.001 0.001 0.007 0.007 0.001 0.000 0.000 0.001 0.001 0.001 0.004 0.002 0.001 0.002 0.001 0.001 0.001 0.001 0.001 0.016 0.001 0.001 0.000 0.000 0.001 0.001 0.000 0.010 0.058 0.000 0.000 0.000 0.000 0.000 0.000 0.010 0.000 0.000 0.000 0.000 0.000 0.000 0.000 0.000
0.000 0.000 0.000 0.000 0.000 0.010 0.010 0.010 0.010 0.009 0.002 0.010 0.002 0.001 0.001 0.002 0.003 0.003 0.001 0.003 0.001 0.001 0.004 0.010 0.010 0.010 0.003 0.001 0.001 0.000 0.000 0.000 0.000 0.007 0.000 0.001 0.010 0.001 0.001 0.002 0.000 0.003 0.007 0.006 0.002 0.000 0.001 0.001 0.001 0.000 0.000 0.003 0.010 0.006 0.010 0.000 0.000 0.004 0.005 0.000 0.107 0.010 0.010 0.010 0.000 0.000 0.000 0.000 0.010 0.000 0.000 0.000 0.000 0.000 0.000 0.000 0.000
0.000 0.000 0.000 0.000 0.000 0.162 0.007 0.010 0.005 0.010 0.005 0.007 0.001 0.001 0.002 0.002 0.001 0.002 0.010 0.004 0.000 0.010 0.010 0.163 0.010 0.010 0.004 0.000 0.001 0.000 0.000 0.000 0.000 0.002 0.006 0.001 0.004 0.004 0.000 0.000 0.004 0.000 0.006 0.010 0.002 0.001 0.000 0.001 0.001 0.000 0.000 0.000 0.010 0.010 0.000 0.048 0.010 0.010 0.002 0.003 0.001 0.010 0.132 0.007 0.000 0.000 0.000 0.000 0.010 0.000 0.000 0.000 0.000 0.000 0.000 0.000 0.000
0.000 0.000 0.000 0.000 0.000 0.000 0.050 0.006 0.004 0.004 0.004 0.000 0.001 0.001 0.001 0.001 0.001 0.002 0.000 0.007 0.000 0.010 0.043 0.010 0.000 0.010 0.004 0.000 0.000 0.000 0.000 0.001 0.001 0.002 0.002 0.002 0.003 0.001 0.006 0.000 0.002 0.001 0.006 0.281 0.003 0.003 0.000 0.000 0.001 0.000 0.000 0.799 0.505 0.019 0.001 0.002 0.000 0.015 0.000 0.002 0.002 0.010 0.002 0.002 0.010 0.000 0.000 0.000 0.010 0.010 0.000 0.000 0.000 0.000 0.000 0.000 0.000
0.000 0.000 0.000 0.000 0.000 0.000 0.013 0.003 0.010 0.005 0.001 0.006 0.003 0.001 0.001 0.002 0.003 0.000 0.010 0.173 0.108 0.150 0.108 0.010 0.000 0.010 0.007 0.006 0.000 0.001 0.003 0.001 0.005 0.010 0.010 0.001 0.007 0.003 0.002 0.000 0.000 0.003 0.000 0.000 0.002 0.000 0.042 0.006 0.004 0.002 0.004 0.000 0.000 0.029 0.004 0.004 0.002 0.000 0.000 0.000 0.001 0.000 0.002 0.032 0.006 0.000 0.000 0.000 0.131 0.010 0.000 0.000 0.000 0.000 0.000 0.000 0.000
0.000 0.000 0.000 0.000 0.000 0.000 0.010 0.004 0.006 0.003 0.001 0.001 0.000 0.002 0.002 0.000 0.010 0.010 0.010 0.010 0.010 0.010 0.010 0.121 0.010 0.010 0.006 0.004 0.004 0.002 0.007 0.010 0.010 0.010 0.100 0.002 0.002 0.007 0.001 0.000 0.000 0.004 0.002 0.010 0.010 0.010 0.010 0.010 0.001 0.006 0.001 0.001 0.000 0.029 0.010 0.010 0.005 0.001 0.001 0.000 0.001 0.000 0.000 0.003 0.004 0.030 0.000 0.000 0.000 0.010 0.000 0.000 0.000 0.000 0.000 0.000 0.000
0.000 0.000 0.000 0.000 0.000 0.000 0.080 0.003 0.006 0.010 0.002 0.000 0.001 0.000 0.006 0.010 0.080 0.010 0.010 0.010 0.010 0.010 0.010 0.034 0.010 0.010 0.006 0.002 0.007 0.007 0.006 0.007 0.010 0.010 0.010 0.014 0.002 0.007 0.004 0.002 0.001 0.002 0.000 0.078 0.010 0.000 0.001 0.010 0.000 0.005 0.008 0.009 0.099 0.090 0.006 0.001 0.004 0.003 0.001 0.001 0.000 0.002 0.003 0.000 0.002 0.010 0.000 0.000 0.000 0.010 0.000 0.000 0.000 0.000 0.000 0.000 0.000
0.000 0.000 0.000 0.000 0.000 0.000 0.010 0.004 0.006 0.003 0.004 0.000 0.010 0.010 0.010 0.130 0.077 0.010 0.010 0.010 0.027 0.096 0.044 0.010 0.010 0.010 0.010 0.002 0.000 0.000 0.000 0.000 0.000 0.000 0.000 0.004 0.001 0.010 0.004 0.000 0.003 0.010 0.010 0.044 0.005 0.002 0.001 0.000 0.000 0.006 0.000 0.117 0.251 0.184 0.003 0.000 0.000 0.001 0.001 0.001 0.001 0.000 0.004 0.000 0.010 0.010 0.000 0.000 0.000 0.072 0.000 0.000 0.000 0.000 0.000 0.000 0.000
0.000 0.000 0.000 0.000 0.000 0.000 0.010 0.007 0.007 0.002 0.007 0.010 0.010 0.010 0.010 0.082 0.010 0.010 0.053 0.028 0.010 0.010 0.010 0.010 0.125 0.010 0.010 0.003 0.010 0.004 0.001 0.001 0.000 0.051 0.000 0.010 0.001 0.004 0.007 0.000 0.007 0.007 0.003 0.010 0.118 0.004 0.000 0.000 0.001 0.005 0.000 0.196 0.000 0.003 0.005 0.000 0.002 0.000 0.001 0.001 0.000 0.000 0.006 0.010 0.003 0.007 0.036 0.000 0.000 0.000 0.010 0.000 0.000 0.000 0.000 0.000 0.000
0.000 0.000 0.000 0.000 0.000 0.000 0.010 0.007 0.010 0.005 0.067 0.000 0.049 0.051 0.010 0.010 0.010 0.010 0.140 0.010 0.010 0.010 0.115 0.010 0.007 0.005 0.007 0.004 0.000 0.004 0.002 0.002 0.001 0.016 0.000 0.000 0.382 0.010 0.007 0.000 0.007 0.010 0.004 0.007 0.000 0.002 0.000 0.000 0.001 0.001 0.001 0.000 0.000 0.000 0.003 0.001 0.000 0.000 0.002 0.001 0.003 0.004 0.001 0.000 0.001 0.003 0.010 0.000 0.000 0.000 0.010 0.000 0.000 0.000 0.000 0.000 0.000
0.000 0.000 0.000 0.000 0.000 0.000 0.010 0.007 0.010 0.005 0.010 0.000 0.155 0.045 0.010 0.010 0.010 0.010 0.010 0.010 0.010 0.010 0.000 0.005 0.000 0.095 0.004 0.003 0.000 0.007 0.003 0.002 0.001 0.000 0.000 0.000 0.018 0.010 0.001 0.007 0.005 0.031 0.004 0.007 0.000 0.002 0.000 0.001 0.002 0.002 0.001 0.000 0.000 0.000 0.003 0.006 0.001 0.010 0.000 0.001 0.006 0.001 0.000 0.001 0.002 0.003 0.010 0.000 0.000 0.000 0.074 0.000 0.000 0.000 0.000 0.000 0.000
0.000 0.000 0.000 0.000 0.000 0.000 0.057 0.004 0.010 0.005 0.004 0.010 0.010 0.010 0.115 0.136 0.010 0.010 0.010 0.010 0.010 0.005 0.010 0.000 0.000 0.010 0.004 0.001 0.007 0.010 0.002 0.003 0.003 0.001 0.000 0.000 0.010 0.010 0.002 0.004 0.004 0.000 0.000 0.000 0.425 0.004 0.000 0.000 0.003 0.004 0.004 0.001 0.003 0.003 0.002 0.001 0.001 0.001 0.001 0.001 0.002 0.002 0.005 0.001 0.001 0.003 0.010 0.000 0.000 0.000 0.010 0.000 0.000 0.000 0.000 0.000 0.000
0.000 0.000 0.000 0.000 0.000 0.000 0.000 0.007 0.010 0.005 0.001 0.004 0.010 0.010 0.010 0.010 0.080 0.129 0.200 0.029 0.005 0.000 0.007 0.005 0.003 0.003 0.004 0.003 0.010 0.010 0.010 0.010 0.000 0.007 0.002 0.000 0.057 0.010 0.003 0.001 0.002 0.001 0.000 0.000 0.017 0.002 0.010 0.039 0.112 0.000 0.000 0.002 0.000 0.001 0.001 0.000 0.000 0.000 0.004 0.001 0.003 0.001 0.000 0.004 0.007 0.003 0.010 0.000 0.000 0.000 0.010 0.000 0.000 0.000 0.000 0.000 0.000
0.000 0.000 0.000 0.000 0.000 0.000 0.028 0.010 0.010 0.005 0.001 0.004 0.000 0.010 0.010 0.010 0.103 0.010 0.004 0.004 0.002 0.010 0.069 0.010 0.141 0.010 0.021 0.010 0.174 0.163 0.107 0.010 0.010 0.010 0.001 0.002 0.001 0.023 0.001 0.000 0.001 0.000 0.000 0.001 0.001 0.064 0.010 0.156 0.063 0.000 0.000 0.004 0.001 0.001 0.001 0.001 0.001 0.001 0.000 0.000 0.001 0.000 0.000 0.000 0.000 0.003 0.007 0.045 0.000 0.000 0.059 0.000 0.000 0.000 0.000 0.000 0.000
0.000 0.000 0.000 0.000 0.000 0.000 0.010 0.008 0.010 0.005 0.068 0.010 0.000 0.010 0.010 0.088 0.007 0.000 0.007 0.003 0.000 0.000 0.000 0.010 0.022 0.010 0.010 0.003 0.129 0.128 0.010 0.010 0.010 0.007 0.000 0.000 0.000 0.007 0.008 0.008 0.003 0.000 0.003 0.001 0.051 0.004 0.001 0.081 0.016 0.000 0.000 0.004 0.010 0.010 0.021 0.010 0.006 0.001 0.002 0.001 0.001 0.001 0.000 0.000 0.002 0.010 0.010 0.010 0.000 0.000 0.000 0.010 0.000 0.000 0.000 0.000 0.000
0.000 0.000 0.000 0.000 0.000 0.000 0.010 0.005 0.010 0.005 0.007 0.019 0.010 0.185 0.010 0.010 0.004 0.002 0.005 0.000 0.000 0.000 0.000 0.000 0.000 0.010 0.010 0.004 0.000 0.147 0.010 0.010 0.010 0.005 0.002 0.005 0.000 0.004 0.008 0.010 0.010 0.007 0.000 0.002 0.001 0.000 0.001 0.000 0.083 0.010 0.010 0.002 0.010 0.000 0.010 0.010 0.029 0.010 0.001 0.000 0.001 0.001 0.000 0.000 0.001 0.010 0.003 0.010 0.000 0.000 0.000 0.046 0.000 0.000 0.000 0.000 0.000
0.000 0.000 0.000 0.000 0.000 0.000 0.010 0.004 0.010 0.005 0.010 0.004 0.064 0.010 0.000 0.004 0.003 0.002 0.000 0.000 0.005 0.007 0.064 0.000 0.000 0.000 0.000 0.003 0.000 0.000 0.000 0.000 0.000 0.000 0.001 0.000 0.001 0.007 0.010 0.010 0.000 0.002 0.000 0.000 0.010 0.003 0.004 0.010 0.010 0.006 0.000 0.002 0.010 0.000 0.010 0.010 0.071 0.010 0.005 0.001 0.001 0.001 0.005 0.010 0.003 0.010 0.004 0.010 0.000 0.000 0.000 0.000 0.000 0.000 0.000 0.000 0.000
0.000 0.000 0.000 0.000 0.000 0.000 0.062 0.005 0.010 0.005 0.015 0.000 0.000 0.000 0.003 0.003 0.002 0.000 0.002 0.001 0.010 0.000 0.010 0.010 0.010 0.000 0.000 0.007 0.000 0.000 0.000 0.000 0.000 0.000 0.005 0.010 0.007 0.010 0.010 0.010 0.010 0.002 0.001 0.004 0.010 0.006 0.009 0.000 0.004 0.003 0.010 0.002 0.001 0.002 0.010 0.010 0.004 0.002 0.001 0.005 0.007 0.001 0.005 0.010 0.010 0.005 0.002 0.010 0.000 0.000 0.000 0.000 0.000 0.000 0.000 0.000 0.000
0.000 0.000 0.000 0.000 0.000 0.000 0.010 0.005 0.010 0.005 0.000 0.000 0.002 0.000 0.003 0.000 0.003 0.007 0.082 0.022 0.010 0.010 0.010 0.049 0.024 0.010 0.010 0.003 0.000 0.000 0.056 0.010 0.000 0.000 0.000 0.007 0.010 0.010 0.011 0.002 0.007 0.001 0.003 0.002 0.003 0.002 0.010 0.002 0.001 0.002 0.002 0.002 0.001 0.002 0.002 0.002 0.003 0.004 0.005 0.010 0.010 0.001 0.007 0.004 0.005 0.005 0.003 0.010 0.000 0.000 0.000 0.010 0.000 0.000 0.000 0.000 0.000
0.000 0.000 0.000 0.000 0.000 0.000 0.010 0.005 0.010 0.005 0.003 0.001 0.000 0.002 0.007 0.003 0.000 0.010 0.010 0.000 0.000 0.103 0.151 0.099 0.024 0.010 0.010 0.005 0.000 0.000 0.000 0.000 0.007 0.005 0.001 0.002 0.001 0.007 0.282 0.003 0.047 0.007 0.002 0.004 0.005 0.010 0.010 0.002 0.010 0.002 0.002 0.002 0.002 0.004 0.003 0.005 0.010 0.007 0.007 0.003 0.007 0.001 0.000 0.001 0.002 0.001 0.003 0.010 0.000 0.000 0.000 0.077 0.000 0.000 0.000 0.000 0.000
