hx_30m/njhx/rain/result-0032.wd
ncols         211
nrows         286
xllcorner     660279.582600
yllcorner     3541874.325092
cellsize      30.000000
NODATA_value  -9999.000000
[rows 68 to 101 of 286, columns 77 to 153 of 211]
0.000 0.000 0.000 0.000 0.000 0.000 0.010 0.010 0.010 0.000 0.000 0.008 0.015 0.010 0.522 0.000 0.029 0.065 0.065 0.000 0.000 0.000 0.000 0.009 0.003 0.003 0.003 0.008 0.006 0.010 0.005 0.004 0.004 0.007 0.004 0.005 0.005 0.008 0.337 0.010 0.003 0.005 0.005 0.006 0.004 0.009 0.010 0.010 0.031 0.002 0.000 0.008 0.005 0.000 0.010 0.046 0.010 0.010 0.007 0.004 0.000 0.005 0.000 0.000 0.000 0.000 0.019 0.010 0.000 0.000 0.000 0.010 0.000 0.000 0.000 0.000 0.000
0.000 0.000 0.000 0.000 0.000 0.010 0.010 0.009 0.008 0.010 0.083 0.058 0.008 0.014 0.000 0.039 0.007 0.007 0.008 0.010 0.009 0.006 0.003 0.003 0.009 0.006 0.006 0.005 0.004 0.003 0.008 0.010 0.010 0.070 0.066 0.010 0.010 0.005 0.335 0.002 0.000 0.000 0.000 0.000 0.000 0.006 0.053 0.008 0.000 0.032 0.008 0.003 0.005 0.000 0.010 0.007 0.014 0.010 0.006 0.007 0.005 0.004 0.001 0.000 0.006 0.003 0.006 0.010 0.000 0.000 0.000 0.010 0.000 0.000 0.000 0.000 0.000
0.000 0.000 0.000 0.000 0.000 0.084 0.010 0.008 0.010 0.009 0.007 0.004 0.005 0.005 0.010 0.010 0.007 0.004 0.004 0.005 0.009 0.004 0.000 0.000 0.010 0.000 0.000 0.006 0.000 0.000 0.008 0.008 0.000 0.000 0.000 0.010 0.000 0.006 0.010 0.004 0.000 0.000 0.000 0.000 0.000 0.007 0.006 0.000 0.000 0.000 0.000 0.000 0.003 0.003 0.011 0.006 0.008 0.007 0.000 0.000 0.007 0.000 0.000 0.000 0.000 0.000 0.009 0.010 0.000 0.000 0.000 0.010 0.000 0.000 0.000 0.000 0.000
0.000 0.000 0.000 0.000 0.000 0.010 0.008 0.010 0.010 0.005 0.000 0.000 0.003 0.000 0.004 0.010 0.004 0.004 0.004 0.006 0.010 0.004 0.000 0.005 0.000 0.000 0.005 0.007 0.000 0.003 0.004 0.000 0.000 0.003 0.009 0.010 0.000 0.010 0.419 0.004 0.000 0.000 0.000 0.000 0.006 0.006 0.004 0.000 0.000 0.000 0.000 0.000 0.006 0.000 0.010 0.007 0.010 0.004 0.003 0.003 0.004 0.000 0.000 0.000 0.000 0.000 0.025 0.010 0.000 0.000 0.000 0.133 0.000 0.000 0.000 0.000 0.000
0.000 0.000 0.000 0.000 0.000 0.076 0.010 0.008 0.010 0.004 0.002 0.000 0.002 0.000 0.000 0.062 0.002 0.000 0.004 0.002 0.000 0.003 0.003 0.004 0.000 0.020 0.010 0.004 0.000 0.000 0.005 0.004 0.000 0.003 0.002 0.002 0.000 0.003 0.010 0.005 0.000 0.035 0.000 0.000 0.000 0.000 0.004 0.000 0.000 0.004 0.000 0.000 0.004 0.005 0.004 0.007 0.007 0.000 0.004 0.003 0.004 0.002 0.003 0.003 0.000 0.000 0.022 0.010 0.000 0.000 0.000 0.010 0.000 0.000 0.000 0.000 0.000
0.000 0.000 0.000 0.000 0.000 0.010 0.009 0.009 0.007 0.003 0.003 0.000 0.003 0.004 0.000 0.000 0.005 0.005 0.003 0.003 0.010 0.003 0.000 0.004 0.000 0.006 0.000 0.006 0.004 0.002 0.003 0.004 0.000 0.000 0.004 0.000 0.000 0.008 0.010 0.010 0.010 0.010 0.000 0.000 0.000 0.000 0.003 0.003 0.000 0.000 0.000 0.000 0.005 0.000 0.000 0.005 0.003 0.004 0.004 0.002 0.000 0.000 0.003 0.002 0.003 0.003 0.008 0.010 0.000 0.000 0.000 0.010 0.000 0.000 0.000 0.000 0.000
0.000 0.000 0.000 0.000 0.000 0.010 0.010 0.009 0.009 0.005 0.003 0.004 0.003 0.000 0.000 0.298 0.005 0.000 0.002 0.008 0.048 0.029 0.000 0.003 0.004 0.009 0.000 0.005 0.000 0.003 0.002 0.002 0.000 0.000 0.003 0.004 0.005 0.003 0.008 0.005 0.000 0.007 0.000 0.000 0.003 0.000 0.008 0.004 0.000 0.000 0.000 0.000 0.005 0.000 0.005 0.003 0.000 0.003 0.003 0.000 0.000 0.000 0.002 0.002 0.003 0.006 0.009 0.010 0.000 0.000 0.000 0.010 0.000 0.000 0.000 0.000 0.000
0.000 0.000 0.000 0.000 0.096 0.010 0.010 0.009 0.009 0.005 0.018 0.008 0.005 0.003 0.003 0.010 0.010 0.003 0.002 0.002 0.005 0.005 0.000 0.000 0.000 0.010 0.005 0.004 0.006 0.006 0.007 0.004 0.005 0.005 0.007 0.004 0.006 0.004 0.008 0.006 0.010 0.016 0.000 0.000 0.002 0.005 0.004 0.005 0.005 0.004 0.004 0.004 0.007 0.000 0.000 0.000 0.003 0.003 0.000 0.000 0.002 0.000 0.000 0.005 0.002 0.009 0.010 0.010 0.000 0.000 0.000 0.000 0.000 0.000 0.000 0.000 0.000
0.000 0.000 0.000 0.000 0.010 0.008 0.010 0.010 0.009 0.010 0.006 0.006 0.031 0.009 0.000 0.000 0.223 0.000 0.000 0.000 0.004 0.003 0.003 0.003 0.000 0.000 0.000 0.008 0.000 0.010 0.008 0.003 0.004 0.000 0.005 0.000 0.008 0.003 0.006 0.005 0.010 0.010 0.000 0.000 0.000 0.000 0.007 0.008 0.003 0.003 0.003 0.000 0.005 0.010 0.006 0.000 0.006 0.000 0.000 0.000 0.000 0.004 0.003 0.000 0.000 0.006 0.010 0.010 0.000 0.000 0.000 0.000 0.000 0.000 0.000 0.000 0.000
0.000 0.000 0.000 0.000 0.010 0.013 0.010 0.010 0.010 0.004 0.004 0.003 0.005 0.000 0.003 0.000 0.000 0.004 0.005 0.005 0.003 0.008 0.010 0.006 0.004 0.000 0.000 0.010 0.005 0.004 0.003 0.004 0.010 0.008 0.008 0.000 0.010 0.005 0.004 0.010 0.010 0.010 0.000 0.000 0.000 0.000 0.000 0.000 0.003 0.003 0.005 0.000 0.000 0.003 0.000 0.006 0.004 0.002 0.002 0.002 0.000 0.003 0.005 0.003 0.004 0.005 0.009 0.076 0.000 0.000 0.000 0.000 0.000 0.000 0.000 0.000 0.000
0.000 0.000 0.000 0.000 0.010 0.010 0.010 0.010 0.008 0.000 0.003 0.000 0.003 0.006 0.006 0.000 0.009 0.009 0.000 0.000 0.004 0.007 0.000 0.004 0.003 0.000 0.000 0.010 0.000 0.000 0.003 0.003 0.005 0.007 0.008 0.000 0.010 0.009 0.010 0.008 0.010 0.010 0.000 0.000 0.000 0.000 0.000 0.005 0.002 0.002 0.000 0.002 0.003 0.005 0.005 0.006 0.006 0.003 0.003 0.002 0.002 0.003 0.003 0.000 0.004 0.009 0.009 0.010 0.000 0.000 0.000 0.040 0.000 0.000 0.000 0.000 0.000
0.000 0.000 0.000 0.000 0.010 0.008 0.010 0.010 0.008 0.000 0.003 0.000 0.000 0.006 0.000 0.000 0.004 0.009 0.010 0.000 0.013 0.010 0.010 0.006 0.010 0.000 0.000 0.011 0.000 0.003 0.004 0.003 0.004 0.000 0.000 0.000 0.000 0.004 0.008 0.007 0.048 0.010 0.000 0.000 0.004 0.014 0.000 0.010 0.003 0.002 0.003 0.002 0.002 0.007 0.006 0.000 0.002 0.002 0.005 0.002 0.003 0.004 0.000 0.005 0.000 0.007 0.009 0.010 0.000 0.000 0.103 0.000 0.000 0.000 0.000 0.000 0.000
0.000 0.000 0.000 0.096 0.010 0.008 0.010 0.010 0.136 0.000 0.000 0.002 0.000 0.004 0.000 0.000 0.003 0.011 0.000 0.000 0.005 0.007 0.000 0.006 0.012 0.010 0.003 0.005 0.000 0.000 0.004 0.003 0.002 0.000 0.000 0.000 0.010 0.006 0.008 0.005 0.010 0.010 0.000 0.000 0.005 0.007 0.000 0.027 0.006 0.020 0.007 0.008 0.005 0.005 0.000 0.002 0.002 0.002 0.010 0.007 0.000 0.005 0.007 0.005 0.004 0.012 0.009 0.126 0.000 0.000 0.010 0.000 0.000 0.000 0.000 0.000 0.000
0.000 0.000 0.000 0.010 0.044 0.010 0.010 0.010 0.037 0.000 0.000 0.000 0.007 0.004 0.000 0.001 0.001 0.000 0.005 0.000 0.007 0.010 0.078 0.010 0.010 0.010 0.006 0.067 0.000 0.018 0.002 0.003 0.003 0.000 0.000 0.000 0.000 0.004 0.008 0.011 0.010 0.010 0.000 0.000 0.000 0.041 0.000 0.026 0.000 0.010 0.000 0.000 0.000 0.007 0.002 0.002 0.002 0.000 0.000 0.004 0.003 0.002 0.000 0.000 0.000 0.008 0.010 0.000 0.000 0.000 0.010 0.000 0.000 0.000 0.000 0.000 0.000
0.000 0.000 0.087 0.010 0.010 0.009 0.010 0.010 0.199 0.000 0.000 0.000 0.000 0.002 0.000 0.000 0.002 0.005 0.047 0.000 0.000 0.000 0.348 0.282 0.000 0.000 0.000 0.010 0.000 0.029 0.010 0.010 0.030 0.000 0.000 0.010 0.006 0.005 0.009 0.006 0.008 0.010 0.010 0.010 0.009 0.010 0.000 0.010 0.000 0.010 0.010 0.000 0.005 0.007 0.002 0.002 0.002 0.000 0.003 0.003 0.002 0.002 0.000 0.002 0.000 0.006 0.010 0.000 0.000 0.000 0.010 0.000 0.000 0.000 0.000 0.000 0.000
0.000 0.000 0.010 0.010 0.010 0.008 0.010 0.010 0.291 0.394 0.000 0.000 0.000 0.000 0.000 0.001 0.001 0.005 0.096 0.010 0.144 0.077 0.006 0.023 0.004 0.010 0.010 0.126 0.015 0.215 0.010 0.010 0.007 0.007 0.009 0.010 0.004 0.003 0.005 0.004 0.009 0.007 0.012 0.007 0.000 0.000 0.000 0.010 0.048 0.010 0.003 0.003 0.005 0.011 0.003 0.003 0.004 0.006 0.008 0.000 0.000 0.007 0.000 0.003 0.000 0.008 0.010 0.000 0.000 0.000 0.111 0.000 0.000 0.000 0.000 0.000 0.000
0.000 0.000 0.010 0.010 0.010 0.007 0.010 0.007 0.383 0.000 0.000 0.000 0.352 0.038 0.498 0.031 0.111 0.275 0.053 0.018 0.010 0.010 0.110 0.098 0.043 0.011 0.096 0.074 0.000 0.000 0.000 0.000 0.003 0.000 0.004 0.010 0.329 0.005 0.008 0.006 0.010 0.000 0.007 0.008 0.004 0.003 0.010 0.010 0.018 0.010 0.002 0.003 0.000 0.005 0.005 0.005 0.006 0.000 0.000 0.005 0.010 0.005 0.003 0.002 0.000 0.007 0.010 0.000 0.000 0.000 0.010 0.000 0.000 0.000 0.000 0.000 0.000
0.000 0.061 0.010 0.118 0.115 0.005 0.010 0.036 0.000 0.000 0.000 0.000 0.000 0.000 0.000 0.000 0.004 0.007 0.003 0.005 0.000 0.000 0.002 0.000 0.004 0.000 0.000 0.080 0.003 0.000 0.004 0.008 0.009 0.010 0.005 0.009 0.010 0.006 0.006 0.004 0.000 0.006 0.005 0.010 0.006 0.000 0.008 0.010 0.017 0.012 0.030 0.057 0.000 0.010 0.010 0.010 0.017 0.010 0.000 0.003 0.004 0.003 0.002 0.002 0.006 0.010 0.010 0.000 0.000 0.000 0.000 0.000 0.000 0.000 0.000 0.000 0.000
0.074 0.010 0.010 0.010 0.010 0.008 0.010 0.000 0.002 0.000 0.002 0.000 0.000 0.000 0.000 0.000 0.006 0.007 0.005 0.027 0.005 0.006 0.007 0.004 0.007 0.010 0.004 0.008 0.004 0.003 0.003 0.004 0.008 0.000 0.016 0.010 0.011 0.005 0.008 0.006 0.000 0.009 0.010 0.000 0.005 0.003 0.006 0.010 0.018 0.027 0.000 0.000 0.000 0.015 0.010 0.010 0.010 0.010 0.010 0.007 0.004 0.003 0.002 0.002 0.017 0.010 0.010 0.000 0.000 0.000 0.000 0.000 0.000 0.000 0.000 0.000 0.000
0.010 0.010 0.010 0.010 0.009 0.010 0.053 0.000 0.002 0.002 0.002 0.000 0.000 0.000 0.000 0.000 0.010 0.000 0.002 0.010 0.008 0.004 0.010 0.058 0.006 0.003 0.000 0.004 0.004 0.004 0.003 0.006 0.005 0.018 0.010 0.010 0.008 0.003 0.006 0.005 0.000 0.021 0.010 0.000 0.004 0.004 0.007 0.062 0.015 0.112 0.119 0.000 0.182 0.010 0.010 0.010 0.010 0.010 0.009 0.010 0.010 0.004 0.008 0.010 0.000 0.010 0.010 0.000 0.000 0.000 0.000 0.000 0.000 0.000 0.000 0.000 0.000
0.010 0.010 0.010 0.010 0.008 0.010 0.010 0.008 0.003 0.002 0.000 0.000 0.000 0.000 0.000 0.000 0.000 0.010 0.005 0.010 0.004 0.003 0.000 0.003 0.004 0.005 0.000 0.006 0.000 0.000 0.004 0.009 0.004 0.005 0.020 0.000 0.000 0.003 0.006 0.010 0.000 0.000 0.010 0.000 0.004 0.008 0.000 0.022 0.015 0.081 0.099 0.245 0.222 0.005 0.006 0.010 0.010 0.000 0.000 0.007 0.007 0.003 0.010 0.010 0.010 0.010 0.010 0.009 0.000 0.000 0.000 0.038 0.000 0.000 0.000 0.000 0.000
0.010 0.174 0.010 0.058 0.008 0.009 0.006 0.002 0.002 0.000 0.002 0.010 0.000 0.000 0.000 0.000 0.002 0.004 0.005 0.007 0.000 0.000 0.006 0.006 0.003 0.004 0.006 0.009 0.000 0.000 0.009 0.009 0.010 0.000 0.000 0.006 0.010 0.004 0.007 0.007 0.008 0.006 0.010 0.005 0.005 0.007 0.005 0.014 0.007 0.000 0.000 0.000 0.000 0.317 0.007 0.007 0.010 0.010 0.010 0.008 0.051 0.114 0.010 0.010 0.010 0.010 0.010 0.006 0.000 0.000 0.000 0.000 0.038 0.000 0.000 0.000 0.000
0.010 0.031 0.117 0.010 0.007 0.010 0.004 0.002 0.002 0.005 0.004 0.004 0.003 0.003 0.002 0.002 0.004 0.026 0.008 0.005 0.005 0.006 0.005 0.006 0.006 0.004 0.007 0.008 0.009 0.009 0.006 0.008 0.010 0.006 0.008 0.006 0.004 0.005 0.004 0.010 0.010 0.037 0.010 0.008 0.008 0.009 0.007 0.012 0.013 0.016 0.187 0.024 0.184 0.230 0.090 0.112 0.241 0.010 0.106 0.321 0.271 0.223 0.313 0.203 0.195 0.012 0.010 0.010 0.010 0.000 0.000 0.000 0.000 0.035 0.000 0.000 0.000
0.010 0.010 0.010 0.010 0.005 0.010 0.003 0.003 0.002 0.002 0.002 0.010 0.003 0.002 0.002 0.002 0.000 0.000 0.007 0.010 0.000 0.006 0.006 0.007 0.003 0.003 0.000 0.008 0.006 0.007 0.000 0.003 0.010 0.002 0.002 0.000 0.000 0.004 0.003 0.010 0.000 0.000 0.000 0.000 0.000 0.000 0.000 0.000 0.015 0.000 0.000 0.000 0.000 0.000 0.010 0.010 0.010 0.011 0.010 0.009 0.007 0.008 0.010 0.010 0.010 0.000 0.383 0.010 0.006 0.014 0.000 0.000 0.000 0.000 0.031 0.000 0.000
0.010 0.010 0.010 0.010 0.007 0.010 0.000 0.000 0.000 0.006 0.000 0.000 0.002 0.003 0.002 0.003 0.004 0.004 0.004 0.004 0.005 0.000 0.006 0.000 0.003 0.000 0.006 0.009 0.000 0.000 0.010 0.023 0.119 0.002 0.002 0.009 0.000 0.003 0.006 0.009 0.000 0.000 0.026 0.003 0.000 0.003 0.000 0.003 0.007 0.006 0.004 0.005 0.008 0.003 0.004 0.004 0.000 0.004 0.000 0.000 0.000 0.005 0.010 0.000 0.006 0.000 0.105 0.007 0.006 0.008 0.014 0.000 0.000 0.000 0.000 0.032 0.000
0.010 0.010 0.010 0.010 0.007 0.088 0.000 0.007 0.012 0.000 0.000 0.000 0.000 0.004 0.005 0.005 0.003 0.004 0.000 0.000 0.006 0.009 0.000 0.000 0.008 0.008 0.006 0.006 0.000 0.000 0.129 0.230 0.197 0.102 0.010 0.007 0.005 0.005 0.009 0.009 0.010 0.000 0.009 0.006 0.007 0.000 0.003 0.003 0.004 0.000 0.005 0.000 0.009 0.000 0.000 0.018 0.004 0.009 0.003 0.004 0.005 0.003 0.004 0.010 0.009 0.005 0.057 0.000 0.005 0.007 0.008 0.008 0.000 0.000 0.000 0.000 0.034
0.010 0.010 0.010 0.046 0.005 0.010 0.004 0.004 0.004 0.000 0.000 0.000 0.020 0.000 0.000 0.000 0.009 0.004 0.000 0.000 0.009 0.010 0.010 0.010 0.009 0.004 0.005 0.004 0.000 0.000 0.000 0.000 0.069 0.111 0.182 0.000 0.024 0.005 0.010 0.009 0.149 0.010 0.009 0.005 0.004 0.005 0.005 0.005 0.007 0.000 0.004 0.005 0.004 0.000 0.013 0.000 0.006 0.007 0.008 0.009 0.003 0.003 0.000 0.000 0.005 0.000 0.039 0.006 0.010 0.008 0.005 0.010 0.010 0.000 0.000 0.000 0.000
0.010 0.010 0.010 0.007 0.009 0.008 0.004 0.000 0.008 0.007 0.010 0.010 0.009 0.010 0.010 0.010 0.004 0.004 0.000 0.000 0.007 0.010 0.010 0.010 0.005 0.000 0.000 0.010 0.006 0.000 0.004 0.000 0.015 0.010 0.010 0.010 0.028 0.005 0.006 0.010 0.000 0.000 0.010 0.010 0.000 0.006 0.004 0.000 0.007 0.003 0.005 0.004 0.010 0.000 0.008 0.000 0.005 0.006 0.005 0.008 0.000 0.002 0.000 0.010 0.713 0.007 0.026 0.010 0.007 0.005 0.040 0.010 0.008 0.010 0.000 0.000 0.000
0.000 0.000 0.010 0.006 0.009 0.007 0.007 0.006 0.009 0.006 0.000 0.000 0.005 0.010 0.041 0.010 0.006 0.003 0.003 0.005 0.009 0.010 0.007 0.007 0.005 0.000 0.000 0.007 0.009 0.010 0.010 0.012 0.010 0.004 0.000 0.000 0.019 0.010 0.005 0.035 0.000 0.000 0.009 0.007 0.005 0.004 0.003 0.003 0.022 0.008 0.004 0.005 0.006 0.000 0.053 0.000 0.000 0.000 0.000 0.000 0.000 0.002 0.000 0.070 0.010 0.014 0.012 0.000 0.009 0.009 0.008 0.000 0.004 0.007 0.009 0.000 0.000
0.010 0.010 0.010 0.007 0.009 0.010 0.010 0.065 0.006 0.003 0.003 0.013 0.003 0.005 0.009 0.000 0.005 0.002 0.006 0.000 0.000 0.000 0.004 0.000 0.003 0.000 0.000 0.006 0.000 0.010 0.010 0.010 0.007 0.003 0.000 0.019 0.000 0.005 0.007 0.010 0.000 0.000 0.010 0.000 0.003 0.004 0.000 0.000 0.009 0.240 0.010 0.003 0.006 0.000 0.071 0.000 0.000 0.000 0.000 0.000 0.000 0.002 0.000 0.010 0.039 0.000 0.207 0.010 0.014 0.006 0.010 0.013 0.006 0.003 0.007 0.009 0.000
0.000 0.000 0.010 0.005 0.009 0.010 0.010 0.000 0.010 0.000 0.000 0.007 0.000 0.000 0.005 0.000 0.003 0.009 0.008 0.000 0.004 0.004 0.003 0.000 0.004 0.005 0.000 0.009 0.000 0.036 0.010 0.042 0.010 0.005 0.000 0.010 0.000 0.005 0.005 0.010 0.000 0.000 0.010 0.008 0.006 0.009 0.010 0.010 0.010 0.689 0.000 0.004 0.000 0.000 0.021 0.000 0.000 0.000 0.000 0.000 0.000 0.004 0.000 0.000 0.003 0.004 0.016 0.006 0.006 0.000 0.000 0.004 0.020 0.005 0.004 0.007 0.010
0.000 0.010 0.123 0.010 0.010 0.010 0.071 0.015 0.006 0.010 0.006 0.004 0.009 0.006 0.006 0.005 0.004 0.006 0.004 0.004 0.003 0.005 0.006 0.004 0.006 0.005 0.003 0.007 0.009 0.010 0.003 0.003 0.004 0.004 0.009 0.008 0.060 0.005 0.007 0.010 0.003 0.002 0.008 0.004 0.010 0.016 0.008 0.010 0.007 0.336 0.000 0.000 0.000 0.000 0.013 0.000 0.000 0.000 0.000 0.005 0.000 0.003 0.000 0.004 0.006 0.010 0.114 0.010 0.005 0.003 0.008 0.010 0.010 0.007 0.003 0.000 0.006
0.000 0.000 0.010 0.007 0.010 0.010 0.008 0.002 0.001 0.000 0.002 0.000 0.004 0.009 0.002 0.000 0.000 0.010 0.009 0.000 0.004 0.010 0.010 0.010 0.010 0.010 0.010 0.006 0.009 0.010 0.000 0.000 0.000 0.003 0.003 0.005 0.006 0.009 0.007 0.013 0.004 0.003 0.003 0.010 0.005 0.005 0.027 0.010 0.188 0.202 0.275 0.098 0.097 0.032 0.065 0.124 0.178 0.215 0.277 0.068 0.005 0.004 0.009 0.005 0.004 0.030 0.010 0.003 0.004 0.010 0.003 0.006 0.011 0.004 0.003 0.004 0.004
0.035 0.042 0.010 0.007 0.010 0.009 0.001 0.000 0.001 0.003 0.002 0.006 0.003 0.003 0.000 0.000 0.000 0.010 0.008 0.008 0.006 0.010 0.010 0.010 0.010 0.010 0.208 0.004 0.003 0.003 0.000 0.004 0.000 0.007 0.010 0.011 0.005 0.007 0.012 0.010 0.000 0.006 0.009 0.012 0.000 0.004 0.005 0.000 0.005 0.010 0.384 0.000 0.013 0.066 0.073 0.086 0.065 0.010 0.007 0.003 0.003 0.003 0.004 0.008 0.005 0.004 0.004 0.003 0.009 0.010 0.005 0.008 0.010 0.005 0.005 0.012 0.000
