hx_30m/njhx/rain/result-0035.wd
ncols         211
nrows         286
xllcorner     660279.582600
yllcorner     3541874.325092
cellsize      30.000000
NODATA_value  -9999.000000
[rows 136 to 169 of 286, columns 77 to 153 of 211]
0.005 0.004 0.006 0.006 0.006 0.008 0.004 0.006 0.006 0.008 0.006 0.006 0.010 0.006 0.009 0.007 0.005 0.005 0.003 0.005 0.004 0.008 0.003 0.003 0.005 0.010 0.005 0.008 0.006 0.006 0.005 0.005 0.021 0.009 0.002 0.002 0.011 0.002 0.005 0.003 0.010 0.003 0.003 0.002 0.007 0.002 0.006 0.003 0.002 0.009 0.010 0.000 0.007 0.003 0.002 0.001 0.002 0.000 0.000 0.000 0.000 0.002 0.000 0.000 0.004 0.010 0.000 0.010 0.004 0.000 0.001 0.001 0.000 0.010 0.005 0.014 0.001
0.003 0.003 0.006 0.006 0.006 0.004 0.008 0.006 0.004 0.003 0.008 0.002 0.005 0.003 0.010 0.005 0.003 0.002 0.003 0.003 0.006 0.003 0.006 0.009 0.006 0.006 0.006 0.005 0.002 0.000 0.000 0.001 0.000 0.000 0.005 0.003 0.080 0.005 0.010 0.000 0.000 0.003 0.000 0.000 0.002 0.007 0.000 0.003 0.000 0.005 0.003 0.003 0.006 0.003 0.007 0.002 0.001 0.005 0.000 0.000 0.000 0.001 0.005 0.007 0.002 0.007 0.000 0.000 0.010 0.003 0.002 0.000 0.003 0.000 0.000 0.000 0.001
0.002 0.001 0.000 0.000 0.000 0.000 0.000 0.000 0.005 0.006 0.003 0.000 0.000 0.000 0.002 0.000 0.006 0.004 0.002 0.000 0.000 0.004 0.005 0.003 0.010 0.009 0.010 0.010 0.002 0.000 0.000 0.001 0.000 0.000 0.000 0.006 0.691 0.004 0.000 0.010 0.002 0.001 0.010 0.010 0.010 0.035 0.000 0.001 0.000 0.001 0.001 0.001 0.001 0.000 0.000 0.002 0.003 0.001 0.002 0.004 0.000 0.000 0.004 0.003 0.003 0.007 0.003 0.004 0.004 0.003 0.004 0.004 0.010 0.002 0.001 0.000 0.001
0.003 0.003 0.008 0.004 0.004 0.003 0.008 0.005 0.002 0.006 0.001 0.001 0.002 0.005 0.001 0.000 0.000 0.030 0.043 0.010 0.010 0.006 0.005 0.002 0.010 0.010 0.010 0.004 0.000 0.000 0.002 0.005 0.000 0.000 0.000 0.003 0.010 0.003 0.046 0.001 0.000 0.000 0.005 0.010 0.000 0.007 0.000 0.002 0.001 0.001 0.001 0.001 0.004 0.001 0.000 0.000 0.000 0.001 0.001 0.002 0.002 0.004 0.005 0.003 0.014 0.007 0.001 0.002 0.002 0.002 0.004 0.002 0.003 0.010 0.003 0.002 0.002
0.010 0.002 0.001 0.004 0.004 0.003 0.001 0.003 0.009 0.009 0.006 0.005 0.002 0.006 0.005 0.002 0.002 0.002 0.001 0.003 0.003 0.003 0.006 0.004 0.010 0.010 0.010 0.007 0.000 0.000 0.000 0.004 0.000 0.000 0.000 0.006 0.010 0.004 0.010 0.005 0.001 0.000 0.001 0.010 0.010 0.004 0.000 0.005 0.002 0.005 0.010 0.010 0.005 0.001 0.001 0.000 0.001 0.000 0.000 0.000 0.000 0.000 0.000 0.000 0.005 0.001 0.000 0.010 0.007 0.016 0.126 0.115 0.000 0.031 0.007 0.004 0.002
0.008 0.000 0.000 0.011 0.000 0.000 0.004 0.001 0.005 0.009 0.010 0.032 0.099 0.010 0.010 0.010 0.000 0.000 0.053 0.010 0.010 0.010 0.003 0.004 0.010 0.010 0.010 0.049 0.000 0.000 0.000 0.008 0.000 0.000 0.000 0.003 0.010 0.003 0.003 0.005 0.002 0.001 0.000 0.010 0.000 0.001 0.008 0.002 0.001 0.001 0.000 0.000 0.001 0.000 0.003 0.000 0.001 0.000 0.001 0.000 0.000 0.000 0.000 0.000 0.002 0.002 0.000 0.000 0.010 0.135 0.063 0.121 0.007 0.000 0.035 0.010 0.010
0.023 0.002 0.008 0.010 0.019 0.010 0.010 0.010 0.005 0.004 0.073 0.010 0.078 0.010 0.096 0.010 0.084 0.010 0.010 0.010 0.138 0.008 0.003 0.005 0.010 0.010 0.010 0.009 0.000 0.002 0.001 0.003 0.001 0.002 0.000 0.004 0.006 0.006 0.003 0.000 0.003 0.010 0.000 0.000 0.000 0.000 0.000 0.003 0.000 0.002 0.002 0.004 0.000 0.005 0.001 0.000 0.000 0.001 0.001 0.005 0.010 0.010 0.000 0.000 0.002 0.001 0.001 0.007 0.010 0.141 0.078 0.010 0.010 0.036 0.010 0.000 0.010
0.010 0.010 0.005 0.006 0.006 0.003 0.004 0.003 0.004 0.007 0.010 0.010 0.010 0.119 0.010 0.010 0.010 0.010 0.117 0.010 0.044 0.010 0.003 0.009 0.010 0.010 0.010 0.005 0.008 0.000 0.000 0.000 0.000 0.000 0.008 0.004 0.006 0.004 0.000 0.001 0.010 0.000 0.047 0.000 0.000 0.000 0.001 0.002 0.000 0.000 0.003 0.010 0.010 0.010 0.001 0.001 0.001 0.002 0.002 0.003 0.000 0.005 0.002 0.005 0.003 0.000 0.001 0.010 0.010 0.026 0.010 0.010 0.000 0.000 0.052 0.010 0.010
0.010 0.010 0.010 0.010 0.010 0.010 0.000 0.006 0.010 0.010 0.010 0.010 0.010 0.010 0.000 0.000 0.000 0.000 0.010 0.010 0.095 0.010 0.004 0.009 0.010 0.109 0.010 0.010 0.004 0.010 0.006 0.008 0.005 0.010 0.010 0.005 0.005 0.003 0.004 0.010 0.010 0.046 0.010 0.056 0.000 0.006 0.003 0.059 0.010 0.092 0.010 0.010 0.010 0.004 0.010 0.010 0.010 0.050 0.010 0.077 0.000 0.000 0.000 0.000 0.003 0.000 0.001 0.001 0.010 0.044 0.010 0.010 0.000 0.010 0.000 0.010 0.000
0.009 0.010 0.010 0.010 0.010 0.010 0.000 0.001 0.007 0.009 0.010 0.010 0.010 0.010 0.010 0.010 0.010 0.010 0.010 0.010 0.010 0.008 0.003 0.006 0.010 0.010 0.010 0.103 0.005 0.005 0.006 0.004 0.011 0.005 0.006 0.008 0.010 0.000 0.010 0.010 0.010 0.010 0.153 0.005 0.000 0.002 0.010 0.010 0.010 0.010 0.010 0.010 0.009 0.002 0.044 0.010 0.010 0.010 0.010 0.062 0.010 0.000 0.000 0.000 0.007 0.000 0.001 0.001 0.003 0.010 0.010 0.000 0.027 0.041 0.015 0.010 0.010
0.006 0.005 0.009 0.009 0.008 0.006 0.000 0.001 0.004 0.010 0.010 0.010 0.010 0.010 0.010 0.010 0.010 0.010 0.010 0.010 0.089 0.005 0.003 0.005 0.006 0.003 0.002 0.003 0.005 0.003 0.005 0.008 0.012 0.008 0.005 0.005 0.003 0.002 0.002 0.003 0.002 0.007 0.002 0.003 0.007 0.002 0.004 0.000 0.000 0.000 0.010 0.002 0.001 0.002 0.062 0.000 0.000 0.066 0.010 0.018 0.000 0.000 0.000 0.000 0.005 0.004 0.000 0.001 0.000 0.010 0.010 0.000 0.004 0.014 0.005 0.000 0.000
0.010 0.010 0.010 0.008 0.006 0.006 0.007 0.018 0.006 0.010 0.060 0.010 0.010 0.010 0.010 0.010 0.010 0.010 0.010 0.010 0.010 0.010 0.006 0.008 0.010 0.000 0.004 0.004 0.003 0.006 0.008 0.005 0.010 0.006 0.005 0.008 0.005 0.006 0.010 0.010 0.022 0.010 0.010 0.010 0.010 0.007 0.010 0.004 0.002 0.002 0.010 0.002 0.001 0.001 0.000 0.000 0.000 0.010 0.175 0.000 0.000 0.095 0.044 0.000 0.004 0.000 0.003 0.001 0.000 0.001 0.001 0.000 0.005 0.000 0.010 0.000 0.001
0.116 0.010 0.010 0.010 0.010 0.030 0.010 0.004 0.004 0.010 0.010 0.010 0.010 0.010 0.010 0.010 0.010 0.010 0.010 0.010 0.010 0.005 0.008 0.002 0.003 0.004 0.003 0.003 0.002 0.005 0.006 0.004 0.004 0.003 0.003 0.002 0.002 0.007 0.010 0.010 0.010 0.010 0.010 0.055 0.010 0.003 0.000 0.004 0.002 0.000 0.097 0.000 0.001 0.000 0.060 0.010 0.010 0.010 0.010 0.000 0.070 0.010 0.010 0.000 0.006 0.000 0.000 0.000 0.001 0.000 0.001 0.000 0.001 0.002 0.006 0.000 0.004
0.000 0.017 0.010 0.010 0.010 0.010 0.010 0.005 0.005 0.010 0.010 0.456 0.010 0.010 0.010 0.010 0.010 0.010 0.010 0.010 0.010 0.005 0.009 0.007 0.008 0.007 0.006 0.006 0.005 0.010 0.009 0.010 0.010 0.008 0.003 0.002 0.004 0.007 0.010 0.030 0.010 0.010 0.010 0.000 0.000 0.003 0.005 0.000 0.000 0.003 0.003 0.007 0.003 0.003 0.002 0.004 0.007 0.010 0.010 0.000 0.010 0.007 0.010 0.014 0.010 0.010 0.000 0.000 0.001 0.000 0.010 0.025 0.001 0.001 0.001 0.000 0.001
0.010 0.010 0.010 0.010 0.010 0.010 0.010 0.010 0.008 0.010 0.028 0.155 0.153 0.010 0.010 0.010 0.010 0.010 0.010 0.024 0.010 0.005 0.003 0.022 0.010 0.010 0.010 0.010 0.010 0.010 0.010 0.050 0.010 0.004 0.003 0.007 0.004 0.002 0.009 0.010 0.010 0.010 0.002 0.001 0.002 0.001 0.001 0.000 0.000 0.002 0.000 0.010 0.007 0.007 0.002 0.007 0.004 0.002 0.003 0.003 0.010 0.003 0.000 0.001 0.005 0.003 0.002 0.000 0.000 0.000 0.002 0.000 0.000 0.002 0.001 0.000 0.001
0.010 0.010 0.010 0.010 0.010 0.010 0.010 0.006 0.005 0.010 0.010 0.010 0.098 0.010 0.010 0.010 0.010 0.010 0.010 0.010 0.062 0.010 0.010 0.006 0.005 0.000 0.000 0.000 0.000 0.000 0.005 0.007 0.010 0.007 0.004 0.010 0.005 0.007 0.010 0.010 0.010 0.010 0.000 0.000 0.000 0.010 0.003 0.000 0.000 0.010 0.010 0.010 0.033 0.118 0.070 0.010 0.010 0.010 0.010 0.005 0.005 0.002 0.007 0.003 0.002 0.001 0.007 0.000 0.000 0.000 0.000 0.000 0.005 0.003 0.001 0.001 0.001
0.130 0.090 0.010 0.010 0.010 0.010 0.006 0.009 0.004 0.010 0.010 0.010 0.010 0.010 0.010 0.010 0.010 0.010 0.010 0.010 0.010 0.005 0.005 0.008 0.004 0.000 0.000 0.000 0.000 0.000 0.000 0.005 0.010 0.006 0.003 0.006 0.001 0.010 0.010 0.010 0.010 0.010 0.031 0.009 0.005 0.003 0.003 0.000 0.010 0.010 0.010 0.065 0.000 0.038 0.004 0.004 0.007 0.004 0.002 0.003 0.003 0.004 0.007 0.003 0.007 0.005 0.003 0.001 0.002 0.004 0.000 0.000 0.001 0.004 0.000 0.011 0.000
0.010 0.556 0.010 0.010 0.010 0.206 0.008 0.008 0.010 0.010 0.010 0.010 0.010 0.010 0.010 0.010 0.010 0.010 0.010 0.010 0.010 0.005 0.005 0.007 0.005 0.000 0.000 0.000 0.000 0.000 0.000 0.006 0.010 0.005 0.002 0.063 0.001 0.010 0.010 0.007 0.007 0.005 0.010 0.010 0.010 0.010 0.010 0.007 0.007 0.010 0.038 0.003 0.003 0.003 0.015 0.002 0.002 0.004 0.002 0.009 0.002 0.002 0.002 0.003 0.010 0.005 0.002 0.003 0.003 0.004 0.002 0.001 0.001 0.005 0.000 0.002 0.004
0.010 0.010 0.010 0.010 0.010 0.057 0.008 0.006 0.006 0.010 0.010 0.010 0.010 0.010 0.010 0.010 0.051 0.010 0.010 0.010 0.010 0.006 0.005 0.005 0.004 0.007 0.007 0.010 0.010 0.000 0.006 0.006 0.007 0.010 0.005 0.004 0.002 0.010 0.010 0.005 0.011 0.010 0.004 0.005 0.008 0.005 0.003 0.003 0.003 0.003 0.003 0.003 0.003 0.007 0.007 0.003 0.006 0.004 0.007 0.010 0.003 0.003 0.000 0.000 0.002 0.004 0.000 0.000 0.000 0.004 0.003 0.001 0.013 0.003 0.005 0.000 0.000
0.010 0.010 0.010 0.010 0.010 0.010 0.010 0.010 0.010 0.010 0.010 0.010 0.010 0.010 0.010 0.275 0.132 0.083 0.010 0.010 0.010 0.010 0.010 0.005 0.006 0.006 0.006 0.005 0.005 0.007 0.004 0.004 0.007 0.002 0.005 0.172 0.010 0.003 0.005 0.006 0.006 0.007 0.004 0.004 0.004 0.005 0.003 0.007 0.003 0.007 0.010 0.010 0.010 0.007 0.008 0.010 0.010 0.016 0.010 0.007 0.000 0.001 0.001 0.000 0.000 0.003 0.001 0.000 0.000 0.001 0.000 0.000 0.004 0.010 0.003 0.003 0.012
0.000 0.010 0.020 0.101 0.116 0.010 0.006 0.010 0.010 0.010 0.010 0.192 0.045 0.075 0.151 0.244 0.230 0.176 0.010 0.010 0.267 0.010 0.008 0.003 0.004 0.013 0.008 0.004 0.004 0.010 0.004 0.005 0.003 0.003 0.004 0.003 0.011 0.004 0.004 0.006 0.006 0.004 0.007 0.010 0.007 0.010 0.010 0.010 0.056 0.092 0.046 0.000 0.000 0.005 0.004 0.000 0.000 0.000 0.000 0.000 0.000 0.001 0.001 0.001 0.000 0.002 0.001 0.001 0.000 0.000 0.001 0.001 0.003 0.001 0.000 0.000 0.004
0.186 0.193 0.040 0.010 0.010 0.008 0.004 0.005 0.121 0.140 0.138 0.131 0.079 0.010 0.137 0.254 0.236 0.010 0.010 0.010 0.241 0.005 0.002 0.002 0.004 0.004 0.005 0.003 0.007 0.007 0.007 0.007 0.017 0.005 0.003 0.005 0.010 0.007 0.007 0.006 0.000 0.007 0.005 0.141 0.010 0.000 0.000 0.000 0.000 0.000 0.000 0.000 0.000 0.010 0.005 0.010 0.010 0.000 0.010 0.000 0.002 0.002 0.003 0.000 0.000 0.005 0.000 0.001 0.000 0.001 0.002 0.000 0.003 0.007 0.002 0.000 0.010
0.010 0.010 0.010 0.010 0.010 0.010 0.008 0.010 0.095 0.119 0.083 0.100 0.077 0.036 0.190 0.186 0.048 0.010 0.010 0.029 0.074 0.005 0.004 0.007 0.007 0.000 0.000 0.000 0.000 0.000 0.000 0.005 0.005 0.029 0.006 0.006 0.383 0.003 0.000 0.000 0.000 0.006 0.010 0.000 0.000 0.010 0.010 0.010 0.000 0.000 0.000 0.000 0.003 0.003 0.004 0.000 0.005 0.002 0.002 0.005 0.009 0.000 0.000 0.000 0.000 0.003 0.000 0.005 0.003 0.001 0.002 0.000 0.000 0.000 0.004 0.004 0.000
0.010 0.010 0.010 0.010 0.010 0.009 0.004 0.010 0.037 0.082 0.126 0.010 0.010 0.010 0.010 0.010 0.010 0.010 0.175 0.010 0.010 0.006 0.004 0.000 0.000 0.000 0.000 0.000 0.000 0.000 0.006 0.007 0.010 0.010 0.005 0.004 0.407 0.002 0.010 0.000 0.007 0.007 0.010 0.000 0.010 0.010 0.010 0.010 0.010 0.000 0.000 0.010 0.000 0.003 0.000 0.010 0.002 0.035 0.010 0.000 0.006 0.007 0.002 0.002 0.000 0.010 0.000 0.000 0.006 0.005 0.001 0.000 0.000 0.002 0.001 0.000 0.000
0.010 0.010 0.010 0.010 0.010 0.008 0.005 0.010 0.010 0.124 0.539 0.010 0.010 0.010 0.010 0.010 0.010 0.010 0.010 0.010 0.010 0.007 0.006 0.000 0.000 0.000 0.000 0.000 0.000 0.000 0.000 0.004 0.006 0.005 0.005 0.002 0.005 0.002 0.074 0.010 0.010 0.010 0.010 0.000 0.241 0.000 0.010 0.055 0.085 0.010 0.010 0.010 0.010 0.003 0.000 0.006 0.003 0.059 0.029 0.000 0.000 0.010 0.000 0.010 0.004 0.002 0.000 0.000 0.001 0.001 0.001 0.000 0.001 0.002 0.000 0.001 0.001
0.010 0.010 0.010 0.010 0.010 0.010 0.008 0.010 0.010 0.084 0.010 0.010 0.274 0.010 0.010 0.010 0.010 0.010 0.010 0.010 0.010 0.008 0.006 0.000 0.000 0.000 0.000 0.000 0.000 0.000 0.000 0.000 0.000 0.005 0.010 0.004 0.005 0.002 0.007 0.114 0.035 0.010 0.159 0.010 0.120 0.000 0.000 0.000 0.010 0.010 0.010 0.010 0.004 0.004 0.007 0.010 0.002 0.001 0.009 0.002 0.007 0.010 0.000 0.061 0.010 0.002 0.002 0.000 0.003 0.001 0.002 0.001 0.002 0.000 0.000 0.001 0.003
0.010 0.000 0.010 0.010 0.010 0.004 0.004 0.010 0.010 0.118 0.115 0.010 0.144 0.131 0.010 0.010 0.172 0.052 0.010 0.010 0.010 0.014 0.002 0.000 0.000 0.000 0.000 0.000 0.000 0.000 0.000 0.000 0.000 0.005 0.007 0.006 0.005 0.002 0.007 0.096 0.074 0.010 0.000 0.000 0.049 0.010 0.010 0.010 0.010 0.000 0.000 0.000 0.006 0.004 0.063 0.000 0.000 0.001 0.000 0.001 0.005 0.004 0.000 0.000 0.039 0.003 0.000 0.000 0.000 0.000 0.000 0.002 0.002 0.002 0.000 0.000 0.004
0.010 0.007 0.009 0.009 0.008 0.006 0.005 0.010 0.010 0.010 0.159 0.010 0.010 0.008 0.010 0.153 0.204 0.010 0.010 0.010 0.022 0.003 0.010 0.007 0.010 0.010 0.000 0.000 0.000 0.000 0.000 0.000 0.000 0.006 0.010 0.005 0.001 0.002 0.006 0.221 0.066 0.000 0.000 0.007 0.010 0.000 0.000 0.000 0.010 0.010 0.010 0.000 0.004 0.007 0.000 0.000 0.001 0.001 0.001 0.001 0.001 0.002 0.002 0.001 0.003 0.002 0.000 0.000 0.000 0.000 0.002 0.002 0.001 0.000 0.001 0.010 0.010
0.009 0.004 0.072 0.007 0.003 0.010 0.010 0.009 0.007 0.010 0.007 0.008 0.005 0.006 0.010 0.006 0.006 0.006 0.006 0.010 0.006 0.003 0.004 0.007 0.004 0.002 0.004 0.002 0.006 0.000 0.006 0.005 0.007 0.004 0.010 0.006 0.006 0.005 0.004 0.010 0.161 0.006 0.005 0.007 0.006 0.002 0.002 0.004 0.004 0.006 0.016 0.000 0.008 0.003 0.010 0.001 0.000 0.000 0.000 0.001 0.000 0.002 0.001 0.001 0.007 0.005 0.000 0.010 0.002 0.003 0.010 0.004 0.001 0.010 0.010 0.010 0.058
0.010 0.000 0.000 0.000 0.035 0.010 0.020 0.000 0.004 0.004 0.003 0.004 0.003 0.003 0.003 0.004 0.003 0.003 0.004 0.005 0.004 0.006 0.003 0.002 0.002 0.004 0.008 0.006 0.005 0.007 0.003 0.031 0.017 0.006 0.010 0.006 0.003 0.007 0.005 0.005 0.005 0.005 0.010 0.010 0.010 0.000 0.000 0.000 0.003 0.006 0.003 0.002 0.007 0.005 0.003 0.002 0.000 0.000 0.001 0.002 0.000 0.000 0.001 0.001 0.051 0.005 0.000 0.001 0.001 0.001 0.003 0.001 0.001 0.000 0.010 0.045 0.000
0.010 0.006 0.003 0.005 0.004 0.010 0.004 0.003 0.003 0.006 0.002 0.004 0.002 0.004 0.004 0.003 0.003 0.004 0.004 0.003 0.005 0.002 0.004 0.000 0.000 0.002 0.003 0.002 0.003 0.002 0.002 0.002 0.003 0.000 0.000 0.006 0.005 0.006 0.002 0.010 0.010 0.010 0.010 0.010 0.010 0.003 0.004 0.007 0.014 0.010 0.000 0.002 0.002 0.002 0.000 0.003 0.018 0.003 0.000 0.003 0.000 0.000 0.000 0.001 0.007 0.003 0.000 0.002 0.000 0.000 0.000 0.001 0.000 0.000 0.000 0.010 0.000
0.003 0.002 0.003 0.001 0.004 0.010 0.009 0.004 0.001 0.003 0.008 0.002 0.002 0.002 0.003 0.008 0.029 0.008 0.008 0.010 0.003 0.003 0.003 0.007 0.010 0.010 0.010 0.002 0.001 0.003 0.004 0.000 0.002 0.010 0.000 0.007 0.004 0.007 0.004 0.005 0.010 0.010 0.010 0.010 0.010 0.005 0.004 0.010 0.003 0.007 0.004 0.003 0.004 0.000 0.000 0.000 0.010 0.000 0.000 0.005 0.003 0.001 0.000 0.003 0.004 0.003 0.003 0.001 0.000 0.000 0.001 0.001 0.001 0.000 0.005 0.010 0.008
0.004 0.010 0.010 0.009 0.007 0.075 0.002 0.005 0.003 0.003 0.003 0.006 0.004 0.008 0.006 0.010 0.008 0.010 0.000 0.000 0.003 0.003 0.002 0.001 0.005 0.010 0.000 0.010 0.010 0.004 0.006 0.010 0.003 0.010 0.010 0.007 0.011 0.005 0.005 0.004 0.010 0.010 0.010 0.010 0.010 0.010 0.010 0.010 0.007 0.010 0.000 0.002 0.010 0.007 0.000 0.004 0.000 0.000 0.000 0.010 0.002 0.001 0.000 0.003 0.002 0.003 0.005 0.000 0.000 0.000 0.001 0.001 0.000 0.001 0.004 0.000 0.001
0.002 0.006 0.000 0.000 0.004 0.019 0.002 0.004 0.006 0.010 0.010 0.004 0.123 0.007 0.010 0.013 0.010 0.010 0.008 0.008 0.006 0.004 0.000 0.008 0.000 0.000 0.000 0.004 0.000 0.000 0.001 0.000 0.000 0.034 0.007 0.000 0.010 0.002 0.004 0.004 0.010 0.010 0.010 0.010 0.023 0.177 0.007 0.001 0.002 0.000 0.002 0.030 0.000 0.005 0.000 0.002 0.000 0.000 0.002 0.003 0.000 0.003 0.000 0.000 0.001 0.000 0.000 0.002 0.010 0.001 0.005 0.001 0.000 0.000 0.002 0.000 0.001
