hx_30m/njhx/rain/result.max
ncols         211
nrows         286
xllcorner     660279.582600
yllcorner     3541874.325092
cellsize      30.000000
NODATA_value  -9999.000000
[rows 204 to 237 of 286, columns 0 to 76 of 211]
0.000 0.000 0.000 0.000 0.000 0.000 0.000 0.000 0.000 0.000 0.000 0.000 0.000 0.000 0.000 0.010 0.217 0.010 0.000 0.010 0.046 0.010 0.043 0.010 0.010 0.010 0.028 0.087 0.010 0.010 0.010 0.107 0.000 0.010 0.010 0.010 0.010 0.010 0.010 0.013 0.133 0.000 0.020 0.547 0.010 0.010 0.010 0.010 0.010 0.010 0.000 0.010 0.000 0.010 0.016 0.010 0.010 0.010 0.000 0.000 0.010 0.010 0.009 0.009 0.000 0.013 0.011 0.010 0.000 0.077 0.010 0.010 0.014 0.010 0.010 0.010 0.000
0.000 0.000 0.000 0.000 0.000 0.000 0.000 0.000 0.000 0.000 0.000 0.000 0.000 0.000 0.118 0.010 0.010 0.010 0.010 0.010 0.010 0.010 0.010 0.010 0.010 0.010 0.010 0.013 0.010 0.010 0.010 0.063 0.000 0.010 0.010 0.022 0.010 0.043 0.011 0.010 0.010 0.000 0.027 0.010 0.010 0.010 0.010 0.010 0.010 0.010 0.010 0.011 0.047 0.010 0.076 0.010 0.010 0.019 0.000 0.008 0.000 0.000 0.000 0.008 0.048 0.010 0.010 0.000 0.010 0.043 0.000 0.010 0.010 0.010 0.000 0.333 0.041
0.000 0.000 0.000 0.000 0.000 0.000 0.000 0.000 0.000 0.000 0.000 0.000 0.000 0.000 0.010 0.128 0.010 0.010 0.010 0.010 0.010 0.010 0.010 0.010 0.010 0.087 0.010 0.085 0.010 0.052 0.010 0.010 0.000 0.022 0.010 0.035 0.010 0.010 0.015 0.010 0.000 0.094 0.018 0.010 0.010 0.010 0.010 0.010 0.010 0.010 0.010 0.010 0.010 0.010 0.010 0.010 0.010 0.010 0.010 0.000 0.000 0.008 0.009 0.010 0.010 0.010 0.010 0.010 0.010 0.058 0.010 0.030 0.010 0.000 0.370 0.271 0.414
0.000 0.000 0.000 0.000 0.000 0.000 0.000 0.000 0.000 0.000 0.000 0.000 0.000 0.000 0.010 0.010 0.010 0.010 0.010 0.010 0.010 0.027 0.010 0.010 0.044 0.010 0.010 0.010 0.010 0.010 0.010 0.010 0.054 0.010 0.010 0.010 0.010 0.010 0.010 0.010 0.010 0.112 0.010 0.010 0.010 0.010 0.010 0.010 0.010 0.000 0.010 0.010 0.014 0.046 0.010 0.010 0.020 0.000 0.000 0.000 0.000 0.008 0.007 0.013 0.010 0.010 0.010 0.010 0.010 0.030 0.010 0.000 0.048 0.010 0.165 0.000 0.010
0.000 0.000 0.000 0.000 0.000 0.000 0.000 0.000 0.000 0.000 0.000 0.000 0.000 0.000 0.010 0.010 0.010 0.020 0.020 0.093 0.049 0.010 0.010 0.063 0.010 0.010 0.010 0.010 0.010 0.010 0.010 0.000 0.010 0.010 0.049 0.010 0.010 0.021 0.010 0.010 0.013 0.096 0.010 0.010 0.010 0.010 0.010 0.036 0.000 0.010 0.010 0.010 0.010 0.000 0.010 0.016 0.010 0.010 0.010 0.010 0.009 0.010 0.011 0.010 0.010 0.010 0.010 0.010 0.010 0.043 0.000 0.015 0.010 0.010 0.000 0.010 0.000
0.000 0.000 0.000 0.000 0.000 0.000 0.000 0.000 0.000 0.000 0.000 0.000 0.000 0.010 0.010 0.010 0.010 0.010 0.010 0.010 0.010 0.010 0.010 0.010 0.010 0.010 0.010 0.010 0.010 0.027 0.073 0.000 0.040 0.010 0.010 0.010 0.000 0.010 0.010 0.010 0.010 0.010 0.010 0.010 0.010 0.010 0.010 0.010 0.010 0.010 0.000 0.100 0.012 0.000 0.000 0.010 0.023 0.034 0.147 0.239 0.010 0.010 0.010 0.010 0.010 0.010 0.062 0.000 0.000 0.363 0.250 0.085 0.010 0.010 0.000 0.019 0.010
0.000 0.000 0.000 0.000 0.000 0.000 0.000 0.000 0.000 0.000 0.000 0.000 0.169 0.010 0.010 0.010 0.075 0.010 0.010 0.040 0.010 0.010 0.010 0.010 0.010 0.010 0.010 0.048 0.000 0.010 0.000 0.073 0.010 0.010 0.010 0.008 0.000 0.010 0.010 0.010 0.010 0.010 0.010 0.010 0.010 0.010 0.054 0.010 0.010 0.010 0.010 0.010 0.000 0.000 0.000 0.051 0.000 0.010 0.010 0.097 0.317 0.190 0.029 0.010 0.010 0.079 0.014 0.010 0.010 0.219 0.158 0.010 0.012 0.000 0.010 0.009 0.010
0.000 0.000 0.000 0.000 0.000 0.000 0.000 0.000 0.000 0.000 0.000 0.000 0.010 0.010 0.010 0.026 0.010 0.010 0.010 0.010 0.010 0.010 0.010 0.060 0.010 0.010 0.010 0.010 0.000 0.000 0.000 0.010 0.010 0.010 0.010 0.000 0.008 0.009 0.010 0.010 0.043 0.010 0.010 0.010 0.010 0.010 0.037 0.016 0.011 0.010 0.000 0.010 0.000 0.000 0.010 0.012 0.000 0.000 0.000 0.010 0.059 0.010 0.121 0.031 0.279 0.010 0.000 0.010 0.010 0.285 0.010 0.028 0.010 0.010 0.010 0.010 0.010
0.000 0.000 0.000 0.000 0.000 0.000 0.000 0.000 0.000 0.000 0.000 0.000 0.010 0.010 0.010 0.010 0.010 0.051 0.010 0.010 0.010 0.010 0.010 0.107 0.010 0.010 0.010 0.010 0.000 0.000 0.000 0.042 0.010 0.045 0.010 0.010 0.008 0.010 0.010 0.022 0.000 0.010 0.010 0.039 0.010 0.053 0.010 0.010 0.010 0.010 0.010 0.010 0.000 0.000 0.010 0.010 0.010 0.028 0.010 0.010 0.010 0.000 0.010 0.161 0.010 0.011 0.010 0.076 0.010 0.000 0.010 0.010 0.010 0.018 0.010 0.015 0.000
0.000 0.000 0.000 0.000 0.000 0.000 0.000 0.000 0.000 0.000 0.000 0.000 0.054 0.010 0.010 0.010 0.416 0.142 0.010 0.010 0.010 0.010 0.010 0.014 0.010 0.010 0.010 0.010 0.000 0.010 0.000 0.014 0.010 0.010 0.010 0.035 0.010 0.010 0.000 0.000 0.017 0.000 0.000 0.000 0.010 0.011 0.000 0.010 0.010 0.010 0.000 0.010 0.010 0.010 0.091 0.010 0.010 0.010 0.010 0.010 0.010 0.018 0.000 0.568 0.010 0.011 0.013 0.010 0.011 0.096 0.094 0.000 0.000 0.010 0.010 0.000 0.000
0.000 0.000 0.000 0.000 0.000 0.000 0.000 0.000 0.000 0.000 0.000 0.010 0.010 0.010 0.010 0.010 0.010 0.010 0.010 0.010 0.010 0.010 0.010 0.010 0.092 0.010 0.010 0.049 0.010 1.081 0.346 0.010 0.122 0.010 0.010 0.010 0.010 0.036 0.010 0.000 0.010 0.010 0.022 0.010 0.010 0.010 0.010 0.010 0.010 0.010 0.010 0.000 0.010 0.051 0.010 0.000 0.010 0.010 0.010 0.010 0.010 0.000 0.042 0.010 0.010 0.013 0.036 0.000 0.010 0.120 0.366 0.141 0.010 0.000 0.000 0.000 0.010
0.000 0.000 0.000 0.000 0.000 0.000 0.000 0.000 0.000 0.000 0.000 0.069 0.010 0.010 0.031 0.010 0.010 0.010 0.010 0.010 0.010 0.010 0.010 0.010 0.010 0.010 0.064 0.010 0.010 0.000 0.010 0.010 0.019 0.010 0.010 0.010 0.010 0.010 0.010 0.017 0.010 0.000 0.000 0.010 0.022 0.010 0.010 0.019 0.090 0.010 0.010 0.000 0.010 0.010 0.010 0.010 0.010 0.010 0.010 0.000 0.165 0.010 0.010 0.069 0.000 0.010 0.056 0.010 0.010 0.000 0.010 0.010 0.060 0.026 0.010 0.010 0.010
0.000 0.000 0.000 0.000 0.000 0.000 0.000 0.000 0.000 0.000 0.272 0.010 0.010 0.010 0.010 0.010 0.010 0.010 0.010 0.010 0.010 0.010 0.010 0.010 0.010 0.010 0.010 0.010 0.024 0.000 0.088 0.010 0.010 0.010 0.016 0.010 0.010 0.010 0.000 0.010 0.010 0.075 0.010 0.010 0.010 0.000 0.000 0.010 0.010 0.034 0.099 0.010 0.010 0.010 0.010 0.016 0.010 0.010 0.000 0.057 0.010 0.010 0.000 0.000 0.010 0.119 0.000 0.000 0.010 0.010 0.010 0.010 0.010 0.010 0.013 0.010 0.010
0.000 0.000 0.000 0.000 0.000 0.000 0.000 0.000 0.000 0.000 0.015 0.010 0.010 0.010 0.010 0.010 0.010 0.010 0.010 0.010 0.010 0.010 0.010 0.028 0.010 0.010 0.010 0.010 0.000 0.299 0.075 0.010 0.010 0.000 0.000 0.010 0.104 0.010 0.010 0.010 0.010 0.010 0.009 0.030 0.010 0.010 0.013 0.013 0.010 0.010 0.000 0.010 0.047 0.010 0.010 0.010 0.000 0.128 0.010 0.073 0.010 0.000 0.000 0.010 0.010 0.010 0.010 0.033 0.010 0.010 0.010 0.010 0.010 0.010 0.000 0.010 0.061
0.000 0.000 0.000 0.000 0.000 0.000 0.000 0.000 0.000 0.000 0.010 0.010 0.010 0.010 0.010 0.010 0.010 0.010 0.010 0.041 0.000 0.010 0.095 0.010 0.010 0.010 0.011 0.000 0.087 0.010 0.010 0.011 0.010 0.015 0.010 0.047 0.010 0.010 0.096 0.010 0.010 0.010 0.010 0.010 0.010 0.010 0.010 0.019 0.029 0.046 0.010 0.010 0.014 0.010 0.010 0.000 0.031 0.010 0.000 0.010 0.010 0.000 0.010 0.010 0.010 0.010 0.000 0.010 0.000 0.010 0.010 0.031 0.010 0.010 0.010 0.010 0.135
0.000 0.000 0.000 0.000 0.000 0.000 0.000 0.000 0.000 0.000 0.000 0.010 0.099 0.025 0.010 0.010 0.010 0.010 0.041 0.000 0.000 0.000 0.010 0.071 0.000 0.000 0.219 0.010 0.010 0.010 0.010 0.011 0.010 0.000 0.000 0.010 0.010 0.000 0.010 0.010 0.010 0.010 0.028 0.010 0.010 0.016 0.029 0.044 0.010 0.023 0.010 0.010 0.010 0.000 0.103 0.010 0.010 0.010 0.020 0.000 0.010 0.010 0.010 0.011 0.031 0.010 0.010 0.010 0.035 0.040 0.010 0.010 0.010 0.000 0.000 0.032 0.078
0.000 0.000 0.000 0.000 0.000 0.000 0.000 0.000 0.000 0.000 0.000 0.000 0.000 0.000 0.202 0.010 0.010 0.010 0.000 0.000 0.000 0.000 0.000 0.010 0.000 0.010 0.010 0.010 0.010 0.010 0.010 0.010 0.010 0.000 0.016 0.010 0.000 0.010 0.010 0.010 0.000 0.010 0.010 0.010 0.010 0.010 0.012 0.010 0.010 0.010 0.010 0.010 0.000 0.034 0.010 0.010 0.010 0.000 0.010 0.010 0.037 0.010 0.010 0.014 0.010 0.010 0.010 0.028 0.010 0.010 0.010 0.000 0.010 0.000 0.010 0.325 0.000
0.000 0.000 0.000 0.000 0.000 0.000 0.000 0.000 0.000 0.000 0.000 0.000 0.010 0.010 0.010 0.010 0.010 0.010 0.000 0.000 0.000 0.000 0.000 0.000 0.000 0.250 0.010 0.010 0.010 0.036 0.010 0.010 0.010 0.010 0.010 0.010 0.000 0.010 0.025 0.010 0.009 0.010 0.010 0.000 0.010 0.010 0.012 0.010 0.010 0.027 0.000 0.016 0.010 0.030 0.000 0.000 0.021 0.000 0.010 0.000 0.000 0.010 0.010 0.010 0.010 0.000 0.010 0.010 0.000 0.000 0.010 0.010 0.010 0.010 0.010 0.331 0.010
0.000 0.000 0.000 0.000 0.000 0.000 0.000 0.000 0.000 0.000 0.000 0.000 0.000 0.000 0.000 0.010 0.010 0.010 0.010 0.000 0.000 0.000 0.032 0.000 0.000 0.000 0.000 0.063 0.010 0.010 0.010 0.010 0.010 0.010 0.037 0.010 0.010 0.010 0.000 0.000 0.010 0.015 0.010 0.029 0.010 0.010 0.056 0.010 0.010 0.000 0.010 0.050 0.010 0.010 0.010 0.010 0.010 0.010 0.000 0.000 0.009 0.000 0.010 0.010 0.008 0.010 0.027 0.000 0.010 0.010 0.010 0.010 0.010 0.010 0.010 0.010 0.015
0.000 0.000 0.000 0.000 0.000 0.000 0.000 0.000 0.000 0.000 0.000 0.000 0.000 0.000 0.000 0.000 0.010 0.010 0.010 0.010 0.010 0.100 0.000 0.000 0.000 0.000 0.000 0.000 0.000 0.091 0.010 0.162 0.031 0.010 0.010 0.010 0.010 0.010 0.020 0.010 0.010 0.010 0.000 0.010 0.000 0.000 0.010 0.000 0.144 0.010 0.033 0.010 0.010 0.010 0.010 0.010 0.010 0.010 0.010 0.010 0.010 0.010 0.024 0.010 0.000 0.000 0.010 0.043 0.010 0.010 0.010 0.010 0.000 0.010 0.010 0.010 0.000
0.000 0.000 0.000 0.000 0.000 0.000 0.000 0.000 0.000 0.000 0.000 0.000 0.000 0.000 0.000 0.000 0.000 0.010 0.010 0.127 0.000 0.000 0.000 0.043 0.000 0.120 0.010 0.010 0.069 0.000 0.000 0.000 0.000 0.000 0.000 0.010 0.033 0.010 0.010 0.010 0.047 0.017 0.010 0.010 0.010 0.010 0.000 0.069 0.010 0.010 0.010 0.010 0.010 0.010 0.010 0.010 0.010 0.010 0.010 0.010 0.010 0.010 0.017 0.010 0.010 0.027 0.010 0.010 0.010 0.064 0.144 0.010 0.000 0.010 0.010 0.000 0.000
0.000 0.000 0.000 0.000 0.000 0.000 0.000 0.000 0.000 0.000 0.000 0.000 0.000 0.000 0.000 0.000 0.000 0.000 0.000 0.207 0.000 0.000 0.000 0.010 0.000 0.010 0.010 0.000 0.000 0.000 0.000 0.078 0.010 0.010 0.038 0.000 0.010 0.010 0.019 0.010 0.010 0.010 0.010 0.033 0.010 0.509 0.010 0.010 0.010 0.010 0.010 0.010 0.054 0.027 0.010 0.010 0.010 0.010 0.010 0.010 0.010 0.057 0.010 0.010 0.010 0.000 0.000 0.010 0.014 0.000 0.000 0.010 0.010 0.010 0.010 0.000 0.010
0.000 0.000 0.000 0.000 0.000 0.000 0.000 0.000 0.000 0.000 0.000 0.000 0.000 0.000 0.000 0.000 0.000 0.000 0.000 0.000 0.027 0.000 0.000 0.000 0.000 0.010 0.000 0.000 0.000 0.000 0.000 0.000 0.000 0.000 0.000 0.010 0.075 0.000 0.000 0.010 0.010 0.010 0.029 0.010 0.000 0.010 0.010 0.010 0.010 0.042 0.010 0.010 0.000 0.010 0.010 0.010 0.028 0.010 0.010 0.010 0.010 0.231 0.010 0.010 0.010 0.010 0.010 0.010 0.010 0.010 0.010 0.010 0.058 0.010 0.011 0.010 0.022
0.000 0.000 0.000 0.000 0.000 0.000 0.000 0.000 0.000 0.000 0.000 0.000 0.000 0.000 0.000 0.000 0.000 0.000 0.000 0.000 0.000 0.026 0.000 0.000 0.031 0.000 0.000 0.000 0.000 0.000 0.000 0.000 0.000 0.000 0.000 0.000 0.000 0.010 0.010 0.147 0.000 0.000 0.000 0.010 0.000 0.010 0.010 0.010 0.010 0.010 0.227 0.014 0.010 0.010 0.010 0.000 0.000 0.000 0.000 0.000 0.192 0.323 0.010 0.010 0.010 0.000 0.010 0.010 0.071 0.010 0.010 0.010 0.010 0.010 0.010 0.010 0.010
0.000 0.000 0.000 0.000 0.000 0.000 0.000 0.000 0.000 0.000 0.000 0.000 0.000 0.000 0.000 0.000 0.000 0.000 0.000 0.000 0.000 0.000 0.000 0.031 0.000 0.000 0.000 0.000 0.000 0.000 0.000 0.000 0.000 0.000 0.000 0.000 0.000 0.000 0.000 0.010 0.059 0.010 0.010 0.104 0.000 0.000 0.000 0.035 0.010 0.010 0.010 0.091 0.218 0.198 0.098 0.010 0.010 0.010 0.000 0.010 0.010 0.010 0.009 0.009 0.018 0.010 0.010 0.010 0.010 0.000 0.068 0.010 0.010 0.010 0.010 0.010 0.000
0.000 0.000 0.000 0.000 0.000 0.000 0.000 0.000 0.000 0.000 0.000 0.000 0.000 0.000 0.000 0.000 0.000 0.000 0.000 0.000 0.000 0.000 0.000 0.000 0.000 0.000 0.000 0.000 0.000 0.000 0.000 0.000 0.000 0.000 0.000 0.000 0.000 0.000 0.000 0.000 0.000 0.000 0.000 0.000 0.000 0.000 0.000 0.119 0.000 0.000 0.260 0.061 0.150 0.010 0.010 0.010 0.031 0.010 0.010 0.010 0.010 0.139 0.000 0.000 0.000 0.011 0.010 0.010 0.010 0.000 0.010 0.010 0.010 0.186 0.118 0.010 0.010
0.000 0.000 0.000 0.000 0.000 0.000 0.000 0.000 0.000 0.000 0.000 0.000 0.000 0.000 0.000 0.000 0.000 0.000 0.000 0.000 0.000 0.000 0.000 0.000 0.000 0.000 0.000 0.000 0.000 0.000 0.000 0.000 0.000 0.000 0.000 0.000 0.000 0.000 0.000 0.000 0.000 0.000 0.000 0.000 0.000 0.000 0.000 0.000 0.000 0.037 0.000 0.000 0.010 0.010 0.014 0.061 0.010 0.010 0.010 0.010 0.010 0.010 0.051 0.010 0.010 0.000 0.000 0.010 0.000 0.010 0.061 0.010 0.010 0.000 0.010 0.010 0.010
0.000 0.000 0.000 0.000 0.000 0.000 0.000 0.000 0.000 0.000 0.000 0.000 0.000 0.000 0.000 0.000 0.000 0.000 0.000 0.000 0.000 0.000 0.000 0.000 0.000 0.000 0.000 0.000 0.000 0.000 0.000 0.000 0.000 0.000 0.000 0.000 0.000 0.000 0.000 0.000 0.000 0.000 0.000 0.000 0.000 0.000 0.000 0.000 0.000 0.000 0.000 0.037 0.000 0.000 0.000 0.010 0.010 0.010 0.031 0.010 0.010 0.010 0.010 0.011 0.035 0.010 0.010 0.010 0.000 0.010 0.000 0.010 0.021 0.011 0.010 0.000 0.015
0.000 0.000 0.000 0.000 0.000 0.000 0.000 0.000 0.000 0.000 0.000 0.000 0.000 0.000 0.000 0.000 0.000 0.000 0.000 0.000 0.000 0.000 0.000 0.000 0.000 0.000 0.000 0.000 0.000 0.000 0.000 0.000 0.000 0.000 0.000 0.000 0.000 0.000 0.000 0.000 0.000 0.000 0.000 0.000 0.000 0.000 0.000 0.000 0.000 0.000 0.000 0.000 0.000 0.000 0.010 0.010 0.000 0.000 0.000 0.000 0.043 0.010 0.010 0.010 0.010 0.010 0.042 0.010 0.010 0.010 0.010 0.054 0.000 0.000 0.015 0.010 0.000
0.000 0.000 0.000 0.000 0.000 0.000 0.000 0.000 0.000 0.000 0.000 0.000 0.000 0.000 0.000 0.000 0.000 0.000 0.000 0.000 0.000 0.000 0.000 0.000 0.000 0.000 0.000 0.000 0.000 0.000 0.000 0.000 0.000 0.000 0.000 0.000 0.000 0.000 0.000 0.000 0.000 0.000 0.000 0.000 0.000 0.000 0.000 0.000 0.000 0.000 0.000 0.000 0.000 0.000 0.000 0.000 0.000 0.000 0.000 0.035 0.000 0.000 0.000 0.000 0.029 0.010 0.010 0.010 0.010 0.010 0.073 0.010 0.010 0.010 0.000 0.031 0.010
0.000 0.000 0.000 0.000 0.000 0.000 0.000 0.000 0.000 0.000 0.000 0.000 0.000 0.000 0.000 0.000 0.000 0.000 0.000 0.000 0.000 0.000 0.000 0.000 0.000 0.000 0.000 0.000 0.000 0.000 0.000 0.000 0.000 0.000 0.000 0.000 0.000 0.000 0.000 0.000 0.000 0.000 0.000 0.000 0.000 0.000 0.000 0.000 0.000 0.000 0.000 0.000 0.000 0.000 0.000 0.000 0.000 0.000 0.000 0.000 0.000 0.000 0.010 0.061 0.000 0.000 0.000 0.026 0.010 0.010 0.010 0.010 0.044 0.010 0.010 0.010 0.000
0.000 0.000 0.000 0.000 0.000 0.000 0.000 0.000 0.000 0.000 0.000 0.000 0.000 0.000 0.000 0.000 0.000 0.000 0.000 0.000 0.000 0.000 0.000 0.000 0.000 0.000 0.000 0.000 0.000 0.000 0.000 0.000 0.000 0.000 0.000 0.000 0.000 0.000 0.000 0.000 0.000 0.000 0.000 0.000 0.000 0.000 0.000 0.000 0.000 0.000 0.000 0.000 0.000 0.000 0.000 0.000 0.000 0.000 0.000 0.000 0.000 0.000 0.000 0.000 0.000 0.010 0.064 0.000 0.000 0.077 0.010 0.017 0.010 0.010 0.023 0.010 0.010
0.000 0.000 0.000 0.000 0.000 0.000 0.000 0.000 0.000 0.000 0.000 0.000 0.000 0.000 0.000 0.000 0.000 0.000 0.000 0.000 0.000 0.000 0.000 0.000 0.000 0.000 0.000 0.000 0.000 0.000 0.000 0.000 0.000 0.000 0.000 0.000 0.000 0.000 0.000 0.000 0.000 0.000 0.000 0.000 0.000 0.000 0.000 0.000 0.000 0.000 0.000 0.000 0.000 0.000 0.000 0.000 0.000 0.000 0.000 0.000 0.000 0.000 0.000 0.000 0.000 0.000 0.000 0.000 0.000 0.000 0.000 0.000 0.028 0.010 0.010 0.010 0.032
0.000 0.000 0.000 0.000 0.000 0.000 0.000 0.000 0.000 0.000 0.000 0.000 0.000 0.000 0.000 0.000 0.000 0.000 0.000 0.000 0.000 0.000 0.000 0.000 0.000 0.000 0.000 0.000 0.000 0.000 0.000 0.000 0.000 0.000 0.000 0.000 0.000 0.000 0.000 0.000 0.000 0.000 0.000 0.000 0.000 0.000 0.000 0.000 0.000 0.000 0.000 0.000 0.000 0.000 0.000 0.000 0.000 0.000 0.000 0.000 0.000 0.000 0.000 0.000 0.000 0.000 0.000 0.000 0.000 0.000 0.000 0.000 0.000 0.000 0.010 0.010 0.010
