hx_30m/njhx/rain/result-0026.wd
ncols         211
nrows         286
xllcorner     660279.582600
yllcorner     3541874.325092
cellsize      30.000000
NODATA_value  -9999.000000
[rows 170 to 203 of 286, columns 0 to 76 of 211]
0.000 0.000 0.000 0.000 0.000 0.000 0.000 0.000 0.000 0.000 0.000 0.000 0.000 0.000 0.000 0.000 0.000 0.000 0.000 0.000 0.000 0.000 0.000 0.000 0.000 0.000 0.000 0.000 0.000 0.000 0.000 0.000 0.000 0.201 0.010 0.010 0.010 0.010 0.010 0.010 0.010 0.010 0.282 0.010 0.009 0.009 0.009 0.009 0.000 0.017 0.026 0.135 0.009 0.009 0.013 0.008 0.008 0.010 0.000 0.010 0.009 0.023 0.010 0.009 0.074 0.010 0.010 0.009 0.017 0.010 0.010 0.010 0.010 0.010 0.010 0.000 0.000
0.000 0.000 0.000 0.000 0.000 0.000 0.000 0.000 0.000 0.000 0.000 0.000 0.000 0.000 0.000 0.000 0.000 0.000 0.000 0.000 0.000 0.000 0.000 0.000 0.000 0.000 0.000 0.000 0.000 0.000 0.000 0.000 0.000 0.010 0.010 0.010 0.010 0.010 0.010 0.010 0.010 0.010 0.010 0.010 0.023 0.010 0.010 0.010 0.195 0.378 0.000 0.021 0.000 0.000 0.007 0.008 0.009 0.010 0.000 0.010 0.010 0.000 0.009 0.114 0.010 0.010 0.010 0.226 0.336 0.010 0.010 0.010 0.010 0.010 0.010 0.010 0.010
0.000 0.000 0.000 0.000 0.000 0.000 0.000 0.000 0.000 0.000 0.000 0.000 0.000 0.000 0.000 0.000 0.000 0.000 0.000 0.000 0.000 0.000 0.000 0.000 0.000 0.000 0.000 0.000 0.000 0.000 0.000 0.000 0.140 0.010 0.010 0.010 0.010 0.010 0.010 0.010 0.042 0.000 0.010 0.010 0.009 0.010 0.009 0.307 0.268 0.010 0.009 0.000 0.021 0.000 0.009 0.010 0.010 0.010 0.010 0.010 0.010 0.009 0.009 0.010 0.010 0.010 0.327 0.295 0.328 0.010 0.010 0.010 0.010 0.010 0.100 0.093 0.010
0.000 0.000 0.000 0.000 0.000 0.000 0.000 0.000 0.000 0.000 0.000 0.000 0.000 0.000 0.000 0.000 0.000 0.000 0.000 0.000 0.000 0.000 0.000 0.000 0.000 0.000 0.000 0.000 0.000 0.000 0.000 0.000 0.010 0.010 0.010 0.010 0.010 0.010 0.010 0.063 0.000 0.059 0.010 0.009 0.009 0.010 0.012 0.368 0.388 0.010 0.009 0.000 0.000 0.000 0.008 0.009 0.009 0.022 0.008 0.010 0.009 0.009 0.010 0.010 0.010 0.000 0.364 0.290 0.230 0.010 0.155 0.040 0.010 0.010 0.010 0.244 0.010
0.000 0.000 0.000 0.000 0.000 0.000 0.000 0.000 0.000 0.000 0.000 0.000 0.000 0.000 0.000 0.000 0.000 0.000 0.000 0.000 0.000 0.000 0.000 0.000 0.000 0.000 0.000 0.000 0.000 0.000 0.000 0.000 0.010 0.010 0.010 0.108 0.010 0.010 0.134 0.010 0.010 0.010 0.010 0.010 0.010 0.009 0.009 0.114 0.010 0.019 0.010 0.010 0.010 0.054 0.204 0.009 0.009 0.000 0.009 0.009 0.009 0.009 0.010 0.306 0.000 0.048 0.291 0.198 0.010 0.010 0.010 0.051 0.010 0.023 0.191 0.044 0.010
0.000 0.000 0.000 0.000 0.000 0.000 0.000 0.000 0.000 0.000 0.000 0.000 0.000 0.000 0.000 0.000 0.000 0.000 0.000 0.000 0.000 0.000 0.027 0.000 0.000 0.000 0.000 0.000 0.000 0.000 0.000 0.067 0.010 0.010 0.010 0.010 0.010 0.010 0.010 0.010 0.010 0.083 0.010 0.038 0.010 0.009 0.010 0.010 0.010 0.009 0.010 0.013 0.000 0.010 0.143 0.173 0.000 0.009 0.000 0.009 0.008 0.010 0.010 0.000 0.108 0.010 0.011 0.191 0.010 0.010 0.010 0.120 0.010 0.010 0.000 0.010 0.000
0.000 0.000 0.000 0.000 0.000 0.000 0.000 0.000 0.000 0.000 0.000 0.000 0.000 0.000 0.000 0.000 0.000 0.000 0.000 0.000 0.000 0.000 0.000 0.000 0.000 0.000 0.000 0.000 0.000 0.000 0.000 0.010 0.010 0.081 0.010 0.010 0.010 0.037 0.092 0.010 0.010 0.010 0.009 0.010 0.009 0.009 0.010 0.010 0.009 0.010 0.000 0.071 0.000 0.010 0.018 0.190 0.010 0.010 0.028 0.008 0.010 0.010 0.010 0.108 0.010 0.010 0.010 0.010 0.010 0.010 0.010 0.010 0.000 0.010 0.089 0.010 0.034
0.000 0.000 0.000 0.000 0.000 0.000 0.000 0.000 0.000 0.000 0.000 0.000 0.000 0.000 0.000 0.000 0.000 0.000 0.000 0.000 0.000 0.000 0.000 0.000 0.000 0.000 0.000 0.000 0.000 0.000 0.179 0.010 0.010 0.010 0.010 0.010 0.010 0.010 0.000 0.010 0.010 0.058 0.009 0.010 0.047 0.010 0.009 0.010 0.009 0.027 0.019 0.010 0.010 0.249 0.119 0.010 0.010 0.010 0.010 0.000 0.010 0.198 0.010 0.010 0.010 0.010 0.010 0.010 0.000 0.010 0.010 0.010 0.000 0.010 0.010 0.010 0.010
0.000 0.000 0.000 0.000 0.000 0.000 0.000 0.000 0.000 0.000 0.000 0.000 0.000 0.000 0.000 0.000 0.000 0.000 0.000 0.000 0.000 0.000 0.000 0.000 0.000 0.000 0.000 0.000 0.000 0.000 0.010 0.010 0.010 0.010 0.010 0.010 0.010 0.010 0.010 0.010 0.010 0.009 0.009 0.010 0.055 0.010 0.009 0.010 0.009 0.010 0.009 0.010 0.010 0.010 0.010 0.010 0.010 0.010 0.010 0.010 0.010 0.010 0.210 0.010 0.010 0.099 0.010 0.010 0.000 0.082 0.047 0.010 0.010 0.010 0.010 0.010 0.010
0.000 0.000 0.000 0.000 0.000 0.000 0.000 0.000 0.000 0.000 0.000 0.000 0.000 0.000 0.000 0.000 0.000 0.000 0.000 0.000 0.000 0.000 0.000 0.000 0.000 0.000 0.000 0.000 0.128 0.010 0.010 0.010 0.010 0.120 0.010 0.010 0.010 0.010 0.242 0.010 0.010 0.009 0.010 0.009 0.010 0.010 0.009 0.008 0.010 0.276 0.009 0.010 0.010 0.010 0.010 0.010 0.010 0.028 0.010 0.010 0.010 0.010 0.010 0.010 0.010 0.026 0.000 0.032 0.048 0.010 0.010 0.010 0.010 0.010 0.010 0.010 0.010
0.000 0.000 0.000 0.000 0.000 0.000 0.000 0.000 0.000 0.000 0.000 0.000 0.000 0.000 0.000 0.000 0.000 0.000 0.000 0.000 0.000 0.000 0.000 0.000 0.000 0.000 0.000 0.000 0.000 0.010 0.010 0.010 0.098 0.010 0.130 0.010 0.098 0.010 0.000 0.010 0.010 0.009 0.010 0.009 0.010 0.010 0.009 0.010 0.010 0.010 0.101 0.010 0.010 0.011 0.010 0.010 0.010 0.059 0.010 0.010 0.010 0.010 0.010 0.010 0.010 0.010 0.010 0.073 0.118 0.091 0.010 0.010 0.010 0.010 0.010 0.010 0.010
0.000 0.000 0.000 0.000 0.000 0.000 0.000 0.000 0.000 0.000 0.000 0.000 0.000 0.000 0.000 0.000 0.000 0.000 0.000 0.000 0.000 0.000 0.000 0.000 0.000 0.000 0.000 0.000 0.000 0.104 0.010 0.010 0.010 0.038 0.010 0.010 0.010 0.010 0.000 0.010 0.010 0.010 0.010 0.016 0.008 0.052 0.009 0.009 0.010 0.010 0.010 0.010 0.010 0.010 0.010 0.010 0.010 0.010 0.010 0.010 0.010 0.010 0.010 0.010 0.010 0.010 0.010 0.010 0.010 0.010 0.010 0.010 0.010 0.010 0.010 0.010 0.010
0.000 0.000 0.000 0.000 0.000 0.000 0.000 0.000 0.000 0.000 0.000 0.000 0.000 0.000 0.000 0.000 0.000 0.050 0.000 0.000 0.000 0.000 0.000 0.000 0.000 0.000 0.000 0.000 0.000 0.010 0.010 0.621 0.010 0.010 0.010 0.010 0.010 0.010 0.000 0.103 0.010 0.010 0.010 0.009 0.010 0.009 0.009 0.009 0.010 0.010 0.010 0.010 0.150 0.801 0.010 0.010 0.160 0.010 0.010 0.010 0.010 0.010 0.010 0.010 0.010 0.010 0.010 0.010 0.010 0.010 0.010 0.010 0.009 0.010 0.010 0.010 0.010
0.000 0.000 0.000 0.000 0.000 0.000 0.000 0.000 0.000 0.000 0.000 0.000 0.000 0.000 0.000 0.000 0.000 0.010 0.000 0.000 0.000 0.000 0.000 0.000 0.000 0.000 0.000 0.000 0.061 0.010 0.010 0.010 0.010 0.010 0.010 0.010 0.010 0.010 0.114 0.010 0.008 0.010 0.042 0.010 0.036 0.010 0.009 0.009 0.009 0.009 0.010 0.010 0.010 0.034 0.010 0.010 0.010 0.010 0.010 0.010 0.043 0.010 0.010 0.010 0.010 0.010 0.043 0.010 0.010 0.010 0.010 0.009 0.010 0.010 0.010 0.010 0.010
0.000 0.000 0.000 0.000 0.000 0.000 0.000 0.000 0.000 0.000 0.000 0.000 0.000 0.000 0.000 0.000 0.000 0.000 0.000 0.000 0.000 0.000 0.000 0.000 0.000 0.000 0.000 0.068 0.010 0.010 0.010 0.010 0.065 0.010 0.010 0.010 0.010 0.010 0.010 0.010 0.010 0.040 0.010 0.010 0.009 0.020 0.009 0.009 0.010 0.010 0.009 0.010 0.010 0.010 0.010 0.010 0.010 0.010 0.010 0.010 0.010 0.010 0.010 0.010 0.010 0.013 0.132 0.057 0.010 0.036 0.010 0.010 0.010 0.010 0.010 0.010 0.010
0.000 0.000 0.000 0.000 0.000 0.000 0.000 0.000 0.000 0.000 0.000 0.000 0.000 0.000 0.000 0.000 0.000 0.000 0.000 0.000 0.000 0.000 0.000 0.000 0.000 0.000 0.061 0.010 0.010 0.010 0.078 0.010 0.035 0.010 0.010 0.010 0.281 0.010 0.051 0.010 0.010 0.010 0.010 0.010 0.023 0.010 0.010 0.056 0.009 0.010 0.010 0.010 0.010 0.010 0.010 0.010 0.010 0.010 0.010 0.034 0.010 0.010 0.010 0.010 0.009 0.010 0.017 0.055 0.010 0.010 0.010 0.010 0.010 0.010 0.010 0.010 0.010
0.000 0.000 0.000 0.000 0.000 0.000 0.000 0.000 0.000 0.000 0.000 0.000 0.000 0.000 0.000 0.000 0.057 0.000 0.000 0.000 0.000 0.000 0.000 0.000 0.000 0.139 0.010 0.010 0.010 0.010 0.010 0.010 0.010 0.010 0.010 0.000 0.010 0.010 0.010 0.010 0.010 0.010 0.036 0.010 0.010 0.052 0.000 0.010 0.000 0.010 0.009 0.009 0.010 0.009 0.009 0.010 0.010 0.010 0.016 0.101 0.010 0.010 0.010 0.099 0.033 0.012 0.010 0.010 0.010 0.010 0.010 0.010 0.010 0.010 0.182 0.091 0.010
0.000 0.000 0.000 0.000 0.000 0.000 0.000 0.000 0.000 0.000 0.000 0.000 0.000 0.000 0.000 0.000 0.010 0.000 0.000 0.000 0.000 0.000 0.000 0.000 0.000 0.010 0.010 0.010 0.104 0.100 0.010 0.010 0.010 0.010 0.010 0.259 0.010 0.010 0.010 0.010 0.010 0.010 0.010 0.010 0.048 0.010 0.082 0.010 0.000 0.046 0.010 0.022 0.009 0.009 0.010 0.009 0.016 0.010 0.010 0.010 0.075 0.010 0.010 0.010 0.010 0.010 0.010 0.010 0.010 0.010 0.010 0.010 0.010 0.010 0.010 0.010 0.010
0.000 0.000 0.000 0.000 0.000 0.000 0.000 0.000 0.000 0.000 0.000 0.000 0.000 0.000 0.000 0.000 0.000 0.000 0.000 0.000 0.000 0.000 0.000 0.000 0.000 0.010 0.010 0.010 0.072 0.010 0.010 0.010 0.010 0.010 0.000 0.010 0.010 0.010 0.010 0.020 0.010 0.037 0.010 0.055 0.010 0.010 0.010 0.010 0.010 0.010 0.010 0.000 0.027 0.009 0.017 0.009 0.009 0.009 0.058 0.010 0.010 0.010 0.046 0.010 0.010 0.010 0.010 0.010 0.010 0.038 0.010 0.010 0.061 0.010 0.010 0.010 0.010
0.000 0.000 0.000 0.000 0.000 0.000 0.000 0.000 0.000 0.000 0.000 0.000 0.000 0.000 0.000 0.000 0.000 0.000 0.000 0.000 0.000 0.000 0.000 0.000 0.039 0.009 0.178 0.049 0.010 0.010 0.010 0.010 0.010 0.010 0.000 0.032 0.010 0.010 0.009 0.010 0.010 0.010 0.010 0.010 0.010 0.010 0.010 0.010 0.010 0.010 0.010 0.010 0.010 0.010 0.010 0.034 0.028 0.009 0.009 0.010 0.010 0.010 0.010 0.043 0.010 0.010 0.085 0.010 0.010 0.010 0.010 0.074 0.010 0.010 0.010 0.010 0.057
0.000 0.000 0.000 0.000 0.000 0.000 0.000 0.000 0.000 0.000 0.000 0.000 0.000 0.000 0.036 0.000 0.000 0.000 0.000 0.000 0.000 0.000 0.000 0.000 0.000 0.009 0.176 0.018 0.010 0.010 0.010 0.010 0.010 0.010 0.125 0.010 0.010 0.010 0.010 0.010 0.030 0.010 0.052 0.010 0.010 0.010 0.137 0.010 0.010 0.255 0.010 0.010 0.010 0.096 0.010 0.010 0.010 0.010 0.010 0.045 0.009 0.010 0.010 0.010 0.010 0.010 0.010 0.010 0.010 0.010 0.052 0.010 0.010 0.031 0.010 0.010 0.024
0.000 0.000 0.000 0.000 0.000 0.000 0.000 0.000 0.000 0.000 0.000 0.000 0.000 0.000 0.000 0.000 0.000 0.000 0.000 0.000 0.000 0.000 0.000 0.135 0.010 0.010 0.010 0.010 0.010 0.010 0.010 0.010 0.010 0.010 0.010 0.000 0.010 0.010 0.041 0.010 0.010 0.010 0.010 0.010 0.010 0.175 0.010 0.010 0.010 0.010 0.184 0.010 0.010 0.010 0.010 0.010 0.010 0.010 0.000 0.010 0.010 0.009 0.039 0.010 0.010 0.010 0.010 0.010 0.010 0.010 0.010 0.010 0.010 0.152 0.010 0.010 0.010
0.000 0.000 0.000 0.000 0.000 0.000 0.000 0.000 0.000 0.000 0.000 0.000 0.000 0.000 0.000 0.000 0.000 0.000 0.000 0.000 0.000 0.000 0.000 0.010 0.010 0.010 0.010 0.010 0.010 0.010 0.010 0.010 0.010 0.010 0.512 0.000 0.010 0.023 0.010 0.010 0.024 0.009 0.010 0.010 0.010 0.010 0.079 0.010 0.010 0.010 0.010 0.010 0.010 0.010 0.021 0.041 0.009 0.010 0.010 0.010 0.010 0.009 0.008 0.010 0.024 0.010 0.010 0.010 0.010 0.010 0.010 0.010 0.010 0.010 0.010 0.010 0.010
0.000 0.000 0.000 0.000 0.000 0.000 0.000 0.000 0.000 0.000 0.000 0.000 0.000 0.000 0.000 0.000 0.000 0.000 0.000 0.000 0.000 0.116 0.010 0.010 0.010 0.010 0.036 0.010 0.010 0.010 0.010 0.010 0.010 0.010 0.010 0.000 0.010 0.010 0.010 0.017 0.010 0.010 0.010 0.009 0.009 0.009 0.010 0.010 0.010 0.010 0.148 0.010 0.010 0.010 0.010 0.010 0.009 0.009 0.010 0.000 0.040 0.010 0.010 0.000 0.000 0.010 0.010 0.010 0.010 0.107 0.010 0.010 0.010 0.010 0.010 0.010 0.010
0.000 0.000 0.000 0.000 0.000 0.000 0.000 0.000 0.000 0.000 0.000 0.000 0.000 0.000 0.000 0.000 0.000 0.000 0.000 0.000 0.000 0.062 0.010 0.010 0.010 0.010 0.059 0.010 0.010 0.010 0.010 0.010 0.136 0.000 0.010 0.010 0.010 0.034 0.010 0.030 0.010 0.010 0.010 0.094 0.010 0.046 0.020 0.010 0.010 0.010 0.010 0.010 0.010 0.010 0.010 0.009 0.021 0.010 0.010 0.010 0.010 0.027 0.009 0.010 0.010 0.010 0.010 0.000 0.010 0.010 0.010 0.010 0.010 0.010 0.047 0.010 0.030
0.000 0.000 0.000 0.000 0.000 0.000 0.000 0.000 0.000 0.000 0.000 0.000 0.000 0.000 0.000 0.000 0.000 0.000 0.000 0.000 0.183 0.010 0.010 0.010 0.010 0.010 0.010 0.010 0.010 0.010 0.010 0.010 0.000 0.010 0.010 0.000 0.010 0.010 0.010 0.010 0.103 0.010 0.010 0.010 0.010 0.010 0.010 0.010 0.010 0.010 0.010 0.010 0.010 0.010 0.010 0.036 0.010 0.024 0.010 0.010 0.008 0.009 0.010 0.010 0.010 0.010 0.010 0.045 0.010 0.010 0.000 0.000 0.010 0.010 0.010 0.010 0.010
0.000 0.000 0.000 0.000 0.000 0.000 0.000 0.000 0.000 0.000 0.000 0.000 0.000 0.000 0.000 0.000 0.000 0.000 0.000 0.000 0.010 0.010 0.010 0.010 0.010 0.010 0.010 0.010 0.010 0.029 0.000 0.000 0.000 0.010 0.000 0.010 0.009 0.010 0.017 0.010 0.057 0.107 0.010 0.010 0.010 0.010 0.010 0.010 0.128 0.010 0.010 0.009 0.010 0.010 0.009 0.009 0.010 0.010 0.000 0.000 0.023 0.010 0.010 0.027 0.037 0.010 0.010 0.000 0.010 0.010 0.010 0.010 0.010 0.039 0.000 0.000 0.010
0.000 0.000 0.000 0.000 0.000 0.000 0.000 0.000 0.000 0.034 0.000 0.000 0.000 0.000 0.000 0.000 0.000 0.000 0.000 0.104 0.010 0.010 0.010 0.010 0.010 0.101 0.010 0.010 0.010 0.024 0.000 0.000 0.010 0.110 0.010 0.010 0.045 0.010 0.042 0.010 0.010 0.010 0.010 0.010 0.010 0.010 0.090 0.000 0.010 0.010 0.010 0.010 0.010 0.010 0.009 0.010 0.000 0.010 0.009 0.009 0.010 0.010 0.008 0.009 0.010 0.010 0.000 0.000 0.010 0.010 0.010 0.010 0.072 0.000 0.010 0.018 0.010
0.000 0.000 0.000 0.000 0.000 0.000 0.000 0.000 0.000 0.000 0.000 0.000 0.000 0.000 0.000 0.000 0.000 0.000 0.072 0.010 0.010 0.010 0.010 0.010 0.060 0.010 0.010 0.010 0.010 0.010 0.010 0.000 0.015 0.000 0.010 0.010 0.010 0.010 0.010 0.010 0.010 0.010 0.010 0.010 0.000 0.000 0.000 0.000 0.010 0.010 0.010 0.010 0.009 0.009 0.031 0.009 0.009 0.008 0.010 0.010 0.009 0.010 0.010 0.010 0.112 0.000 0.000 0.010 0.010 0.000 0.000 0.010 0.017 0.000 0.000 0.010 0.040
0.000 0.000 0.000 0.000 0.000 0.000 0.000 0.000 0.000 0.000 0.000 0.000 0.000 0.000 0.000 0.000 0.000 0.000 0.010 0.010 0.010 0.010 0.010 0.010 0.048 0.010 0.010 0.010 0.010 0.010 0.010 0.000 0.000 0.016 0.010 0.043 0.010 0.023 0.009 0.025 0.010 0.010 0.010 0.010 0.000 0.012 0.000 0.000 0.025 0.010 0.010 0.029 0.000 0.000 0.000 0.000 0.009 0.010 0.009 0.010 0.010 0.009 0.010 0.010 0.010 0.000 0.000 0.052 0.000 0.000 0.010 0.010 0.010 0.010 0.010 0.010 0.010
0.000 0.000 0.000 0.000 0.000 0.000 0.000 0.000 0.000 0.000 0.000 0.000 0.000 0.000 0.000 0.000 0.000 0.038 0.068 0.022 0.010 0.010 0.010 0.010 0.109 0.010 0.010 0.010 0.058 0.000 0.010 0.010 0.067 0.010 0.010 0.009 0.010 0.009 0.062 0.010 0.010 0.010 0.010 0.010 0.089 0.000 0.025 0.010 0.000 0.000 0.009 0.010 0.010 0.008 0.009 0.098 0.010 0.000 0.010 0.009 0.061 0.010 0.093 0.010 0.000 0.000 0.010 0.010 0.000 0.000 0.010 0.042 0.000 0.010 0.010 0.010 0.010
0.000 0.000 0.000 0.000 0.000 0.000 0.000 0.000 0.000 0.000 0.000 0.000 0.000 0.000 0.000 0.000 0.000 0.081 0.010 0.010 0.010 0.010 0.010 0.086 0.065 0.010 0.010 0.010 0.000 0.010 0.010 0.000 0.000 0.010 0.032 0.009 0.010 0.010 0.010 0.045 0.010 0.010 0.010 0.000 0.000 0.000 0.008 0.010 0.009 0.008 0.017 0.010 0.010 0.009 0.010 0.000 0.000 0.000 0.008 0.000 0.010 0.010 0.010 0.010 0.070 0.010 0.010 0.000 0.000 0.010 0.185 0.134 0.010 0.010 0.010 0.010 0.000
0.000 0.000 0.000 0.000 0.000 0.000 0.000 0.000 0.000 0.000 0.000 0.000 0.000 0.000 0.000 0.000 0.010 0.010 0.010 0.091 0.010 0.010 0.010 0.010 0.010 0.010 0.010 0.031 0.000 0.010 0.010 0.010 0.094 0.000 0.014 0.010 0.010 0.010 0.009 0.010 0.009 0.031 0.009 0.010 0.000 0.008 0.009 0.000 0.000 0.009 0.009 0.009 0.010 0.010 0.009 0.014 0.009 0.000 0.007 0.000 0.014 0.009 0.010 0.009 0.000 0.054 0.011 0.062 0.029 0.010 0.031 0.010 0.000 0.010 0.000 0.010 0.010
0.000 0.000 0.000 0.000 0.000 0.000 0.000 0.000 0.000 0.000 0.000 0.000 0.000 0.000 0.000 0.241 0.016 0.010 0.010 0.010 0.010 0.010 0.010 0.010 0.010 0.010 0.010 0.010 0.013 0.010 0.010 0.010 0.000 0.071 0.010 0.010 0.023 0.010 0.010 0.010 0.010 0.010 0.010 0.039 0.010 0.009 0.009 0.000 0.010 0.014 0.009 0.010 0.009 0.010 0.009 0.009 0.017 0.009 0.009 0.009 0.000 0.010 0.009 0.006 0.000 0.010 0.000 0.009 0.010 0.030 0.042 0.056 0.016 0.011 0.000 0.044 0.148
