hx_30m/njhx/rain/result-0031.wd
ncols         211
nrows         286
xllcorner     660279.582600
yllcorner     3541874.325092
cellsize      30.000000
NODATA_value  -9999.000000
[rows 170 to 203 of 286, columns 0 to 76 of 211]
0.000 0.000 0.000 0.000 0.000 0.000 0.000 0.000 0.000 0.000 0.000 0.000 0.000 0.000 0.000 0.000 0.000 0.000 0.000 0.000 0.000 0.000 0.000 0.000 0.000 0.000 0.000 0.000 0.000 0.000 0.000 0.000 0.000 0.209 0.010 0.010 0.010 0.010 0.010 0.010 0.010 0.010 0.283 0.010 0.006 0.007 0.007 0.007 0.000 0.010 0.013 0.116 0.007 0.007 0.003 0.005 0.006 0.010 0.000 0.010 0.007 0.009 0.009 0.007 0.070 0.010 0.010 0.007 0.013 0.010 0.009 0.007 0.006 0.007 0.007 0.000 0.000
0.000 0.000 0.000 0.000 0.000 0.000 0.000 0.000 0.000 0.000 0.000 0.000 0.000 0.000 0.000 0.000 0.000 0.000 0.000 0.000 0.000 0.000 0.000 0.000 0.000 0.000 0.000 0.000 0.000 0.000 0.000 0.000 0.000 0.010 0.010 0.010 0.010 0.010 0.010 0.010 0.010 0.010 0.010 0.010 0.010 0.010 0.010 0.010 0.264 0.447 0.000 0.012 0.000 0.000 0.003 0.005 0.006 0.009 0.000 0.010 0.010 0.000 0.008 0.119 0.010 0.010 0.010 0.380 0.490 0.010 0.010 0.008 0.008 0.007 0.008 0.010 0.010
0.000 0.000 0.000 0.000 0.000 0.000 0.000 0.000 0.000 0.000 0.000 0.000 0.000 0.000 0.000 0.000 0.000 0.000 0.000 0.000 0.000 0.000 0.000 0.000 0.000 0.000 0.000 0.000 0.000 0.000 0.000 0.000 0.145 0.010 0.010 0.010 0.010 0.010 0.010 0.010 0.043 0.000 0.010 0.010 0.005 0.010 0.007 0.375 0.337 0.010 0.007 0.000 0.016 0.000 0.007 0.010 0.010 0.010 0.010 0.010 0.010 0.006 0.006 0.010 0.010 0.010 0.482 0.450 0.483 0.075 0.010 0.010 0.008 0.007 0.046 0.041 0.010
0.000 0.000 0.000 0.000 0.000 0.000 0.000 0.000 0.000 0.000 0.000 0.000 0.000 0.000 0.000 0.000 0.000 0.000 0.000 0.000 0.000 0.000 0.000 0.000 0.000 0.000 0.000 0.000 0.000 0.000 0.000 0.000 0.010 0.010 0.010 0.010 0.010 0.010 0.010 0.065 0.000 0.059 0.010 0.007 0.005 0.010 0.087 0.437 0.457 0.010 0.005 0.000 0.000 0.000 0.004 0.005 0.007 0.022 0.006 0.010 0.007 0.006 0.010 0.010 0.010 0.000 0.519 0.445 0.385 0.010 0.161 0.045 0.010 0.010 0.010 0.191 0.010
0.000 0.000 0.000 0.000 0.000 0.000 0.000 0.000 0.000 0.000 0.000 0.000 0.000 0.000 0.000 0.000 0.000 0.000 0.000 0.000 0.000 0.000 0.000 0.000 0.000 0.000 0.000 0.000 0.000 0.000 0.000 0.000 0.010 0.009 0.010 0.112 0.010 0.010 0.139 0.010 0.010 0.010 0.010 0.008 0.010 0.007 0.007 0.182 0.010 0.007 0.008 0.010 0.010 0.061 0.212 0.005 0.006 0.000 0.006 0.008 0.008 0.008 0.010 0.320 0.000 0.204 0.446 0.353 0.010 0.010 0.010 0.056 0.010 0.010 0.159 0.010 0.010
0.000 0.000 0.000 0.000 0.000 0.000 0.000 0.000 0.000 0.000 0.000 0.000 0.000 0.000 0.000 0.000 0.000 0.000 0.000 0.000 0.000 0.000 0.027 0.000 0.000 0.000 0.000 0.000 0.000 0.000 0.000 0.069 0.009 0.010 0.010 0.010 0.010 0.010 0.010 0.010 0.010 0.083 0.008 0.010 0.010 0.005 0.008 0.010 0.010 0.005 0.010 0.015 0.000 0.010 0.151 0.182 0.000 0.006 0.000 0.006 0.004 0.010 0.010 0.000 0.152 0.030 0.169 0.346 0.010 0.010 0.010 0.125 0.010 0.010 0.000 0.010 0.000
0.000 0.000 0.000 0.000 0.000 0.000 0.000 0.000 0.000 0.000 0.000 0.000 0.000 0.000 0.000 0.000 0.000 0.000 0.000 0.000 0.000 0.000 0.000 0.000 0.000 0.000 0.000 0.000 0.000 0.000 0.000 0.010 0.010 0.083 0.010 0.010 0.010 0.039 0.094 0.010 0.010 0.010 0.007 0.008 0.006 0.007 0.008 0.010 0.007 0.010 0.000 0.073 0.000 0.010 0.026 0.199 0.010 0.010 0.023 0.004 0.010 0.010 0.010 0.119 0.010 0.010 0.010 0.010 0.010 0.010 0.010 0.010 0.000 0.010 0.087 0.010 0.032
0.000 0.000 0.000 0.000 0.000 0.000 0.000 0.000 0.000 0.000 0.000 0.000 0.000 0.000 0.000 0.000 0.000 0.000 0.000 0.000 0.000 0.000 0.000 0.000 0.000 0.000 0.000 0.000 0.000 0.000 0.184 0.010 0.010 0.010 0.010 0.010 0.010 0.010 0.000 0.010 0.010 0.035 0.005 0.010 0.014 0.010 0.007 0.010 0.005 0.027 0.019 0.010 0.010 0.258 0.128 0.010 0.010 0.010 0.010 0.000 0.010 0.211 0.010 0.010 0.010 0.010 0.010 0.010 0.000 0.010 0.010 0.010 0.000 0.010 0.010 0.010 0.010
0.000 0.000 0.000 0.000 0.000 0.000 0.000 0.000 0.000 0.000 0.000 0.000 0.000 0.000 0.000 0.000 0.000 0.000 0.000 0.000 0.000 0.000 0.000 0.000 0.000 0.000 0.000 0.000 0.000 0.000 0.010 0.010 0.010 0.010 0.010 0.010 0.010 0.010 0.010 0.010 0.010 0.007 0.005 0.008 0.023 0.008 0.007 0.010 0.005 0.006 0.005 0.010 0.010 0.013 0.010 0.010 0.010 0.010 0.010 0.010 0.010 0.010 0.225 0.010 0.010 0.099 0.010 0.010 0.000 0.079 0.044 0.010 0.010 0.010 0.010 0.010 0.010
0.000 0.000 0.000 0.000 0.000 0.000 0.000 0.000 0.000 0.000 0.000 0.000 0.000 0.000 0.000 0.000 0.000 0.000 0.000 0.000 0.000 0.000 0.000 0.000 0.000 0.000 0.000 0.000 0.132 0.010 0.010 0.010 0.010 0.118 0.010 0.010 0.010 0.010 0.253 0.010 0.010 0.006 0.010 0.005 0.010 0.008 0.005 0.004 0.010 0.276 0.007 0.010 0.010 0.010 0.010 0.010 0.010 0.029 0.010 0.010 0.010 0.010 0.010 0.010 0.010 0.026 0.000 0.034 0.053 0.010 0.010 0.010 0.010 0.010 0.010 0.010 0.010
0.000 0.000 0.000 0.000 0.000 0.000 0.000 0.000 0.000 0.000 0.000 0.000 0.000 0.000 0.000 0.000 0.000 0.000 0.000 0.000 0.000 0.000 0.000 0.000 0.000 0.000 0.000 0.000 0.000 0.010 0.010 0.010 0.103 0.010 0.135 0.010 0.097 0.010 0.000 0.010 0.010 0.006 0.010 0.006 0.008 0.008 0.005 0.008 0.010 0.010 0.102 0.010 0.010 0.013 0.010 0.010 0.010 0.060 0.010 0.010 0.010 0.010 0.010 0.010 0.010 0.010 0.010 0.078 0.123 0.096 0.010 0.010 0.010 0.010 0.010 0.010 0.010
0.000 0.000 0.000 0.000 0.000 0.000 0.000 0.000 0.000 0.000 0.000 0.000 0.000 0.000 0.000 0.000 0.000 0.000 0.000 0.000 0.000 0.000 0.000 0.000 0.000 0.000 0.000 0.000 0.000 0.107 0.010 0.010 0.010 0.019 0.009 0.010 0.010 0.010 0.000 0.010 0.007 0.007 0.010 0.008 0.004 0.052 0.007 0.007 0.010 0.010 0.010 0.010 0.012 0.012 0.010 0.010 0.010 0.010 0.010 0.010 0.010 0.010 0.010 0.010 0.010 0.010 0.010 0.010 0.010 0.010 0.010 0.005 0.009 0.008 0.008 0.009 0.010
0.000 0.000 0.000 0.000 0.000 0.000 0.000 0.000 0.000 0.000 0.000 0.000 0.000 0.000 0.000 0.000 0.000 0.051 0.000 0.000 0.000 0.000 0.000 0.000 0.000 0.000 0.000 0.000 0.000 0.010 0.010 0.830 0.010 0.006 0.010 0.010 0.007 0.010 0.000 0.102 0.005 0.010 0.010 0.008 0.008 0.005 0.006 0.007 0.010 0.010 0.010 0.010 0.164 0.814 0.010 0.010 0.170 0.010 0.010 0.010 0.010 0.010 0.010 0.010 0.010 0.010 0.010 0.010 0.010 0.010 0.010 0.005 0.005 0.008 0.006 0.007 0.006
0.000 0.000 0.000 0.000 0.000 0.000 0.000 0.000 0.000 0.000 0.000 0.000 0.000 0.000 0.000 0.000 0.000 0.010 0.000 0.000 0.000 0.000 0.000 0.000 0.000 0.000 0.000 0.000 0.062 0.010 0.010 0.010 0.005 0.009 0.010 0.010 0.007 0.010 0.115 0.010 0.003 0.007 0.014 0.010 0.024 0.008 0.006 0.005 0.007 0.007 0.010 0.010 0.010 0.048 0.010 0.010 0.010 0.010 0.010 0.010 0.045 0.010 0.010 0.010 0.010 0.010 0.046 0.010 0.010 0.010 0.007 0.004 0.006 0.009 0.005 0.004 0.010
0.000 0.000 0.000 0.000 0.000 0.000 0.000 0.000 0.000 0.000 0.000 0.000 0.000 0.000 0.000 0.000 0.000 0.000 0.000 0.000 0.000 0.000 0.000 0.000 0.000 0.000 0.000 0.071 0.010 0.009 0.008 0.006 0.052 0.010 0.010 0.009 0.007 0.010 0.010 0.010 0.005 0.040 0.006 0.006 0.007 0.008 0.005 0.006 0.008 0.008 0.006 0.010 0.010 0.010 0.010 0.010 0.010 0.010 0.010 0.010 0.010 0.010 0.010 0.010 0.010 0.016 0.134 0.059 0.010 0.034 0.007 0.007 0.005 0.008 0.008 0.009 0.009
0.000 0.000 0.000 0.000 0.000 0.000 0.000 0.000 0.000 0.000 0.000 0.000 0.000 0.000 0.000 0.000 0.000 0.000 0.000 0.000 0.000 0.000 0.000 0.000 0.000 0.000 0.064 0.010 0.009 0.010 0.081 0.009 0.022 0.010 0.010 0.010 0.286 0.010 0.051 0.008 0.006 0.010 0.006 0.006 0.012 0.010 0.010 0.034 0.004 0.007 0.010 0.008 0.008 0.010 0.010 0.010 0.010 0.010 0.010 0.035 0.010 0.010 0.010 0.010 0.009 0.009 0.019 0.058 0.010 0.008 0.006 0.004 0.005 0.005 0.004 0.005 0.007
0.000 0.000 0.000 0.000 0.000 0.000 0.000 0.000 0.000 0.000 0.000 0.000 0.000 0.000 0.000 0.000 0.059 0.000 0.000 0.000 0.000 0.000 0.000 0.000 0.000 0.146 0.010 0.008 0.009 0.010 0.009 0.010 0.010 0.010 0.010 0.000 0.010 0.010 0.008 0.005 0.008 0.010 0.024 0.006 0.010 0.052 0.000 0.010 0.000 0.007 0.005 0.006 0.009 0.007 0.006 0.007 0.010 0.010 0.017 0.102 0.010 0.010 0.010 0.064 0.009 0.004 0.007 0.005 0.007 0.006 0.005 0.010 0.010 0.010 0.155 0.065 0.008
0.000 0.000 0.000 0.000 0.000 0.000 0.000 0.000 0.000 0.000 0.000 0.000 0.000 0.000 0.000 0.000 0.010 0.000 0.000 0.000 0.000 0.000 0.000 0.000 0.000 0.010 0.010 0.006 0.085 0.081 0.010 0.010 0.010 0.010 0.010 0.269 0.010 0.010 0.009 0.007 0.010 0.007 0.008 0.007 0.048 0.010 0.082 0.010 0.000 0.046 0.008 0.008 0.005 0.006 0.009 0.006 0.005 0.009 0.010 0.010 0.112 0.010 0.010 0.009 0.007 0.008 0.008 0.009 0.006 0.007 0.007 0.010 0.010 0.010 0.010 0.010 0.008
0.000 0.000 0.000 0.000 0.000 0.000 0.000 0.000 0.000 0.000 0.000 0.000 0.000 0.000 0.000 0.000 0.000 0.000 0.000 0.000 0.000 0.000 0.000 0.000 0.000 0.010 0.008 0.006 0.052 0.010 0.008 0.010 0.010 0.008 0.000 0.010 0.010 0.010 0.010 0.020 0.009 0.017 0.008 0.055 0.010 0.010 0.010 0.010 0.010 0.010 0.010 0.000 0.020 0.006 0.007 0.006 0.008 0.006 0.146 0.010 0.010 0.010 0.047 0.006 0.005 0.008 0.009 0.010 0.009 0.018 0.009 0.009 0.038 0.008 0.008 0.007 0.007
0.000 0.000 0.000 0.000 0.000 0.000 0.000 0.000 0.000 0.000 0.000 0.000 0.000 0.000 0.000 0.000 0.000 0.000 0.000 0.000 0.000 0.000 0.000 0.000 0.040 0.004 0.181 0.054 0.010 0.010 0.010 0.010 0.010 0.007 0.000 0.032 0.010 0.010 0.005 0.010 0.009 0.008 0.005 0.010 0.010 0.010 0.010 0.010 0.010 0.010 0.010 0.010 0.010 0.010 0.010 0.022 0.016 0.006 0.008 0.008 0.010 0.010 0.010 0.037 0.005 0.008 0.020 0.008 0.009 0.009 0.009 0.044 0.009 0.005 0.009 0.008 0.018
0.000 0.000 0.000 0.000 0.000 0.000 0.000 0.000 0.000 0.000 0.000 0.000 0.000 0.000 0.037 0.000 0.000 0.000 0.000 0.000 0.000 0.000 0.000 0.000 0.000 0.005 0.181 0.022 0.010 0.009 0.010 0.010 0.009 0.010 0.123 0.010 0.010 0.010 0.008 0.010 0.009 0.009 0.033 0.010 0.010 0.010 0.137 0.010 0.010 0.257 0.010 0.010 0.010 0.055 0.010 0.010 0.008 0.008 0.009 0.042 0.005 0.008 0.008 0.005 0.006 0.005 0.004 0.007 0.009 0.009 0.031 0.007 0.010 0.023 0.005 0.008 0.006
0.000 0.000 0.000 0.000 0.000 0.000 0.000 0.000 0.000 0.000 0.000 0.000 0.000 0.000 0.000 0.000 0.000 0.000 0.000 0.000 0.000 0.000 0.000 0.143 0.010 0.008 0.010 0.010 0.010 0.010 0.010 0.009 0.009 0.010 0.010 0.000 0.009 0.007 0.011 0.010 0.007 0.010 0.010 0.010 0.010 0.175 0.010 0.010 0.010 0.010 0.186 0.010 0.010 0.010 0.010 0.010 0.009 0.008 0.000 0.008 0.008 0.006 0.026 0.006 0.006 0.008 0.008 0.005 0.007 0.005 0.006 0.007 0.009 0.145 0.010 0.005 0.007
0.000 0.000 0.000 0.000 0.000 0.000 0.000 0.000 0.000 0.000 0.000 0.000 0.000 0.000 0.000 0.000 0.000 0.000 0.000 0.000 0.000 0.000 0.000 0.010 0.010 0.009 0.010 0.010 0.010 0.010 0.010 0.010 0.010 0.010 0.577 0.000 0.008 0.010 0.007 0.009 0.005 0.005 0.007 0.010 0.010 0.010 0.079 0.010 0.010 0.010 0.010 0.010 0.010 0.010 0.010 0.026 0.005 0.008 0.010 0.007 0.008 0.004 0.003 0.006 0.011 0.006 0.006 0.005 0.006 0.006 0.008 0.008 0.008 0.007 0.006 0.009 0.005
0.000 0.000 0.000 0.000 0.000 0.000 0.000 0.000 0.000 0.000 0.000 0.000 0.000 0.000 0.000 0.000 0.000 0.000 0.000 0.000 0.000 0.121 0.010 0.010 0.010 0.010 0.014 0.010 0.010 0.010 0.010 0.010 0.010 0.010 0.010 0.000 0.007 0.008 0.009 0.008 0.006 0.010 0.007 0.006 0.006 0.005 0.010 0.010 0.010 0.010 0.148 0.010 0.010 0.010 0.010 0.007 0.006 0.006 0.009 0.000 0.014 0.007 0.007 0.000 0.000 0.008 0.007 0.005 0.008 0.034 0.005 0.007 0.008 0.008 0.008 0.008 0.007
0.000 0.000 0.000 0.000 0.000 0.000 0.000 0.000 0.000 0.000 0.000 0.000 0.000 0.000 0.000 0.000 0.000 0.000 0.000 0.000 0.000 0.067 0.010 0.010 0.010 0.010 0.037 0.010 0.010 0.010 0.008 0.010 0.140 0.000 0.010 0.010 0.010 0.009 0.010 0.008 0.009 0.010 0.010 0.096 0.007 0.030 0.008 0.006 0.008 0.010 0.010 0.010 0.010 0.010 0.008 0.006 0.008 0.008 0.010 0.006 0.007 0.011 0.004 0.006 0.009 0.010 0.010 0.000 0.004 0.006 0.005 0.009 0.008 0.008 0.021 0.007 0.016
0.000 0.000 0.000 0.000 0.000 0.000 0.000 0.000 0.000 0.000 0.000 0.000 0.000 0.000 0.000 0.000 0.000 0.000 0.000 0.000 0.202 0.010 0.010 0.009 0.009 0.010 0.010 0.010 0.010 0.010 0.010 0.009 0.000 0.010 0.010 0.000 0.008 0.009 0.010 0.008 0.107 0.010 0.010 0.010 0.010 0.010 0.008 0.008 0.004 0.008 0.010 0.010 0.010 0.010 0.009 0.017 0.008 0.014 0.008 0.008 0.003 0.004 0.007 0.006 0.007 0.006 0.009 0.046 0.009 0.010 0.000 0.000 0.004 0.007 0.006 0.009 0.008
0.000 0.000 0.000 0.000 0.000 0.000 0.000 0.000 0.000 0.000 0.000 0.000 0.000 0.000 0.000 0.000 0.000 0.000 0.000 0.000 0.010 0.008 0.010 0.010 0.010 0.008 0.009 0.010 0.010 0.011 0.000 0.000 0.000 0.010 0.000 0.010 0.006 0.010 0.009 0.009 0.061 0.111 0.010 0.010 0.010 0.010 0.010 0.010 0.128 0.007 0.008 0.004 0.006 0.010 0.005 0.006 0.009 0.010 0.000 0.000 0.006 0.007 0.006 0.010 0.013 0.004 0.006 0.000 0.005 0.010 0.010 0.007 0.007 0.009 0.000 0.000 0.007
0.000 0.000 0.000 0.000 0.000 0.000 0.000 0.000 0.000 0.036 0.000 0.000 0.000 0.000 0.000 0.000 0.000 0.000 0.000 0.112 0.010 0.010 0.010 0.010 0.009 0.056 0.010 0.010 0.010 0.010 0.000 0.000 0.010 0.117 0.010 0.010 0.024 0.010 0.018 0.010 0.010 0.010 0.010 0.010 0.010 0.010 0.092 0.000 0.010 0.010 0.010 0.007 0.007 0.006 0.005 0.007 0.000 0.007 0.005 0.006 0.006 0.008 0.003 0.004 0.005 0.008 0.000 0.000 0.009 0.006 0.007 0.007 0.012 0.000 0.008 0.007 0.006
0.000 0.000 0.000 0.000 0.000 0.000 0.000 0.000 0.000 0.000 0.000 0.000 0.000 0.000 0.000 0.000 0.000 0.000 0.077 0.010 0.010 0.010 0.010 0.010 0.038 0.010 0.010 0.010 0.009 0.007 0.008 0.000 0.013 0.000 0.010 0.009 0.010 0.010 0.010 0.010 0.010 0.010 0.010 0.010 0.000 0.000 0.000 0.000 0.010 0.010 0.010 0.007 0.004 0.004 0.004 0.005 0.005 0.004 0.007 0.009 0.005 0.006 0.008 0.010 0.108 0.000 0.000 0.008 0.008 0.000 0.000 0.008 0.008 0.000 0.000 0.004 0.040
0.000 0.000 0.000 0.000 0.000 0.000 0.000 0.000 0.000 0.000 0.000 0.000 0.000 0.000 0.000 0.000 0.000 0.000 0.010 0.010 0.010 0.010 0.010 0.009 0.026 0.010 0.010 0.010 0.009 0.006 0.006 0.000 0.000 0.014 0.010 0.022 0.009 0.018 0.006 0.026 0.010 0.010 0.010 0.010 0.000 0.007 0.000 0.000 0.025 0.010 0.010 0.009 0.000 0.000 0.000 0.000 0.006 0.008 0.005 0.008 0.006 0.005 0.010 0.010 0.008 0.000 0.000 0.053 0.000 0.000 0.010 0.008 0.005 0.009 0.007 0.008 0.007
0.000 0.000 0.000 0.000 0.000 0.000 0.000 0.000 0.000 0.000 0.000 0.000 0.000 0.000 0.000 0.000 0.000 0.041 0.072 0.026 0.010 0.008 0.009 0.010 0.087 0.010 0.010 0.010 0.060 0.000 0.005 0.010 0.069 0.010 0.010 0.006 0.010 0.007 0.024 0.010 0.010 0.010 0.010 0.010 0.095 0.000 0.010 0.010 0.000 0.000 0.006 0.010 0.007 0.004 0.004 0.164 0.010 0.000 0.007 0.005 0.024 0.006 0.047 0.010 0.000 0.000 0.008 0.006 0.000 0.000 0.010 0.155 0.000 0.003 0.007 0.010 0.010
0.000 0.000 0.000 0.000 0.000 0.000 0.000 0.000 0.000 0.000 0.000 0.000 0.000 0.000 0.000 0.000 0.000 0.085 0.010 0.010 0.010 0.010 0.007 0.062 0.043 0.010 0.008 0.008 0.000 0.010 0.010 0.000 0.000 0.010 0.015 0.007 0.008 0.010 0.010 0.015 0.010 0.010 0.010 0.000 0.000 0.000 0.004 0.008 0.006 0.004 0.008 0.008 0.007 0.006 0.010 0.000 0.000 0.000 0.004 0.000 0.007 0.007 0.010 0.008 0.028 0.010 0.008 0.000 0.000 0.006 0.296 0.245 0.008 0.006 0.005 0.008 0.000
0.000 0.000 0.000 0.000 0.000 0.000 0.000 0.000 0.000 0.000 0.000 0.000 0.000 0.000 0.000 0.000 0.010 0.010 0.010 0.098 0.010 0.010 0.009 0.007 0.010 0.010 0.010 0.010 0.000 0.009 0.008 0.007 0.096 0.000 0.006 0.010 0.008 0.010 0.005 0.008 0.007 0.011 0.007 0.010 0.000 0.004 0.005 0.000 0.000 0.006 0.004 0.005 0.010 0.010 0.006 0.007 0.006 0.000 0.002 0.000 0.006 0.004 0.007 0.003 0.000 0.047 0.010 0.039 0.009 0.006 0.114 0.004 0.000 0.010 0.000 0.009 0.008
0.000 0.000 0.000 0.000 0.000 0.000 0.000 0.000 0.000 0.000 0.000 0.000 0.000 0.000 0.000 0.263 0.046 0.010 0.010 0.010 0.007 0.010 0.007 0.009 0.010 0.010 0.010 0.009 0.006 0.010 0.010 0.010 0.000 0.074 0.009 0.010 0.010 0.010 0.010 0.010 0.009 0.010 0.007 0.051 0.010 0.005 0.005 0.000 0.010 0.005 0.005 0.007 0.004 0.006 0.005 0.004 0.008 0.005 0.004 0.003 0.000 0.007 0.004 0.001 0.000 0.004 0.000 0.002 0.003 0.038 0.106 0.121 0.043 0.013 0.000 0.156 0.263
