hx_30m/njhx/rain/result-0037.wd
ncols         211
nrows         286
xllcorner     660279.582600
yllcorner     3541874.325092
cellsize      30.000000
NODATA_value  -9999.000000
[rows 204 to 237 of 286, columns 0 to 76 of 211]
0.000 0.000 0.000 0.000 0.000 0.000 0.000 0.000 0.000 0.000 0.000 0.000 0.000 0.000 0.000 0.010 0.205 0.010 0.000 0.003 0.007 0.004 0.006 0.008 0.010 0.010 0.010 0.034 0.002 0.010 0.010 0.106 0.000 0.006 0.008 0.005 0.007 0.006 0.010 0.010 0.133 0.000 0.010 0.516 0.006 0.010 0.003 0.005 0.004 0.010 0.000 0.005 0.000 0.004 0.007 0.005 0.007 0.005 0.000 0.000 0.003 0.002 0.002 0.002 0.000 0.001 0.002 0.001 0.000 0.056 0.007 0.003 0.010 0.010 0.010 0.010 0.000
0.000 0.000 0.000 0.000 0.000 0.000 0.000 0.000 0.000 0.000 0.000 0.000 0.000 0.000 0.118 0.010 0.010 0.004 0.001 0.005 0.004 0.010 0.006 0.010 0.008 0.008 0.010 0.010 0.002 0.008 0.010 0.062 0.000 0.010 0.010 0.007 0.008 0.012 0.010 0.008 0.004 0.000 0.010 0.010 0.010 0.010 0.010 0.004 0.005 0.003 0.007 0.010 0.005 0.005 0.011 0.004 0.002 0.002 0.000 0.001 0.000 0.000 0.000 0.001 0.011 0.004 0.007 0.000 0.004 0.025 0.000 0.008 0.010 0.008 0.000 0.314 0.018
0.000 0.000 0.000 0.000 0.000 0.000 0.000 0.000 0.000 0.000 0.000 0.000 0.000 0.000 0.010 0.127 0.005 0.005 0.007 0.005 0.010 0.010 0.006 0.010 0.007 0.085 0.010 0.008 0.010 0.008 0.010 0.010 0.000 0.009 0.010 0.012 0.005 0.008 0.010 0.005 0.000 0.070 0.010 0.010 0.010 0.010 0.010 0.007 0.007 0.002 0.003 0.004 0.003 0.003 0.004 0.004 0.002 0.002 0.002 0.000 0.000 0.001 0.002 0.003 0.010 0.010 0.010 0.010 0.008 0.036 0.010 0.013 0.010 0.000 0.352 0.253 0.395
0.000 0.000 0.000 0.000 0.000 0.000 0.000 0.000 0.000 0.000 0.000 0.000 0.000 0.000 0.010 0.010 0.007 0.010 0.005 0.004 0.010 0.007 0.010 0.006 0.011 0.004 0.003 0.007 0.007 0.005 0.004 0.008 0.013 0.010 0.010 0.010 0.008 0.007 0.003 0.005 0.010 0.088 0.010 0.010 0.010 0.010 0.010 0.006 0.002 0.000 0.002 0.003 0.004 0.007 0.004 0.002 0.010 0.000 0.000 0.000 0.000 0.001 0.001 0.002 0.010 0.010 0.010 0.010 0.004 0.017 0.010 0.000 0.041 0.010 0.146 0.000 0.008
0.000 0.000 0.000 0.000 0.000 0.000 0.000 0.000 0.000 0.000 0.000 0.000 0.000 0.000 0.010 0.010 0.005 0.007 0.007 0.069 0.026 0.008 0.010 0.010 0.010 0.007 0.007 0.005 0.010 0.007 0.008 0.000 0.007 0.010 0.009 0.003 0.003 0.006 0.007 0.010 0.010 0.071 0.010 0.010 0.010 0.010 0.007 0.004 0.000 0.010 0.003 0.004 0.010 0.000 0.001 0.003 0.004 0.002 0.007 0.001 0.001 0.003 0.002 0.010 0.008 0.010 0.010 0.006 0.004 0.025 0.000 0.010 0.010 0.010 0.000 0.003 0.000
0.000 0.000 0.000 0.000 0.000 0.000 0.000 0.000 0.000 0.000 0.000 0.000 0.000 0.010 0.008 0.005 0.010 0.010 0.010 0.007 0.010 0.010 0.008 0.008 0.003 0.010 0.008 0.010 0.005 0.014 0.059 0.000 0.012 0.010 0.007 0.003 0.000 0.002 0.007 0.010 0.010 0.010 0.010 0.010 0.010 0.010 0.006 0.004 0.005 0.003 0.000 0.100 0.012 0.000 0.000 0.001 0.011 0.022 0.135 0.227 0.001 0.002 0.002 0.010 0.010 0.010 0.062 0.000 0.000 0.338 0.224 0.061 0.003 0.006 0.000 0.004 0.003
0.000 0.000 0.000 0.000 0.000 0.000 0.000 0.000 0.000 0.000 0.000 0.000 0.169 0.010 0.008 0.007 0.075 0.010 0.010 0.007 0.010 0.010 0.008 0.007 0.006 0.010 0.010 0.007 0.000 0.010 0.000 0.073 0.010 0.008 0.008 0.001 0.000 0.002 0.003 0.010 0.007 0.010 0.010 0.010 0.010 0.010 0.004 0.003 0.007 0.005 0.002 0.010 0.000 0.000 0.000 0.041 0.000 0.005 0.004 0.085 0.305 0.178 0.023 0.003 0.010 0.079 0.014 0.010 0.010 0.193 0.133 0.006 0.002 0.000 0.002 0.001 0.003
0.000 0.000 0.000 0.000 0.000 0.000 0.000 0.000 0.000 0.000 0.000 0.000 0.010 0.010 0.004 0.026 0.010 0.010 0.005 0.010 0.010 0.010 0.010 0.010 0.005 0.010 0.003 0.007 0.000 0.000 0.000 0.007 0.010 0.007 0.004 0.000 0.001 0.001 0.002 0.007 0.043 0.008 0.010 0.010 0.010 0.006 0.004 0.006 0.010 0.005 0.000 0.004 0.000 0.000 0.001 0.010 0.000 0.000 0.000 0.004 0.046 0.002 0.111 0.024 0.268 0.010 0.000 0.010 0.010 0.260 0.008 0.006 0.004 0.004 0.004 0.003 0.010
0.000 0.000 0.000 0.000 0.000 0.000 0.000 0.000 0.000 0.000 0.000 0.000 0.010 0.010 0.005 0.010 0.010 0.051 0.007 0.007 0.010 0.010 0.010 0.013 0.005 0.010 0.004 0.008 0.000 0.000 0.000 0.013 0.010 0.012 0.007 0.003 0.001 0.010 0.005 0.003 0.000 0.002 0.003 0.011 0.008 0.011 0.003 0.010 0.010 0.010 0.007 0.002 0.000 0.000 0.001 0.004 0.003 0.003 0.005 0.005 0.004 0.000 0.003 0.153 0.010 0.010 0.010 0.050 0.005 0.000 0.008 0.002 0.006 0.002 0.002 0.002 0.000
0.000 0.000 0.000 0.000 0.000 0.000 0.000 0.000 0.000 0.000 0.000 0.000 0.054 0.005 0.010 0.010 0.416 0.140 0.007 0.010 0.010 0.010 0.008 0.010 0.004 0.010 0.005 0.007 0.000 0.010 0.000 0.008 0.007 0.010 0.004 0.002 0.002 0.003 0.000 0.000 0.003 0.000 0.000 0.000 0.004 0.010 0.000 0.003 0.007 0.005 0.000 0.002 0.003 0.002 0.013 0.007 0.002 0.004 0.003 0.002 0.003 0.007 0.000 0.560 0.010 0.010 0.010 0.010 0.010 0.078 0.076 0.000 0.000 0.008 0.004 0.000 0.000
0.000 0.000 0.000 0.000 0.000 0.000 0.000 0.000 0.000 0.000 0.000 0.010 0.004 0.003 0.010 0.010 0.010 0.010 0.006 0.010 0.010 0.007 0.008 0.006 0.092 0.010 0.008 0.004 0.010 0.942 0.208 0.010 0.114 0.010 0.002 0.007 0.005 0.010 0.004 0.000 0.004 0.003 0.013 0.002 0.003 0.003 0.004 0.001 0.007 0.003 0.004 0.000 0.004 0.018 0.001 0.000 0.003 0.002 0.004 0.007 0.007 0.000 0.041 0.010 0.010 0.010 0.019 0.000 0.010 0.102 0.348 0.123 0.010 0.000 0.000 0.000 0.010
0.000 0.000 0.000 0.000 0.000 0.000 0.000 0.000 0.000 0.000 0.000 0.069 0.010 0.003 0.016 0.010 0.010 0.005 0.010 0.010 0.010 0.007 0.005 0.008 0.010 0.010 0.064 0.010 0.010 0.000 0.007 0.010 0.011 0.007 0.003 0.002 0.007 0.004 0.008 0.003 0.008 0.000 0.000 0.003 0.003 0.002 0.004 0.003 0.004 0.003 0.005 0.000 0.007 0.005 0.004 0.010 0.010 0.010 0.008 0.000 0.165 0.010 0.010 0.069 0.000 0.009 0.038 0.006 0.004 0.000 0.006 0.006 0.031 0.002 0.005 0.010 0.010
0.000 0.000 0.000 0.000 0.000 0.000 0.000 0.000 0.000 0.000 0.272 0.010 0.010 0.010 0.010 0.010 0.010 0.006 0.010 0.010 0.010 0.007 0.002 0.005 0.010 0.010 0.010 0.010 0.005 0.000 0.088 0.010 0.007 0.004 0.002 0.005 0.003 0.003 0.000 0.003 0.008 0.075 0.010 0.004 0.002 0.000 0.000 0.003 0.004 0.003 0.075 0.004 0.007 0.005 0.001 0.004 0.005 0.005 0.000 0.057 0.010 0.010 0.000 0.000 0.008 0.041 0.000 0.000 0.003 0.004 0.006 0.003 0.008 0.003 0.003 0.004 0.006
0.000 0.000 0.000 0.000 0.000 0.000 0.000 0.000 0.000 0.000 0.015 0.010 0.010 0.010 0.010 0.010 0.010 0.004 0.010 0.010 0.010 0.010 0.006 0.004 0.010 0.010 0.005 0.003 0.000 0.299 0.075 0.008 0.008 0.000 0.000 0.003 0.104 0.010 0.010 0.004 0.002 0.004 0.001 0.003 0.004 0.004 0.010 0.010 0.002 0.003 0.000 0.002 0.007 0.002 0.005 0.007 0.000 0.128 0.010 0.073 0.010 0.000 0.000 0.010 0.008 0.006 0.006 0.006 0.006 0.006 0.003 0.003 0.006 0.002 0.000 0.005 0.035
0.000 0.000 0.000 0.000 0.000 0.000 0.000 0.000 0.000 0.000 0.010 0.010 0.010 0.010 0.010 0.010 0.010 0.008 0.010 0.041 0.000 0.010 0.095 0.010 0.005 0.007 0.002 0.000 0.087 0.005 0.010 0.007 0.010 0.003 0.004 0.011 0.010 0.010 0.096 0.008 0.006 0.002 0.001 0.006 0.006 0.004 0.008 0.006 0.005 0.008 0.002 0.001 0.004 0.005 0.010 0.000 0.009 0.010 0.000 0.010 0.010 0.000 0.010 0.008 0.003 0.004 0.000 0.002 0.000 0.003 0.006 0.006 0.003 0.003 0.004 0.010 0.108
0.000 0.000 0.000 0.000 0.000 0.000 0.000 0.000 0.000 0.000 0.000 0.010 0.099 0.025 0.010 0.010 0.010 0.010 0.041 0.000 0.000 0.000 0.010 0.071 0.000 0.000 0.218 0.006 0.007 0.008 0.010 0.010 0.010 0.000 0.000 0.007 0.006 0.000 0.004 0.004 0.006 0.001 0.004 0.002 0.006 0.010 0.008 0.007 0.003 0.003 0.002 0.001 0.002 0.000 0.103 0.004 0.003 0.002 0.003 0.000 0.010 0.010 0.010 0.008 0.006 0.004 0.006 0.002 0.008 0.013 0.006 0.008 0.006 0.000 0.000 0.013 0.050
0.000 0.000 0.000 0.000 0.000 0.000 0.000 0.000 0.000 0.000 0.000 0.000 0.000 0.000 0.202 0.010 0.010 0.010 0.000 0.000 0.000 0.000 0.000 0.010 0.000 0.010 0.008 0.006 0.010 0.004 0.010 0.007 0.010 0.000 0.010 0.010 0.000 0.006 0.004 0.003 0.000 0.001 0.006 0.004 0.006 0.010 0.010 0.003 0.004 0.003 0.002 0.003 0.000 0.015 0.010 0.003 0.010 0.000 0.002 0.002 0.005 0.006 0.006 0.005 0.010 0.003 0.003 0.006 0.004 0.003 0.008 0.000 0.003 0.000 0.004 0.298 0.000
0.000 0.000 0.000 0.000 0.000 0.000 0.000 0.000 0.000 0.000 0.000 0.000 0.010 0.010 0.010 0.010 0.010 0.010 0.000 0.000 0.000 0.000 0.000 0.000 0.000 0.221 0.004 0.006 0.005 0.007 0.010 0.007 0.010 0.005 0.005 0.003 0.000 0.010 0.005 0.002 0.001 0.001 0.002 0.000 0.003 0.008 0.004 0.008 0.003 0.002 0.000 0.010 0.010 0.011 0.000 0.000 0.005 0.000 0.007 0.000 0.000 0.002 0.004 0.004 0.003 0.000 0.002 0.004 0.000 0.000 0.004 0.006 0.006 0.006 0.003 0.305 0.003
0.000 0.000 0.000 0.000 0.000 0.000 0.000 0.000 0.000 0.000 0.000 0.000 0.000 0.000 0.000 0.010 0.010 0.010 0.010 0.000 0.000 0.000 0.032 0.000 0.000 0.000 0.000 0.063 0.010 0.005 0.010 0.005 0.010 0.005 0.005 0.010 0.005 0.007 0.000 0.000 0.002 0.004 0.003 0.009 0.004 0.002 0.007 0.002 0.004 0.000 0.004 0.008 0.006 0.003 0.004 0.007 0.004 0.003 0.000 0.000 0.001 0.000 0.001 0.003 0.001 0.006 0.006 0.000 0.003 0.003 0.002 0.006 0.003 0.006 0.004 0.003 0.003
0.000 0.000 0.000 0.000 0.000 0.000 0.000 0.000 0.000 0.000 0.000 0.000 0.000 0.000 0.000 0.000 0.010 0.010 0.010 0.010 0.010 0.100 0.000 0.000 0.000 0.000 0.000 0.000 0.000 0.091 0.010 0.152 0.021 0.002 0.006 0.010 0.004 0.005 0.003 0.006 0.002 0.002 0.000 0.004 0.000 0.000 0.010 0.000 0.144 0.010 0.002 0.003 0.003 0.004 0.007 0.006 0.010 0.010 0.003 0.003 0.002 0.008 0.002 0.010 0.000 0.000 0.003 0.010 0.003 0.003 0.004 0.008 0.000 0.004 0.006 0.004 0.000
0.000 0.000 0.000 0.000 0.000 0.000 0.000 0.000 0.000 0.000 0.000 0.000 0.000 0.000 0.000 0.000 0.000 0.010 0.010 0.126 0.000 0.000 0.000 0.043 0.000 0.120 0.010 0.010 0.069 0.000 0.000 0.000 0.000 0.000 0.000 0.006 0.004 0.010 0.010 0.004 0.007 0.004 0.008 0.010 0.010 0.010 0.000 0.069 0.010 0.010 0.002 0.003 0.002 0.004 0.008 0.010 0.010 0.004 0.003 0.004 0.004 0.010 0.004 0.004 0.002 0.011 0.006 0.003 0.003 0.002 0.020 0.004 0.000 0.006 0.004 0.000 0.000
0.000 0.000 0.000 0.000 0.000 0.000 0.000 0.000 0.000 0.000 0.000 0.000 0.000 0.000 0.000 0.000 0.000 0.000 0.000 0.207 0.000 0.000 0.000 0.010 0.000 0.010 0.010 0.000 0.000 0.000 0.000 0.078 0.010 0.010 0.038 0.000 0.010 0.004 0.006 0.003 0.006 0.010 0.005 0.009 0.010 0.471 0.010 0.010 0.010 0.006 0.004 0.002 0.008 0.008 0.002 0.002 0.004 0.005 0.003 0.004 0.010 0.014 0.008 0.006 0.006 0.000 0.000 0.003 0.004 0.000 0.000 0.004 0.002 0.004 0.006 0.000 0.003
0.000 0.000 0.000 0.000 0.000 0.000 0.000 0.000 0.000 0.000 0.000 0.000 0.000 0.000 0.000 0.000 0.000 0.000 0.000 0.000 0.027 0.000 0.000 0.000 0.000 0.010 0.000 0.000 0.000 0.000 0.000 0.000 0.000 0.000 0.000 0.010 0.075 0.000 0.000 0.010 0.010 0.004 0.006 0.004 0.000 0.010 0.004 0.004 0.004 0.002 0.008 0.010 0.000 0.005 0.002 0.004 0.006 0.002 0.004 0.002 0.002 0.160 0.010 0.004 0.006 0.010 0.010 0.008 0.005 0.002 0.001 0.003 0.002 0.003 0.008 0.003 0.003
0.000 0.000 0.000 0.000 0.000 0.000 0.000 0.000 0.000 0.000 0.000 0.000 0.000 0.000 0.000 0.000 0.000 0.000 0.000 0.000 0.000 0.026 0.000 0.000 0.031 0.000 0.000 0.000 0.000 0.000 0.000 0.000 0.000 0.000 0.000 0.000 0.000 0.010 0.010 0.147 0.000 0.000 0.000 0.010 0.000 0.004 0.004 0.005 0.010 0.008 0.103 0.010 0.007 0.007 0.010 0.000 0.000 0.000 0.000 0.000 0.120 0.251 0.010 0.003 0.003 0.000 0.008 0.007 0.004 0.001 0.002 0.004 0.003 0.004 0.002 0.001 0.002
0.000 0.000 0.000 0.000 0.000 0.000 0.000 0.000 0.000 0.000 0.000 0.000 0.000 0.000 0.000 0.000 0.000 0.000 0.000 0.000 0.000 0.000 0.000 0.031 0.000 0.000 0.000 0.000 0.000 0.000 0.000 0.000 0.000 0.000 0.000 0.000 0.000 0.000 0.000 0.010 0.059 0.010 0.010 0.104 0.000 0.000 0.000 0.023 0.004 0.003 0.005 0.087 0.213 0.193 0.094 0.004 0.010 0.004 0.000 0.004 0.004 0.008 0.001 0.001 0.003 0.004 0.006 0.006 0.003 0.000 0.068 0.010 0.008 0.008 0.003 0.008 0.000
0.000 0.000 0.000 0.000 0.000 0.000 0.000 0.000 0.000 0.000 0.000 0.000 0.000 0.000 0.000 0.000 0.000 0.000 0.000 0.000 0.000 0.000 0.000 0.000 0.000 0.000 0.000 0.000 0.000 0.000 0.000 0.000 0.000 0.000 0.000 0.000 0.000 0.000 0.000 0.000 0.000 0.000 0.000 0.000 0.000 0.000 0.000 0.107 0.000 0.000 0.256 0.057 0.145 0.005 0.008 0.010 0.006 0.003 0.004 0.003 0.005 0.139 0.000 0.000 0.000 0.001 0.004 0.009 0.005 0.000 0.003 0.008 0.010 0.180 0.112 0.010 0.010
0.000 0.000 0.000 0.000 0.000 0.000 0.000 0.000 0.000 0.000 0.000 0.000 0.000 0.000 0.000 0.000 0.000 0.000 0.000 0.000 0.000 0.000 0.000 0.000 0.000 0.000 0.000 0.000 0.000 0.000 0.000 0.000 0.000 0.000 0.000 0.000 0.000 0.000 0.000 0.000 0.000 0.000 0.000 0.000 0.000 0.000 0.000 0.000 0.000 0.037 0.000 0.000 0.010 0.006 0.004 0.008 0.004 0.010 0.008 0.004 0.003 0.003 0.020 0.005 0.006 0.000 0.000 0.003 0.000 0.004 0.020 0.010 0.006 0.000 0.002 0.002 0.001
0.000 0.000 0.000 0.000 0.000 0.000 0.000 0.000 0.000 0.000 0.000 0.000 0.000 0.000 0.000 0.000 0.000 0.000 0.000 0.000 0.000 0.000 0.000 0.000 0.000 0.000 0.000 0.000 0.000 0.000 0.000 0.000 0.000 0.000 0.000 0.000 0.000 0.000 0.000 0.000 0.000 0.000 0.000 0.000 0.000 0.000 0.000 0.000 0.000 0.000 0.000 0.036 0.000 0.000 0.000 0.010 0.010 0.003 0.009 0.005 0.008 0.010 0.006 0.004 0.003 0.006 0.006 0.010 0.000 0.008 0.000 0.003 0.003 0.008 0.001 0.000 0.002
0.000 0.000 0.000 0.000 0.000 0.000 0.000 0.000 0.000 0.000 0.000 0.000 0.000 0.000 0.000 0.000 0.000 0.000 0.000 0.000 0.000 0.000 0.000 0.000 0.000 0.000 0.000 0.000 0.000 0.000 0.000 0.000 0.000 0.000 0.000 0.000 0.000 0.000 0.000 0.000 0.000 0.000 0.000 0.000 0.000 0.000 0.000 0.000 0.000 0.000 0.000 0.000 0.000 0.000 0.010 0.010 0.000 0.000 0.000 0.000 0.018 0.004 0.004 0.005 0.010 0.008 0.003 0.005 0.008 0.006 0.006 0.054 0.000 0.000 0.003 0.002 0.000
0.000 0.000 0.000 0.000 0.000 0.000 0.000 0.000 0.000 0.000 0.000 0.000 0.000 0.000 0.000 0.000 0.000 0.000 0.000 0.000 0.000 0.000 0.000 0.000 0.000 0.000 0.000 0.000 0.000 0.000 0.000 0.000 0.000 0.000 0.000 0.000 0.000 0.000 0.000 0.000 0.000 0.000 0.000 0.000 0.000 0.000 0.000 0.000 0.000 0.000 0.000 0.000 0.000 0.000 0.000 0.000 0.000 0.000 0.000 0.035 0.000 0.000 0.000 0.000 0.006 0.004 0.004 0.008 0.006 0.004 0.012 0.008 0.006 0.008 0.000 0.006 0.004
0.000 0.000 0.000 0.000 0.000 0.000 0.000 0.000 0.000 0.000 0.000 0.000 0.000 0.000 0.000 0.000 0.000 0.000 0.000 0.000 0.000 0.000 0.000 0.000 0.000 0.000 0.000 0.000 0.000 0.000 0.000 0.000 0.000 0.000 0.000 0.000 0.000 0.000 0.000 0.000 0.000 0.000 0.000 0.000 0.000 0.000 0.000 0.000 0.000 0.000 0.000 0.000 0.000 0.000 0.000 0.000 0.000 0.000 0.000 0.000 0.000 0.000 0.010 0.061 0.000 0.000 0.000 0.006 0.004 0.004 0.006 0.008 0.010 0.004 0.008 0.004 0.000
0.000 0.000 0.000 0.000 0.000 0.000 0.000 0.000 0.000 0.000 0.000 0.000 0.000 0.000 0.000 0.000 0.000 0.000 0.000 0.000 0.000 0.000 0.000 0.000 0.000 0.000 0.000 0.000 0.000 0.000 0.000 0.000 0.000 0.000 0.000 0.000 0.000 0.000 0.000 0.000 0.000 0.000 0.000 0.000 0.000 0.000 0.000 0.000 0.000 0.000 0.000 0.000 0.000 0.000 0.000 0.000 0.000 0.000 0.000 0.000 0.000 0.000 0.000 0.000 0.000 0.010 0.064 0.000 0.000 0.077 0.008 0.003 0.010 0.008 0.003 0.008 0.008
0.000 0.000 0.000 0.000 0.000 0.000 0.000 0.000 0.000 0.000 0.000 0.000 0.000 0.000 0.000 0.000 0.000 0.000 0.000 0.000 0.000 0.000 0.000 0.000 0.000 0.000 0.000 0.000 0.000 0.000 0.000 0.000 0.000 0.000 0.000 0.000 0.000 0.000 0.000 0.000 0.000 0.000 0.000 0.000 0.000 0.000 0.000 0.000 0.000 0.000 0.000 0.000 0.000 0.000 0.000 0.000 0.000 0.000 0.000 0.000 0.000 0.000 0.000 0.000 0.000 0.000 0.000 0.000 0.000 0.000 0.000 0.000 0.006 0.002 0.010 0.005 0.006
0.000 0.000 0.000 0.000 0.000 0.000 0.000 0.000 0.000 0.000 0.000 0.000 0.000 0.000 0.000 0.000 0.000 0.000 0.000 0.000 0.000 0.000 0.000 0.000 0.000 0.000 0.000 0.000 0.000 0.000 0.000 0.000 0.000 0.000 0.000 0.000 0.000 0.000 0.000 0.000 0.000 0.000 0.000 0.000 0.000 0.000 0.000 0.000 0.000 0.000 0.000 0.000 0.000 0.000 0.000 0.000 0.000 0.000 0.000 0.000 0.000 0.000 0.000 0.000 0.000 0.000 0.000 0.000 0.000 0.000 0.000 0.000 0.000 0.000 0.005 0.005 0.008
