hx_30m/njhx/rain/result-0053.wd
ncols         211
nrows         286
xllcorner     660279.582600
yllcorner     3541874.325092
cellsize      30.000000
NODATA_value  -9999.000000
[rows 238 to 271 of 286, columns 77 to 153 of 211]
0.002 0.005 0.005 0.001 0.002 0.003 0.000 0.000 0.000 0.001 0.001 0.001 0.000 0.000 0.001 0.000 0.000 0.001 0.002 0.010 0.010 0.010 0.002 0.001 0.003 0.001 0.001 0.000 0.001 0.001 0.000 0.000 0.000 0.000 0.000 0.000 0.001 0.000 0.001 0.003 0.010 0.683 0.118 0.001 0.002 0.002 0.000 0.010 0.000 0.000 0.005 0.006 0.010 0.010 0.010 0.010 0.010 0.010 0.079 0.005 0.002 0.000 0.003 0.010 0.001 0.003 0.010 0.000 0.000 0.000 0.001 0.001 0.003 0.000 0.001 0.001 0.000
0.108 0.002 0.005 0.010 0.002 0.010 0.001 0.000 0.000 0.010 0.000 0.001 0.000 0.002 0.001 0.000 0.001 0.000 0.010 0.010 0.010 0.010 0.003 0.002 0.002 0.001 0.002 0.000 0.000 0.000 0.000 0.000 0.000 0.000 0.000 0.000 0.001 0.005 0.003 0.005 0.000 0.146 0.000 0.000 0.001 0.002 0.002 0.000 0.010 0.010 0.001 0.010 0.010 0.072 0.010 0.010 0.010 0.000 0.045 0.002 0.003 0.010 0.005 0.003 0.005 0.000 0.000 0.000 0.002 0.001 0.007 0.000 0.001 0.003 0.000 0.001 0.001
0.000 0.000 0.005 0.065 0.003 0.002 0.001 0.010 0.005 0.000 0.000 0.003 0.000 0.001 0.001 0.002 0.001 0.040 0.010 0.010 0.010 0.122 0.001 0.001 0.001 0.002 0.002 0.007 0.000 0.000 0.000 0.000 0.000 0.000 0.000 0.000 0.002 0.005 0.004 0.000 0.174 0.154 0.000 0.010 0.001 0.001 0.001 0.002 0.002 0.005 0.010 0.010 0.010 0.010 0.010 0.010 0.000 0.111 0.003 0.005 0.001 0.000 0.010 0.010 0.003 0.002 0.000 0.000 0.000 0.001 0.000 0.001 0.005 0.002 0.000 0.000 0.000
0.000 0.038 0.000 0.000 0.006 0.001 0.005 0.003 0.002 0.002 0.002 0.000 0.001 0.002 0.010 0.010 0.316 0.010 0.010 0.010 0.131 0.010 0.001 0.005 0.002 0.000 0.000 0.000 0.000 0.001 0.001 0.000 0.000 0.001 0.000 0.001 0.010 0.002 0.010 0.008 0.007 0.002 0.002 0.001 0.001 0.002 0.000 0.001 0.000 0.003 0.002 0.002 0.010 0.026 0.017 0.065 0.000 0.010 0.001 0.004 0.000 0.000 0.098 0.109 0.010 0.000 0.002 0.001 0.001 0.001 0.003 0.000 0.000 0.001 0.000 0.000 0.000
0.000 0.000 0.010 0.064 0.000 0.010 0.002 0.002 0.010 0.002 0.003 0.010 0.010 0.003 0.010 0.010 0.010 0.010 0.010 0.010 0.005 0.002 0.002 0.001 0.001 0.000 0.000 0.001 0.002 0.001 0.001 0.001 0.001 0.004 0.010 0.005 0.002 0.005 0.000 0.001 0.010 0.010 0.002 0.001 0.000 0.005 0.001 0.001 0.002 0.001 0.002 0.001 0.002 0.010 0.010 0.019 0.411 0.001 0.001 0.000 0.040 0.000 0.010 0.010 0.000 0.000 0.012 0.000 0.000 0.000 0.000 0.000 0.001 0.000 0.001 0.000 0.001
0.000 0.000 0.000 0.000 0.000 0.010 0.000 0.664 0.002 0.002 0.005 0.002 0.010 0.002 0.010 0.056 0.010 0.010 0.010 0.076 0.003 0.002 0.005 0.002 0.001 0.000 0.000 0.000 0.002 0.005 0.001 0.001 0.000 0.005 0.000 0.003 0.005 0.000 0.002 0.005 0.010 0.010 0.002 0.000 0.001 0.001 0.001 0.001 0.001 0.001 0.000 0.001 0.000 0.001 0.002 0.003 0.005 0.002 0.003 0.000 0.000 0.036 0.148 0.010 0.000 0.055 0.000 0.000 0.000 0.000 0.002 0.000 0.000 0.001 0.000 0.000 0.009
0.000 0.000 0.000 0.000 0.000 0.000 0.000 0.010 0.000 0.121 0.003 0.002 0.002 0.002 0.005 0.005 0.071 0.010 0.066 0.010 0.002 0.012 0.001 0.001 0.002 0.009 0.001 0.010 0.005 0.005 0.001 0.000 0.000 0.003 0.001 0.002 0.010 0.109 0.001 0.005 0.010 0.010 0.000 0.000 0.001 0.000 0.001 0.001 0.001 0.000 0.001 0.000 0.000 0.001 0.001 0.010 0.005 0.001 0.000 0.000 0.014 0.010 0.010 0.076 0.000 0.022 0.007 0.002 0.000 0.000 0.000 0.000 0.001 0.001 0.001 0.001 0.001
0.000 0.000 0.000 0.000 0.000 0.000 0.000 0.000 0.000 0.010 0.000 0.095 0.001 0.010 0.190 0.001 0.010 0.010 0.010 0.002 0.010 0.003 0.001 0.000 0.002 0.000 0.000 0.003 0.005 0.005 0.000 0.000 0.000 0.003 0.003 0.002 0.000 0.005 0.002 0.004 0.010 0.003 0.001 0.000 0.000 0.001 0.000 0.000 0.000 0.001 0.000 0.000 0.001 0.000 0.000 0.001 0.003 0.010 0.002 0.000 0.087 0.098 0.010 0.000 0.191 0.010 0.002 0.003 0.002 0.001 0.009 0.003 0.000 0.000 0.000 0.005 0.000
0.000 0.000 0.000 0.000 0.000 0.000 0.000 0.000 0.000 0.000 0.000 0.010 0.000 0.333 0.246 0.010 0.002 0.003 0.003 0.003 0.005 0.002 0.003 0.000 0.000 0.000 0.003 0.010 0.005 0.001 0.000 0.000 0.010 0.002 0.003 0.000 0.010 0.001 0.010 0.002 0.003 0.001 0.001 0.003 0.001 0.000 0.000 0.000 0.001 0.001 0.010 0.005 0.000 0.003 0.000 0.002 0.002 0.002 0.003 0.003 0.005 0.010 0.050 0.010 0.125 0.010 0.006 0.003 0.001 0.000 0.003 0.001 0.000 0.000 0.008 0.001 0.003
0.000 0.000 0.000 0.000 0.000 0.000 0.000 0.000 0.000 0.000 0.000 0.000 0.040 0.000 0.225 0.130 0.010 0.005 0.003 0.010 0.001 0.010 0.002 0.004 0.000 0.000 0.000 0.000 0.000 0.000 0.007 0.003 0.003 0.003 0.003 0.002 0.001 0.003 0.004 0.008 0.005 0.001 0.005 0.005 0.002 0.001 0.001 0.010 0.000 0.001 0.001 0.002 0.005 0.000 0.000 0.003 0.005 0.010 0.010 0.005 0.002 0.001 0.005 0.010 0.010 0.000 0.010 0.000 0.001 0.000 0.004 0.000 0.049 0.010 0.010 0.081 0.010
0.000 0.000 0.000 0.000 0.000 0.000 0.000 0.000 0.000 0.000 0.000 0.000 0.000 0.000 0.000 0.000 0.007 0.001 0.010 0.002 0.003 0.010 0.010 0.010 0.010 0.005 0.002 0.000 0.000 0.000 0.000 0.010 0.005 0.002 0.000 0.001 0.002 0.003 0.010 0.010 0.001 0.003 0.003 0.001 0.001 0.005 0.021 0.000 0.003 0.001 0.002 0.001 0.001 0.003 0.002 0.001 0.166 0.105 0.010 0.010 0.010 0.005 0.001 0.001 0.001 0.000 0.005 0.010 0.000 0.000 0.000 0.000 0.062 0.003 0.061 0.074 0.067
0.000 0.000 0.000 0.000 0.000 0.000 0.000 0.000 0.000 0.000 0.000 0.000 0.000 0.000 0.000 0.048 0.182 0.000 0.483 0.009 0.010 0.002 0.004 0.005 0.010 0.010 0.010 0.001 0.000 0.000 0.000 0.005 0.001 0.000 0.001 0.001 0.000 0.001 0.002 0.010 0.002 0.001 0.001 0.000 0.002 0.002 0.005 0.001 0.001 0.010 0.029 0.005 0.005 0.000 0.001 0.000 0.000 0.010 0.010 0.010 0.010 0.010 0.010 0.002 0.001 0.002 0.001 0.004 0.000 0.000 0.000 0.000 0.003 0.002 0.106 0.115 0.158
0.000 0.000 0.000 0.000 0.000 0.000 0.000 0.000 0.000 0.000 0.000 0.000 0.000 0.000 0.000 0.000 0.000 0.036 0.000 0.000 0.002 0.005 0.005 0.004 0.010 0.010 0.010 0.010 0.004 0.000 0.009 0.002 0.003 0.005 0.000 0.001 0.001 0.000 0.000 0.000 0.001 0.001 0.003 0.005 0.007 0.000 0.000 0.001 0.001 0.005 0.013 0.003 0.002 0.001 0.000 0.042 0.058 0.010 0.010 0.095 0.010 0.077 0.394 0.010 0.010 0.001 0.001 0.002 0.002 0.000 0.000 0.001 0.001 0.001 0.001 0.030 0.140
0.000 0.000 0.000 0.000 0.000 0.000 0.000 0.000 0.000 0.000 0.000 0.000 0.000 0.000 0.000 0.000 0.000 0.000 0.000 0.000 0.000 0.000 0.002 0.010 0.003 0.003 0.010 0.010 0.010 0.004 0.001 0.002 0.010 0.001 0.002 0.001 0.001 0.001 0.001 0.001 0.000 0.002 0.003 0.003 0.000 0.000 0.001 0.001 0.005 0.010 0.010 0.010 0.003 0.002 0.000 0.000 0.000 0.084 0.010 0.010 0.010 0.085 0.010 0.010 0.010 0.010 0.010 0.002 0.002 0.002 0.001 0.002 0.003 0.000 0.003 0.052 0.023
0.000 0.000 0.000 0.000 0.000 0.000 0.000 0.000 0.000 0.000 0.000 0.000 0.000 0.000 0.000 0.000 0.000 0.000 0.000 0.000 0.000 0.000 0.051 0.000 0.003 0.001 0.003 0.001 0.010 0.003 0.003 0.000 0.001 0.002 0.001 0.002 0.003 0.001 0.001 0.001 0.001 0.001 0.001 0.004 0.001 0.000 0.001 0.001 0.002 0.010 0.010 0.001 0.002 0.000 0.010 0.000 0.118 0.010 0.010 0.010 0.010 0.010 0.080 0.010 0.010 0.010 0.010 0.010 0.005 0.002 0.010 0.001 0.001 0.190 0.215 0.000 0.141
0.000 0.000 0.000 0.000 0.000 0.000 0.000 0.000 0.000 0.000 0.000 0.000 0.000 0.000 0.000 0.000 0.000 0.000 0.000 0.000 0.000 0.000 0.000 0.000 0.227 0.000 0.001 0.003 0.003 0.010 0.016 0.580 0.000 0.001 0.000 0.001 0.001 0.001 0.003 0.002 0.000 0.003 0.002 0.000 0.010 0.001 0.001 0.005 0.001 0.002 0.001 0.003 0.002 0.000 0.002 0.010 0.010 0.010 0.010 0.010 0.000 0.010 0.113 0.000 0.055 0.010 0.010 0.210 0.010 0.010 0.002 0.002 0.001 0.001 0.013 0.140 0.000
0.000 0.000 0.000 0.000 0.000 0.000 0.000 0.000 0.000 0.000 0.000 0.000 0.000 0.000 0.000 0.000 0.000 0.000 0.000 0.000 0.000 0.000 0.000 0.000 0.000 0.000 0.000 0.002 0.010 0.005 0.000 0.010 0.001 0.003 0.002 0.001 0.001 0.000 0.001 0.003 0.002 0.002 0.063 0.001 0.000 0.002 0.003 0.010 0.005 0.005 0.001 0.002 0.000 0.000 0.000 0.000 0.060 0.010 0.010 0.010 0.107 0.115 0.000 0.000 0.088 0.077 0.010 0.010 0.010 0.003 0.002 0.005 0.003 0.002 0.001 0.010 0.040
0.000 0.000 0.000 0.000 0.000 0.000 0.000 0.000 0.000 0.000 0.000 0.000 0.000 0.000 0.000 0.000 0.000 0.000 0.000 0.000 0.000 0.000 0.000 0.000 0.000 0.000 0.000 0.010 0.074 0.000 0.010 0.005 0.002 0.001 0.001 0.005 0.000 0.001 0.003 0.001 0.002 0.001 0.002 0.083 0.010 0.001 0.002 0.001 0.001 0.010 0.001 0.002 0.000 0.007 0.006 0.044 0.010 0.010 0.117 0.000 0.095 0.080 0.010 0.000 0.000 0.080 0.102 0.000 0.010 0.001 0.010 0.005 0.010 0.005 0.002 0.001 0.001
0.000 0.000 0.000 0.000 0.000 0.000 0.000 0.000 0.000 0.000 0.000 0.000 0.000 0.000 0.000 0.000 0.000 0.000 0.000 0.000 0.000 0.000 0.000 0.000 0.000 0.000 0.000 0.000 0.000 0.000 0.000 0.003 0.010 0.005 0.002 0.002 0.000 0.001 0.003 0.002 0.003 0.000 0.000 0.001 0.001 0.065 0.002 0.000 0.000 0.001 0.002 0.000 0.038 0.000 0.000 0.016 0.010 0.010 0.019 0.010 0.045 0.010 0.000 0.000 0.000 0.000 0.000 0.225 0.005 0.010 0.010 0.000 0.005 0.003 0.101 0.003 0.003
0.000 0.000 0.000 0.000 0.000 0.000 0.000 0.000 0.000 0.000 0.000 0.000 0.000 0.000 0.000 0.000 0.000 0.000 0.000 0.000 0.000 0.000 0.000 0.000 0.000 0.000 0.000 0.000 0.000 0.000 0.000 0.101 0.000 0.010 0.010 0.002 0.001 0.010 0.010 0.002 0.001 0.000 0.000 0.000 0.000 0.001 0.003 0.001 0.001 0.001 0.027 0.079 0.000 0.000 0.139 0.010 0.010 0.010 0.010 0.010 0.010 0.010 0.000 0.010 0.128 0.217 0.228 0.010 0.010 0.086 0.002 0.000 0.002 0.000 0.000 0.007 0.006
0.000 0.000 0.000 0.000 0.000 0.000 0.000 0.000 0.000 0.000 0.000 0.000 0.000 0.000 0.000 0.000 0.000 0.000 0.000 0.000 0.000 0.000 0.000 0.000 0.000 0.000 0.000 0.000 0.000 0.000 0.000 0.000 0.000 0.052 0.271 0.002 0.005 0.002 0.003 0.001 0.001 0.006 0.000 0.000 0.000 0.001 0.002 0.003 0.001 0.003 0.000 0.000 0.038 0.000 0.010 0.010 0.010 0.222 0.010 0.095 0.010 0.034 0.010 0.000 0.000 0.097 0.164 0.005 0.001 0.003 0.005 0.005 0.005 0.000 0.004 0.010 0.010
0.000 0.000 0.000 0.000 0.000 0.000 0.000 0.000 0.000 0.000 0.000 0.000 0.000 0.000 0.000 0.000 0.000 0.000 0.000 0.000 0.000 0.000 0.000 0.000 0.000 0.000 0.000 0.000 0.000 0.000 0.000 0.000 0.000 0.000 0.010 0.000 0.001 0.000 0.001 0.001 0.010 0.003 0.002 0.000 0.001 0.000 0.000 0.001 0.001 0.003 0.024 0.074 0.000 0.000 0.010 0.010 0.015 0.104 0.010 0.101 0.010 0.222 0.000 0.000 0.010 0.000 0.016 0.000 0.010 0.010 0.005 0.005 0.005 0.010 0.007 0.005 0.005
0.000 0.000 0.000 0.000 0.000 0.000 0.000 0.000 0.000 0.000 0.000 0.000 0.000 0.000 0.000 0.000 0.000 0.000 0.000 0.000 0.000 0.000 0.000 0.000 0.000 0.000 0.000 0.000 0.000 0.000 0.000 0.000 0.000 0.000 0.000 0.000 0.158 0.000 0.010 0.002 0.002 0.001 0.009 0.002 0.005 0.000 0.002 0.001 0.010 0.001 0.005 0.005 0.070 0.010 0.010 0.010 0.064 0.001 0.002 0.005 0.010 0.010 0.010 0.010 0.010 0.010 0.016 0.000 0.005 0.010 0.005 0.010 0.010 0.005 0.005 0.005 0.005
0.000 0.000 0.000 0.000 0.000 0.000 0.000 0.000 0.000 0.000 0.000 0.000 0.000 0.000 0.000 0.000 0.000 0.000 0.000 0.000 0.000 0.000 0.000 0.000 0.000 0.000 0.000 0.000 0.000 0.000 0.000 0.000 0.000 0.000 0.000 0.000 0.000 0.000 0.952 0.000 0.001 0.010 0.003 0.001 0.003 0.001 0.001 0.001 0.005 0.005 0.003 0.000 0.000 0.001 0.003 0.005 0.010 0.001 0.041 0.002 0.002 0.010 0.010 0.010 0.000 0.005 0.003 0.005 0.010 0.003 0.013 0.010 0.010 0.010 0.010 0.003 0.003
0.000 0.000 0.000 0.000 0.000 0.000 0.000 0.000 0.000 0.000 0.000 0.000 0.000 0.000 0.000 0.000 0.000 0.000 0.000 0.000 0.000 0.000 0.000 0.000 0.000 0.000 0.000 0.000 0.000 0.000 0.000 0.000 0.000 0.000 0.000 0.000 0.000 0.000 0.000 0.000 0.142 0.003 0.001 0.005 0.002 0.005 0.001 0.010 0.005 0.010 0.000 0.000 0.000 0.000 0.001 0.003 0.001 0.000 0.003 0.010 0.001 0.010 0.010 0.010 0.010 0.001 0.005 0.005 0.010 0.010 0.010 0.010 0.010 0.010 0.040 0.010 0.010
0.000 0.000 0.000 0.000 0.000 0.000 0.000 0.000 0.000 0.000 0.000 0.000 0.000 0.000 0.000 0.000 0.000 0.000 0.000 0.000 0.000 0.000 0.000 0.000 0.000 0.000 0.000 0.000 0.000 0.000 0.000 0.000 0.000 0.000 0.000 0.000 0.000 0.000 0.000 0.000 0.000 0.010 0.000 0.002 0.001 0.003 0.010 0.003 0.010 0.005 0.001 0.001 0.000 0.000 0.003 0.001 0.000 0.000 0.002 0.001 0.005 0.010 0.010 0.010 0.005 0.002 0.005 0.010 0.003 0.005 0.017 0.010 0.010 0.010 0.010 0.010 0.010
0.000 0.000 0.000 0.000 0.000 0.000 0.000 0.000 0.000 0.000 0.000 0.000 0.000 0.000 0.000 0.000 0.000 0.000 0.000 0.000 0.000 0.000 0.000 0.000 0.000 0.000 0.000 0.000 0.000 0.000 0.000 0.000 0.000 0.000 0.000 0.000 0.000 0.000 0.000 0.000 0.000 0.000 0.000 0.074 0.000 0.010 0.001 0.005 0.002 0.033 0.003 0.003 0.000 0.002 0.003 0.001 0.000 0.001 0.001 0.003 0.005 0.010 0.010 0.005 0.003 0.002 0.002 0.002 0.005 0.010 0.010 0.009 0.115 0.010 0.010 0.010 0.106
0.000 0.000 0.000 0.000 0.000 0.000 0.000 0.000 0.000 0.000 0.000 0.000 0.000 0.000 0.000 0.000 0.000 0.000 0.000 0.000 0.000 0.000 0.000 0.000 0.000 0.000 0.000 0.000 0.000 0.000 0.000 0.000 0.000 0.000 0.000 0.000 0.000 0.000 0.000 0.000 0.000 0.000 0.000 0.000 0.000 0.010 0.000 0.010 0.010 0.010 0.103 0.001 0.005 0.002 0.001 0.001 0.000 0.001 0.005 0.001 0.003 0.018 0.010 0.001 0.002 0.003 0.000 0.000 0.010 0.010 0.010 0.234 0.008 0.003 0.010 0.010 0.010
0.000 0.000 0.000 0.000 0.000 0.000 0.000 0.000 0.000 0.000 0.000 0.000 0.000 0.000 0.000 0.000 0.000 0.000 0.000 0.000 0.000 0.000 0.000 0.000 0.000 0.000 0.000 0.000 0.000 0.000 0.000 0.000 0.000 0.000 0.000 0.000 0.000 0.000 0.000 0.000 0.000 0.000 0.000 0.000 0.000 0.000 0.000 0.318 0.000 0.121 0.083 0.065 0.000 0.010 0.001 0.010 0.000 0.001 0.010 0.001 0.003 0.005 0.002 0.002 0.002 0.001 0.000 0.000 0.000 0.010 0.010 0.010 0.010 0.021 0.005 0.005 0.010
0.000 0.000 0.000 0.000 0.000 0.000 0.000 0.000 0.000 0.000 0.000 0.000 0.000 0.000 0.000 0.000 0.000 0.000 0.000 0.000 0.000 0.000 0.000 0.000 0.000 0.000 0.000 0.000 0.000 0.000 0.000 0.000 0.000 0.000 0.000 0.000 0.000 0.000 0.000 0.000 0.000 0.000 0.000 0.000 0.000 0.000 0.000 0.000 0.000 0.000 0.592 0.006 0.010 0.003 0.005 0.001 0.001 0.000 0.002 0.001 0.005 0.003 0.008 0.005 0.001 0.000 0.000 0.000 0.000 0.000 0.000 0.010 0.003 0.016 0.010 0.010 0.005
0.000 0.000 0.000 0.000 0.000 0.000 0.000 0.000 0.000 0.000 0.000 0.000 0.000 0.000 0.000 0.000 0.000 0.000 0.000 0.000 0.000 0.000 0.000 0.000 0.000 0.000 0.000 0.000 0.000 0.000 0.000 0.000 0.000 0.000 0.000 0.000 0.000 0.000 0.000 0.000 0.000 0.000 0.000 0.000 0.000 0.000 0.000 0.000 0.000 0.000 0.010 0.000 0.010 0.001 0.005 0.003 0.001 0.004 0.006 0.004 0.003 0.002 0.046 0.005 0.003 0.010 0.000 0.000 0.000 0.000 0.000 0.000 0.000 0.003 0.010 0.042 0.010
0.000 0.000 0.000 0.000 0.000 0.000 0.000 0.000 0.000 0.000 0.000 0.000 0.000 0.000 0.000 0.000 0.000 0.000 0.000 0.000 0.000 0.000 0.000 0.000 0.000 0.000 0.000 0.000 0.000 0.000 0.000 0.000 0.000 0.000 0.000 0.000 0.000 0.000 0.000 0.000 0.000 0.000 0.000 0.000 0.000 0.000 0.000 0.000 0.000 0.000 0.000 0.000 0.066 0.000 0.001 0.005 0.003 0.003 0.005 0.001 0.003 0.018 0.010 0.003 0.004 0.002 0.024 0.002 0.000 0.000 0.000 0.000 0.002 0.000 0.000 0.005 0.064
0.000 0.000 0.000 0.000 0.000 0.000 0.000 0.000 0.000 0.000 0.000 0.000 0.000 0.000 0.000 0.000 0.000 0.000 0.000 0.000 0.000 0.000 0.000 0.000 0.000 0.000 0.000 0.000 0.000 0.000 0.000 0.000 0.000 0.000 0.000 0.000 0.000 0.000 0.000 0.000 0.000 0.000 0.000 0.000 0.000 0.000 0.000 0.000 0.000 0.000 0.000 0.000 0.000 0.000 0.059 0.000 0.002 0.003 0.003 0.003 0.001 0.003 0.010 0.010 0.010 0.010 0.002 0.002 0.003 0.001 0.000 0.000 0.000 0.000 0.032 0.002 0.010
0.000 0.000 0.000 0.000 0.000 0.000 0.000 0.000 0.000 0.000 0.000 0.000 0.000 0.000 0.000 0.000 0.000 0.000 0.000 0.000 0.000 0.000 0.000 0.000 0.000 0.000 0.000 0.000 0.000 0.000 0.000 0.000 0.000 0.000 0.000 0.000 0.000 0.000 0.000 0.000 0.000 0.000 0.000 0.000 0.000 0.000 0.000 0.000 0.000 0.000 0.000 0.000 0.000 0.000 0.000 0.000 0.000 0.009 0.001 0.005 0.001 0.002 0.010 0.005 0.010 0.010 0.010 0.010 0.003 0.003 0.000 0.000 0.000 0.000 0.000 0.000 0.000
