hx_30m/njhx/rain/result-0021.wd
ncols         211
nrows         286
xllcorner     660279.582600
yllcorner     3541874.325092
cellsize      30.000000
NODATA_value  -9999.000000
[rows 102 to 135 of 286, columns 77 to 153 of 211]
0.000 0.033 0.010 0.007 0.010 0.009 0.005 0.003 0.003 0.004 0.010 0.008 0.005 0.000 0.004 0.002 0.000 0.010 0.016 0.007 0.010 0.010 0.070 0.010 0.010 0.010 0.010 0.007 0.009 0.009 0.000 0.000 0.000 0.008 0.005 0.000 0.008 0.009 0.009 0.006 0.009 0.006 0.010 0.018 0.000 0.009 0.009 0.007 0.000 0.007 0.010 0.010 0.009 0.000 0.007 0.000 0.000 0.009 0.010 0.005 0.000 0.000 0.000 0.008 0.004 0.006 0.005 0.004 0.004 0.008 0.005 0.004 0.000 0.006 0.008 0.009 0.000
0.010 0.010 0.008 0.006 0.010 0.004 0.002 0.003 0.004 0.010 0.009 0.004 0.000 0.003 0.003 0.007 0.007 0.007 0.007 0.010 0.026 0.010 0.010 0.010 0.010 0.010 0.010 0.008 0.006 0.008 0.000 0.000 0.000 0.009 0.005 0.000 0.007 0.006 0.008 0.005 0.009 0.010 0.050 0.000 0.000 0.000 0.007 0.008 0.006 0.007 0.008 0.009 0.009 0.000 0.000 0.000 0.000 0.007 0.009 0.006 0.000 0.000 0.000 0.006 0.009 0.005 0.005 0.004 0.004 0.004 0.000 0.005 0.005 0.005 0.004 0.008 0.000
0.010 0.010 0.008 0.007 0.010 0.007 0.006 0.005 0.003 0.006 0.010 0.008 0.000 0.004 0.004 0.004 0.004 0.004 0.003 0.006 0.010 0.010 0.010 0.010 0.010 0.010 0.010 0.010 0.008 0.009 0.010 0.009 0.009 0.009 0.008 0.009 0.009 0.009 0.009 0.007 0.000 0.010 0.000 0.000 0.000 0.008 0.006 0.000 0.000 0.000 0.007 0.015 0.007 0.005 0.010 0.021 0.005 0.007 0.009 0.007 0.006 0.010 0.010 0.007 0.004 0.005 0.005 0.006 0.009 0.010 0.008 0.000 0.000 0.005 0.009 0.010 0.009
0.010 0.010 0.008 0.010 0.010 0.013 0.010 0.004 0.004 0.004 0.010 0.008 0.000 0.004 0.004 0.003 0.005 0.006 0.006 0.004 0.035 0.047 0.010 0.010 0.010 0.010 0.010 0.090 0.010 0.010 0.010 0.010 0.010 0.010 0.058 0.010 0.009 0.009 0.009 0.007 0.000 0.100 0.010 0.007 0.007 0.007 0.007 0.007 0.000 0.006 0.005 0.009 0.005 0.006 0.007 0.009 0.009 0.000 0.006 0.005 0.005 0.000 0.000 0.006 0.006 0.006 0.006 0.008 0.000 0.007 0.000 0.000 0.000 0.010 0.010 0.010 0.010
0.010 0.010 0.006 0.010 0.009 0.000 0.003 0.004 0.000 0.003 0.000 0.005 0.000 0.003 0.004 0.003 0.005 0.004 0.003 0.006 0.010 0.010 0.010 0.010 0.010 0.010 0.010 0.010 0.010 0.010 0.010 0.010 0.010 0.010 0.010 0.010 0.009 0.009 0.008 0.009 0.010 0.010 0.010 0.010 0.010 0.007 0.009 0.008 0.007 0.008 0.008 0.026 0.010 0.000 0.000 0.000 0.000 0.000 0.000 0.005 0.005 0.000 0.000 0.005 0.006 0.012 0.000 0.000 0.030 0.000 0.000 0.006 0.009 0.010 0.000 0.010 0.009
0.010 0.010 0.008 0.010 0.009 0.005 0.000 0.000 0.000 0.003 0.003 0.000 0.002 0.004 0.000 0.000 0.000 0.000 0.005 0.010 0.010 0.010 0.118 0.045 0.010 0.010 0.010 0.010 0.141 0.027 0.010 0.010 0.000 0.053 0.000 0.010 0.009 0.009 0.008 0.010 0.010 0.010 0.010 0.010 0.009 0.000 0.007 0.000 0.007 0.000 0.000 0.010 0.010 0.005 0.006 0.005 0.004 0.006 0.007 0.005 0.005 0.000 0.000 0.000 0.000 0.010 0.000 0.006 0.004 0.004 0.004 0.012 0.008 0.010 0.000 0.000 0.010
0.101 0.010 0.006 0.010 0.008 0.000 0.000 0.000 0.000 0.000 0.004 0.000 0.003 0.003 0.013 0.000 0.003 0.005 0.005 0.009 0.010 0.040 0.010 0.010 0.010 0.010 0.010 0.010 0.010 0.010 0.010 0.010 0.042 0.010 0.024 0.000 0.009 0.096 0.010 0.000 0.010 0.053 0.009 0.008 0.009 0.000 0.009 0.009 0.009 0.006 0.008 0.007 0.010 0.000 0.009 0.009 0.006 0.005 0.005 0.006 0.007 0.006 0.000 0.008 0.000 0.008 0.000 0.006 0.006 0.004 0.007 0.010 0.000 0.000 0.000 0.015 0.009
0.010 0.010 0.005 0.010 0.010 0.008 0.006 0.004 0.004 0.006 0.005 0.005 0.004 0.002 0.008 0.006 0.010 0.007 0.005 0.008 0.005 0.006 0.009 0.007 0.007 0.008 0.009 0.010 0.010 0.023 0.009 0.010 0.009 0.010 0.010 0.010 0.009 0.010 0.008 0.010 0.011 0.010 0.010 0.007 0.010 0.000 0.009 0.000 0.000 0.000 0.000 0.008 0.011 0.000 0.000 0.000 0.006 0.006 0.000 0.000 0.000 0.008 0.005 0.000 0.000 0.005 0.000 0.000 0.006 0.005 0.016 0.010 0.000 0.000 0.000 0.010 0.009
0.010 0.010 0.005 0.010 0.005 0.000 0.000 0.000 0.000 0.006 0.006 0.010 0.009 0.010 0.010 0.035 0.010 0.010 0.010 0.008 0.008 0.005 0.010 0.007 0.007 0.009 0.010 0.011 0.010 0.009 0.009 0.008 0.009 0.008 0.009 0.010 0.006 0.019 0.009 0.010 0.010 0.010 0.009 0.010 0.029 0.009 0.016 0.009 0.013 0.009 0.009 0.008 0.010 0.018 0.010 0.019 0.009 0.009 0.009 0.009 0.008 0.006 0.007 0.005 0.004 0.009 0.007 0.008 0.007 0.007 0.009 0.010 0.010 0.010 0.010 0.010 0.009
0.010 0.008 0.008 0.009 0.005 0.000 0.000 0.003 0.005 0.004 0.012 0.000 0.007 0.010 0.043 0.000 0.000 0.000 0.010 0.010 0.010 0.010 0.010 0.010 0.010 0.010 0.036 0.009 0.009 0.009 0.006 0.005 0.006 0.009 0.008 0.010 0.005 0.010 0.009 0.009 0.010 0.010 0.009 0.009 0.009 0.009 0.008 0.009 0.009 0.008 0.010 0.009 0.008 0.009 0.009 0.010 0.011 0.005 0.009 0.009 0.009 0.010 0.010 0.008 0.009 0.007 0.008 0.007 0.007 0.007 0.006 0.007 0.005 0.005 0.007 0.013 0.009
0.010 0.008 0.009 0.008 0.004 0.000 0.003 0.004 0.004 0.005 0.010 0.010 0.007 0.022 0.010 0.035 0.004 0.009 0.007 0.004 0.006 0.005 0.004 0.004 0.006 0.010 0.010 0.010 0.010 0.010 0.008 0.000 0.016 0.002 0.000 0.000 0.008 0.076 0.009 0.010 0.000 0.000 0.010 0.010 0.010 0.009 0.009 0.038 0.010 0.010 0.010 0.009 0.044 0.010 0.060 0.010 0.009 0.007 0.006 0.006 0.006 0.007 0.010 0.006 0.000 0.008 0.005 0.000 0.007 0.010 0.010 0.005 0.004 0.000 0.000 0.000 0.007
0.010 0.006 0.010 0.008 0.003 0.003 0.005 0.007 0.005 0.005 0.010 0.007 0.038 0.025 0.010 0.006 0.005 0.006 0.026 0.010 0.010 0.026 0.010 0.005 0.007 0.010 0.011 0.010 0.010 0.010 0.073 0.007 0.010 0.003 0.006 0.000 0.007 0.010 0.010 0.010 0.010 0.010 0.055 0.010 0.010 0.008 0.000 0.011 0.010 0.010 0.010 0.009 0.000 0.010 0.010 0.010 0.008 0.009 0.008 0.005 0.005 0.009 0.000 0.004 0.009 0.009 0.007 0.010 0.010 0.010 0.015 0.007 0.005 0.000 0.000 0.000 0.006
0.010 0.007 0.010 0.007 0.003 0.010 0.003 0.004 0.004 0.007 0.036 0.010 0.010 0.000 0.008 0.005 0.010 0.009 0.007 0.006 0.004 0.004 0.005 0.004 0.009 0.008 0.010 0.010 0.058 0.010 0.008 0.010 0.010 0.005 0.004 0.000 0.004 0.010 0.009 0.009 0.009 0.005 0.005 0.004 0.008 0.013 0.000 0.007 0.010 0.009 0.009 0.030 0.018 0.009 0.009 0.010 0.000 0.005 0.006 0.006 0.006 0.005 0.004 0.000 0.000 0.007 0.005 0.000 0.010 0.021 0.009 0.000 0.004 0.012 0.000 0.000 0.008
0.007 0.009 0.009 0.005 0.004 0.010 0.010 0.007 0.004 0.007 0.010 0.000 0.000 0.000 0.000 0.000 0.007 0.004 0.018 0.004 0.005 0.005 0.003 0.004 0.006 0.009 0.010 0.010 0.010 0.026 0.007 0.010 0.010 0.006 0.004 0.000 0.008 0.057 0.008 0.009 0.010 0.010 0.000 0.000 0.008 0.145 0.000 0.008 0.010 0.024 0.000 0.009 0.010 0.000 0.010 0.010 0.012 0.009 0.010 0.010 0.009 0.005 0.005 0.000 0.007 0.006 0.000 0.006 0.006 0.004 0.006 0.007 0.000 0.000 0.000 0.000 0.006
0.009 0.009 0.007 0.000 0.000 0.010 0.000 0.000 0.000 0.000 0.010 0.000 0.009 0.009 0.007 0.000 0.000 0.007 0.006 0.000 0.000 0.000 0.000 0.000 0.004 0.034 0.010 0.010 0.010 0.010 0.023 0.010 0.020 0.007 0.005 0.010 0.009 0.010 0.008 0.010 0.010 0.024 0.000 0.000 0.010 0.010 0.008 0.009 0.009 0.008 0.000 0.007 0.008 0.000 0.007 0.007 0.009 0.010 0.009 0.010 0.009 0.000 0.000 0.007 0.007 0.006 0.000 0.000 0.004 0.005 0.007 0.010 0.003 0.000 0.004 0.000 0.005
0.005 0.010 0.007 0.007 0.003 0.004 0.000 0.000 0.000 0.000 0.010 0.000 0.006 0.006 0.007 0.000 0.010 0.000 0.004 0.003 0.000 0.000 0.000 0.000 0.007 0.006 0.008 0.016 0.010 0.010 0.000 0.000 0.010 0.010 0.005 0.009 0.009 0.010 0.009 0.009 0.010 0.009 0.000 0.000 0.015 0.008 0.009 0.007 0.009 0.000 0.000 0.026 0.000 0.000 0.019 0.000 0.008 0.028 0.011 0.010 0.007 0.004 0.000 0.000 0.009 0.009 0.000 0.014 0.040 0.000 0.006 0.010 0.006 0.003 0.010 0.000 0.000
0.007 0.010 0.009 0.010 0.005 0.000 0.005 0.000 0.000 0.007 0.010 0.000 0.000 0.000 0.022 0.000 0.153 0.000 0.002 0.000 0.000 0.000 0.000 0.003 0.006 0.008 0.000 0.007 0.010 0.010 0.000 0.005 0.006 0.010 0.006 0.000 0.005 0.010 0.009 0.010 0.010 0.010 0.000 0.000 0.006 0.010 0.026 0.009 0.010 0.009 0.009 0.010 0.000 0.000 0.000 0.007 0.000 0.006 0.007 0.006 0.005 0.005 0.000 0.004 0.006 0.009 0.007 0.010 0.010 0.010 0.010 0.011 0.004 0.004 0.000 0.006 0.010
0.006 0.008 0.000 0.000 0.000 0.003 0.002 0.006 0.009 0.005 0.170 0.009 0.010 0.010 0.010 0.173 0.010 0.004 0.010 0.009 0.010 0.010 0.004 0.004 0.009 0.009 0.012 0.007 0.008 0.009 0.006 0.006 0.004 0.017 0.005 0.000 0.007 0.010 0.009 0.009 0.010 0.010 0.000 0.000 0.035 0.009 0.000 0.010 0.009 0.010 0.010 0.010 0.016 0.009 0.000 0.010 0.008 0.006 0.008 0.008 0.007 0.006 0.002 0.003 0.006 0.005 0.006 0.000 0.000 0.000 0.010 0.007 0.006 0.008 0.007 0.007 0.016
0.010 0.007 0.010 0.008 0.005 0.004 0.000 0.003 0.006 0.000 0.132 0.010 0.057 0.010 0.010 0.126 0.010 0.006 0.009 0.010 0.010 0.010 0.009 0.007 0.009 0.010 0.010 0.006 0.009 0.009 0.010 0.086 0.058 0.007 0.003 0.000 0.005 0.010 0.019 0.007 0.008 0.007 0.023 0.007 0.008 0.008 0.010 0.008 0.024 0.008 0.010 0.008 0.007 0.000 0.000 0.012 0.008 0.008 0.007 0.008 0.006 0.000 0.004 0.005 0.008 0.004 0.005 0.006 0.000 0.000 0.010 0.010 0.009 0.008 0.004 0.010 0.000
0.010 0.007 0.004 0.004 0.003 0.003 0.010 0.004 0.000 0.000 0.203 0.010 0.010 0.010 0.010 0.010 0.176 0.027 0.009 0.010 0.010 0.000 0.009 0.007 0.000 0.010 0.000 0.004 0.000 0.000 0.006 0.104 0.082 0.007 0.008 0.000 0.013 0.010 0.010 0.000 0.000 0.009 0.010 0.019 0.006 0.009 0.009 0.009 0.008 0.009 0.009 0.014 0.033 0.008 0.007 0.008 0.008 0.007 0.009 0.008 0.000 0.007 0.006 0.006 0.010 0.000 0.010 0.010 0.000 0.000 0.010 0.005 0.006 0.010 0.006 0.006 0.000
0.007 0.006 0.005 0.005 0.000 0.000 0.005 0.010 0.010 0.010 0.087 0.010 0.010 0.010 0.010 0.010 0.010 0.010 0.006 0.000 0.000 0.010 0.009 0.007 0.000 0.009 0.000 0.010 0.000 0.000 0.006 0.010 0.019 0.008 0.008 0.007 0.009 0.009 0.010 0.000 0.009 0.009 0.008 0.009 0.008 0.008 0.025 0.021 0.014 0.007 0.009 0.009 0.009 0.009 0.042 0.009 0.010 0.009 0.005 0.005 0.006 0.008 0.008 0.007 0.009 0.015 0.009 0.009 0.009 0.000 0.009 0.006 0.005 0.010 0.057 0.005 0.000
0.009 0.008 0.003 0.005 0.002 0.006 0.004 0.008 0.009 0.009 0.015 0.007 0.009 0.010 0.010 0.007 0.010 0.010 0.005 0.006 0.006 0.010 0.009 0.005 0.008 0.010 0.008 0.012 0.010 0.010 0.010 0.010 0.009 0.009 0.009 0.010 0.009 0.014 0.010 0.000 0.010 0.010 0.009 0.007 0.007 0.009 0.009 0.012 0.009 0.010 0.010 0.009 0.010 0.010 0.010 0.000 0.000 0.007 0.005 0.004 0.007 0.008 0.010 0.009 0.008 0.000 0.000 0.000 0.000 0.000 0.000 0.000 0.004 0.007 0.000 0.007 0.000
0.006 0.002 0.003 0.002 0.002 0.003 0.003 0.005 0.008 0.000 0.269 0.000 0.009 0.000 0.010 0.000 0.000 0.014 0.000 0.000 0.000 0.000 0.013 0.036 0.035 0.029 0.052 0.000 0.000 0.000 0.000 0.020 0.010 0.010 0.009 0.175 0.010 0.010 0.009 0.000 0.015 0.010 0.008 0.007 0.007 0.007 0.000 0.010 0.038 0.010 0.009 0.009 0.010 0.000 0.000 0.000 0.000 0.008 0.007 0.005 0.006 0.000 0.000 0.009 0.009 0.000 0.005 0.000 0.005 0.006 0.005 0.005 0.006 0.000 0.000 0.010 0.000
0.005 0.002 0.004 0.003 0.005 0.003 0.004 0.006 0.007 0.000 0.315 0.000 0.005 0.000 0.037 0.006 0.006 0.066 0.000 0.000 0.002 0.000 0.014 0.010 0.087 0.075 0.008 0.009 0.009 0.009 0.008 0.006 0.023 0.000 0.000 0.008 0.010 0.009 0.000 0.007 0.008 0.010 0.009 0.008 0.007 0.017 0.000 0.000 0.014 0.008 0.010 0.007 0.010 0.010 0.026 0.000 0.000 0.010 0.007 0.005 0.005 0.000 0.007 0.007 0.007 0.000 0.009 0.010 0.009 0.008 0.004 0.005 0.005 0.010 0.000 0.009 0.000
0.009 0.000 0.000 0.000 0.000 0.003 0.000 0.002 0.000 0.000 0.211 0.000 0.000 0.000 0.006 0.010 0.010 0.008 0.006 0.008 0.003 0.000 0.037 0.109 0.067 0.008 0.010 0.020 0.009 0.008 0.008 0.010 0.000 0.003 0.000 0.008 0.009 0.005 0.000 0.005 0.000 0.000 0.010 0.009 0.006 0.008 0.008 0.000 0.000 0.000 0.009 0.008 0.008 0.009 0.008 0.000 0.000 0.006 0.004 0.006 0.005 0.000 0.008 0.000 0.009 0.009 0.009 0.023 0.000 0.008 0.005 0.007 0.004 0.000 0.009 0.008 0.000
0.004 0.005 0.000 0.000 0.000 0.004 0.000 0.000 0.000 0.000 0.213 0.000 0.000 0.002 0.004 0.005 0.000 0.008 0.000 0.008 0.003 0.004 0.019 0.006 0.004 0.005 0.000 0.000 0.007 0.006 0.005 0.010 0.000 0.000 0.000 0.002 0.010 0.006 0.000 0.000 0.000 0.007 0.010 0.009 0.009 0.009 0.009 0.010 0.007 0.008 0.008 0.008 0.008 0.015 0.000 0.000 0.000 0.005 0.006 0.006 0.005 0.000 0.000 0.000 0.008 0.000 0.008 0.010 0.000 0.000 0.006 0.008 0.005 0.005 0.005 0.010 0.007
0.005 0.005 0.010 0.003 0.008 0.003 0.004 0.003 0.000 0.008 0.010 0.002 0.003 0.002 0.003 0.000 0.000 0.005 0.004 0.004 0.002 0.004 0.020 0.000 0.000 0.006 0.000 0.000 0.007 0.008 0.007 0.004 0.003 0.004 0.000 0.005 0.010 0.008 0.000 0.000 0.000 0.004 0.004 0.007 0.009 0.010 0.009 0.010 0.009 0.009 0.007 0.008 0.000 0.000 0.015 0.008 0.006 0.005 0.005 0.000 0.006 0.000 0.000 0.000 0.009 0.000 0.000 0.000 0.000 0.004 0.005 0.004 0.010 0.010 0.007 0.010 0.000
0.007 0.000 0.000 0.004 0.005 0.004 0.002 0.003 0.004 0.008 0.010 0.006 0.004 0.003 0.000 0.006 0.003 0.005 0.006 0.005 0.000 0.000 0.033 0.000 0.000 0.006 0.000 0.000 0.009 0.010 0.009 0.006 0.004 0.004 0.010 0.006 0.010 0.007 0.000 0.003 0.010 0.010 0.003 0.009 0.010 0.010 0.000 0.000 0.000 0.000 0.000 0.008 0.000 0.000 0.008 0.006 0.005 0.004 0.004 0.000 0.008 0.008 0.006 0.000 0.008 0.018 0.000 0.005 0.000 0.004 0.003 0.005 0.000 0.009 0.008 0.006 0.008
0.003 0.006 0.005 0.008 0.009 0.003 0.003 0.004 0.009 0.010 0.006 0.004 0.005 0.008 0.000 0.000 0.000 0.008 0.010 0.010 0.000 0.000 0.082 0.000 0.000 0.000 0.004 0.004 0.007 0.010 0.009 0.000 0.000 0.007 0.000 0.005 0.010 0.010 0.000 0.000 0.009 0.009 0.000 0.000 0.010 0.010 0.008 0.010 0.008 0.009 0.009 0.009 0.015 0.009 0.009 0.010 0.008 0.008 0.000 0.000 0.007 0.000 0.000 0.010 0.009 0.009 0.005 0.000 0.006 0.005 0.008 0.008 0.005 0.004 0.006 0.000 0.007
0.004 0.002 0.005 0.003 0.003 0.006 0.004 0.003 0.005 0.010 0.010 0.010 0.010 0.010 0.010 0.033 0.007 0.004 0.004 0.005 0.000 0.000 0.044 0.007 0.005 0.006 0.004 0.003 0.006 0.010 0.007 0.005 0.005 0.006 0.000 0.004 0.010 0.009 0.009 0.009 0.025 0.006 0.005 0.006 0.010 0.009 0.000 0.000 0.008 0.007 0.009 0.009 0.000 0.000 0.000 0.000 0.008 0.011 0.007 0.007 0.011 0.008 0.008 0.008 0.010 0.007 0.006 0.007 0.007 0.007 0.000 0.000 0.005 0.010 0.014 0.008 0.006
0.000 0.000 0.006 0.000 0.000 0.000 0.004 0.005 0.005 0.010 0.004 0.010 0.000 0.000 0.000 0.000 0.000 0.005 0.000 0.000 0.000 0.000 0.169 0.006 0.006 0.007 0.004 0.003 0.004 0.008 0.003 0.000 0.004 0.009 0.000 0.009 0.010 0.006 0.000 0.003 0.000 0.000 0.000 0.000 0.000 0.013 0.006 0.000 0.005 0.006 0.007 0.009 0.000 0.000 0.000 0.006 0.007 0.006 0.000 0.000 0.000 0.008 0.006 0.009 0.009 0.000 0.005 0.006 0.000 0.007 0.010 0.006 0.000 0.000 0.000 0.009 0.000
0.003 0.004 0.009 0.005 0.003 0.003 0.004 0.006 0.000 0.011 0.008 0.050 0.008 0.009 0.009 0.009 0.010 0.012 0.008 0.009 0.000 0.000 0.007 0.007 0.006 0.004 0.003 0.004 0.003 0.004 0.003 0.005 0.006 0.009 0.000 0.006 0.073 0.007 0.000 0.007 0.010 0.017 0.000 0.000 0.000 0.008 0.008 0.005 0.006 0.007 0.005 0.000 0.009 0.010 0.005 0.005 0.006 0.005 0.008 0.009 0.008 0.000 0.000 0.000 0.009 0.004 0.005 0.017 0.000 0.006 0.008 0.007 0.000 0.000 0.000 0.000 0.000
0.000 0.009 0.000 0.004 0.005 0.003 0.003 0.004 0.000 0.018 0.007 0.010 0.000 0.000 0.010 0.000 0.000 0.009 0.000 0.000 0.008 0.000 0.009 0.007 0.004 0.005 0.004 0.006 0.005 0.005 0.003 0.005 0.010 0.009 0.010 0.009 0.010 0.008 0.010 0.000 0.009 0.000 0.010 0.000 0.000 0.009 0.008 0.010 0.017 0.006 0.006 0.000 0.010 0.009 0.008 0.007 0.008 0.008 0.008 0.000 0.000 0.000 0.000 0.000 0.007 0.017 0.000 0.000 0.012 0.000 0.005 0.007 0.008 0.006 0.000 0.005 0.006
0.007 0.010 0.004 0.004 0.045 0.010 0.005 0.008 0.007 0.008 0.010 0.028 0.010 0.010 0.010 0.010 0.010 0.009 0.000 0.000 0.009 0.006 0.009 0.007 0.006 0.005 0.006 0.006 0.006 0.004 0.003 0.006 0.009 0.007 0.007 0.007 0.010 0.010 0.008 0.008 0.008 0.006 0.007 0.010 0.009 0.009 0.007 0.000 0.000 0.005 0.010 0.000 0.009 0.009 0.000 0.004 0.007 0.000 0.000 0.008 0.000 0.007 0.010 0.000 0.009 0.000 0.010 0.009 0.000 0.000 0.005 0.000 0.010 0.007 0.000 0.000 0.009
