hx_30m/njhx/rain/result-0011.wd
ncols         211
nrows         286
xllcorner     660279.582600
yllcorner     3541874.325092
cellsize      30.000000
NODATA_value  -9999.000000
[rows 170 to 203 of 286, columns 0 to 76 of 211]
0.000 0.000 0.000 0.000 0.000 0.000 0.000 0.000 0.000 0.000 0.000 0.000 0.000 0.000 0.000 0.000 0.000 0.000 0.000 0.000 0.000 0.000 0.000 0.000 0.000 0.000 0.000 0.000 0.000 0.000 0.000 0.000 0.000 0.006 0.005 0.005 0.005 0.006 0.007 0.008 0.010 0.010 0.059 0.010 0.006 0.005 0.005 0.004 0.000 0.010 0.010 0.109 0.006 0.006 0.001 0.003 0.003 0.010 0.000 0.009 0.005 0.004 0.007 0.004 0.009 0.009 0.009 0.005 0.010 0.010 0.007 0.005 0.004 0.005 0.004 0.000 0.000
0.000 0.000 0.000 0.000 0.000 0.000 0.000 0.000 0.000 0.000 0.000 0.000 0.000 0.000 0.000 0.000 0.000 0.000 0.000 0.000 0.000 0.000 0.000 0.000 0.000 0.000 0.000 0.000 0.000 0.000 0.000 0.000 0.000 0.006 0.006 0.006 0.006 0.006 0.007 0.009 0.010 0.010 0.010 0.010 0.005 0.010 0.009 0.008 0.007 0.073 0.000 0.010 0.000 0.000 0.002 0.003 0.004 0.007 0.000 0.009 0.009 0.000 0.006 0.009 0.009 0.009 0.010 0.010 0.083 0.010 0.006 0.005 0.006 0.005 0.005 0.009 0.010
0.000 0.000 0.000 0.000 0.000 0.000 0.000 0.000 0.000 0.000 0.000 0.000 0.000 0.000 0.000 0.000 0.000 0.000 0.000 0.000 0.000 0.000 0.000 0.000 0.000 0.000 0.000 0.000 0.000 0.000 0.000 0.000 0.006 0.006 0.007 0.007 0.007 0.007 0.008 0.009 0.011 0.000 0.010 0.010 0.004 0.010 0.005 0.008 0.007 0.007 0.006 0.000 0.007 0.000 0.004 0.010 0.010 0.010 0.010 0.009 0.007 0.004 0.004 0.009 0.009 0.010 0.073 0.041 0.075 0.010 0.010 0.010 0.006 0.005 0.004 0.010 0.010
0.000 0.000 0.000 0.000 0.000 0.000 0.000 0.000 0.000 0.000 0.000 0.000 0.000 0.000 0.000 0.000 0.000 0.000 0.000 0.000 0.000 0.000 0.000 0.000 0.000 0.000 0.000 0.000 0.000 0.000 0.000 0.000 0.006 0.007 0.007 0.007 0.007 0.008 0.008 0.009 0.000 0.015 0.010 0.006 0.005 0.010 0.004 0.008 0.007 0.007 0.005 0.000 0.000 0.000 0.002 0.003 0.004 0.010 0.003 0.009 0.004 0.004 0.010 0.010 0.010 0.000 0.110 0.036 0.010 0.010 0.013 0.010 0.010 0.010 0.010 0.008 0.010
0.000 0.000 0.000 0.000 0.000 0.000 0.000 0.000 0.000 0.000 0.000 0.000 0.000 0.000 0.000 0.000 0.000 0.000 0.000 0.000 0.000 0.000 0.000 0.000 0.000 0.000 0.000 0.000 0.000 0.000 0.000 0.000 0.006 0.007 0.007 0.007 0.007 0.008 0.008 0.009 0.010 0.010 0.010 0.008 0.010 0.006 0.005 0.008 0.007 0.003 0.008 0.010 0.010 0.010 0.010 0.003 0.004 0.000 0.005 0.006 0.006 0.006 0.010 0.010 0.000 0.010 0.037 0.010 0.010 0.010 0.010 0.010 0.010 0.010 0.011 0.009 0.009
0.000 0.000 0.000 0.000 0.000 0.000 0.000 0.000 0.000 0.000 0.000 0.000 0.000 0.000 0.000 0.000 0.000 0.000 0.000 0.000 0.000 0.000 0.006 0.000 0.000 0.000 0.000 0.000 0.000 0.000 0.000 0.006 0.006 0.007 0.007 0.007 0.007 0.008 0.008 0.009 0.010 0.013 0.006 0.004 0.009 0.004 0.006 0.008 0.007 0.003 0.010 0.010 0.000 0.009 0.009 0.009 0.000 0.005 0.000 0.004 0.003 0.010 0.010 0.000 0.012 0.010 0.010 0.010 0.010 0.010 0.010 0.016 0.010 0.010 0.000 0.009 0.000
0.000 0.000 0.000 0.000 0.000 0.000 0.000 0.000 0.000 0.000 0.000 0.000 0.000 0.000 0.000 0.000 0.000 0.000 0.000 0.000 0.000 0.000 0.000 0.000 0.000 0.000 0.000 0.000 0.000 0.000 0.000 0.006 0.007 0.007 0.007 0.007 0.007 0.008 0.008 0.009 0.010 0.010 0.006 0.008 0.004 0.005 0.006 0.008 0.004 0.007 0.000 0.011 0.000 0.010 0.009 0.009 0.009 0.010 0.007 0.003 0.010 0.010 0.010 0.012 0.010 0.010 0.010 0.010 0.010 0.010 0.010 0.010 0.000 0.010 0.011 0.009 0.009
0.000 0.000 0.000 0.000 0.000 0.000 0.000 0.000 0.000 0.000 0.000 0.000 0.000 0.000 0.000 0.000 0.000 0.000 0.000 0.000 0.000 0.000 0.000 0.000 0.000 0.000 0.000 0.000 0.000 0.000 0.011 0.010 0.010 0.010 0.010 0.007 0.007 0.008 0.000 0.009 0.010 0.008 0.005 0.010 0.005 0.009 0.005 0.008 0.003 0.007 0.010 0.010 0.010 0.014 0.010 0.010 0.010 0.010 0.010 0.000 0.009 0.010 0.010 0.010 0.010 0.010 0.010 0.010 0.000 0.010 0.010 0.010 0.000 0.010 0.010 0.009 0.009
0.000 0.000 0.000 0.000 0.000 0.000 0.000 0.000 0.000 0.000 0.000 0.000 0.000 0.000 0.000 0.000 0.000 0.000 0.000 0.000 0.000 0.000 0.000 0.000 0.000 0.000 0.000 0.000 0.000 0.000 0.010 0.010 0.010 0.010 0.010 0.010 0.010 0.008 0.008 0.009 0.010 0.006 0.005 0.008 0.005 0.007 0.005 0.008 0.003 0.003 0.005 0.010 0.010 0.010 0.010 0.010 0.010 0.010 0.010 0.009 0.009 0.010 0.012 0.010 0.010 0.010 0.010 0.010 0.000 0.014 0.010 0.010 0.010 0.010 0.010 0.009 0.009
0.000 0.000 0.000 0.000 0.000 0.000 0.000 0.000 0.000 0.000 0.000 0.000 0.000 0.000 0.000 0.000 0.000 0.000 0.000 0.000 0.000 0.000 0.000 0.000 0.000 0.000 0.000 0.000 0.009 0.009 0.009 0.010 0.010 0.015 0.010 0.010 0.010 0.010 0.015 0.009 0.009 0.005 0.010 0.005 0.010 0.007 0.004 0.002 0.006 0.006 0.006 0.010 0.010 0.010 0.010 0.010 0.010 0.010 0.010 0.009 0.009 0.010 0.010 0.010 0.010 0.010 0.000 0.009 0.010 0.010 0.010 0.010 0.010 0.010 0.010 0.009 0.009
0.000 0.000 0.000 0.000 0.000 0.000 0.000 0.000 0.000 0.000 0.000 0.000 0.000 0.000 0.000 0.000 0.000 0.000 0.000 0.000 0.000 0.000 0.000 0.000 0.000 0.000 0.000 0.000 0.000 0.009 0.009 0.009 0.012 0.010 0.012 0.010 0.013 0.010 0.000 0.010 0.009 0.005 0.010 0.005 0.007 0.006 0.004 0.005 0.005 0.006 0.011 0.010 0.010 0.011 0.010 0.010 0.010 0.013 0.010 0.009 0.009 0.009 0.010 0.010 0.010 0.009 0.007 0.008 0.009 0.010 0.010 0.010 0.010 0.010 0.010 0.009 0.008
0.000 0.000 0.000 0.000 0.000 0.000 0.000 0.000 0.000 0.000 0.000 0.000 0.000 0.000 0.000 0.000 0.000 0.000 0.000 0.000 0.000 0.000 0.000 0.000 0.000 0.000 0.000 0.000 0.000 0.012 0.010 0.010 0.010 0.006 0.008 0.010 0.010 0.010 0.000 0.010 0.007 0.005 0.010 0.004 0.003 0.008 0.004 0.004 0.006 0.006 0.010 0.010 0.010 0.010 0.010 0.010 0.010 0.010 0.010 0.010 0.010 0.010 0.010 0.010 0.010 0.009 0.010 0.010 0.010 0.010 0.010 0.003 0.007 0.005 0.005 0.006 0.008
0.000 0.000 0.000 0.000 0.000 0.000 0.000 0.000 0.000 0.000 0.000 0.000 0.000 0.000 0.000 0.000 0.000 0.010 0.000 0.000 0.000 0.000 0.000 0.000 0.000 0.000 0.000 0.000 0.000 0.010 0.010 0.129 0.010 0.004 0.010 0.010 0.005 0.010 0.000 0.017 0.005 0.010 0.010 0.007 0.007 0.004 0.004 0.004 0.007 0.007 0.010 0.010 0.010 0.052 0.010 0.010 0.017 0.010 0.010 0.010 0.010 0.010 0.010 0.010 0.010 0.010 0.010 0.010 0.010 0.010 0.009 0.003 0.002 0.004 0.003 0.004 0.002
0.000 0.000 0.000 0.000 0.000 0.000 0.000 0.000 0.000 0.000 0.000 0.000 0.000 0.000 0.000 0.000 0.000 0.010 0.000 0.000 0.000 0.000 0.000 0.000 0.000 0.000 0.000 0.000 0.012 0.010 0.010 0.010 0.004 0.008 0.010 0.010 0.005 0.010 0.017 0.010 0.002 0.007 0.007 0.010 0.006 0.006 0.004 0.003 0.004 0.004 0.010 0.010 0.010 0.010 0.010 0.010 0.010 0.010 0.010 0.010 0.012 0.010 0.010 0.010 0.010 0.010 0.010 0.010 0.010 0.010 0.004 0.002 0.003 0.005 0.003 0.002 0.007
0.000 0.000 0.000 0.000 0.000 0.000 0.000 0.000 0.000 0.000 0.000 0.000 0.000 0.000 0.000 0.000 0.000 0.000 0.000 0.000 0.000 0.000 0.000 0.000 0.000 0.000 0.000 0.011 0.010 0.008 0.006 0.004 0.011 0.010 0.010 0.008 0.007 0.010 0.010 0.010 0.004 0.014 0.006 0.006 0.007 0.003 0.003 0.003 0.005 0.005 0.006 0.010 0.010 0.010 0.010 0.010 0.010 0.010 0.010 0.010 0.010 0.010 0.010 0.010 0.010 0.010 0.022 0.010 0.010 0.010 0.003 0.004 0.003 0.004 0.004 0.005 0.004
0.000 0.000 0.000 0.000 0.000 0.000 0.000 0.000 0.000 0.000 0.000 0.000 0.000 0.000 0.000 0.000 0.000 0.000 0.000 0.000 0.000 0.000 0.000 0.000 0.000 0.000 0.011 0.010 0.008 0.008 0.011 0.008 0.010 0.010 0.008 0.010 0.016 0.010 0.012 0.008 0.006 0.010 0.006 0.006 0.007 0.010 0.007 0.005 0.002 0.004 0.010 0.007 0.007 0.010 0.010 0.010 0.010 0.010 0.010 0.010 0.010 0.010 0.010 0.010 0.006 0.008 0.010 0.010 0.010 0.006 0.004 0.002 0.003 0.003 0.002 0.003 0.003
0.000 0.000 0.000 0.000 0.000 0.000 0.000 0.000 0.000 0.000 0.000 0.000 0.000 0.000 0.000 0.000 0.013 0.000 0.000 0.000 0.000 0.000 0.000 0.000 0.000 0.013 0.010 0.006 0.006 0.010 0.006 0.010 0.010 0.010 0.010 0.000 0.010 0.010 0.008 0.005 0.008 0.010 0.010 0.006 0.010 0.014 0.000 0.007 0.000 0.004 0.005 0.005 0.008 0.005 0.004 0.005 0.010 0.010 0.008 0.015 0.010 0.010 0.010 0.014 0.006 0.003 0.005 0.004 0.005 0.004 0.003 0.003 0.004 0.003 0.004 0.003 0.004
0.000 0.000 0.000 0.000 0.000 0.000 0.000 0.000 0.000 0.000 0.000 0.000 0.000 0.000 0.000 0.000 0.010 0.000 0.000 0.000 0.000 0.000 0.000 0.000 0.000 0.010 0.010 0.004 0.014 0.011 0.010 0.008 0.010 0.010 0.010 0.017 0.010 0.010 0.008 0.006 0.010 0.007 0.008 0.007 0.013 0.010 0.012 0.010 0.000 0.006 0.008 0.005 0.004 0.005 0.008 0.004 0.003 0.008 0.010 0.010 0.013 0.010 0.010 0.007 0.005 0.006 0.006 0.008 0.004 0.005 0.004 0.003 0.004 0.003 0.004 0.005 0.004
0.000 0.000 0.000 0.000 0.000 0.000 0.000 0.000 0.000 0.000 0.000 0.000 0.000 0.000 0.000 0.000 0.000 0.000 0.000 0.000 0.000 0.000 0.000 0.000 0.000 0.010 0.006 0.004 0.010 0.010 0.005 0.010 0.010 0.007 0.000 0.010 0.010 0.010 0.010 0.012 0.008 0.008 0.008 0.013 0.010 0.010 0.010 0.010 0.009 0.006 0.010 0.000 0.008 0.005 0.004 0.004 0.006 0.004 0.004 0.004 0.008 0.010 0.014 0.004 0.004 0.006 0.008 0.010 0.008 0.006 0.007 0.006 0.004 0.004 0.004 0.004 0.004
0.000 0.000 0.000 0.000 0.000 0.000 0.000 0.000 0.000 0.000 0.000 0.000 0.000 0.000 0.000 0.000 0.000 0.000 0.000 0.000 0.000 0.000 0.000 0.000 0.010 0.002 0.014 0.010 0.010 0.010 0.008 0.010 0.010 0.004 0.000 0.012 0.010 0.010 0.004 0.008 0.008 0.006 0.005 0.010 0.010 0.010 0.010 0.010 0.010 0.010 0.010 0.010 0.010 0.008 0.010 0.009 0.007 0.004 0.006 0.006 0.005 0.004 0.004 0.004 0.004 0.006 0.005 0.007 0.008 0.007 0.007 0.006 0.007 0.003 0.007 0.005 0.004
0.000 0.000 0.000 0.000 0.000 0.000 0.000 0.000 0.000 0.000 0.000 0.000 0.000 0.000 0.011 0.000 0.000 0.000 0.000 0.000 0.000 0.000 0.000 0.000 0.000 0.003 0.014 0.010 0.010 0.005 0.010 0.010 0.007 0.010 0.066 0.010 0.010 0.010 0.006 0.010 0.004 0.008 0.009 0.010 0.010 0.010 0.015 0.010 0.010 0.017 0.010 0.010 0.010 0.015 0.010 0.010 0.007 0.007 0.008 0.003 0.004 0.006 0.006 0.004 0.004 0.003 0.003 0.005 0.008 0.007 0.007 0.004 0.009 0.006 0.003 0.005 0.003
0.000 0.000 0.000 0.000 0.000 0.000 0.000 0.000 0.000 0.000 0.000 0.000 0.000 0.000 0.000 0.000 0.000 0.000 0.000 0.000 0.000 0.000 0.000 0.014 0.010 0.006 0.010 0.010 0.008 0.010 0.010 0.006 0.008 0.010 0.010 0.000 0.008 0.005 0.004 0.010 0.005 0.008 0.010 0.010 0.010 0.017 0.010 0.010 0.010 0.010 0.019 0.010 0.010 0.010 0.010 0.010 0.008 0.006 0.000 0.006 0.006 0.004 0.008 0.004 0.004 0.006 0.006 0.003 0.005 0.003 0.003 0.004 0.007 0.009 0.008 0.002 0.004
0.000 0.000 0.000 0.000 0.000 0.000 0.000 0.000 0.000 0.000 0.000 0.000 0.000 0.000 0.000 0.000 0.000 0.000 0.000 0.000 0.000 0.000 0.000 0.010 0.010 0.007 0.008 0.010 0.008 0.010 0.010 0.010 0.008 0.010 0.013 0.000 0.006 0.005 0.005 0.008 0.002 0.003 0.005 0.010 0.010 0.010 0.013 0.010 0.010 0.010 0.010 0.010 0.010 0.010 0.010 0.008 0.004 0.006 0.010 0.004 0.006 0.003 0.002 0.004 0.005 0.004 0.004 0.003 0.004 0.004 0.005 0.005 0.005 0.004 0.003 0.005 0.003
0.000 0.000 0.000 0.000 0.000 0.000 0.000 0.000 0.000 0.000 0.000 0.000 0.000 0.000 0.000 0.000 0.000 0.000 0.000 0.000 0.000 0.023 0.010 0.010 0.010 0.010 0.005 0.010 0.010 0.010 0.010 0.006 0.010 0.010 0.010 0.000 0.005 0.006 0.008 0.006 0.003 0.010 0.005 0.003 0.004 0.004 0.010 0.010 0.010 0.010 0.014 0.010 0.010 0.010 0.010 0.005 0.005 0.005 0.007 0.000 0.005 0.005 0.005 0.000 0.000 0.006 0.004 0.003 0.005 0.005 0.003 0.004 0.004 0.004 0.004 0.004 0.003
0.000 0.000 0.000 0.000 0.000 0.000 0.000 0.000 0.000 0.000 0.000 0.000 0.000 0.000 0.000 0.000 0.000 0.000 0.000 0.000 0.000 0.010 0.010 0.010 0.010 0.008 0.010 0.007 0.008 0.010 0.004 0.010 0.011 0.000 0.010 0.010 0.007 0.003 0.010 0.003 0.008 0.010 0.010 0.011 0.005 0.009 0.006 0.005 0.008 0.010 0.010 0.010 0.006 0.010 0.007 0.005 0.004 0.007 0.009 0.004 0.004 0.005 0.002 0.004 0.007 0.009 0.009 0.000 0.002 0.003 0.002 0.005 0.004 0.004 0.004 0.003 0.004
0.000 0.000 0.000 0.000 0.000 0.000 0.000 0.000 0.000 0.000 0.000 0.000 0.000 0.000 0.000 0.000 0.000 0.000 0.000 0.000 0.043 0.010 0.008 0.007 0.007 0.008 0.010 0.010 0.010 0.010 0.010 0.005 0.000 0.010 0.010 0.000 0.006 0.006 0.008 0.006 0.010 0.010 0.010 0.010 0.010 0.010 0.008 0.008 0.003 0.008 0.010 0.010 0.005 0.005 0.008 0.006 0.006 0.006 0.005 0.005 0.002 0.002 0.004 0.004 0.004 0.003 0.006 0.008 0.006 0.007 0.000 0.000 0.002 0.003 0.003 0.004 0.004
0.000 0.000 0.000 0.000 0.000 0.000 0.000 0.000 0.000 0.000 0.000 0.000 0.000 0.000 0.000 0.000 0.000 0.000 0.000 0.000 0.010 0.006 0.008 0.010 0.008 0.007 0.005 0.010 0.010 0.003 0.000 0.000 0.000 0.010 0.000 0.010 0.002 0.010 0.006 0.006 0.010 0.014 0.010 0.010 0.010 0.010 0.010 0.010 0.012 0.006 0.008 0.003 0.003 0.005 0.004 0.005 0.007 0.009 0.000 0.000 0.002 0.004 0.004 0.008 0.003 0.002 0.003 0.000 0.002 0.007 0.006 0.003 0.003 0.002 0.000 0.000 0.003
0.000 0.000 0.000 0.000 0.000 0.000 0.000 0.000 0.000 0.010 0.000 0.000 0.000 0.000 0.000 0.000 0.000 0.000 0.000 0.020 0.010 0.007 0.008 0.010 0.007 0.004 0.005 0.010 0.010 0.005 0.000 0.000 0.008 0.011 0.010 0.010 0.006 0.010 0.005 0.010 0.010 0.010 0.010 0.010 0.010 0.010 0.013 0.000 0.010 0.010 0.010 0.006 0.003 0.003 0.002 0.006 0.000 0.005 0.003 0.003 0.003 0.005 0.002 0.002 0.003 0.005 0.000 0.000 0.005 0.003 0.003 0.003 0.002 0.000 0.004 0.002 0.003
0.000 0.000 0.000 0.000 0.000 0.000 0.000 0.000 0.000 0.000 0.000 0.000 0.000 0.000 0.000 0.000 0.000 0.000 0.017 0.010 0.010 0.010 0.008 0.010 0.007 0.010 0.010 0.008 0.006 0.004 0.006 0.000 0.008 0.000 0.010 0.006 0.008 0.010 0.005 0.010 0.010 0.010 0.010 0.010 0.000 0.000 0.000 0.000 0.010 0.010 0.010 0.006 0.002 0.002 0.002 0.004 0.004 0.003 0.005 0.006 0.003 0.003 0.005 0.006 0.008 0.000 0.000 0.004 0.004 0.000 0.000 0.004 0.003 0.000 0.000 0.002 0.005
0.000 0.000 0.000 0.000 0.000 0.000 0.000 0.000 0.000 0.000 0.000 0.000 0.000 0.000 0.000 0.000 0.000 0.000 0.010 0.010 0.010 0.010 0.008 0.004 0.006 0.010 0.010 0.010 0.006 0.004 0.004 0.000 0.000 0.008 0.010 0.007 0.006 0.008 0.004 0.017 0.010 0.010 0.010 0.010 0.000 0.005 0.000 0.000 0.010 0.010 0.010 0.004 0.000 0.000 0.000 0.000 0.004 0.006 0.003 0.005 0.004 0.003 0.004 0.009 0.004 0.000 0.000 0.006 0.000 0.000 0.003 0.003 0.002 0.004 0.003 0.003 0.003
0.000 0.000 0.000 0.000 0.000 0.000 0.000 0.000 0.000 0.000 0.000 0.000 0.000 0.000 0.000 0.000 0.000 0.010 0.023 0.010 0.010 0.005 0.007 0.005 0.004 0.010 0.010 0.010 0.009 0.000 0.003 0.007 0.010 0.010 0.010 0.003 0.010 0.004 0.005 0.010 0.010 0.010 0.010 0.010 0.013 0.000 0.005 0.010 0.000 0.000 0.005 0.009 0.003 0.002 0.003 0.005 0.003 0.000 0.004 0.003 0.004 0.004 0.003 0.003 0.000 0.000 0.004 0.003 0.000 0.000 0.005 0.002 0.000 0.001 0.003 0.005 0.005
0.000 0.000 0.000 0.000 0.000 0.000 0.000 0.000 0.000 0.000 0.000 0.000 0.000 0.000 0.000 0.000 0.000 0.015 0.010 0.010 0.010 0.008 0.004 0.011 0.005 0.010 0.004 0.005 0.000 0.009 0.007 0.000 0.000 0.010 0.005 0.004 0.005 0.004 0.008 0.003 0.006 0.010 0.010 0.000 0.000 0.000 0.003 0.008 0.005 0.003 0.005 0.007 0.003 0.002 0.004 0.000 0.000 0.000 0.002 0.000 0.004 0.004 0.006 0.004 0.002 0.004 0.004 0.000 0.000 0.003 0.005 0.002 0.004 0.003 0.002 0.004 0.000
0.000 0.000 0.000 0.000 0.000 0.000 0.000 0.000 0.000 0.000 0.000 0.000 0.000 0.000 0.000 0.000 0.010 0.010 0.010 0.019 0.008 0.010 0.007 0.004 0.010 0.010 0.008 0.003 0.000 0.006 0.005 0.004 0.010 0.000 0.003 0.008 0.005 0.008 0.003 0.006 0.004 0.003 0.004 0.008 0.000 0.003 0.004 0.000 0.000 0.006 0.004 0.005 0.010 0.009 0.003 0.002 0.004 0.000 0.001 0.000 0.003 0.002 0.004 0.002 0.000 0.003 0.003 0.002 0.003 0.003 0.004 0.002 0.000 0.003 0.000 0.004 0.003
0.000 0.000 0.000 0.000 0.000 0.000 0.000 0.000 0.000 0.000 0.000 0.000 0.000 0.000 0.000 0.078 0.010 0.010 0.007 0.010 0.005 0.008 0.005 0.007 0.010 0.010 0.010 0.006 0.002 0.007 0.010 0.010 0.000 0.010 0.005 0.010 0.003 0.010 0.008 0.010 0.006 0.008 0.005 0.005 0.007 0.004 0.005 0.000 0.010 0.004 0.005 0.007 0.004 0.006 0.005 0.002 0.004 0.003 0.003 0.002 0.000 0.004 0.002 0.001 0.000 0.002 0.000 0.001 0.001 0.002 0.002 0.001 0.002 0.005 0.000 0.008 0.002
