hx_30m/njhx/rain/result-0025.wd
ncols         211
nrows         286
xllcorner     660279.582600
yllcorner     3541874.325092
cellsize      30.000000
NODATA_value  -9999.000000
[rows 204 to 237 of 286, columns 0 to 76 of 211]
0.000 0.000 0.000 0.000 0.000 0.000 0.000 0.000 0.000 0.000 0.000 0.000 0.000 0.000 0.000 0.010 0.087 0.010 0.000 0.010 0.046 0.010 0.043 0.010 0.010 0.010 0.028 0.087 0.010 0.010 0.010 0.095 0.000 0.010 0.010 0.010 0.010 0.010 0.010 0.013 0.109 0.000 0.019 0.437 0.010 0.010 0.010 0.010 0.010 0.010 0.000 0.010 0.000 0.010 0.016 0.010 0.010 0.010 0.000 0.000 0.010 0.010 0.009 0.009 0.000 0.013 0.011 0.010 0.000 0.038 0.010 0.010 0.013 0.010 0.010 0.010 0.000
0.000 0.000 0.000 0.000 0.000 0.000 0.000 0.000 0.000 0.000 0.000 0.000 0.000 0.000 0.097 0.010 0.010 0.010 0.010 0.010 0.010 0.010 0.010 0.010 0.010 0.010 0.010 0.013 0.010 0.010 0.010 0.050 0.000 0.010 0.010 0.022 0.010 0.042 0.010 0.010 0.010 0.000 0.027 0.010 0.010 0.010 0.010 0.010 0.010 0.010 0.010 0.010 0.046 0.010 0.075 0.010 0.010 0.019 0.000 0.008 0.000 0.000 0.000 0.008 0.048 0.010 0.010 0.000 0.010 0.012 0.000 0.010 0.010 0.010 0.000 0.124 0.010
0.000 0.000 0.000 0.000 0.000 0.000 0.000 0.000 0.000 0.000 0.000 0.000 0.000 0.000 0.010 0.113 0.010 0.010 0.010 0.010 0.010 0.010 0.010 0.010 0.010 0.085 0.010 0.079 0.010 0.051 0.010 0.010 0.000 0.022 0.010 0.035 0.010 0.010 0.015 0.010 0.000 0.094 0.017 0.010 0.010 0.010 0.010 0.010 0.010 0.010 0.010 0.010 0.010 0.010 0.010 0.010 0.010 0.010 0.010 0.000 0.000 0.008 0.009 0.010 0.010 0.010 0.010 0.010 0.010 0.018 0.010 0.030 0.010 0.000 0.161 0.062 0.205
0.000 0.000 0.000 0.000 0.000 0.000 0.000 0.000 0.000 0.000 0.000 0.000 0.000 0.000 0.010 0.010 0.010 0.010 0.010 0.010 0.010 0.027 0.010 0.010 0.044 0.010 0.010 0.010 0.010 0.010 0.010 0.010 0.054 0.010 0.010 0.010 0.010 0.010 0.010 0.010 0.010 0.112 0.010 0.010 0.010 0.010 0.010 0.010 0.009 0.000 0.010 0.010 0.010 0.041 0.010 0.010 0.020 0.000 0.000 0.000 0.000 0.008 0.007 0.012 0.010 0.010 0.010 0.010 0.010 0.010 0.010 0.000 0.045 0.010 0.010 0.000 0.010
0.000 0.000 0.000 0.000 0.000 0.000 0.000 0.000 0.000 0.000 0.000 0.000 0.000 0.000 0.010 0.010 0.010 0.019 0.020 0.093 0.049 0.010 0.010 0.063 0.010 0.010 0.010 0.010 0.010 0.010 0.010 0.000 0.010 0.010 0.049 0.010 0.010 0.021 0.010 0.010 0.013 0.096 0.010 0.010 0.010 0.010 0.010 0.036 0.000 0.010 0.010 0.010 0.010 0.000 0.010 0.016 0.010 0.010 0.010 0.010 0.009 0.010 0.011 0.010 0.010 0.010 0.010 0.010 0.010 0.010 0.000 0.010 0.010 0.010 0.000 0.010 0.000
0.000 0.000 0.000 0.000 0.000 0.000 0.000 0.000 0.000 0.000 0.000 0.000 0.000 0.010 0.010 0.010 0.010 0.010 0.010 0.010 0.010 0.010 0.010 0.010 0.010 0.010 0.010 0.010 0.010 0.027 0.072 0.000 0.040 0.010 0.010 0.010 0.000 0.010 0.010 0.010 0.010 0.010 0.010 0.010 0.010 0.010 0.010 0.010 0.010 0.010 0.000 0.098 0.010 0.000 0.000 0.010 0.010 0.010 0.011 0.076 0.010 0.010 0.010 0.010 0.010 0.010 0.060 0.000 0.000 0.310 0.199 0.031 0.010 0.010 0.000 0.019 0.010
0.000 0.000 0.000 0.000 0.000 0.000 0.000 0.000 0.000 0.000 0.000 0.000 0.149 0.010 0.010 0.010 0.064 0.010 0.010 0.040 0.010 0.010 0.010 0.010 0.010 0.010 0.010 0.048 0.000 0.010 0.000 0.061 0.010 0.010 0.010 0.008 0.000 0.010 0.010 0.010 0.010 0.010 0.010 0.010 0.010 0.010 0.054 0.010 0.010 0.010 0.010 0.010 0.000 0.000 0.000 0.050 0.000 0.010 0.010 0.021 0.256 0.130 0.022 0.010 0.010 0.070 0.010 0.010 0.010 0.168 0.106 0.010 0.012 0.000 0.010 0.008 0.010
0.000 0.000 0.000 0.000 0.000 0.000 0.000 0.000 0.000 0.000 0.000 0.000 0.010 0.010 0.010 0.026 0.010 0.010 0.010 0.010 0.010 0.010 0.010 0.060 0.010 0.010 0.010 0.010 0.000 0.000 0.000 0.010 0.010 0.010 0.010 0.000 0.008 0.009 0.010 0.010 0.038 0.010 0.010 0.010 0.010 0.010 0.037 0.010 0.010 0.010 0.000 0.010 0.000 0.000 0.010 0.012 0.000 0.000 0.000 0.010 0.012 0.010 0.111 0.024 0.268 0.010 0.000 0.010 0.010 0.234 0.010 0.028 0.010 0.010 0.010 0.010 0.010
0.000 0.000 0.000 0.000 0.000 0.000 0.000 0.000 0.000 0.000 0.000 0.000 0.010 0.010 0.010 0.010 0.010 0.019 0.010 0.010 0.010 0.010 0.010 0.107 0.010 0.010 0.010 0.010 0.000 0.000 0.000 0.042 0.010 0.045 0.010 0.010 0.008 0.010 0.010 0.022 0.000 0.010 0.010 0.039 0.010 0.053 0.010 0.010 0.010 0.010 0.010 0.010 0.000 0.000 0.010 0.010 0.010 0.027 0.010 0.010 0.010 0.000 0.010 0.153 0.010 0.010 0.010 0.076 0.010 0.000 0.010 0.010 0.010 0.016 0.010 0.014 0.000
0.000 0.000 0.000 0.000 0.000 0.000 0.000 0.000 0.000 0.000 0.000 0.000 0.050 0.010 0.010 0.010 0.382 0.106 0.010 0.010 0.010 0.010 0.010 0.014 0.010 0.010 0.010 0.010 0.000 0.010 0.000 0.014 0.010 0.010 0.010 0.035 0.010 0.010 0.000 0.000 0.017 0.000 0.000 0.000 0.010 0.010 0.000 0.010 0.010 0.010 0.000 0.010 0.010 0.010 0.088 0.010 0.010 0.010 0.010 0.010 0.010 0.018 0.000 0.560 0.010 0.010 0.012 0.010 0.011 0.085 0.084 0.000 0.000 0.010 0.010 0.000 0.000
0.000 0.000 0.000 0.000 0.000 0.000 0.000 0.000 0.000 0.000 0.000 0.010 0.010 0.010 0.010 0.010 0.010 0.010 0.010 0.010 0.010 0.010 0.010 0.010 0.079 0.010 0.010 0.049 0.010 0.481 0.010 0.010 0.106 0.010 0.010 0.010 0.010 0.036 0.010 0.000 0.010 0.010 0.022 0.010 0.010 0.010 0.010 0.010 0.010 0.010 0.010 0.000 0.010 0.050 0.010 0.000 0.010 0.010 0.010 0.010 0.010 0.000 0.039 0.010 0.010 0.013 0.036 0.000 0.010 0.109 0.356 0.131 0.010 0.000 0.000 0.000 0.010
0.000 0.000 0.000 0.000 0.000 0.000 0.000 0.000 0.000 0.000 0.000 0.063 0.010 0.010 0.030 0.010 0.010 0.010 0.010 0.010 0.010 0.010 0.010 0.010 0.010 0.010 0.054 0.010 0.010 0.000 0.010 0.010 0.012 0.010 0.010 0.010 0.010 0.010 0.010 0.017 0.010 0.000 0.000 0.010 0.022 0.010 0.010 0.011 0.063 0.010 0.010 0.000 0.010 0.010 0.010 0.010 0.010 0.010 0.010 0.000 0.153 0.010 0.010 0.064 0.000 0.010 0.056 0.010 0.010 0.000 0.010 0.010 0.060 0.026 0.010 0.010 0.010
0.000 0.000 0.000 0.000 0.000 0.000 0.000 0.000 0.000 0.000 0.244 0.010 0.010 0.010 0.010 0.010 0.010 0.010 0.010 0.010 0.010 0.010 0.010 0.010 0.010 0.010 0.010 0.010 0.024 0.000 0.059 0.010 0.010 0.010 0.016 0.010 0.010 0.010 0.000 0.010 0.010 0.065 0.010 0.010 0.010 0.000 0.000 0.010 0.010 0.034 0.099 0.010 0.010 0.010 0.010 0.016 0.010 0.010 0.000 0.052 0.010 0.010 0.000 0.000 0.010 0.119 0.000 0.000 0.010 0.010 0.010 0.010 0.010 0.010 0.011 0.010 0.010
0.000 0.000 0.000 0.000 0.000 0.000 0.000 0.000 0.000 0.000 0.010 0.010 0.010 0.010 0.010 0.010 0.010 0.010 0.010 0.010 0.010 0.010 0.010 0.028 0.010 0.010 0.010 0.010 0.000 0.270 0.046 0.010 0.010 0.000 0.000 0.010 0.086 0.010 0.010 0.010 0.010 0.010 0.009 0.030 0.010 0.010 0.010 0.010 0.010 0.010 0.000 0.010 0.047 0.010 0.010 0.010 0.000 0.118 0.010 0.068 0.010 0.000 0.000 0.010 0.010 0.010 0.010 0.033 0.010 0.010 0.010 0.010 0.010 0.010 0.000 0.010 0.055
0.000 0.000 0.000 0.000 0.000 0.000 0.000 0.000 0.000 0.000 0.010 0.010 0.010 0.010 0.010 0.010 0.010 0.010 0.010 0.037 0.000 0.010 0.084 0.010 0.010 0.010 0.010 0.000 0.078 0.010 0.010 0.011 0.010 0.015 0.010 0.047 0.010 0.010 0.084 0.010 0.010 0.010 0.010 0.010 0.010 0.010 0.010 0.013 0.018 0.035 0.010 0.009 0.010 0.010 0.010 0.000 0.031 0.010 0.000 0.010 0.010 0.000 0.010 0.010 0.010 0.010 0.000 0.010 0.000 0.010 0.010 0.031 0.010 0.010 0.010 0.010 0.130
0.000 0.000 0.000 0.000 0.000 0.000 0.000 0.000 0.000 0.000 0.000 0.010 0.093 0.019 0.010 0.010 0.010 0.010 0.036 0.000 0.000 0.000 0.010 0.063 0.000 0.000 0.157 0.010 0.010 0.010 0.010 0.010 0.010 0.000 0.000 0.010 0.010 0.000 0.010 0.010 0.010 0.010 0.028 0.010 0.010 0.011 0.021 0.037 0.010 0.011 0.010 0.009 0.010 0.000 0.092 0.010 0.010 0.010 0.020 0.000 0.010 0.010 0.010 0.011 0.031 0.010 0.010 0.010 0.035 0.040 0.010 0.010 0.010 0.000 0.000 0.032 0.075
0.000 0.000 0.000 0.000 0.000 0.000 0.000 0.000 0.000 0.000 0.000 0.000 0.000 0.000 0.179 0.010 0.010 0.010 0.000 0.000 0.000 0.000 0.000 0.010 0.000 0.010 0.010 0.010 0.010 0.010 0.010 0.010 0.010 0.000 0.016 0.010 0.000 0.010 0.010 0.010 0.000 0.010 0.010 0.010 0.010 0.010 0.010 0.010 0.010 0.010 0.010 0.010 0.000 0.033 0.010 0.010 0.010 0.000 0.010 0.010 0.037 0.010 0.010 0.014 0.010 0.010 0.010 0.028 0.010 0.010 0.010 0.000 0.010 0.000 0.010 0.324 0.000
0.000 0.000 0.000 0.000 0.000 0.000 0.000 0.000 0.000 0.000 0.000 0.000 0.010 0.010 0.010 0.010 0.010 0.010 0.000 0.000 0.000 0.000 0.000 0.000 0.000 0.150 0.010 0.010 0.010 0.036 0.010 0.010 0.010 0.010 0.010 0.010 0.000 0.010 0.025 0.010 0.009 0.010 0.010 0.000 0.010 0.010 0.010 0.010 0.010 0.013 0.000 0.010 0.010 0.029 0.000 0.000 0.021 0.000 0.010 0.000 0.000 0.010 0.010 0.010 0.010 0.000 0.010 0.010 0.000 0.000 0.010 0.010 0.010 0.010 0.010 0.331 0.010
0.000 0.000 0.000 0.000 0.000 0.000 0.000 0.000 0.000 0.000 0.000 0.000 0.000 0.000 0.000 0.010 0.010 0.010 0.010 0.000 0.000 0.000 0.030 0.000 0.000 0.000 0.000 0.057 0.010 0.010 0.010 0.010 0.010 0.010 0.036 0.010 0.010 0.010 0.000 0.000 0.010 0.015 0.010 0.027 0.010 0.010 0.045 0.010 0.010 0.000 0.010 0.049 0.010 0.010 0.010 0.010 0.010 0.010 0.000 0.000 0.009 0.000 0.010 0.010 0.008 0.010 0.027 0.000 0.010 0.010 0.010 0.010 0.010 0.010 0.010 0.010 0.015
0.000 0.000 0.000 0.000 0.000 0.000 0.000 0.000 0.000 0.000 0.000 0.000 0.000 0.000 0.000 0.000 0.010 0.010 0.010 0.010 0.010 0.089 0.000 0.000 0.000 0.000 0.000 0.000 0.000 0.081 0.010 0.157 0.026 0.010 0.010 0.010 0.010 0.010 0.020 0.010 0.010 0.010 0.000 0.010 0.000 0.000 0.010 0.000 0.128 0.010 0.028 0.010 0.010 0.010 0.010 0.010 0.010 0.010 0.010 0.010 0.010 0.010 0.022 0.010 0.000 0.000 0.010 0.043 0.010 0.010 0.010 0.010 0.000 0.010 0.010 0.010 0.000
0.000 0.000 0.000 0.000 0.000 0.000 0.000 0.000 0.000 0.000 0.000 0.000 0.000 0.000 0.000 0.000 0.000 0.010 0.010 0.109 0.000 0.000 0.000 0.039 0.000 0.106 0.010 0.010 0.063 0.000 0.000 0.000 0.000 0.000 0.000 0.010 0.033 0.010 0.010 0.010 0.047 0.016 0.010 0.010 0.010 0.010 0.000 0.063 0.010 0.010 0.010 0.010 0.010 0.010 0.010 0.010 0.010 0.010 0.010 0.010 0.010 0.010 0.016 0.010 0.010 0.027 0.010 0.010 0.010 0.054 0.134 0.010 0.000 0.010 0.010 0.000 0.000
0.000 0.000 0.000 0.000 0.000 0.000 0.000 0.000 0.000 0.000 0.000 0.000 0.000 0.000 0.000 0.000 0.000 0.000 0.000 0.188 0.000 0.000 0.000 0.010 0.000 0.010 0.010 0.000 0.000 0.000 0.000 0.068 0.010 0.010 0.034 0.000 0.010 0.010 0.018 0.010 0.010 0.010 0.010 0.033 0.010 0.311 0.010 0.010 0.010 0.010 0.010 0.010 0.053 0.027 0.010 0.010 0.010 0.010 0.010 0.010 0.010 0.027 0.010 0.010 0.010 0.000 0.000 0.010 0.013 0.000 0.000 0.010 0.010 0.010 0.010 0.000 0.010
0.000 0.000 0.000 0.000 0.000 0.000 0.000 0.000 0.000 0.000 0.000 0.000 0.000 0.000 0.000 0.000 0.000 0.000 0.000 0.000 0.025 0.000 0.000 0.000 0.000 0.010 0.000 0.000 0.000 0.000 0.000 0.000 0.000 0.000 0.000 0.010 0.063 0.000 0.000 0.010 0.010 0.010 0.029 0.010 0.000 0.010 0.010 0.010 0.010 0.041 0.010 0.010 0.000 0.010 0.010 0.010 0.028 0.010 0.010 0.010 0.010 0.179 0.010 0.010 0.010 0.010 0.010 0.010 0.010 0.010 0.010 0.010 0.058 0.010 0.010 0.010 0.022
0.000 0.000 0.000 0.000 0.000 0.000 0.000 0.000 0.000 0.000 0.000 0.000 0.000 0.000 0.000 0.000 0.000 0.000 0.000 0.000 0.000 0.023 0.000 0.000 0.028 0.000 0.000 0.000 0.000 0.000 0.000 0.000 0.000 0.000 0.000 0.000 0.000 0.010 0.010 0.124 0.000 0.000 0.000 0.010 0.000 0.010 0.010 0.010 0.010 0.010 0.043 0.010 0.010 0.010 0.010 0.000 0.000 0.000 0.000 0.000 0.139 0.270 0.010 0.010 0.010 0.000 0.010 0.010 0.071 0.010 0.010 0.010 0.010 0.010 0.010 0.010 0.010
0.000 0.000 0.000 0.000 0.000 0.000 0.000 0.000 0.000 0.000 0.000 0.000 0.000 0.000 0.000 0.000 0.000 0.000 0.000 0.000 0.000 0.000 0.000 0.027 0.000 0.000 0.000 0.000 0.000 0.000 0.000 0.000 0.000 0.000 0.000 0.000 0.000 0.000 0.000 0.010 0.052 0.010 0.010 0.091 0.000 0.000 0.000 0.034 0.010 0.010 0.010 0.026 0.144 0.124 0.024 0.010 0.010 0.010 0.000 0.010 0.010 0.010 0.009 0.009 0.018 0.010 0.010 0.010 0.010 0.000 0.064 0.010 0.010 0.010 0.010 0.010 0.000
0.000 0.000 0.000 0.000 0.000 0.000 0.000 0.000 0.000 0.000 0.000 0.000 0.000 0.000 0.000 0.000 0.000 0.000 0.000 0.000 0.000 0.000 0.000 0.000 0.000 0.000 0.000 0.000 0.000 0.000 0.000 0.000 0.000 0.000 0.000 0.000 0.000 0.000 0.000 0.000 0.000 0.000 0.000 0.000 0.000 0.000 0.000 0.118 0.000 0.000 0.233 0.022 0.076 0.010 0.010 0.010 0.031 0.010 0.010 0.010 0.010 0.119 0.000 0.000 0.000 0.011 0.010 0.010 0.010 0.000 0.010 0.010 0.010 0.157 0.088 0.010 0.010
0.000 0.000 0.000 0.000 0.000 0.000 0.000 0.000 0.000 0.000 0.000 0.000 0.000 0.000 0.000 0.000 0.000 0.000 0.000 0.000 0.000 0.000 0.000 0.000 0.000 0.000 0.000 0.000 0.000 0.000 0.000 0.000 0.000 0.000 0.000 0.000 0.000 0.000 0.000 0.000 0.000 0.000 0.000 0.000 0.000 0.000 0.000 0.000 0.000 0.034 0.000 0.000 0.010 0.010 0.013 0.061 0.010 0.010 0.010 0.010 0.010 0.010 0.051 0.010 0.010 0.000 0.000 0.010 0.000 0.010 0.061 0.010 0.010 0.000 0.010 0.010 0.010
0.000 0.000 0.000 0.000 0.000 0.000 0.000 0.000 0.000 0.000 0.000 0.000 0.000 0.000 0.000 0.000 0.000 0.000 0.000 0.000 0.000 0.000 0.000 0.000 0.000 0.000 0.000 0.000 0.000 0.000 0.000 0.000 0.000 0.000 0.000 0.000 0.000 0.000 0.000 0.000 0.000 0.000 0.000 0.000 0.000 0.000 0.000 0.000 0.000 0.000 0.000 0.032 0.000 0.000 0.000 0.010 0.010 0.010 0.029 0.010 0.010 0.010 0.010 0.011 0.035 0.010 0.010 0.010 0.000 0.010 0.000 0.010 0.021 0.011 0.010 0.000 0.015
0.000 0.000 0.000 0.000 0.000 0.000 0.000 0.000 0.000 0.000 0.000 0.000 0.000 0.000 0.000 0.000 0.000 0.000 0.000 0.000 0.000 0.000 0.000 0.000 0.000 0.000 0.000 0.000 0.000 0.000 0.000 0.000 0.000 0.000 0.000 0.000 0.000 0.000 0.000 0.000 0.000 0.000 0.000 0.000 0.000 0.000 0.000 0.000 0.000 0.000 0.000 0.000 0.000 0.000 0.010 0.010 0.000 0.000 0.000 0.000 0.041 0.010 0.010 0.010 0.010 0.010 0.042 0.010 0.010 0.010 0.010 0.052 0.000 0.000 0.015 0.010 0.000
0.000 0.000 0.000 0.000 0.000 0.000 0.000 0.000 0.000 0.000 0.000 0.000 0.000 0.000 0.000 0.000 0.000 0.000 0.000 0.000 0.000 0.000 0.000 0.000 0.000 0.000 0.000 0.000 0.000 0.000 0.000 0.000 0.000 0.000 0.000 0.000 0.000 0.000 0.000 0.000 0.000 0.000 0.000 0.000 0.000 0.000 0.000 0.000 0.000 0.000 0.000 0.000 0.000 0.000 0.000 0.000 0.000 0.000 0.000 0.031 0.000 0.000 0.000 0.000 0.029 0.010 0.010 0.010 0.010 0.010 0.073 0.010 0.010 0.010 0.000 0.031 0.010
0.000 0.000 0.000 0.000 0.000 0.000 0.000 0.000 0.000 0.000 0.000 0.000 0.000 0.000 0.000 0.000 0.000 0.000 0.000 0.000 0.000 0.000 0.000 0.000 0.000 0.000 0.000 0.000 0.000 0.000 0.000 0.000 0.000 0.000 0.000 0.000 0.000 0.000 0.000 0.000 0.000 0.000 0.000 0.000 0.000 0.000 0.000 0.000 0.000 0.000 0.000 0.000 0.000 0.000 0.000 0.000 0.000 0.000 0.000 0.000 0.000 0.000 0.010 0.054 0.000 0.000 0.000 0.026 0.010 0.010 0.010 0.010 0.044 0.010 0.010 0.010 0.000
0.000 0.000 0.000 0.000 0.000 0.000 0.000 0.000 0.000 0.000 0.000 0.000 0.000 0.000 0.000 0.000 0.000 0.000 0.000 0.000 0.000 0.000 0.000 0.000 0.000 0.000 0.000 0.000 0.000 0.000 0.000 0.000 0.000 0.000 0.000 0.000 0.000 0.000 0.000 0.000 0.000 0.000 0.000 0.000 0.000 0.000 0.000 0.000 0.000 0.000 0.000 0.000 0.000 0.000 0.000 0.000 0.000 0.000 0.000 0.000 0.000 0.000 0.000 0.000 0.000 0.010 0.059 0.000 0.000 0.074 0.010 0.017 0.010 0.010 0.023 0.010 0.010
0.000 0.000 0.000 0.000 0.000 0.000 0.000 0.000 0.000 0.000 0.000 0.000 0.000 0.000 0.000 0.000 0.000 0.000 0.000 0.000 0.000 0.000 0.000 0.000 0.000 0.000 0.000 0.000 0.000 0.000 0.000 0.000 0.000 0.000 0.000 0.000 0.000 0.000 0.000 0.000 0.000 0.000 0.000 0.000 0.000 0.000 0.000 0.000 0.000 0.000 0.000 0.000 0.000 0.000 0.000 0.000 0.000 0.000 0.000 0.000 0.000 0.000 0.000 0.000 0.000 0.000 0.000 0.000 0.000 0.000 0.000 0.000 0.028 0.010 0.010 0.010 0.032
0.000 0.000 0.000 0.000 0.000 0.000 0.000 0.000 0.000 0.000 0.000 0.000 0.000 0.000 0.000 0.000 0.000 0.000 0.000 0.000 0.000 0.000 0.000 0.000 0.000 0.000 0.000 0.000 0.000 0.000 0.000 0.000 0.000 0.000 0.000 0.000 0.000 0.000 0.000 0.000 0.000 0.000 0.000 0.000 0.000 0.000 0.000 0.000 0.000 0.000 0.000 0.000 0.000 0.000 0.000 0.000 0.000 0.000 0.000 0.000 0.000 0.000 0.000 0.000 0.000 0.000 0.000 0.000 0.000 0.000 0.000 0.000 0.000 0.000 0.010 0.010 0.010
