hx_30m/njhx/rain/result-0011.wd
ncols         211
nrows         286
xllcorner     660279.582600
yllcorner     3541874.325092
cellsize      30.000000
NODATA_value  -9999.000000
[rows 204 to 237 of 286, columns 77 to 153 of 211]
0.005 0.005 0.004 0.003 0.005 0.005 0.002 0.001 0.001 0.001 0.006 0.006 0.006 0.006 0.004 0.000 0.002 0.001 0.005 0.004 0.004 0.003 0.004 0.001 0.000 0.005 0.005 0.007 0.007 0.006 0.003 0.000 0.003 0.007 0.003 0.005 0.003 0.003 0.004 0.003 0.002 0.002 0.002 0.004 0.003 0.002 0.003 0.003 0.005 0.004 0.000 0.000 0.000 0.000 0.003 0.002 0.004 0.000 0.004 0.003 0.004 0.009 0.003 0.000 0.009 0.004 0.002 0.007 0.006 0.009 0.003 0.002 0.003 0.003 0.009 0.000 0.000
0.003 0.003 0.004 0.005 0.003 0.005 0.001 0.001 0.002 0.002 0.000 0.000 0.006 0.005 0.005 0.005 0.003 0.002 0.003 0.006 0.002 0.000 0.000 0.004 0.005 0.005 0.008 0.006 0.003 0.000 0.001 0.000 0.000 0.000 0.002 0.007 0.004 0.004 0.002 0.000 0.002 0.005 0.003 0.004 0.002 0.004 0.004 0.003 0.004 0.003 0.004 0.002 0.005 0.000 0.002 0.000 0.000 0.004 0.003 0.004 0.009 0.000 0.000 0.003 0.002 0.004 0.007 0.004 0.004 0.010 0.007 0.004 0.003 0.006 0.002 0.003 0.006
0.003 0.002 0.002 0.003 0.002 0.005 0.001 0.000 0.000 0.000 0.002 0.002 0.006 0.000 0.000 0.003 0.000 0.007 0.003 0.002 0.000 0.000 0.000 0.004 0.005 0.004 0.006 0.005 0.000 0.003 0.002 0.001 0.000 0.005 0.004 0.004 0.004 0.002 0.000 0.003 0.002 0.003 0.003 0.006 0.007 0.010 0.010 0.003 0.002 0.003 0.003 0.005 0.005 0.004 0.008 0.006 0.003 0.005 0.004 0.000 0.010 0.000 0.003 0.006 0.004 0.008 0.008 0.010 0.006 0.000 0.010 0.009 0.007 0.005 0.003 0.005 0.000
0.003 0.004 0.000 0.003 0.003 0.003 0.003 0.003 0.002 0.002 0.001 0.001 0.003 0.002 0.002 0.003 0.000 0.005 0.004 0.003 0.000 0.000 0.008 0.004 0.008 0.002 0.005 0.008 0.008 0.004 0.003 0.000 0.007 0.003 0.004 0.003 0.000 0.002 0.002 0.003 0.000 0.000 0.004 0.003 0.007 0.012 0.000 0.001 0.000 0.002 0.007 0.004 0.003 0.006 0.004 0.008 0.008 0.005 0.004 0.121 0.000 0.005 0.004 0.000 0.002 0.004 0.008 0.010 0.008 0.010 0.010 0.009 0.009 0.000 0.000 0.005 0.003
0.003 0.000 0.004 0.003 0.002 0.003 0.002 0.000 0.000 0.003 0.004 0.003 0.004 0.003 0.004 0.004 0.003 0.004 0.003 0.003 0.004 0.005 0.006 0.003 0.004 0.000 0.008 0.000 0.006 0.008 0.000 0.000 0.000 0.003 0.004 0.003 0.000 0.001 0.004 0.004 0.006 0.000 0.004 0.004 0.006 0.000 0.001 0.001 0.003 0.002 0.009 0.006 0.004 0.004 0.004 0.006 0.003 0.004 0.000 0.010 0.000 0.003 0.005 0.010 0.004 0.006 0.006 0.006 0.004 0.004 0.010 0.007 0.000 0.000 0.008 0.000 0.000
0.000 0.005 0.003 0.003 0.005 0.001 0.000 0.000 0.002 0.003 0.002 0.001 0.002 0.000 0.003 0.002 0.002 0.003 0.063 0.005 0.004 0.005 0.005 0.002 0.000 0.008 0.008 0.004 0.003 0.003 0.005 0.000 0.000 0.003 0.004 0.004 0.004 0.001 0.000 0.000 0.000 0.007 0.003 0.007 0.007 0.000 0.001 0.001 0.000 0.003 0.000 0.006 0.009 0.000 0.006 0.006 0.006 0.005 0.010 0.093 0.000 0.009 0.006 0.004 0.002 0.003 0.004 0.006 0.000 0.000 0.003 0.004 0.000 0.009 0.000 0.008 0.004
0.000 0.003 0.002 0.003 0.002 0.001 0.000 0.000 0.000 0.000 0.002 0.003 0.001 0.000 0.000 0.007 0.005 0.006 0.006 0.006 0.008 0.000 0.133 0.008 0.004 0.005 0.005 0.000 0.002 0.003 0.007 0.000 0.005 0.004 0.004 0.000 0.006 0.004 0.002 0.002 0.002 0.006 0.002 0.007 0.000 0.003 0.002 0.003 0.004 0.004 0.002 0.009 0.009 0.003 0.010 0.000 0.008 0.000 0.010 0.004 0.003 0.008 0.005 0.003 0.000 0.010 0.003 0.003 0.000 0.000 0.000 0.001 0.009 0.009 0.008 0.000 0.003
0.004 0.004 0.004 0.004 0.001 0.001 0.001 0.000 0.000 0.004 0.003 0.000 0.002 0.000 0.000 0.002 0.003 0.003 0.003 0.003 0.005 0.008 0.008 0.008 0.008 0.000 0.038 0.006 0.002 0.000 0.007 0.007 0.003 0.007 0.002 0.000 0.006 0.006 0.003 0.006 0.000 0.007 0.007 0.008 0.008 0.003 0.002 0.000 0.007 0.000 0.000 0.009 0.005 0.000 0.007 0.006 0.010 0.008 0.003 0.003 0.005 0.002 0.006 0.004 0.000 0.000 0.003 0.010 0.005 0.000 0.000 0.003 0.000 0.005 0.005 0.004 0.004
0.000 0.002 0.003 0.003 0.002 0.001 0.002 0.002 0.000 0.003 0.006 0.004 0.002 0.000 0.003 0.003 0.004 0.003 0.002 0.006 0.005 0.004 0.004 0.003 0.008 0.008 0.010 0.010 0.000 0.005 0.005 0.000 0.002 0.005 0.003 0.007 0.007 0.007 0.002 0.000 0.005 0.004 0.004 0.000 0.004 0.002 0.002 0.003 0.003 0.002 0.000 0.000 0.003 0.000 0.003 0.005 0.000 0.000 0.000 0.004 0.004 0.003 0.005 0.003 0.003 0.003 0.010 0.010 0.010 0.010 0.006 0.000 0.009 0.000 0.003 0.004 0.003
0.002 0.002 0.000 0.002 0.000 0.003 0.002 0.002 0.002 0.000 0.005 0.000 0.002 0.002 0.003 0.005 0.003 0.002 0.005 0.006 0.005 0.003 0.008 0.003 0.004 0.004 0.004 0.024 0.004 0.007 0.000 0.049 0.006 0.004 0.005 0.007 0.007 0.004 0.003 0.000 0.004 0.004 0.006 0.003 0.004 0.000 0.005 0.004 0.000 0.000 0.000 0.004 0.000 0.000 0.007 0.010 0.003 0.000 0.000 0.000 0.000 0.006 0.003 0.006 0.004 0.003 0.004 0.007 0.010 0.010 0.005 0.000 0.010 0.005 0.007 0.004 0.000
0.004 0.003 0.003 0.001 0.003 0.000 0.000 0.002 0.002 0.002 0.006 0.002 0.002 0.000 0.002 0.003 0.002 0.004 0.003 0.003 0.003 0.004 0.004 0.003 0.005 0.003 0.004 0.000 0.000 0.003 0.005 0.010 0.000 0.010 0.035 0.005 0.004 0.007 0.004 0.006 0.003 0.003 0.004 0.005 0.002 0.010 0.000 0.002 0.003 0.009 0.000 0.002 0.000 0.004 0.006 0.032 0.000 0.002 0.005 0.000 0.000 0.006 0.003 0.003 0.003 0.004 0.004 0.003 0.006 0.010 0.010 0.000 0.000 0.003 0.004 0.005 0.002
0.002 0.004 0.000 0.001 0.001 0.002 0.000 0.002 0.002 0.001 0.000 0.000 0.002 0.006 0.005 0.003 0.001 0.002 0.006 0.006 0.007 0.007 0.007 0.003 0.005 0.003 0.004 0.007 0.006 0.007 0.004 0.008 0.010 0.010 0.000 0.005 0.006 0.005 0.005 0.008 0.007 0.007 0.003 0.004 0.006 0.000 0.002 0.003 0.000 0.000 0.006 0.000 0.000 0.006 0.000 0.005 0.000 0.003 0.005 0.003 0.006 0.003 0.004 0.000 0.003 0.005 0.006 0.004 0.004 0.004 0.004 0.005 0.003 0.006 0.005 0.000 0.000
0.002 0.004 0.005 0.002 0.002 0.000 0.002 0.002 0.000 0.002 0.004 0.002 0.004 0.000 0.004 0.003 0.002 0.004 0.006 0.003 0.005 0.007 0.006 0.004 0.004 0.004 0.003 0.003 0.004 0.003 0.006 0.006 0.005 0.003 0.008 0.005 0.000 0.005 0.005 0.008 0.006 0.004 0.004 0.003 0.002 0.002 0.002 0.000 0.002 0.000 0.001 0.000 0.004 0.006 0.042 0.000 0.000 0.009 0.003 0.000 0.003 0.004 0.000 0.003 0.003 0.000 0.004 0.005 0.005 0.003 0.005 0.004 0.005 0.004 0.005 0.000 0.004
0.003 0.002 0.003 0.004 0.000 0.002 0.002 0.002 0.000 0.003 0.005 0.000 0.005 0.005 0.003 0.002 0.005 0.002 0.002 0.002 0.004 0.004 0.004 0.004 0.004 0.004 0.006 0.005 0.000 0.004 0.004 0.005 0.003 0.008 0.000 0.005 0.000 0.005 0.000 0.004 0.004 0.000 0.004 0.007 0.002 0.003 0.000 0.025 0.000 0.001 0.001 0.001 0.006 0.000 0.005 0.003 0.006 0.009 0.009 0.000 0.007 0.005 0.004 0.004 0.002 0.003 0.004 0.003 0.000 0.007 0.011 0.004 0.006 0.006 0.005 0.003 0.000
0.004 0.003 0.002 0.002 0.003 0.002 0.000 0.000 0.003 0.002 0.001 0.002 0.002 0.002 0.003 0.002 0.003 0.003 0.004 0.006 0.006 0.005 0.003 0.006 0.005 0.003 0.004 0.005 0.000 0.005 0.004 0.006 0.004 0.008 0.000 0.003 0.003 0.003 0.002 0.163 0.000 0.004 0.006 0.000 0.002 0.001 0.000 0.001 0.000 0.001 0.000 0.004 0.007 0.006 0.000 0.001 0.002 0.002 0.000 0.006 0.004 0.000 0.002 0.003 0.003 0.000 0.000 0.000 0.000 0.000 0.000 0.005 0.010 0.003 0.006 0.003 0.004
0.000 0.005 0.000 0.003 0.002 0.002 0.002 0.002 0.003 0.005 0.000 0.000 0.000 0.002 0.003 0.003 0.002 0.002 0.005 0.006 0.006 0.006 0.005 0.003 0.004 0.003 0.004 0.000 0.000 0.008 0.004 0.005 0.004 0.000 0.008 0.005 0.009 0.004 0.000 0.010 0.010 0.010 0.000 0.006 0.002 0.000 0.001 0.001 0.000 0.001 0.000 0.007 0.005 0.002 0.001 0.003 0.003 0.002 0.003 0.004 0.002 0.002 0.006 0.003 0.005 0.003 0.008 0.004 0.000 0.000 0.003 0.006 0.005 0.010 0.004 0.003 0.004
0.000 0.003 0.000 0.000 0.002 0.002 0.003 0.002 0.003 0.003 0.004 0.005 0.003 0.004 0.003 0.004 0.003 0.003 0.003 0.002 0.006 0.006 0.004 0.002 0.003 0.004 0.005 0.004 0.004 0.005 0.006 0.003 0.008 0.000 0.004 0.000 0.000 0.007 0.005 0.035 0.010 0.010 0.003 0.004 0.005 0.006 0.003 0.000 0.001 0.001 0.004 0.005 0.002 0.001 0.001 0.003 0.000 0.001 0.003 0.000 0.000 0.003 0.005 0.000 0.003 0.003 0.010 0.008 0.005 0.005 0.004 0.005 0.000 0.000 0.000 0.009 0.003
0.002 0.003 0.000 0.001 0.002 0.002 0.001 0.000 0.003 0.002 0.003 0.003 0.003 0.002 0.000 0.000 0.006 0.004 0.003 0.004 0.002 0.006 0.006 0.006 0.004 0.004 0.000 0.000 0.000 0.002 0.005 0.005 0.007 0.000 0.003 0.008 0.009 0.004 0.000 0.002 0.004 0.010 0.010 0.004 0.004 0.010 0.010 0.006 0.004 0.000 0.004 0.007 0.003 0.001 0.000 0.002 0.000 0.001 0.000 0.004 0.010 0.003 0.003 0.006 0.000 0.000 0.000 0.008 0.000 0.003 0.003 0.008 0.002 0.002 0.002 0.002 0.000
0.002 0.003 0.000 0.000 0.004 0.002 0.002 0.003 0.002 0.000 0.000 0.002 0.004 0.003 0.003 0.005 0.005 0.007 0.007 0.006 0.005 0.006 0.002 0.004 0.005 0.003 0.001 0.002 0.000 0.005 0.003 0.002 0.003 0.000 0.004 0.004 0.003 0.003 0.005 0.003 0.005 0.010 0.010 0.005 0.004 0.006 0.004 0.006 0.000 0.004 0.000 0.000 0.000 0.000 0.006 0.001 0.000 0.000 0.001 0.000 0.003 0.010 0.004 0.000 0.006 0.000 0.006 0.000 0.007 0.004 0.006 0.000 0.000 0.002 0.004 0.004 0.004
0.000 0.003 0.002 0.002 0.000 0.004 0.003 0.003 0.000 0.002 0.004 0.002 0.003 0.004 0.004 0.003 0.002 0.005 0.007 0.006 0.006 0.004 0.002 0.003 0.000 0.003 0.000 0.000 0.003 0.003 0.002 0.002 0.002 0.003 0.003 0.003 0.003 0.004 0.000 0.005 0.019 0.010 0.031 0.007 0.008 0.007 0.007 0.003 0.004 0.004 0.009 0.005 0.007 0.000 0.003 0.003 0.001 0.002 0.002 0.004 0.004 0.000 0.015 0.010 0.010 0.010 0.008 0.000 0.003 0.004 0.006 0.002 0.002 0.002 0.003 0.002 0.002
0.002 0.004 0.003 0.003 0.003 0.003 0.002 0.003 0.003 0.002 0.002 0.003 0.003 0.003 0.000 0.006 0.003 0.003 0.002 0.005 0.003 0.006 0.005 0.002 0.000 0.003 0.000 0.000 0.002 0.005 0.004 0.005 0.005 0.003 0.003 0.004 0.000 0.004 0.004 0.003 0.005 0.000 0.005 0.008 0.008 0.007 0.007 0.006 0.005 0.000 0.008 0.009 0.006 0.003 0.004 0.000 0.000 0.001 0.003 0.002 0.000 0.005 0.000 0.007 0.005 0.009 0.009 0.006 0.003 0.005 0.000 0.000 0.001 0.001 0.003 0.003 0.004
0.004 0.000 0.002 0.002 0.003 0.002 0.002 0.002 0.000 0.003 0.003 0.002 0.000 0.000 0.003 0.005 0.006 0.007 0.003 0.004 0.003 0.004 0.004 0.003 0.005 0.003 0.000 0.004 0.002 0.005 0.003 0.002 0.000 0.003 0.003 0.002 0.003 0.005 0.006 0.001 0.000 0.005 0.004 0.004 0.008 0.007 0.007 0.004 0.008 0.007 0.003 0.004 0.004 0.023 0.010 0.005 0.007 0.000 0.002 0.005 0.004 0.004 0.005 0.000 0.000 0.003 0.005 0.003 0.004 0.003 0.001 0.002 0.002 0.002 0.002 0.002 0.004
0.000 0.002 0.003 0.002 0.003 0.000 0.002 0.002 0.003 0.002 0.003 0.002 0.004 0.003 0.004 0.006 0.006 0.007 0.007 0.006 0.002 0.002 0.002 0.003 0.005 0.005 0.003 0.002 0.007 0.004 0.004 0.004 0.007 0.004 0.000 0.000 0.005 0.002 0.003 0.005 0.000 0.006 0.006 0.005 0.005 0.005 0.006 0.006 0.007 0.007 0.008 0.004 0.005 0.007 0.005 0.009 0.010 0.010 0.006 0.005 0.006 0.004 0.003 0.000 0.000 0.000 0.005 0.004 0.000 0.002 0.002 0.002 0.000 0.003 0.000 0.003 0.002
0.003 0.002 0.000 0.002 0.002 0.002 0.003 0.002 0.005 0.002 0.002 0.002 0.000 0.005 0.006 0.006 0.006 0.007 0.007 0.003 0.003 0.002 0.002 0.003 0.003 0.005 0.006 0.004 0.006 0.003 0.004 0.006 0.006 0.003 0.007 0.004 0.002 0.000 0.002 0.003 0.006 0.000 0.000 0.006 0.005 0.003 0.006 0.000 0.004 0.003 0.003 0.004 0.008 0.005 0.003 0.002 0.006 0.201 0.048 0.005 0.005 0.005 0.003 0.002 0.000 0.000 0.004 0.003 0.001 0.002 0.000 0.000 0.000 0.002 0.001 0.001 0.003
0.001 0.001 0.002 0.002 0.003 0.002 0.003 0.004 0.003 0.003 0.000 0.004 0.004 0.002 0.002 0.000 0.002 0.007 0.006 0.003 0.006 0.001 0.004 0.003 0.003 0.002 0.004 0.004 0.005 0.005 0.005 0.000 0.003 0.000 0.000 0.003 0.004 0.008 0.002 0.008 0.002 0.003 0.002 0.000 0.000 0.004 0.005 0.006 0.004 0.005 0.008 0.008 0.006 0.005 0.008 0.008 0.003 0.003 0.005 0.000 0.026 0.010 0.003 0.000 0.000 0.003 0.004 0.000 0.001 0.001 0.001 0.001 0.005 0.004 0.003 0.002 0.005
0.002 0.000 0.005 0.003 0.003 0.002 0.002 0.003 0.003 0.002 0.004 0.000 0.002 0.000 0.003 0.006 0.000 0.002 0.004 0.002 0.002 0.002 0.000 0.002 0.000 0.003 0.005 0.005 0.003 0.005 0.006 0.007 0.002 0.003 0.003 0.003 0.006 0.003 0.005 0.003 0.004 0.000 0.004 0.002 0.003 0.003 0.017 0.005 0.004 0.004 0.004 0.006 0.006 0.003 0.003 0.005 0.002 0.005 0.003 0.004 0.007 0.010 0.008 0.004 0.005 0.004 0.000 0.000 0.001 0.001 0.001 0.003 0.007 0.008 0.007 0.003 0.004
0.006 0.000 0.000 0.002 0.002 0.002 0.002 0.003 0.003 0.003 0.003 0.003 0.003 0.000 0.000 0.000 0.004 0.000 0.002 0.000 0.003 0.003 0.002 0.000 0.000 0.005 0.001 0.005 0.002 0.004 0.002 0.007 0.003 0.004 0.003 0.004 0.004 0.003 0.003 0.003 0.003 0.002 0.000 0.002 0.003 0.000 0.010 0.006 0.007 0.006 0.004 0.004 0.004 0.008 0.005 0.003 0.004 0.004 0.006 0.003 0.009 0.000 0.010 0.139 0.010 0.004 0.004 0.000 0.001 0.001 0.000 0.008 0.009 0.009 0.004 0.007 0.007
0.003 0.003 0.000 0.000 0.000 0.003 0.002 0.004 0.002 0.003 0.004 0.003 0.000 0.000 0.004 0.000 0.002 0.003 0.002 0.000 0.003 0.004 0.003 0.002 0.000 0.000 0.002 0.005 0.002 0.004 0.003 0.003 0.002 0.000 0.000 0.003 0.004 0.003 0.004 0.006 0.003 0.006 0.002 0.004 0.003 0.005 0.005 0.004 0.006 0.005 0.007 0.006 0.003 0.002 0.003 0.003 0.006 0.004 0.008 0.007 0.006 0.000 0.000 0.004 0.003 0.000 0.006 0.005 0.004 0.000 0.003 0.010 0.010 0.004 0.003 0.006 0.009
0.006 0.002 0.003 0.001 0.003 0.002 0.005 0.004 0.000 0.002 0.002 0.004 0.004 0.005 0.000 0.004 0.007 0.002 0.004 0.003 0.002 0.002 0.003 0.001 0.004 0.002 0.003 0.005 0.004 0.000 0.000 0.002 0.004 0.002 0.001 0.000 0.000 0.003 0.006 0.002 0.003 0.000 0.003 0.003 0.004 0.000 0.005 0.006 0.004 0.007 0.004 0.007 0.007 0.006 0.003 0.008 0.006 0.007 0.009 0.009 0.009 0.004 0.002 0.003 0.004 0.007 0.008 0.000 0.076 0.004 0.008 0.010 0.030 0.002 0.004 0.004 0.005
0.002 0.002 0.002 0.002 0.002 0.003 0.003 0.003 0.003 0.001 0.002 0.003 0.002 0.004 0.006 0.002 0.002 0.000 0.000 0.004 0.004 0.000 0.000 0.002 0.002 0.003 0.005 0.002 0.004 0.001 0.001 0.000 0.000 0.004 0.003 0.002 0.002 0.002 0.003 0.003 0.003 0.003 0.003 0.000 0.000 0.000 0.000 0.006 0.000 0.006 0.007 0.003 0.005 0.006 0.003 0.008 0.004 0.000 0.009 0.000 0.009 0.009 0.004 0.003 0.008 0.008 0.009 0.009 0.009 0.000 0.015 0.010 0.010 0.000 0.005 0.004 0.005
0.006 0.003 0.002 0.003 0.002 0.003 0.003 0.000 0.001 0.003 0.003 0.003 0.000 0.002 0.002 0.003 0.005 0.007 0.006 0.002 0.003 0.006 0.004 0.000 0.004 0.003 0.004 0.002 0.001 0.000 0.002 0.002 0.001 0.002 0.002 0.002 0.004 0.003 0.002 0.003 0.002 0.003 0.004 0.004 0.000 0.000 0.000 0.005 0.000 0.000 0.006 0.006 0.003 0.003 0.003 0.006 0.004 0.008 0.007 0.008 0.008 0.000 0.003 0.004 0.000 0.011 0.010 0.000 0.000 0.009 0.010 0.000 0.010 0.031 0.005 0.002 0.003
0.000 0.000 0.005 0.003 0.004 0.002 0.003 0.002 0.000 0.000 0.002 0.009 0.003 0.002 0.003 0.002 0.003 0.003 0.002 0.003 0.000 0.002 0.003 0.003 0.003 0.002 0.003 0.004 0.002 0.002 0.001 0.000 0.003 0.003 0.002 0.001 0.004 0.004 0.003 0.002 0.003 0.007 0.000 0.004 0.004 0.000 0.000 0.000 0.000 0.000 0.000 0.006 0.004 0.004 0.006 0.003 0.004 0.004 0.006 0.004 0.004 0.005 0.004 0.000 0.005 0.007 0.008 0.000 0.009 0.009 0.010 0.002 0.008 0.000 0.010 0.010 0.002
0.009 0.005 0.004 0.003 0.003 0.003 0.001 0.002 0.003 0.002 0.001 0.000 0.003 0.004 0.003 0.002 0.002 0.002 0.003 0.002 0.002 0.000 0.002 0.003 0.002 0.003 0.002 0.002 0.000 0.001 0.002 0.001 0.001 0.002 0.002 0.002 0.003 0.003 0.004 0.003 0.010 0.010 0.112 0.004 0.000 0.000 0.004 0.005 0.000 0.000 0.000 0.006 0.003 0.006 0.007 0.007 0.004 0.006 0.003 0.003 0.004 0.006 0.003 0.000 0.000 0.004 0.004 0.003 0.008 0.000 0.004 0.006 0.000 0.000 0.003 0.000 0.016
0.005 0.004 0.003 0.003 0.004 0.000 0.000 0.002 0.002 0.003 0.000 0.002 0.002 0.000 0.000 0.003 0.003 0.002 0.002 0.007 0.005 0.003 0.002 0.003 0.002 0.003 0.002 0.002 0.000 0.000 0.000 0.001 0.001 0.002 0.002 0.000 0.003 0.004 0.004 0.002 0.003 0.000 0.003 0.003 0.003 0.004 0.004 0.005 0.000 0.000 0.006 0.003 0.006 0.006 0.007 0.008 0.008 0.009 0.008 0.005 0.004 0.004 0.000 0.000 0.008 0.010 0.000 0.000 0.000 0.005 0.002 0.000 0.002 0.002 0.002 0.002 0.004
