hx_30m/njhx/rain/result-0029.wd
ncols         211
nrows         286
xllcorner     660279.582600
yllcorner     3541874.325092
cellsize      30.000000
NODATA_value  -9999.000000
[rows 170 to 203 of 286, columns 77 to 153 of 211]
0.010 0.007 0.010 0.010 0.227 0.118 0.006 0.005 0.008 0.017 0.008 0.009 0.010 0.010 0.010 0.009 0.009 0.010 0.010 0.010 0.008 0.007 0.004 0.005 0.007 0.000 0.010 0.009 0.010 0.016 0.009 0.007 0.006 0.010 0.008 0.007 0.009 0.008 0.007 0.011 0.010 0.118 0.196 0.010 0.004 0.003 0.000 0.000 0.005 0.003 0.005 0.005 0.000 0.011 0.007 0.018 0.000 0.003 0.007 0.007 0.032 0.000 0.000 0.001 0.009 0.000 0.000 0.028 0.013 0.000 0.000 0.004 0.012 0.010 0.075 0.000 0.010
0.010 0.008 0.009 0.010 0.128 0.024 0.007 0.007 0.004 0.004 0.010 0.007 0.005 0.004 0.005 0.008 0.010 0.009 0.000 0.000 0.006 0.008 0.000 0.000 0.007 0.000 0.010 0.000 0.000 0.035 0.009 0.009 0.009 0.010 0.018 0.000 0.009 0.032 0.010 0.007 0.009 0.009 0.005 0.000 0.003 0.002 0.002 0.000 0.008 0.010 0.006 0.006 0.009 0.000 0.000 0.010 0.000 0.006 0.000 0.000 0.010 0.000 0.000 0.005 0.000 0.000 0.000 0.000 0.064 0.005 0.000 0.007 0.009 0.038 0.000 0.007 0.010
0.009 0.008 0.009 0.007 0.030 0.165 0.008 0.007 0.005 0.000 0.004 0.000 0.009 0.010 0.000 0.006 0.009 0.064 0.010 0.010 0.008 0.008 0.000 0.006 0.009 0.009 0.010 0.000 0.059 0.010 0.004 0.000 0.006 0.010 0.042 0.000 0.007 0.007 0.009 0.006 0.007 0.000 0.007 0.003 0.000 0.002 0.002 0.008 0.010 0.071 0.006 0.005 0.004 0.004 0.000 0.000 0.007 0.010 0.009 0.009 0.010 0.000 0.000 0.000 0.007 0.006 0.011 0.000 0.021 0.000 0.000 0.006 0.007 0.003 0.000 0.142 0.278
0.046 0.009 0.008 0.009 0.098 0.084 0.006 0.010 0.008 0.007 0.007 0.009 0.008 0.005 0.008 0.006 0.000 0.000 0.000 0.000 0.007 0.007 0.005 0.008 0.009 0.023 0.009 0.000 0.010 0.010 0.005 0.007 0.003 0.006 0.000 0.006 0.009 0.009 0.008 0.008 0.013 0.007 0.000 0.008 0.007 0.010 0.005 0.008 0.007 0.000 0.008 0.000 0.019 0.010 0.000 0.000 0.014 0.006 0.009 0.000 0.010 0.009 0.006 0.004 0.000 0.000 0.007 0.010 0.010 0.017 0.000 0.007 0.007 0.006 0.000 0.029 0.000
0.000 0.010 0.010 0.010 0.009 0.022 0.006 0.038 0.007 0.016 0.007 0.012 0.040 0.007 0.006 0.007 0.008 0.009 0.006 0.009 0.006 0.008 0.007 0.006 0.005 0.000 0.000 0.000 0.000 0.000 0.004 0.000 0.003 0.007 0.010 0.010 0.009 0.008 0.006 0.008 0.006 0.000 0.000 0.007 0.000 0.000 0.000 0.006 0.004 0.000 0.007 0.000 0.007 0.010 0.008 0.000 0.005 0.000 0.007 0.006 0.010 0.015 0.000 0.009 0.007 0.005 0.007 0.000 0.003 0.007 0.000 0.000 0.005 0.175 0.031 0.028 0.000
0.027 0.000 0.010 0.010 0.009 0.005 0.006 0.004 0.008 0.008 0.008 0.019 0.009 0.007 0.009 0.008 0.009 0.062 0.009 0.029 0.009 0.008 0.008 0.008 0.007 0.017 0.007 0.005 0.007 0.009 0.007 0.003 0.007 0.006 0.010 0.009 0.000 0.009 0.007 0.010 0.009 0.000 0.000 0.010 0.007 0.000 0.000 0.000 0.000 0.000 0.006 0.010 0.007 0.007 0.000 0.000 0.000 0.005 0.005 0.007 0.008 0.000 0.004 0.005 0.007 0.009 0.007 0.007 0.003 0.000 0.004 0.004 0.016 0.183 0.007 0.010 0.000
0.000 0.042 0.010 0.010 0.006 0.004 0.006 0.006 0.003 0.005 0.004 0.005 0.008 0.007 0.005 0.007 0.003 0.007 0.006 0.008 0.007 0.007 0.006 0.007 0.008 0.006 0.044 0.007 0.018 0.007 0.023 0.008 0.008 0.008 0.006 0.007 0.012 0.004 0.006 0.008 0.033 0.010 0.010 0.010 0.000 0.000 0.000 0.000 0.003 0.006 0.007 0.000 0.007 0.000 0.000 0.004 0.009 0.007 0.008 0.009 0.000 0.000 0.007 0.006 0.005 0.007 0.005 0.000 0.002 0.000 0.005 0.008 0.655 0.000 0.000 0.010 0.000
0.010 0.010 0.040 0.010 0.003 0.003 0.009 0.009 0.009 0.009 0.007 0.005 0.003 0.003 0.000 0.005 0.007 0.005 0.005 0.008 0.008 0.007 0.000 0.008 0.010 0.008 0.008 0.008 0.008 0.007 0.007 0.010 0.007 0.007 0.007 0.007 0.007 0.008 0.005 0.008 0.008 0.018 0.007 0.005 0.007 0.008 0.015 0.005 0.007 0.019 0.009 0.007 0.006 0.005 0.000 0.006 0.010 0.005 0.003 0.005 0.006 0.018 0.008 0.010 0.000 0.006 0.005 0.005 0.004 0.000 0.003 0.007 0.000 0.006 0.231 0.000 0.000
0.010 0.010 0.009 0.006 0.005 0.004 0.007 0.007 0.006 0.007 0.008 0.007 0.005 0.004 0.006 0.007 0.007 0.007 0.005 0.004 0.010 0.009 0.008 0.011 0.009 0.007 0.009 0.000 0.007 0.000 0.000 0.000 0.008 0.011 0.006 0.005 0.006 0.009 0.010 0.009 0.005 0.009 0.009 0.008 0.008 0.008 0.007 0.007 0.007 0.007 0.009 0.006 0.013 0.009 0.012 0.007 0.010 0.005 0.000 0.000 0.007 0.000 0.010 0.010 0.010 0.008 0.009 0.006 0.004 0.005 0.005 0.003 0.000 0.007 0.003 0.004 0.010
0.010 0.007 0.009 0.005 0.007 0.009 0.009 0.007 0.007 0.008 0.003 0.003 0.006 0.006 0.000 0.005 0.008 0.010 0.030 0.008 0.007 0.006 0.008 0.010 0.083 0.031 0.010 0.009 0.009 0.009 0.008 0.010 0.009 0.008 0.000 0.000 0.000 0.007 0.015 0.010 0.036 0.010 0.086 0.037 0.010 0.010 0.010 0.028 0.010 0.042 0.010 0.005 0.008 0.000 0.007 0.009 0.006 0.005 0.009 0.010 0.017 0.007 0.010 0.006 0.008 0.009 0.010 0.010 0.000 0.004 0.007 0.004 0.005 0.007 0.004 0.008 0.000
0.010 0.010 0.005 0.003 0.003 0.007 0.009 0.007 0.009 0.008 0.010 0.005 0.005 0.005 0.004 0.006 0.010 0.045 0.112 0.010 0.010 0.007 0.007 0.040 0.000 0.008 0.009 0.007 0.010 0.000 0.009 0.024 0.009 0.007 0.000 0.000 0.000 0.006 0.007 0.010 0.028 0.010 0.010 0.010 0.010 0.010 0.131 0.136 0.010 0.009 0.010 0.007 0.006 0.000 0.008 0.003 0.005 0.004 0.000 0.006 0.005 0.040 0.006 0.005 0.007 0.007 0.013 0.007 0.009 0.008 0.005 0.004 0.000 0.004 0.005 0.004 0.000
0.010 0.007 0.005 0.005 0.010 0.007 0.009 0.005 0.006 0.005 0.003 0.004 0.005 0.004 0.000 0.008 0.010 0.101 0.010 0.010 0.007 0.004 0.000 0.009 0.010 0.010 0.008 0.010 0.010 0.010 0.010 0.008 0.041 0.004 0.008 0.003 0.005 0.007 0.005 0.007 0.006 0.010 0.010 0.010 0.010 0.010 0.127 0.175 0.010 0.006 0.007 0.000 0.020 0.010 0.005 0.000 0.000 0.000 0.002 0.005 0.004 0.000 0.009 0.000 0.006 0.006 0.006 0.031 0.009 0.008 0.025 0.009 0.000 0.012 0.005 0.004 0.000
0.009 0.009 0.004 0.005 0.004 0.006 0.004 0.007 0.008 0.005 0.005 0.005 0.004 0.000 0.006 0.008 0.010 0.010 0.084 0.078 0.008 0.007 0.009 0.008 0.008 0.009 0.009 0.009 0.114 0.009 0.000 0.009 0.007 0.008 0.010 0.008 0.038 0.008 0.016 0.006 0.006 0.010 0.010 0.022 0.010 0.010 0.010 0.010 0.009 0.007 0.000 0.007 0.004 0.000 0.003 0.000 0.004 0.005 0.003 0.000 0.000 0.005 0.005 0.012 0.007 0.006 0.007 0.010 0.010 0.007 0.009 0.008 0.026 0.009 0.010 0.010 0.000
0.009 0.009 0.009 0.007 0.014 0.003 0.004 0.006 0.005 0.003 0.006 0.010 0.010 0.000 0.008 0.008 0.010 0.091 0.010 0.010 0.014 0.005 0.008 0.011 0.008 0.009 0.000 0.009 0.009 0.007 0.010 0.016 0.010 0.006 0.010 0.009 0.000 0.008 0.007 0.009 0.007 0.010 0.055 0.010 0.010 0.010 0.010 0.010 0.007 0.006 0.000 0.007 0.000 0.000 0.003 0.000 0.007 0.003 0.004 0.005 0.007 0.008 0.001 0.007 0.000 0.000 0.007 0.010 0.010 0.008 0.010 0.010 0.023 0.009 0.031 0.019 0.006
0.007 0.064 0.010 0.010 0.009 0.008 0.006 0.006 0.007 0.003 0.004 0.010 0.010 0.009 0.007 0.007 0.048 0.009 0.010 0.010 0.007 0.005 0.008 0.009 0.008 0.038 0.007 0.007 0.009 0.007 0.037 0.009 0.000 0.007 0.007 0.009 0.000 0.007 0.008 0.007 0.009 0.010 0.010 0.119 0.010 0.010 0.010 0.010 0.010 0.000 0.000 0.000 0.000 0.000 0.005 0.005 0.007 0.007 0.008 0.009 0.000 0.008 0.006 0.004 0.007 0.000 0.002 0.000 0.007 0.006 0.048 0.026 0.007 0.006 0.010 0.026 0.005
0.008 0.010 0.010 0.007 0.008 0.013 0.008 0.004 0.003 0.004 0.006 0.007 0.010 0.010 0.010 0.008 0.004 0.000 0.010 0.000 0.005 0.006 0.005 0.005 0.005 0.008 0.000 0.010 0.000 0.007 0.009 0.019 0.008 0.005 0.010 0.010 0.007 0.006 0.010 0.007 0.000 0.010 0.024 0.010 0.010 0.010 0.029 0.010 0.007 0.010 0.009 0.006 0.005 0.009 0.009 0.010 0.000 0.000 0.025 0.010 0.008 0.010 0.010 0.007 0.000 0.007 0.004 0.000 0.007 0.006 0.005 0.010 0.009 0.010 0.010 0.007 0.007
0.010 0.009 0.013 0.007 0.005 0.008 0.005 0.003 0.005 0.010 0.022 0.007 0.010 0.048 0.000 0.002 0.008 0.000 0.052 0.000 0.007 0.008 0.006 0.003 0.004 0.007 0.003 0.009 0.006 0.006 0.007 0.000 0.009 0.007 0.007 0.006 0.005 0.005 0.007 0.007 0.942 0.010 0.013 0.010 0.010 0.147 0.010 0.010 0.007 0.000 0.009 0.009 0.030 0.000 0.007 0.010 0.044 0.010 0.010 0.010 0.000 0.009 0.029 0.000 0.010 0.010 0.004 0.000 0.006 0.009 0.009 0.003 0.003 0.004 0.006 0.007 0.000
0.008 0.062 0.008 0.009 0.005 0.005 0.004 0.005 0.004 0.010 0.004 0.022 0.003 0.000 0.006 0.000 0.006 0.000 0.000 0.000 0.010 0.010 0.007 0.005 0.000 0.000 0.000 0.006 0.005 0.004 0.003 0.004 0.005 0.004 0.005 0.006 0.010 0.033 0.007 0.005 0.889 0.000 0.364 0.010 0.010 0.010 0.010 0.037 0.008 0.000 0.010 0.008 0.009 0.014 0.056 0.072 0.008 0.010 0.036 0.009 0.008 0.008 0.010 0.000 0.000 0.000 0.007 0.003 0.006 0.005 0.000 0.000 0.000 0.000 0.058 0.000 0.005
0.008 0.079 0.005 0.007 0.006 0.007 0.007 0.010 0.010 0.010 0.047 0.003 0.003 0.003 0.000 0.007 0.000 0.000 0.000 0.000 0.005 0.010 0.006 0.000 0.000 0.000 0.000 0.000 0.000 0.000 0.007 0.013 0.009 0.009 0.006 0.007 0.005 0.078 0.205 0.386 0.020 0.010 0.010 0.000 0.010 0.010 0.010 0.010 0.010 0.010 0.008 0.010 0.009 0.000 0.000 0.009 0.010 0.009 0.009 0.070 0.008 0.007 0.008 0.007 0.000 0.000 0.000 0.007 0.003 0.004 0.000 0.000 0.002 0.000 0.000 0.000 0.002
0.006 0.004 0.006 0.004 0.004 0.005 0.009 0.010 0.010 0.010 0.009 0.002 0.000 0.003 0.005 0.010 0.000 0.000 0.010 0.010 0.004 0.082 0.010 0.000 0.004 0.005 0.004 0.000 0.004 0.029 0.063 0.005 0.008 0.060 0.007 0.000 0.000 0.007 0.005 0.005 0.136 0.009 0.000 0.010 0.088 0.000 0.305 0.008 0.009 0.010 0.042 0.000 0.013 0.008 0.007 0.007 0.009 0.042 0.010 0.008 0.009 0.004 0.003 0.007 0.004 0.006 0.004 0.006 0.004 0.000 0.004 0.002 0.004 0.003 0.002 0.005 0.006
0.008 0.013 0.008 0.008 0.005 0.007 0.008 0.290 0.075 0.010 0.005 0.005 0.003 0.000 0.007 0.007 0.000 0.000 0.000 0.026 0.007 0.007 0.000 0.005 0.003 0.004 0.008 0.005 0.000 0.006 0.000 0.007 0.008 0.008 0.005 0.006 0.007 0.006 0.113 0.013 0.012 0.014 0.007 0.008 0.000 0.000 0.419 0.000 0.010 0.010 0.009 0.007 0.000 0.010 0.009 0.067 0.000 0.009 0.010 0.003 0.004 0.009 0.010 0.055 0.000 0.004 0.006 0.007 0.013 0.000 0.004 0.004 0.010 0.005 0.005 0.013 0.010
0.005 0.006 0.007 0.010 0.055 0.007 0.109 0.013 0.021 0.010 0.004 0.004 0.000 0.007 0.007 0.008 0.010 0.058 0.000 0.000 0.007 0.000 0.007 0.007 0.004 0.000 0.007 0.005 0.008 0.010 0.010 0.010 0.007 0.005 0.011 0.000 0.010 0.007 0.007 0.010 0.010 0.000 0.010 0.035 0.008 0.008 0.009 0.007 0.083 0.000 0.010 0.010 0.075 0.010 0.010 0.010 0.018 0.007 0.017 0.008 0.006 0.007 0.007 0.019 0.010 0.000 0.009 0.000 0.000 0.003 0.006 0.006 0.010 0.019 0.009 0.010 0.010
0.006 0.008 0.008 0.019 0.005 0.006 0.005 0.008 0.056 0.013 0.015 0.032 0.076 0.000 0.010 0.010 0.009 0.009 0.010 0.000 0.010 0.007 0.004 0.004 0.000 0.000 0.005 0.008 0.010 0.010 0.007 0.006 0.008 0.007 0.005 0.000 0.007 0.006 0.142 0.011 0.010 0.000 0.000 0.010 0.008 0.007 0.005 0.008 0.000 0.010 0.131 0.000 0.010 0.010 0.010 0.024 0.010 0.009 0.000 0.000 0.006 0.006 0.010 0.009 0.008 0.007 0.006 0.008 0.003 0.002 0.000 0.026 0.007 0.005 0.000 0.053 0.010
0.007 0.004 0.006 0.008 0.007 0.006 0.007 0.009 0.014 0.013 0.021 0.069 0.000 0.006 0.045 0.022 0.004 0.006 0.000 0.005 0.008 0.010 0.008 0.008 0.000 0.005 0.010 0.010 0.034 0.010 0.000 0.006 0.000 0.010 0.000 0.000 0.010 0.007 0.042 0.007 0.000 0.000 0.000 0.010 0.000 0.010 0.013 0.023 0.010 0.009 0.010 0.010 0.123 0.000 0.010 0.010 0.010 0.008 0.000 0.000 0.000 0.010 0.010 0.006 0.008 0.006 0.005 0.000 0.003 0.006 0.007 0.004 0.008 0.010 0.010 0.010 0.047
0.008 0.008 0.008 0.006 0.006 0.008 0.008 0.008 0.010 0.010 0.064 0.087 0.000 0.003 0.005 0.007 0.006 0.007 0.005 0.007 0.008 0.007 0.006 0.008 0.006 0.005 0.024 0.010 0.010 0.006 0.013 0.017 0.000 0.007 0.000 0.015 0.008 0.013 0.005 0.008 0.010 0.010 0.010 0.000 0.000 0.000 0.005 0.007 0.007 0.007 0.006 0.010 0.010 0.010 0.195 0.000 0.159 0.010 0.010 0.008 0.004 0.010 0.043 0.017 0.007 0.009 0.005 0.004 0.002 0.002 0.003 0.003 0.004 0.010 0.009 0.021 0.010
0.008 0.008 0.006 0.006 0.007 0.007 0.008 0.009 0.006 0.093 0.190 0.000 0.003 0.004 0.004 0.005 0.007 0.005 0.007 0.007 0.009 0.005 0.000 0.007 0.005 0.005 0.000 0.000 0.003 0.000 0.006 0.005 0.007 0.000 0.000 0.006 0.008 0.009 0.004 0.009 0.000 0.000 0.010 0.010 0.010 0.010 0.007 0.005 0.060 0.010 0.010 0.010 0.010 0.007 0.010 0.010 0.010 0.000 0.129 0.010 0.009 0.010 0.010 0.010 0.010 0.005 0.004 0.004 0.002 0.002 0.000 0.001 0.002 0.005 0.005 0.008 0.010
0.005 0.025 0.007 0.010 0.008 0.008 0.006 0.008 0.006 0.006 0.107 0.006 0.013 0.004 0.009 0.004 0.009 0.000 0.000 0.010 0.029 0.000 0.006 0.005 0.009 0.000 0.000 0.000 0.000 0.004 0.000 0.010 0.000 0.018 0.009 0.010 0.093 0.010 0.004 0.007 0.000 0.000 0.066 0.000 0.010 0.007 0.018 0.007 0.006 0.032 0.147 0.000 0.009 0.006 0.007 0.009 0.010 0.010 0.010 0.000 0.260 0.010 0.010 0.080 0.007 0.006 0.004 0.000 0.003 0.002 0.000 0.003 0.002 0.006 0.000 0.010 0.000
0.007 0.009 0.008 0.000 0.007 0.012 0.010 0.010 0.045 0.000 0.100 0.008 0.008 0.006 0.005 0.008 0.007 0.007 0.009 0.020 0.008 0.003 0.004 0.006 0.000 0.005 0.000 0.005 0.003 0.000 0.000 0.000 0.016 0.009 0.010 0.007 0.006 0.007 0.006 0.007 0.010 0.010 0.000 0.000 0.000 0.008 0.010 0.010 0.008 0.009 0.067 0.055 0.000 0.000 0.004 0.007 0.006 0.010 0.010 0.010 0.010 0.000 0.387 0.010 0.005 0.000 0.009 0.000 0.000 0.002 0.000 0.002 0.003 0.004 0.005 0.000 0.000
0.010 0.010 0.010 0.010 0.009 0.008 0.009 0.000 0.000 0.061 0.007 0.000 0.010 0.005 0.004 0.010 0.007 0.008 0.005 0.006 0.020 0.007 0.005 0.007 0.000 0.010 0.004 0.003 0.004 0.000 0.015 0.010 0.009 0.108 0.009 0.006 0.007 0.007 0.007 0.007 0.000 0.010 0.010 0.010 0.010 0.006 0.010 0.000 0.000 0.008 0.010 0.009 0.010 0.007 0.023 0.009 0.005 0.006 0.007 0.009 0.010 0.010 0.010 0.000 0.000 0.034 0.000 0.004 0.000 0.002 0.002 0.003 0.004 0.009 0.002 0.003 0.003
0.010 0.010 0.010 0.000 0.008 0.063 0.000 0.060 0.010 0.000 0.000 0.008 0.008 0.004 0.003 0.010 0.003 0.004 0.003 0.005 0.005 0.005 0.029 0.007 0.007 0.026 0.007 0.009 0.000 0.000 0.008 0.010 0.010 0.007 0.009 0.007 0.009 0.012 0.009 0.051 0.000 0.048 0.000 0.000 0.009 0.008 0.043 0.010 0.009 0.010 0.000 0.010 0.007 0.000 0.009 0.019 0.007 0.000 0.008 0.007 0.011 0.007 0.009 0.006 0.018 0.000 0.034 0.007 0.000 0.002 0.002 0.000 0.000 0.004 0.080 0.004 0.003
0.010 0.007 0.000 0.008 0.106 0.000 0.026 0.009 0.000 0.007 0.008 0.003 0.002 0.005 0.000 0.000 0.007 0.004 0.004 0.008 0.005 0.000 0.004 0.000 0.007 0.008 0.010 0.006 0.009 0.008 0.010 0.008 0.010 0.007 0.007 0.012 0.009 0.014 0.009 0.010 0.000 0.000 0.000 0.000 0.007 0.007 0.017 0.018 0.007 0.008 0.007 0.005 0.024 0.004 0.010 0.000 0.060 0.006 0.008 0.000 0.004 0.007 0.009 0.000 0.000 0.005 0.009 0.000 0.307 0.010 0.004 0.004 0.000 0.004 0.004 0.005 0.007
0.005 0.009 0.007 0.000 0.014 0.008 0.010 0.000 0.000 0.000 0.004 0.005 0.009 0.000 0.000 0.005 0.003 0.002 0.006 0.007 0.000 0.007 0.005 0.007 0.006 0.007 0.008 0.069 0.011 0.006 0.009 0.007 0.009 0.007 0.005 0.016 0.009 0.007 0.029 0.010 0.010 0.007 0.000 0.009 0.009 0.007 0.034 0.117 0.094 0.000 0.006 0.000 0.000 0.000 0.000 0.006 0.006 0.000 0.008 0.007 0.000 0.004 0.006 0.007 0.006 0.005 0.007 0.004 0.010 0.000 0.000 0.014 0.005 0.010 0.000 0.000 0.000
0.008 0.284 0.000 0.010 0.009 0.010 0.010 0.000 0.006 0.005 0.007 0.057 0.010 0.010 0.009 0.009 0.002 0.000 0.004 0.009 0.008 0.000 0.000 0.005 0.006 0.007 0.007 0.010 0.009 0.000 0.000 0.072 0.007 0.008 0.010 0.008 0.009 0.007 0.007 0.007 0.009 0.007 0.007 0.010 0.097 0.000 0.000 0.085 0.058 0.007 0.005 0.000 0.000 0.000 0.000 0.000 0.006 0.021 0.008 0.008 0.007 0.006 0.076 0.010 0.000 0.013 0.006 0.008 0.008 0.004 0.008 0.000 0.000 0.007 0.000 0.003 0.010
0.000 0.010 0.010 0.005 0.010 0.010 0.005 0.003 0.004 0.003 0.009 0.070 0.010 0.010 0.006 0.000 0.000 0.000 0.005 0.008 0.000 0.000 0.000 0.000 0.007 0.000 0.006 0.111 0.010 0.010 0.007 0.005 0.004 0.008 0.007 0.046 0.008 0.007 0.006 0.007 0.005 0.006 0.005 0.010 0.010 0.030 0.008 0.007 0.000 0.007 0.000 0.000 0.000 0.000 0.010 0.009 0.006 0.006 0.010 0.010 0.008 0.000 0.010 0.000 0.000 0.000 0.005 0.006 0.005 0.000 0.000 0.004 0.013 0.000 0.000 0.006 0.006
