hx_30m/njhx/rain/result-0023.wd
ncols         211
nrows         286
xllcorner     660279.582600
yllcorner     3541874.325092
cellsize      30.000000
NODATA_value  -9999.000000
[rows 238 to 271 of 286, columns 77 to 153 of 211]
0.010 0.010 0.010 0.029 0.010 0.010 0.000 0.000 0.000 0.010 0.008 0.009 0.000 0.000 0.009 0.007 0.000 0.010 0.022 0.010 0.010 0.010 0.010 0.010 0.010 0.010 0.010 0.000 0.009 0.009 0.006 0.005 0.005 0.006 0.007 0.006 0.010 0.000 0.010 0.010 0.010 0.563 0.010 0.010 0.010 0.010 0.000 0.010 0.000 0.000 0.010 0.105 0.010 0.010 0.010 0.010 0.010 0.010 0.063 0.010 0.010 0.000 0.010 0.010 0.010 0.010 0.010 0.000 0.000 0.007 0.009 0.010 0.010 0.000 0.010 0.009 0.006
0.058 0.010 0.010 0.010 0.024 0.010 0.010 0.000 0.000 0.010 0.000 0.010 0.000 0.010 0.016 0.000 0.010 0.008 0.010 0.010 0.010 0.010 0.010 0.010 0.010 0.010 0.034 0.000 0.000 0.007 0.006 0.005 0.005 0.006 0.006 0.006 0.010 0.010 0.010 0.010 0.000 0.018 0.000 0.008 0.009 0.010 0.010 0.000 0.010 0.010 0.010 0.013 0.010 0.052 0.010 0.010 0.010 0.000 0.029 0.010 0.010 0.010 0.010 0.044 0.010 0.000 0.007 0.000 0.010 0.010 0.027 0.009 0.010 0.010 0.000 0.009 0.009
0.000 0.000 0.010 0.036 0.010 0.010 0.010 0.010 0.010 0.000 0.000 0.010 0.007 0.010 0.010 0.010 0.010 0.042 0.010 0.010 0.010 0.069 0.010 0.010 0.010 0.010 0.010 0.021 0.008 0.007 0.000 0.007 0.006 0.007 0.006 0.007 0.025 0.010 0.023 0.000 0.017 0.012 0.000 0.010 0.010 0.010 0.026 0.010 0.010 0.010 0.010 0.010 0.010 0.010 0.010 0.010 0.000 0.072 0.010 0.010 0.020 0.000 0.010 0.010 0.010 0.010 0.004 0.000 0.007 0.010 0.000 0.010 0.021 0.010 0.000 0.007 0.006
0.000 0.026 0.000 0.000 0.016 0.010 0.010 0.010 0.010 0.010 0.010 0.000 0.009 0.010 0.010 0.010 0.130 0.010 0.010 0.010 0.073 0.010 0.014 0.010 0.015 0.010 0.000 0.000 0.010 0.014 0.009 0.007 0.007 0.009 0.020 0.010 0.010 0.010 0.010 0.016 0.010 0.010 0.010 0.010 0.010 0.010 0.000 0.010 0.012 0.010 0.010 0.010 0.010 0.029 0.020 0.065 0.000 0.010 0.010 0.010 0.000 0.000 0.066 0.078 0.010 0.000 0.010 0.009 0.010 0.009 0.016 0.000 0.006 0.010 0.000 0.000 0.000
0.000 0.000 0.010 0.036 0.000 0.030 0.010 0.010 0.010 0.029 0.010 0.010 0.010 0.010 0.010 0.012 0.010 0.010 0.010 0.010 0.010 0.010 0.010 0.010 0.010 0.000 0.000 0.010 0.010 0.010 0.016 0.010 0.009 0.034 0.010 0.010 0.010 0.010 0.000 0.010 0.010 0.010 0.010 0.012 0.000 0.010 0.009 0.009 0.010 0.010 0.010 0.009 0.010 0.010 0.010 0.010 0.215 0.010 0.010 0.000 0.030 0.000 0.010 0.010 0.000 0.000 0.028 0.000 0.000 0.008 0.008 0.000 0.010 0.008 0.009 0.000 0.009
0.000 0.000 0.000 0.000 0.000 0.010 0.000 0.170 0.010 0.010 0.010 0.019 0.010 0.010 0.010 0.059 0.010 0.010 0.010 0.046 0.010 0.010 0.010 0.010 0.010 0.010 0.000 0.010 0.010 0.010 0.010 0.010 0.010 0.010 0.000 0.010 0.010 0.000 0.010 0.010 0.010 0.010 0.018 0.000 0.008 0.009 0.010 0.010 0.010 0.010 0.000 0.009 0.008 0.010 0.010 0.010 0.010 0.010 0.016 0.000 0.000 0.010 0.111 0.010 0.000 0.069 0.000 0.000 0.000 0.000 0.013 0.008 0.000 0.010 0.009 0.008 0.043
0.000 0.000 0.000 0.000 0.000 0.000 0.000 0.010 0.000 0.049 0.010 0.010 0.029 0.010 0.010 0.010 0.042 0.010 0.041 0.010 0.010 0.015 0.010 0.010 0.010 0.029 0.010 0.010 0.010 0.010 0.016 0.000 0.000 0.010 0.022 0.010 0.010 0.051 0.010 0.010 0.010 0.010 0.010 0.000 0.008 0.000 0.008 0.007 0.009 0.000 0.009 0.000 0.000 0.010 0.010 0.010 0.010 0.019 0.000 0.000 0.010 0.010 0.010 0.052 0.000 0.037 0.010 0.031 0.000 0.000 0.000 0.000 0.014 0.010 0.010 0.009 0.010
0.000 0.000 0.000 0.000 0.000 0.000 0.000 0.000 0.000 0.010 0.000 0.039 0.010 0.010 0.020 0.010 0.010 0.010 0.010 0.010 0.010 0.010 0.010 0.017 0.010 0.000 0.000 0.010 0.010 0.010 0.000 0.000 0.000 0.010 0.010 0.010 0.000 0.010 0.010 0.023 0.010 0.010 0.010 0.000 0.000 0.007 0.005 0.000 0.000 0.010 0.008 0.000 0.009 0.000 0.000 0.010 0.010 0.010 0.010 0.000 0.061 0.071 0.010 0.000 0.124 0.010 0.010 0.010 0.010 0.010 0.052 0.010 0.000 0.000 0.009 0.010 0.007
0.000 0.000 0.000 0.000 0.000 0.000 0.000 0.000 0.000 0.000 0.000 0.010 0.000 0.166 0.079 0.010 0.070 0.010 0.010 0.010 0.010 0.010 0.010 0.000 0.000 0.000 0.010 0.067 0.010 0.010 0.009 0.000 0.010 0.010 0.010 0.000 0.010 0.013 0.010 0.010 0.010 0.010 0.010 0.010 0.010 0.010 0.006 0.000 0.008 0.010 0.010 0.010 0.000 0.010 0.000 0.010 0.010 0.010 0.042 0.010 0.010 0.010 0.052 0.010 0.059 0.010 0.010 0.010 0.010 0.000 0.027 0.010 0.000 0.000 0.016 0.010 0.010
0.000 0.000 0.000 0.000 0.000 0.000 0.000 0.000 0.000 0.000 0.000 0.000 0.025 0.000 0.060 0.010 0.010 0.010 0.010 0.010 0.010 0.010 0.010 0.054 0.000 0.000 0.000 0.000 0.000 0.000 0.019 0.010 0.010 0.010 0.010 0.010 0.015 0.010 0.027 0.031 0.010 0.010 0.010 0.010 0.010 0.009 0.010 0.010 0.000 0.009 0.023 0.010 0.010 0.010 0.010 0.010 0.010 0.010 0.010 0.010 0.025 0.010 0.010 0.010 0.010 0.000 0.010 0.000 0.011 0.000 0.010 0.000 0.054 0.011 0.010 0.036 0.010
0.000 0.000 0.000 0.000 0.000 0.000 0.000 0.000 0.000 0.000 0.000 0.000 0.000 0.000 0.000 0.000 0.010 0.010 0.010 0.010 0.010 0.010 0.010 0.010 0.010 0.010 0.041 0.000 0.000 0.000 0.000 0.055 0.010 0.010 0.000 0.010 0.010 0.010 0.010 0.010 0.010 0.010 0.010 0.010 0.008 0.010 0.021 0.000 0.010 0.015 0.010 0.011 0.010 0.010 0.010 0.010 0.113 0.051 0.010 0.010 0.010 0.010 0.010 0.010 0.009 0.000 0.010 0.010 0.000 0.000 0.000 0.000 0.067 0.009 0.025 0.029 0.022
0.000 0.000 0.000 0.000 0.000 0.000 0.000 0.000 0.000 0.000 0.000 0.000 0.000 0.000 0.000 0.010 0.071 0.000 0.074 0.010 0.010 0.010 0.028 0.010 0.010 0.010 0.010 0.027 0.000 0.000 0.000 0.010 0.010 0.000 0.010 0.016 0.000 0.010 0.015 0.010 0.010 0.023 0.009 0.000 0.010 0.024 0.010 0.009 0.015 0.010 0.031 0.010 0.010 0.010 0.010 0.000 0.000 0.010 0.010 0.010 0.010 0.010 0.010 0.010 0.023 0.010 0.010 0.059 0.000 0.000 0.000 0.000 0.010 0.010 0.061 0.069 0.113
0.000 0.000 0.000 0.000 0.000 0.000 0.000 0.000 0.000 0.000 0.000 0.000 0.000 0.000 0.000 0.000 0.000 0.024 0.000 0.000 0.038 0.010 0.010 0.031 0.010 0.010 0.010 0.010 0.033 0.000 0.033 0.010 0.010 0.010 0.000 0.010 0.011 0.000 0.000 0.010 0.010 0.010 0.010 0.010 0.021 0.000 0.000 0.010 0.010 0.010 0.016 0.010 0.010 0.018 0.000 0.025 0.041 0.010 0.010 0.068 0.010 0.013 0.309 0.010 0.010 0.010 0.010 0.010 0.027 0.000 0.000 0.010 0.010 0.010 0.010 0.010 0.094
0.000 0.000 0.000 0.000 0.000 0.000 0.000 0.000 0.000 0.000 0.000 0.000 0.000 0.000 0.000 0.000 0.000 0.000 0.000 0.000 0.000 0.000 0.010 0.010 0.015 0.010 0.010 0.010 0.010 0.034 0.010 0.010 0.010 0.025 0.010 0.010 0.009 0.010 0.017 0.010 0.010 0.012 0.010 0.010 0.000 0.000 0.008 0.010 0.010 0.010 0.010 0.010 0.046 0.010 0.000 0.000 0.000 0.054 0.010 0.010 0.010 0.025 0.010 0.010 0.010 0.010 0.010 0.010 0.021 0.010 0.010 0.032 0.010 0.000 0.010 0.015 0.010
0.000 0.000 0.000 0.000 0.000 0.000 0.000 0.000 0.000 0.000 0.000 0.000 0.000 0.000 0.000 0.000 0.000 0.000 0.000 0.000 0.000 0.000 0.033 0.000 0.010 0.010 0.011 0.010 0.010 0.010 0.010 0.000 0.016 0.010 0.010 0.010 0.010 0.010 0.010 0.010 0.010 0.010 0.010 0.024 0.010 0.000 0.019 0.009 0.023 0.010 0.010 0.010 0.020 0.000 0.010 0.000 0.061 0.010 0.010 0.010 0.010 0.010 0.046 0.010 0.010 0.010 0.010 0.010 0.010 0.010 0.010 0.010 0.010 0.027 0.053 0.000 0.067
0.000 0.000 0.000 0.000 0.000 0.000 0.000 0.000 0.000 0.000 0.000 0.000 0.000 0.000 0.000 0.000 0.000 0.000 0.000 0.000 0.000 0.000 0.000 0.000 0.117 0.000 0.010 0.010 0.010 0.010 0.010 0.403 0.010 0.010 0.010 0.010 0.010 0.010 0.010 0.010 0.000 0.010 0.010 0.000 0.010 0.010 0.010 0.010 0.010 0.010 0.010 0.010 0.010 0.000 0.027 0.010 0.010 0.010 0.010 0.010 0.000 0.010 0.080 0.000 0.029 0.010 0.010 0.140 0.010 0.010 0.010 0.010 0.010 0.010 0.010 0.138 0.000
0.000 0.000 0.000 0.000 0.000 0.000 0.000 0.000 0.000 0.000 0.000 0.000 0.000 0.000 0.000 0.000 0.000 0.000 0.000 0.000 0.000 0.000 0.000 0.000 0.000 0.000 0.000 0.032 0.010 0.010 0.000 0.010 0.010 0.020 0.010 0.010 0.017 0.000 0.010 0.010 0.010 0.010 0.037 0.008 0.000 0.010 0.010 0.010 0.010 0.010 0.010 0.039 0.000 0.000 0.000 0.000 0.052 0.010 0.010 0.010 0.073 0.081 0.000 0.000 0.062 0.050 0.010 0.010 0.010 0.010 0.010 0.010 0.010 0.010 0.010 0.010 0.039
0.000 0.000 0.000 0.000 0.000 0.000 0.000 0.000 0.000 0.000 0.000 0.000 0.000 0.000 0.000 0.000 0.000 0.000 0.000 0.000 0.000 0.000 0.000 0.000 0.000 0.000 0.000 0.010 0.043 0.000 0.010 0.010 0.010 0.010 0.010 0.010 0.000 0.010 0.010 0.010 0.010 0.015 0.010 0.047 0.010 0.010 0.010 0.009 0.009 0.010 0.009 0.010 0.000 0.029 0.017 0.051 0.010 0.010 0.078 0.000 0.062 0.046 0.010 0.000 0.000 0.054 0.075 0.000 0.010 0.010 0.010 0.054 0.010 0.010 0.010 0.010 0.010
0.000 0.000 0.000 0.000 0.000 0.000 0.000 0.000 0.000 0.000 0.000 0.000 0.000 0.000 0.000 0.000 0.000 0.000 0.000 0.000 0.000 0.000 0.000 0.000 0.000 0.000 0.000 0.000 0.000 0.000 0.000 0.010 0.010 0.010 0.041 0.010 0.010 0.010 0.010 0.010 0.068 0.000 0.000 0.009 0.008 0.037 0.010 0.000 0.000 0.010 0.010 0.000 0.026 0.000 0.000 0.024 0.010 0.010 0.010 0.010 0.012 0.010 0.000 0.000 0.000 0.000 0.000 0.112 0.010 0.010 0.056 0.000 0.010 0.010 0.060 0.010 0.010
0.000 0.000 0.000 0.000 0.000 0.000 0.000 0.000 0.000 0.000 0.000 0.000 0.000 0.000 0.000 0.000 0.000 0.000 0.000 0.000 0.000 0.000 0.000 0.000 0.000 0.000 0.000 0.000 0.000 0.000 0.000 0.059 0.000 0.010 0.010 0.010 0.010 0.010 0.010 0.016 0.010 0.000 0.000 0.008 0.000 0.008 0.013 0.009 0.008 0.010 0.010 0.053 0.000 0.000 0.081 0.010 0.010 0.010 0.010 0.010 0.010 0.010 0.000 0.010 0.011 0.100 0.112 0.010 0.010 0.059 0.010 0.000 0.010 0.000 0.000 0.024 0.022
0.000 0.000 0.000 0.000 0.000 0.000 0.000 0.000 0.000 0.000 0.000 0.000 0.000 0.000 0.000 0.000 0.000 0.000 0.000 0.000 0.000 0.000 0.000 0.000 0.000 0.000 0.000 0.000 0.000 0.000 0.000 0.000 0.000 0.015 0.146 0.010 0.010 0.010 0.010 0.010 0.010 0.015 0.000 0.000 0.000 0.009 0.010 0.010 0.010 0.010 0.000 0.000 0.026 0.000 0.010 0.010 0.010 0.141 0.010 0.055 0.010 0.010 0.010 0.000 0.000 0.010 0.047 0.010 0.010 0.010 0.010 0.010 0.010 0.000 0.025 0.022 0.018
0.000 0.000 0.000 0.000 0.000 0.000 0.000 0.000 0.000 0.000 0.000 0.000 0.000 0.000 0.000 0.000 0.000 0.000 0.000 0.000 0.000 0.000 0.000 0.000 0.000 0.000 0.000 0.000 0.000 0.000 0.000 0.000 0.000 0.000 0.010 0.000 0.010 0.010 0.010 0.010 0.010 0.010 0.010 0.000 0.008 0.000 0.000 0.009 0.010 0.010 0.049 0.097 0.000 0.000 0.010 0.010 0.010 0.023 0.010 0.061 0.010 0.143 0.000 0.000 0.010 0.000 0.010 0.000 0.042 0.010 0.010 0.010 0.010 0.010 0.043 0.010 0.010
0.000 0.000 0.000 0.000 0.000 0.000 0.000 0.000 0.000 0.000 0.000 0.000 0.000 0.000 0.000 0.000 0.000 0.000 0.000 0.000 0.000 0.000 0.000 0.000 0.000 0.000 0.000 0.000 0.000 0.000 0.000 0.000 0.000 0.000 0.000 0.000 0.083 0.000 0.010 0.010 0.010 0.010 0.034 0.010 0.010 0.000 0.010 0.009 0.010 0.010 0.010 0.010 0.045 0.010 0.010 0.010 0.062 0.010 0.010 0.010 0.010 0.010 0.010 0.010 0.010 0.010 0.013 0.000 0.010 0.010 0.016 0.010 0.010 0.010 0.010 0.010 0.010
0.000 0.000 0.000 0.000 0.000 0.000 0.000 0.000 0.000 0.000 0.000 0.000 0.000 0.000 0.000 0.000 0.000 0.000 0.000 0.000 0.000 0.000 0.000 0.000 0.000 0.000 0.000 0.000 0.000 0.000 0.000 0.000 0.000 0.000 0.000 0.000 0.000 0.000 0.345 0.000 0.010 0.010 0.010 0.010 0.010 0.010 0.010 0.015 0.010 0.010 0.010 0.000 0.000 0.012 0.010 0.010 0.010 0.010 0.040 0.010 0.010 0.010 0.010 0.010 0.000 0.010 0.010 0.010 0.010 0.010 0.020 0.010 0.010 0.010 0.010 0.010 0.010
0.000 0.000 0.000 0.000 0.000 0.000 0.000 0.000 0.000 0.000 0.000 0.000 0.000 0.000 0.000 0.000 0.000 0.000 0.000 0.000 0.000 0.000 0.000 0.000 0.000 0.000 0.000 0.000 0.000 0.000 0.000 0.000 0.000 0.000 0.000 0.000 0.000 0.000 0.000 0.000 0.073 0.010 0.010 0.010 0.010 0.010 0.010 0.010 0.010 0.010 0.000 0.000 0.000 0.000 0.020 0.010 0.010 0.000 0.010 0.010 0.010 0.010 0.010 0.010 0.010 0.061 0.010 0.010 0.010 0.010 0.010 0.013 0.010 0.010 0.047 0.010 0.010
0.000 0.000 0.000 0.000 0.000 0.000 0.000 0.000 0.000 0.000 0.000 0.000 0.000 0.000 0.000 0.000 0.000 0.000 0.000 0.000 0.000 0.000 0.000 0.000 0.000 0.000 0.000 0.000 0.000 0.000 0.000 0.000 0.000 0.000 0.000 0.000 0.000 0.000 0.000 0.000 0.000 0.010 0.000 0.010 0.020 0.010 0.056 0.010 0.010 0.010 0.019 0.010 0.000 0.000 0.010 0.010 0.000 0.000 0.010 0.010 0.010 0.010 0.010 0.010 0.010 0.010 0.010 0.010 0.010 0.010 0.031 0.010 0.010 0.010 0.010 0.010 0.010
0.000 0.000 0.000 0.000 0.000 0.000 0.000 0.000 0.000 0.000 0.000 0.000 0.000 0.000 0.000 0.000 0.000 0.000 0.000 0.000 0.000 0.000 0.000 0.000 0.000 0.000 0.000 0.000 0.000 0.000 0.000 0.000 0.000 0.000 0.000 0.000 0.000 0.000 0.000 0.000 0.000 0.000 0.000 0.040 0.000 0.010 0.022 0.010 0.010 0.021 0.010 0.010 0.009 0.010 0.010 0.010 0.000 0.049 0.010 0.010 0.010 0.010 0.010 0.010 0.072 0.010 0.010 0.010 0.010 0.010 0.022 0.083 0.188 0.020 0.010 0.010 0.083
0.000 0.000 0.000 0.000 0.000 0.000 0.000 0.000 0.000 0.000 0.000 0.000 0.000 0.000 0.000 0.000 0.000 0.000 0.000 0.000 0.000 0.000 0.000 0.000 0.000 0.000 0.000 0.000 0.000 0.000 0.000 0.000 0.000 0.000 0.000 0.000 0.000 0.000 0.000 0.000 0.000 0.000 0.000 0.000 0.000 0.010 0.000 0.010 0.010 0.010 0.017 0.010 0.010 0.010 0.042 0.010 0.000 0.010 0.012 0.010 0.010 0.019 0.010 0.010 0.010 0.010 0.000 0.000 0.010 0.010 0.010 0.357 0.061 0.030 0.010 0.010 0.010
0.000 0.000 0.000 0.000 0.000 0.000 0.000 0.000 0.000 0.000 0.000 0.000 0.000 0.000 0.000 0.000 0.000 0.000 0.000 0.000 0.000 0.000 0.000 0.000 0.000 0.000 0.000 0.000 0.000 0.000 0.000 0.000 0.000 0.000 0.000 0.000 0.000 0.000 0.000 0.000 0.000 0.000 0.000 0.000 0.000 0.000 0.000 0.039 0.000 0.038 0.010 0.010 0.000 0.010 0.010 0.010 0.000 0.010 0.010 0.010 0.010 0.010 0.010 0.038 0.010 0.013 0.000 0.000 0.000 0.010 0.010 0.010 0.039 0.058 0.010 0.010 0.010
0.000 0.000 0.000 0.000 0.000 0.000 0.000 0.000 0.000 0.000 0.000 0.000 0.000 0.000 0.000 0.000 0.000 0.000 0.000 0.000 0.000 0.000 0.000 0.000 0.000 0.000 0.000 0.000 0.000 0.000 0.000 0.000 0.000 0.000 0.000 0.000 0.000 0.000 0.000 0.000 0.000 0.000 0.000 0.000 0.000 0.000 0.000 0.000 0.000 0.000 0.453 0.010 0.010 0.010 0.010 0.010 0.010 0.000 0.010 0.010 0.010 0.010 0.026 0.010 0.010 0.000 0.000 0.000 0.000 0.000 0.000 0.010 0.010 0.053 0.010 0.010 0.010
0.000 0.000 0.000 0.000 0.000 0.000 0.000 0.000 0.000 0.000 0.000 0.000 0.000 0.000 0.000 0.000 0.000 0.000 0.000 0.000 0.000 0.000 0.000 0.000 0.000 0.000 0.000 0.000 0.000 0.000 0.000 0.000 0.000 0.000 0.000 0.000 0.000 0.000 0.000 0.000 0.000 0.000 0.000 0.000 0.000 0.000 0.000 0.000 0.000 0.000 0.010 0.000 0.010 0.010 0.010 0.010 0.010 0.037 0.010 0.026 0.010 0.010 0.062 0.010 0.011 0.010 0.000 0.000 0.000 0.000 0.000 0.000 0.000 0.010 0.010 0.056 0.010
0.000 0.000 0.000 0.000 0.000 0.000 0.000 0.000 0.000 0.000 0.000 0.000 0.000 0.000 0.000 0.000 0.000 0.000 0.000 0.000 0.000 0.000 0.000 0.000 0.000 0.000 0.000 0.000 0.000 0.000 0.000 0.000 0.000 0.000 0.000 0.000 0.000 0.000 0.000 0.000 0.000 0.000 0.000 0.000 0.000 0.000 0.000 0.000 0.000 0.000 0.000 0.000 0.045 0.000 0.010 0.010 0.010 0.028 0.010 0.010 0.010 0.028 0.010 0.010 0.055 0.010 0.040 0.025 0.000 0.000 0.000 0.000 0.014 0.000 0.000 0.010 0.010
0.000 0.000 0.000 0.000 0.000 0.000 0.000 0.000 0.000 0.000 0.000 0.000 0.000 0.000 0.000 0.000 0.000 0.000 0.000 0.000 0.000 0.000 0.000 0.000 0.000 0.000 0.000 0.000 0.000 0.000 0.000 0.000 0.000 0.000 0.000 0.000 0.000 0.000 0.000 0.000 0.000 0.000 0.000 0.000 0.000 0.000 0.000 0.000 0.000 0.000 0.000 0.000 0.000 0.000 0.044 0.000 0.010 0.010 0.017 0.010 0.024 0.010 0.010 0.010 0.010 0.010 0.010 0.010 0.061 0.010 0.000 0.000 0.000 0.000 0.026 0.010 0.010
0.000 0.000 0.000 0.000 0.000 0.000 0.000 0.000 0.000 0.000 0.000 0.000 0.000 0.000 0.000 0.000 0.000 0.000 0.000 0.000 0.000 0.000 0.000 0.000 0.000 0.000 0.000 0.000 0.000 0.000 0.000 0.000 0.000 0.000 0.000 0.000 0.000 0.000 0.000 0.000 0.000 0.000 0.000 0.000 0.000 0.000 0.000 0.000 0.000 0.000 0.000 0.000 0.000 0.000 0.000 0.000 0.000 0.036 0.010 0.010 0.012 0.010 0.010 0.010 0.010 0.010 0.010 0.010 0.010 0.010 0.000 0.000 0.000 0.000 0.000 0.008 0.000
