hx_30m/njhx/rain/result-0060.wd
ncols         211
nrows         286
xllcorner     660279.582600
yllcorner     3541874.325092
cellsize      30.000000
NODATA_value  -9999.000000
[rows 102 to 135 of 286, columns 77 to 153 of 211]
0.000 0.058 0.010 0.001 0.004 0.001 0.000 0.000 0.000 0.000 0.004 0.001 0.000 0.000 0.000 0.000 0.000 0.004 0.030 0.001 0.010 0.047 0.144 0.010 0.010 0.010 0.018 0.000 0.002 0.002 0.000 0.000 0.000 0.001 0.000 0.000 0.001 0.001 0.002 0.000 0.001 0.000 0.002 0.001 0.000 0.001 0.001 0.000 0.000 0.000 0.001 0.010 0.001 0.000 0.001 0.000 0.000 0.001 0.001 0.000 0.000 0.000 0.000 0.001 0.000 0.001 0.000 0.000 0.000 0.000 0.000 0.000 0.000 0.001 0.002 0.004 0.000
0.010 0.010 0.002 0.001 0.004 0.000 0.000 0.000 0.000 0.010 0.002 0.000 0.000 0.000 0.000 0.001 0.001 0.002 0.001 0.010 0.027 0.010 0.010 0.010 0.010 0.010 0.010 0.000 0.000 0.000 0.000 0.000 0.000 0.002 0.000 0.000 0.000 0.000 0.000 0.000 0.002 0.002 0.032 0.000 0.000 0.000 0.000 0.001 0.000 0.000 0.000 0.002 0.002 0.000 0.000 0.000 0.000 0.000 0.001 0.000 0.000 0.000 0.000 0.000 0.002 0.000 0.000 0.000 0.000 0.000 0.000 0.000 0.000 0.000 0.000 0.001 0.000
0.010 0.010 0.002 0.001 0.010 0.001 0.001 0.001 0.000 0.000 0.010 0.001 0.000 0.000 0.000 0.000 0.000 0.000 0.000 0.001 0.010 0.022 0.010 0.010 0.010 0.010 0.010 0.004 0.001 0.001 0.010 0.002 0.001 0.003 0.000 0.002 0.002 0.002 0.001 0.001 0.000 0.009 0.000 0.000 0.000 0.001 0.000 0.000 0.000 0.000 0.000 0.003 0.000 0.000 0.006 0.001 0.000 0.002 0.002 0.001 0.000 0.002 0.010 0.000 0.000 0.000 0.000 0.000 0.002 0.010 0.002 0.000 0.000 0.000 0.002 0.010 0.002
0.010 0.010 0.002 0.004 0.004 0.007 0.004 0.000 0.000 0.000 0.010 0.000 0.000 0.000 0.000 0.000 0.000 0.001 0.001 0.000 0.096 0.107 0.010 0.010 0.010 0.010 0.010 0.166 0.010 0.010 0.010 0.010 0.010 0.010 0.147 0.010 0.002 0.002 0.001 0.000 0.000 0.020 0.010 0.000 0.000 0.000 0.000 0.000 0.000 0.000 0.000 0.001 0.000 0.000 0.000 0.001 0.001 0.000 0.000 0.000 0.000 0.000 0.000 0.003 0.000 0.000 0.001 0.001 0.000 0.001 0.000 0.000 0.000 0.010 0.010 0.010 0.010
0.010 0.010 0.001 0.004 0.002 0.000 0.000 0.000 0.000 0.000 0.000 0.000 0.000 0.000 0.000 0.000 0.001 0.000 0.000 0.001 0.010 0.010 0.010 0.010 0.010 0.010 0.010 0.010 0.010 0.010 0.010 0.010 0.010 0.010 0.010 0.010 0.002 0.002 0.001 0.001 0.010 0.010 0.010 0.010 0.004 0.000 0.000 0.001 0.000 0.001 0.000 0.002 0.004 0.000 0.000 0.000 0.000 0.000 0.000 0.000 0.000 0.000 0.000 0.000 0.000 0.006 0.000 0.000 0.004 0.000 0.000 0.000 0.001 0.010 0.000 0.010 0.001
0.010 0.010 0.002 0.004 0.002 0.001 0.000 0.000 0.000 0.000 0.000 0.000 0.000 0.000 0.000 0.000 0.000 0.000 0.000 0.010 0.010 0.070 0.252 0.178 0.010 0.010 0.010 0.010 0.189 0.076 0.010 0.010 0.000 0.146 0.000 0.010 0.002 0.002 0.001 0.006 0.010 0.010 0.010 0.010 0.001 0.000 0.000 0.000 0.000 0.000 0.000 0.000 0.003 0.000 0.000 0.000 0.000 0.000 0.001 0.000 0.000 0.000 0.000 0.000 0.000 0.010 0.000 0.000 0.000 0.000 0.000 0.000 0.000 0.010 0.000 0.000 0.010
0.290 0.033 0.001 0.004 0.001 0.000 0.000 0.000 0.000 0.000 0.000 0.000 0.000 0.000 0.002 0.000 0.000 0.000 0.000 0.002 0.010 0.642 0.010 0.010 0.010 0.010 0.010 0.010 0.010 0.010 0.010 0.010 0.117 0.010 0.024 0.000 0.002 0.288 0.004 0.000 0.010 0.110 0.001 0.000 0.001 0.000 0.001 0.000 0.001 0.000 0.000 0.000 0.001 0.000 0.001 0.002 0.000 0.000 0.000 0.000 0.001 0.000 0.000 0.001 0.000 0.002 0.000 0.000 0.000 0.000 0.001 0.010 0.000 0.000 0.000 0.032 0.002
0.074 0.010 0.001 0.010 0.004 0.001 0.001 0.000 0.000 0.001 0.000 0.000 0.000 0.000 0.001 0.001 0.010 0.001 0.000 0.002 0.001 0.001 0.002 0.009 0.010 0.007 0.001 0.004 0.010 0.004 0.002 0.004 0.001 0.004 0.004 0.010 0.001 0.010 0.000 0.010 0.011 0.010 0.004 0.000 0.004 0.000 0.001 0.000 0.000 0.000 0.000 0.001 0.001 0.000 0.000 0.000 0.000 0.000 0.000 0.000 0.000 0.001 0.000 0.000 0.000 0.000 0.000 0.000 0.000 0.000 0.057 0.010 0.000 0.000 0.000 0.010 0.001
0.010 0.010 0.001 0.010 0.000 0.000 0.000 0.000 0.000 0.001 0.001 0.003 0.000 0.004 0.000 0.014 0.010 0.010 0.001 0.001 0.001 0.001 0.010 0.001 0.046 0.005 0.010 0.003 0.010 0.003 0.001 0.001 0.001 0.001 0.001 0.004 0.000 0.039 0.002 0.010 0.010 0.004 0.001 0.003 0.001 0.001 0.001 0.001 0.001 0.001 0.001 0.001 0.010 0.009 0.010 0.008 0.001 0.001 0.001 0.001 0.001 0.000 0.001 0.000 0.000 0.001 0.001 0.001 0.001 0.001 0.002 0.010 0.004 0.010 0.010 0.010 0.010
0.010 0.002 0.002 0.002 0.001 0.000 0.000 0.000 0.000 0.000 0.003 0.000 0.000 0.000 0.005 0.000 0.000 0.000 0.001 0.010 0.010 0.010 0.006 0.008 0.010 0.004 0.018 0.001 0.003 0.008 0.001 0.000 0.000 0.001 0.001 0.004 0.010 0.030 0.001 0.002 0.004 0.004 0.001 0.001 0.001 0.001 0.001 0.001 0.002 0.001 0.004 0.001 0.000 0.001 0.001 0.004 0.001 0.000 0.001 0.000 0.001 0.002 0.002 0.001 0.001 0.000 0.001 0.001 0.001 0.001 0.000 0.001 0.000 0.000 0.001 0.003 0.010
0.010 0.002 0.002 0.002 0.000 0.000 0.000 0.000 0.000 0.000 0.003 0.000 0.001 0.010 0.010 0.015 0.000 0.002 0.001 0.000 0.001 0.000 0.000 0.000 0.001 0.010 0.010 0.010 0.010 0.010 0.001 0.000 0.004 0.000 0.000 0.000 0.001 0.251 0.002 0.010 0.000 0.000 0.010 0.010 0.010 0.001 0.001 0.000 0.010 0.010 0.010 0.002 0.008 0.010 0.139 0.010 0.001 0.000 0.000 0.000 0.000 0.000 0.010 0.000 0.000 0.001 0.000 0.000 0.001 0.010 0.010 0.000 0.000 0.000 0.000 0.000 0.001
0.010 0.001 0.010 0.001 0.000 0.000 0.001 0.001 0.000 0.000 0.004 0.001 0.011 0.010 0.002 0.001 0.000 0.001 0.004 0.010 0.010 0.056 0.010 0.000 0.001 0.010 0.010 0.010 0.010 0.010 0.023 0.000 0.010 0.000 0.001 0.000 0.001 0.010 0.005 0.010 0.010 0.010 0.103 0.010 0.010 0.001 0.000 0.000 0.010 0.010 0.010 0.001 0.000 0.010 0.010 0.010 0.000 0.001 0.000 0.000 0.000 0.001 0.000 0.000 0.001 0.002 0.001 0.010 0.004 0.010 0.031 0.001 0.000 0.000 0.000 0.000 0.001
0.004 0.001 0.010 0.001 0.000 0.000 0.000 0.000 0.000 0.001 0.022 0.010 0.010 0.000 0.000 0.000 0.010 0.002 0.001 0.001 0.000 0.000 0.000 0.000 0.002 0.001 0.010 0.010 0.058 0.010 0.001 0.010 0.010 0.000 0.000 0.000 0.000 0.010 0.002 0.001 0.001 0.000 0.000 0.000 0.001 0.010 0.000 0.000 0.010 0.002 0.001 0.003 0.001 0.002 0.001 0.010 0.000 0.000 0.000 0.000 0.000 0.000 0.000 0.000 0.000 0.000 0.000 0.000 0.010 0.005 0.003 0.000 0.000 0.022 0.000 0.000 0.002
0.001 0.002 0.002 0.001 0.000 0.008 0.001 0.000 0.000 0.001 0.005 0.000 0.000 0.000 0.000 0.000 0.001 0.000 0.042 0.000 0.001 0.001 0.000 0.000 0.001 0.002 0.010 0.010 0.010 0.034 0.001 0.010 0.010 0.000 0.000 0.000 0.001 0.067 0.001 0.001 0.003 0.001 0.000 0.000 0.001 0.180 0.000 0.000 0.010 0.003 0.000 0.001 0.004 0.000 0.004 0.004 0.001 0.002 0.010 0.010 0.002 0.000 0.000 0.000 0.001 0.000 0.000 0.000 0.000 0.000 0.001 0.001 0.000 0.000 0.000 0.000 0.001
0.002 0.002 0.001 0.000 0.000 0.002 0.000 0.000 0.000 0.000 0.003 0.000 0.002 0.002 0.001 0.000 0.000 0.001 0.001 0.000 0.000 0.000 0.000 0.000 0.001 0.008 0.010 0.010 0.010 0.004 0.001 0.010 0.020 0.001 0.000 0.004 0.001 0.004 0.001 0.010 0.004 0.000 0.000 0.000 0.002 0.010 0.001 0.001 0.001 0.000 0.000 0.000 0.000 0.000 0.000 0.000 0.002 0.004 0.002 0.010 0.002 0.000 0.000 0.001 0.001 0.002 0.000 0.000 0.000 0.000 0.001 0.004 0.000 0.000 0.001 0.000 0.000
0.001 0.010 0.001 0.001 0.000 0.000 0.000 0.000 0.000 0.000 0.002 0.000 0.000 0.001 0.001 0.000 0.010 0.000 0.000 0.000 0.000 0.000 0.000 0.000 0.001 0.001 0.001 0.003 0.004 0.003 0.000 0.000 0.010 0.010 0.001 0.002 0.001 0.010 0.001 0.002 0.004 0.002 0.000 0.000 0.000 0.001 0.001 0.000 0.002 0.000 0.000 0.000 0.000 0.000 0.001 0.000 0.000 0.000 0.000 0.003 0.000 0.000 0.000 0.000 0.002 0.009 0.000 0.010 0.024 0.000 0.001 0.010 0.001 0.002 0.010 0.000 0.000
0.002 0.010 0.002 0.004 0.001 0.000 0.001 0.000 0.000 0.001 0.010 0.000 0.000 0.000 0.063 0.000 0.228 0.000 0.000 0.000 0.000 0.000 0.000 0.000 0.001 0.001 0.000 0.000 0.004 0.010 0.000 0.001 0.000 0.001 0.000 0.000 0.000 0.010 0.002 0.010 0.010 0.010 0.000 0.000 0.000 0.004 0.003 0.002 0.004 0.001 0.002 0.010 0.000 0.000 0.000 0.000 0.000 0.000 0.000 0.000 0.000 0.000 0.000 0.000 0.000 0.008 0.008 0.010 0.010 0.010 0.071 0.177 0.007 0.170 0.000 0.001 0.010
0.002 0.002 0.000 0.000 0.000 0.000 0.000 0.001 0.002 0.000 0.010 0.002 0.010 0.010 0.010 0.299 0.085 0.000 0.004 0.002 0.002 0.000 0.000 0.000 0.001 0.001 0.002 0.001 0.001 0.001 0.002 0.141 0.257 0.362 0.002 0.000 0.001 0.010 0.001 0.001 0.004 0.010 0.000 0.000 0.014 0.002 0.000 0.004 0.001 0.010 0.010 0.002 0.000 0.001 0.000 0.000 0.001 0.000 0.001 0.000 0.000 0.000 0.000 0.000 0.001 0.001 0.006 0.000 0.000 0.000 0.010 0.010 0.012 0.014 0.003 0.003 0.040
0.010 0.001 0.004 0.002 0.001 0.000 0.000 0.000 0.001 0.000 0.007 0.004 0.543 0.010 0.105 0.251 0.074 0.033 0.002 0.010 0.010 0.010 0.002 0.001 0.002 0.004 0.010 0.000 0.002 0.002 0.037 0.391 0.363 0.291 0.002 0.000 0.002 0.010 0.001 0.001 0.001 0.001 0.002 0.000 0.001 0.001 0.000 0.001 0.000 0.000 0.004 0.000 0.000 0.000 0.000 0.000 0.000 0.000 0.000 0.001 0.000 0.000 0.000 0.000 0.001 0.011 0.000 0.000 0.000 0.000 0.010 0.010 0.020 0.022 0.001 0.010 0.000
0.010 0.001 0.000 0.000 0.000 0.000 0.004 0.000 0.000 0.000 0.066 0.004 0.010 0.010 0.010 0.010 0.234 0.083 0.002 0.010 0.010 0.000 0.002 0.001 0.000 0.004 0.000 0.000 0.000 0.000 0.002 0.409 0.387 0.010 0.001 0.000 0.007 0.004 0.010 0.000 0.000 0.001 0.010 0.001 0.000 0.001 0.001 0.001 0.001 0.001 0.001 0.000 0.000 0.000 0.000 0.000 0.000 0.000 0.001 0.000 0.000 0.000 0.000 0.000 0.010 0.000 0.010 0.010 0.000 0.000 0.010 0.010 0.012 0.010 0.001 0.001 0.000
0.001 0.001 0.001 0.001 0.000 0.000 0.001 0.010 0.009 0.010 0.010 0.010 0.004 0.010 0.010 0.010 0.056 0.024 0.001 0.000 0.000 0.010 0.002 0.001 0.000 0.002 0.000 0.004 0.000 0.000 0.001 0.130 0.319 0.001 0.000 0.001 0.002 0.001 0.004 0.000 0.001 0.002 0.001 0.002 0.000 0.000 0.000 0.000 0.002 0.000 0.001 0.001 0.002 0.001 0.004 0.001 0.010 0.000 0.000 0.000 0.000 0.000 0.000 0.000 0.002 0.006 0.002 0.002 0.002 0.000 0.259 0.022 0.084 0.035 0.367 0.000 0.000
0.001 0.002 0.000 0.001 0.000 0.001 0.000 0.001 0.001 0.002 0.010 0.001 0.001 0.010 0.004 0.001 0.007 0.010 0.001 0.001 0.001 0.010 0.008 0.001 0.001 0.004 0.001 0.062 0.012 0.013 0.010 0.016 0.009 0.001 0.001 0.036 0.002 0.002 0.010 0.000 0.010 0.010 0.002 0.000 0.000 0.001 0.001 0.001 0.002 0.004 0.010 0.001 0.010 0.010 0.010 0.000 0.000 0.000 0.000 0.000 0.000 0.000 0.004 0.001 0.000 0.000 0.000 0.000 0.000 0.000 0.000 0.000 0.004 0.001 0.000 0.001 0.000
0.001 0.000 0.000 0.000 0.000 0.000 0.000 0.001 0.001 0.000 0.251 0.000 0.001 0.000 0.010 0.000 0.000 0.010 0.000 0.000 0.000 0.000 0.025 0.066 0.064 0.044 0.070 0.000 0.000 0.000 0.000 0.029 0.004 0.010 0.001 0.360 0.004 0.004 0.001 0.000 0.001 0.010 0.001 0.000 0.000 0.000 0.000 0.001 0.006 0.010 0.001 0.000 0.004 0.000 0.000 0.000 0.000 0.000 0.000 0.000 0.000 0.000 0.000 0.001 0.000 0.000 0.000 0.000 0.000 0.000 0.000 0.000 0.000 0.000 0.000 0.004 0.000
0.001 0.000 0.000 0.000 0.001 0.000 0.000 0.001 0.001 0.000 0.296 0.000 0.000 0.000 0.010 0.001 0.001 0.034 0.000 0.000 0.000 0.000 0.030 0.021 0.129 0.116 0.001 0.001 0.001 0.002 0.001 0.000 0.047 0.000 0.000 0.046 0.010 0.001 0.000 0.001 0.001 0.010 0.001 0.000 0.000 0.000 0.000 0.000 0.001 0.001 0.004 0.000 0.002 0.010 0.019 0.000 0.000 0.000 0.000 0.000 0.000 0.000 0.000 0.000 0.000 0.000 0.001 0.010 0.002 0.001 0.000 0.000 0.000 0.004 0.000 0.002 0.000
0.004 0.000 0.000 0.000 0.000 0.000 0.000 0.000 0.000 0.000 0.193 0.000 0.000 0.000 0.000 0.010 0.010 0.001 0.001 0.001 0.000 0.000 0.084 0.153 0.111 0.001 0.003 0.007 0.002 0.001 0.001 0.003 0.000 0.000 0.000 0.002 0.002 0.000 0.000 0.001 0.000 0.000 0.004 0.001 0.000 0.000 0.000 0.000 0.000 0.000 0.001 0.000 0.000 0.001 0.000 0.000 0.000 0.000 0.000 0.000 0.000 0.000 0.000 0.000 0.001 0.002 0.002 0.032 0.000 0.001 0.000 0.001 0.000 0.000 0.003 0.001 0.000
0.001 0.001 0.000 0.000 0.000 0.000 0.000 0.000 0.000 0.000 0.195 0.000 0.000 0.000 0.000 0.000 0.000 0.001 0.000 0.001 0.000 0.000 0.080 0.000 0.000 0.000 0.000 0.000 0.000 0.000 0.000 0.000 0.000 0.000 0.000 0.000 0.004 0.001 0.000 0.000 0.000 0.001 0.004 0.002 0.001 0.001 0.001 0.003 0.000 0.000 0.000 0.000 0.000 0.001 0.000 0.000 0.000 0.000 0.000 0.000 0.000 0.000 0.000 0.000 0.000 0.000 0.000 0.010 0.000 0.000 0.000 0.001 0.000 0.000 0.000 0.002 0.001
0.001 0.001 0.004 0.000 0.002 0.000 0.000 0.000 0.000 0.002 0.004 0.000 0.000 0.000 0.000 0.000 0.000 0.000 0.000 0.000 0.000 0.000 0.253 0.000 0.000 0.000 0.000 0.000 0.000 0.000 0.000 0.000 0.000 0.000 0.000 0.001 0.010 0.002 0.000 0.000 0.000 0.000 0.000 0.001 0.002 0.007 0.002 0.010 0.001 0.001 0.000 0.001 0.000 0.000 0.000 0.000 0.000 0.000 0.000 0.000 0.000 0.000 0.000 0.000 0.001 0.000 0.000 0.000 0.000 0.000 0.000 0.000 0.004 0.004 0.001 0.010 0.000
0.002 0.000 0.000 0.001 0.001 0.000 0.000 0.000 0.000 0.002 0.004 0.001 0.000 0.000 0.000 0.001 0.000 0.000 0.000 0.000 0.000 0.000 0.417 0.000 0.000 0.000 0.000 0.000 0.001 0.010 0.001 0.000 0.000 0.000 0.004 0.000 0.004 0.001 0.000 0.000 0.010 0.004 0.000 0.002 0.010 0.005 0.000 0.000 0.000 0.000 0.000 0.001 0.000 0.000 0.000 0.000 0.000 0.000 0.000 0.000 0.000 0.001 0.000 0.000 0.001 0.041 0.000 0.000 0.000 0.000 0.000 0.000 0.000 0.002 0.001 0.000 0.001
0.000 0.001 0.001 0.002 0.004 0.000 0.000 0.000 0.002 0.004 0.001 0.000 0.000 0.001 0.000 0.000 0.000 0.001 0.010 0.010 0.000 0.000 0.489 0.000 0.000 0.000 0.000 0.000 0.000 0.010 0.001 0.000 0.000 0.001 0.000 0.001 0.010 0.004 0.000 0.000 0.002 0.000 0.000 0.000 0.005 0.010 0.001 0.002 0.001 0.001 0.001 0.001 0.001 0.002 0.001 0.004 0.001 0.001 0.000 0.000 0.000 0.000 0.000 0.010 0.001 0.001 0.000 0.000 0.000 0.000 0.001 0.001 0.000 0.000 0.000 0.000 0.001
0.000 0.000 0.001 0.000 0.000 0.001 0.000 0.000 0.001 0.010 0.004 0.010 0.004 0.007 0.010 0.075 0.001 0.000 0.000 0.000 0.000 0.000 0.455 0.000 0.000 0.000 0.000 0.000 0.000 0.010 0.000 0.000 0.000 0.000 0.000 0.000 0.004 0.002 0.002 0.002 0.042 0.000 0.000 0.000 0.001 0.001 0.000 0.000 0.001 0.000 0.001 0.001 0.000 0.000 0.000 0.000 0.001 0.001 0.000 0.000 0.001 0.001 0.000 0.001 0.010 0.000 0.000 0.000 0.000 0.000 0.000 0.000 0.000 0.010 0.037 0.001 0.000
0.000 0.000 0.001 0.000 0.000 0.000 0.000 0.001 0.001 0.004 0.000 0.073 0.000 0.000 0.000 0.000 0.000 0.000 0.000 0.000 0.000 0.000 0.581 0.000 0.000 0.001 0.000 0.000 0.000 0.000 0.000 0.000 0.000 0.002 0.000 0.002 0.010 0.000 0.000 0.000 0.000 0.000 0.000 0.000 0.000 0.000 0.000 0.000 0.000 0.000 0.000 0.002 0.000 0.000 0.000 0.000 0.000 0.000 0.000 0.000 0.000 0.000 0.000 0.001 0.001 0.000 0.000 0.000 0.000 0.001 0.004 0.000 0.000 0.000 0.000 0.014 0.000
0.000 0.001 0.004 0.001 0.000 0.000 0.001 0.001 0.000 0.003 0.002 0.173 0.002 0.002 0.001 0.002 0.010 0.001 0.001 0.002 0.000 0.000 0.415 0.000 0.000 0.000 0.000 0.000 0.000 0.000 0.000 0.000 0.000 0.002 0.000 0.000 0.438 0.001 0.000 0.000 0.010 0.035 0.000 0.000 0.000 0.000 0.001 0.000 0.000 0.000 0.000 0.000 0.001 0.004 0.000 0.000 0.000 0.000 0.000 0.001 0.000 0.000 0.000 0.000 0.001 0.000 0.000 0.035 0.000 0.000 0.000 0.000 0.000 0.000 0.000 0.000 0.000
0.000 0.004 0.000 0.001 0.001 0.000 0.000 0.001 0.000 0.001 0.001 0.010 0.000 0.000 0.010 0.000 0.000 0.001 0.000 0.000 0.001 0.000 0.279 0.001 0.000 0.000 0.000 0.000 0.000 0.000 0.000 0.000 0.010 0.001 0.004 0.002 0.010 0.000 0.010 0.000 0.002 0.000 0.010 0.000 0.000 0.002 0.000 0.004 0.000 0.000 0.000 0.000 0.010 0.001 0.000 0.000 0.000 0.000 0.000 0.000 0.000 0.000 0.000 0.000 0.000 0.037 0.000 0.000 0.007 0.000 0.000 0.000 0.000 0.000 0.000 0.000 0.000
0.002 0.010 0.000 0.001 0.010 0.010 0.001 0.002 0.001 0.002 0.004 0.007 0.010 0.010 0.004 0.004 0.010 0.001 0.000 0.000 0.002 0.001 0.002 0.001 0.001 0.000 0.000 0.001 0.001 0.001 0.000 0.000 0.001 0.000 0.000 0.000 0.010 0.002 0.001 0.001 0.000 0.000 0.000 0.001 0.000 0.001 0.000 0.000 0.000 0.000 0.010 0.000 0.002 0.002 0.000 0.000 0.000 0.000 0.000 0.000 0.000 0.000 0.009 0.000 0.001 0.000 0.010 0.001 0.000 0.000 0.000 0.000 0.004 0.000 0.000 0.000 0.002
