hx_30m/njhx/rain/result.maxtm
ncols         211
nrows         286
xllcorner     660279.582600
yllcorner     3541874.325092
cellsize      30.000000
NODATA_value  -9999.000000
[rows 210 to 239 of 286, columns 136 to 203 of 211]
3.995 4.053 4.165 3.976 4.039 -9999.000 3.997 4.000 3.950 -9999.000 -9999.000 -9999.000 4.157 3.902 3.938 3.902 -9999.000 3.976 3.993 3.992 3.994 3.941 3.930 2.305 -9999.000 4.084 -9999.000 4.134 -9999.000 4.381 4.389 -9999.000 5.333 5.359 5.432 5.487 3.497 3.497 3.921 3.434 4.000 3.484 3.992 4.167 3.494 3.476 -9999.000 -9999.000 3.488 3.493 3.372 3.339 3.494 3.487 3.374 -9999.000 -9999.000 -9999.000 3.470 3.428 3.417 3.398 3.452 3.289 3.319 4.167 -9999.000 -9999.000
4.053 3.885 4.165 3.930 4.038 -9999.000 -9999.000 3.979 3.976 2.309 -9999.000 -9999.000 4.167 -9999.000 4.001 3.951 3.970 3.996 -9999.000 3.986 5.334 -9999.000 5.333 3.943 3.969 3.937 4.167 4.055 -9999.000 3.899 -9999.000 3.967 3.948 -9999.000 4.374 5.483 3.981 4.000 3.984 3.454 3.996 3.992 4.000 3.492 3.489 -9999.000 3.471 3.459 3.349 5.333 -9999.000 -9999.000 3.483 3.910 3.496 3.493 -9999.000 3.500 3.500 3.469 3.493 3.499 -9999.000 3.478 4.167 -9999.000 -9999.000 -9999.000
4.076 4.167 4.124 3.975 4.038 4.038 4.071 4.160 4.167 4.176 3.991 3.998 -9999.000 3.989 -9999.000 3.925 4.000 4.114 5.844 -9999.000 -9999.000 -9999.000 4.160 4.119 -9999.000 4.167 3.955 3.954 -9999.000 4.167 -9999.000 3.967 -9999.000 4.367 4.369 5.452 3.982 3.451 3.500 3.482 -9999.000 3.999 4.168 3.497 3.500 -9999.000 3.461 -9999.000 3.351 -9999.000 -9999.000 -9999.000 5.333 3.477 3.423 3.476 3.502 3.492 3.446 3.499 3.487 3.499 3.491 3.328 3.320 -9999.000 -9999.000 -9999.000
-9999.000 -9999.000 4.124 4.167 4.038 3.992 4.071 3.923 4.166 4.168 3.995 2.301 -9999.000 3.895 3.856 4.161 4.097 -9999.000 3.995 4.167 -9999.000 -9999.000 -9999.000 -9999.000 4.167 -9999.000 -9999.000 3.965 3.996 4.167 4.122 4.167 3.991 3.957 -9999.000 5.482 3.470 -9999.000 3.451 3.500 -9999.000 4.192 4.176 3.476 -9999.000 4.183 3.473 3.407 3.390 -9999.000 5.333 3.345 3.430 -9999.000 3.418 3.478 3.500 3.500 3.498 3.418 3.500 -9999.000 -9999.000 3.500 3.326 -9999.000 -9999.000 -9999.000
-9999.000 -9999.000 4.133 4.151 4.141 4.019 3.964 3.964 3.964 3.979 3.984 2.309 -9999.000 -9999.000 3.869 4.142 3.991 4.000 -9999.000 -9999.000 4.167 -9999.000 4.167 -9999.000 -9999.000 -9999.000 3.919 4.166 -9999.000 3.892 4.166 3.932 3.985 -9999.000 -9999.000 5.494 -9999.000 5.333 3.486 -9999.000 3.451 4.189 4.168 -9999.000 4.167 3.449 3.480 3.402 3.353 5.333 -9999.000 -9999.000 -9999.000 3.498 -9999.000 3.437 3.484 3.404 3.424 3.455 3.423 -9999.000 -9999.000 3.465 5.333 -9999.000 -9999.000 -9999.000
4.165 4.166 4.120 4.120 -9999.000 4.167 3.986 4.167 3.979 2.319 4.007 3.993 3.994 4.000 3.974 3.944 -9999.000 -9999.000 3.913 4.167 3.996 4.000 4.167 -9999.000 -9999.000 3.979 4.167 -9999.000 4.166 4.167 -9999.000 3.960 4.167 3.971 4.166 5.296 -9999.000 3.402 -9999.000 -9999.000 3.459 3.461 3.490 -9999.000 3.499 3.501 3.500 3.470 3.382 -9999.000 -9999.000 -9999.000 -9999.000 5.334 3.402 -9999.000 3.484 -9999.000 -9999.000 3.352 -9999.000 3.372 3.481 3.441 -9999.000 -9999.000 -9999.000 -9999.000
-9999.000 4.167 4.094 -9999.000 4.167 4.167 -9999.000 3.989 2.328 6.570 4.127 2.308 3.974 3.947 4.000 3.993 -9999.000 3.984 4.166 3.964 3.965 3.916 3.980 4.167 -9999.000 -9999.000 3.937 -9999.000 3.939 4.333 3.947 3.973 3.981 6.136 6.150 -9999.000 3.453 3.467 -9999.000 4.167 -9999.000 -9999.000 -9999.000 -9999.000 3.538 3.371 3.423 3.495 5.333 3.334 -9999.000 -9999.000 -9999.000 -9999.000 -9999.000 5.333 -9999.000 3.498 -9999.000 3.500 3.490 3.462 3.458 3.367 -9999.000 -9999.000 -9999.000 5.333
-9999.000 2.294 4.167 4.107 4.167 4.167 4.167 3.957 4.098 -9999.000 2.314 5.333 2.307 3.900 3.994 4.108 4.000 -9999.000 3.987 3.985 4.000 3.929 3.945 3.938 3.923 3.907 3.991 3.976 3.929 -9999.000 3.996 3.999 4.152 6.199 -9999.000 4.743 4.730 -9999.000 4.242 4.097 -9999.000 5.333 -9999.000 -9999.000 -9999.000 -9999.000 3.497 3.482 -9999.000 5.333 -9999.000 -9999.000 -9999.000 -9999.000 -9999.000 -9999.000 3.348 3.477 3.445 -9999.000 -9999.000 3.460 3.345 3.463 -9999.000 -9999.000 -9999.000 3.337
2.329 4.167 -9999.000 4.153 4.150 4.142 -9999.000 -9999.000 -9999.000 -9999.000 -9999.000 -9999.000 4.048 3.994 3.917 3.882 3.979 4.013 4.077 -9999.000 4.167 3.927 5.333 3.985 4.167 3.938 -9999.000 4.167 -9999.000 3.895 4.167 3.881 6.181 6.190 -9999.000 4.732 -9999.000 4.772 3.498 -9999.000 3.489 5.331 -9999.000 3.500 -9999.000 -9999.000 3.500 3.457 -9999.000 -9999.000 -9999.000 -9999.000 -9999.000 -9999.000 -9999.000 -9999.000 3.468 5.342 3.389 3.336 -9999.000 -9999.000 3.350 5.333 -9999.000 -9999.000 -9999.000 3.467
2.312 4.167 4.167 2.333 4.167 2.329 4.151 4.085 2.333 -9999.000 -9999.000 2.331 3.999 4.000 3.927 4.034 3.943 3.933 3.986 4.156 -9999.000 3.919 3.854 4.166 -9999.000 4.167 3.996 3.991 4.123 4.167 3.916 4.309 -9999.000 -9999.000 4.361 4.672 4.680 4.713 5.402 5.396 5.399 -9999.000 3.488 3.500 -9999.000 3.500 3.354 3.381 5.333 -9999.000 -9999.000 -9999.000 -9999.000 -9999.000 -9999.000 -9999.000 3.400 5.361 3.441 3.500 4.167 3.401 3.386 -9999.000 -9999.000 -9999.000 5.333 -9999.000
-9999.000 -9999.000 4.167 2.332 -9999.000 4.167 4.167 2.230 3.994 4.167 2.332 2.329 2.329 -9999.000 -9999.000 -9999.000 5.333 3.986 3.997 3.962 3.999 4.167 4.155 3.974 -9999.000 3.993 4.115 -9999.000 4.167 3.994 4.291 4.303 4.315 -9999.000 4.372 3.476 4.700 4.682 4.675 5.383 -9999.000 3.500 3.483 -9999.000 3.500 -9999.000 3.417 5.255 3.429 -9999.000 -9999.000 -9999.000 -9999.000 -9999.000 -9999.000 -9999.000 3.410 3.488 3.409 3.476 -9999.000 3.442 3.500 -9999.000 -9999.000 -9999.000 3.381 -9999.000
4.167 2.182 4.114 4.166 2.331 -9999.000 -9999.000 -9999.000 2.333 -9999.000 4.003 2.329 2.242 4.167 4.004 4.003 4.005 -9999.000 -9999.000 3.962 3.944 3.911 4.036 4.162 4.101 -9999.000 4.167 4.167 4.167 3.980 4.290 -9999.000 4.342 4.333 4.363 4.383 3.393 4.167 -9999.000 5.367 5.364 -9999.000 3.500 3.386 5.260 -9999.000 3.470 3.363 5.334 -9999.000 -9999.000 -9999.000 -9999.000 -9999.000 -9999.000 -9999.000 -9999.000 3.456 -9999.000 -9999.000 3.412 3.392 3.366 -9999.000 -9999.000 -9999.000 3.410 -9999.000
-9999.000 4.167 2.243 4.130 -9999.000 2.318 -9999.000 4.192 -9999.000 2.309 2.318 2.327 -9999.000 -9999.000 4.003 3.905 3.969 3.992 3.975 3.962 4.154 3.967 4.165 3.983 4.166 -9999.000 -9999.000 4.167 3.992 4.264 4.257 4.263 4.333 -9999.000 4.341 4.351 3.998 4.167 -9999.000 5.358 5.346 3.501 3.500 3.448 3.407 3.448 3.379 -9999.000 3.444 -9999.000 -9999.000 -9999.000 -9999.000 -9999.000 -9999.000 -9999.000 -9999.000 5.333 3.451 3.454 3.465 3.349 5.333 -9999.000 -9999.000 -9999.000 -9999.000 -9999.000
4.167 2.333 -9999.000 10.521 2.223 2.325 4.166 4.177 -9999.000 2.333 2.327 2.299 4.167 4.167 4.166 4.053 4.166 4.166 4.159 4.167 -9999.000 3.953 -9999.000 4.313 3.931 3.981 3.971 4.006 4.166 4.238 -9999.000 4.159 -9999.000 -9999.000 3.991 3.848 3.997 -9999.000 4.069 4.000 3.501 3.462 3.460 3.426 3.500 3.356 3.360 -9999.000 -9999.000 -9999.000 -9999.000 -9999.000 -9999.000 -9999.000 -9999.000 -9999.000 -9999.000 3.433 -9999.000 3.500 -9999.000 3.408 -9999.000 -9999.000 -9999.000 5.333 -9999.000 -9999.000
4.137 -9999.000 4.167 -9999.000 2.329 2.308 2.300 4.168 2.313 4.166 2.321 -9999.000 -9999.000 3.965 4.000 3.991 4.079 3.973 3.996 -9999.000 -9999.000 3.997 4.001 4.165 11.117 3.913 3.942 3.922 4.030 4.234 -9999.000 4.156 3.888 3.983 4.167 -9999.000 4.193 -9999.000 -9999.000 4.000 3.500 3.500 -9999.000 3.500 -9999.000 3.464 3.404 5.334 -9999.000 -9999.000 -9999.000 -9999.000 -9999.000 -9999.000 -9999.000 3.496 -9999.000 3.474 3.382 3.353 3.413 3.484 -9999.000 -9999.000 -9999.000 3.423 -9999.000 -9999.000
2.311 4.167 4.053 2.332 -9999.000 -9999.000 4.167 2.333 2.330 2.332 2.333 2.333 4.167 4.166 4.162 4.159 4.166 3.961 4.167 -9999.000 4.167 -9999.000 3.926 4.167 -9999.000 4.165 3.939 3.962 4.155 3.978 3.498 3.903 -9999.000 -9999.000 3.968 -9999.000 -9999.000 3.991 5.339 -9999.000 3.500 3.497 -9999.000 -9999.000 5.333 3.342 5.334 3.485 -9999.000 -9999.000 -9999.000 -9999.000 -9999.000 -9999.000 -9999.000 5.334 -9999.000 3.493 3.484 3.488 3.373 4.169 -9999.000 -9999.000 -9999.000 3.341 -9999.000 -9999.000
2.329 2.323 2.329 2.329 -9999.000 -9999.000 -9999.000 2.324 2.333 -9999.000 2.335 4.167 4.167 -9999.000 3.999 -9999.000 3.993 3.996 3.947 -9999.000 4.167 -9999.000 4.167 -9999.000 3.997 4.132 4.167 -9999.000 4.166 3.498 3.446 3.903 3.984 4.164 -9999.000 4.164 -9999.000 4.000 -9999.000 3.834 3.859 -9999.000 -9999.000 -9999.000 -9999.000 0.473 -9999.000 -9999.000 -9999.000 -9999.000 -9999.000 -9999.000 -9999.000 -9999.000 -9999.000 3.444 -9999.000 3.471 3.500 3.500 3.394 3.468 -9999.000 -9999.000 5.333 -9999.000 -9999.000 -9999.000
2.331 2.298 2.332 4.128 4.167 -9999.000 -9999.000 2.333 2.333 4.029 4.000 -9999.000 2.333 -9999.000 4.000 4.175 4.167 4.161 3.877 4.167 -9999.000 -9999.000 3.993 -9999.000 3.992 -9999.000 4.172 3.965 3.993 3.933 3.985 4.167 5.300 4.028 3.865 4.076 5.333 -9999.000 3.957 3.902 -9999.000 3.397 4.179 4.165 3.325 0.423 5.343 -9999.000 -9999.000 -9999.000 -9999.000 -9999.000 -9999.000 -9999.000 -9999.000 -9999.000 -9999.000 5.333 3.441 3.348 3.405 4.165 -9999.000 -9999.000 3.468 -9999.000 -9999.000 -9999.000
-9999.000 10.775 10.787 4.158 -9999.000 -9999.000 4.158 2.332 -9999.000 4.033 4.011 2.333 4.000 8.238 3.975 3.986 4.000 3.851 3.932 3.886 -9999.000 4.167 -9999.000 3.944 4.167 4.167 -9999.000 4.167 3.995 -9999.000 3.854 -9999.000 4.167 5.309 4.076 3.993 3.954 3.962 4.167 -9999.000 4.183 4.174 4.165 4.168 3.481 3.299 5.360 -9999.000 -9999.000 -9999.000 -9999.000 -9999.000 -9999.000 -9999.000 -9999.000 -9999.000 5.333 -9999.000 -9999.000 -9999.000 3.372 4.166 -9999.000 -9999.000 -9999.000 -9999.000 -9999.000 -9999.000
2.304 2.238 10.760 10.749 10.907 2.321 4.127 -9999.000 -9999.000 4.164 4.020 4.158 8.165 8.243 8.233 8.180 8.192 3.870 3.990 3.982 3.955 4.167 3.984 3.961 4.165 -9999.000 4.167 -9999.000 -9999.000 4.167 3.969 5.334 -9999.000 5.333 -9999.000 4.076 3.969 3.978 4.134 4.166 3.955 3.396 3.491 5.332 5.330 5.334 3.495 -9999.000 -9999.000 -9999.000 -9999.000 -9999.000 -9999.000 -9999.000 -9999.000 -9999.000 -9999.000 -9999.000 5.333 3.458 3.487 -9999.000 -9999.000 -9999.000 -9999.000 -9999.000 -9999.000 -9999.000
2.333 2.233 -9999.000 2.304 4.167 2.324 2.321 2.323 -9999.000 2.333 4.169 -9999.000 8.210 8.220 8.259 8.249 8.179 3.984 3.946 3.997 3.996 3.998 3.982 3.997 4.167 -9999.000 -9999.000 4.165 4.183 4.140 4.084 3.988 -9999.000 -9999.000 5.328 5.716 -9999.000 3.444 3.929 3.425 3.979 3.881 3.445 3.336 3.432 5.333 5.238 -9999.000 -9999.000 -9999.000 -9999.000 -9999.000 -9999.000 -9999.000 -9999.000 -9999.000 -9999.000 -9999.000 -9999.000 -9999.000 -9999.000 3.410 5.333 3.467 -9999.000 -9999.000 -9999.000 -9999.000
2.266 2.252 -9999.000 -9999.000 4.167 4.156 -9999.000 4.167 2.309 8.239 -9999.000 8.224 8.173 8.181 8.232 4.000 4.000 4.000 -9999.000 3.853 4.163 4.167 3.975 3.917 -9999.000 4.167 -9999.000 4.159 3.994 3.998 3.993 -9999.000 3.956 3.968 5.711 5.707 5.767 4.193 3.425 3.989 3.432 4.120 3.426 3.413 5.197 -9999.000 -9999.000 -9999.000 -9999.000 -9999.000 -9999.000 -9999.000 -9999.000 -9999.000 -9999.000 -9999.000 -9999.000 -9999.000 -9999.000 -9999.000 -9999.000 -9999.000 -9999.000 -9999.000 -9999.000 -9999.000 -9999.000 -9999.000
2.316 2.321 2.334 4.167 4.167 4.160 16.000 2.239 -9999.000 8.255 8.212 8.203 8.242 8.205 8.240 3.959 3.927 4.163 2.333 3.980 4.319 -9999.000 -9999.000 4.166 -9999.000 -9999.000 -9999.000 4.165 4.162 4.165 4.167 -9999.000 3.952 3.975 5.738 5.751 -9999.000 4.182 3.983 3.949 3.918 3.918 3.955 3.463 5.247 -9999.000 -9999.000 -9999.000 -9999.000 -9999.000 -9999.000 -9999.000 -9999.000 -9999.000 -9999.000 -9999.000 -9999.000 -9999.000 -9999.000 -9999.000 -9999.000 -9999.000 -9999.000 -9999.000 -9999.000 -9999.000 -9999.000 -9999.000
-9999.000 2.269 2.284 4.167 2.333 16.000 15.999 16.000 16.000 2.235 -9999.000 8.251 8.203 8.196 -9999.000 2.328 3.999 3.867 4.322 4.314 4.306 3.958 4.167 -9999.000 4.167 -9999.000 4.167 -9999.000 -9999.000 4.167 -9999.000 3.998 3.999 3.972 5.681 5.742 -9999.000 4.169 4.169 4.167 4.159 3.888 -9999.000 4.165 -9999.000 5.252 -9999.000 -9999.000 -9999.000 -9999.000 -9999.000 -9999.000 -9999.000 -9999.000 -9999.000 -9999.000 -9999.000 -9999.000 -9999.000 -9999.000 -9999.000 -9999.000 -9999.000 -9999.000 -9999.000 -9999.000 -9999.000 -9999.000
4.167 2.278 -9999.000 4.167 2.324 -9999.000 16.000 16.000 -9999.000 -9999.000 2.193 2.288 -9999.000 5.710 4.385 4.372 4.167 4.353 4.338 4.330 4.317 4.142 -9999.000 4.167 -9999.000 4.028 3.971 -9999.000 4.174 4.163 3.992 3.996 3.994 4.001 -9999.000 5.769 3.964 -9999.000 4.166 4.168 4.167 3.877 5.271 3.337 -9999.000 6.834 -9999.000 -9999.000 -9999.000 -9999.000 -9999.000 -9999.000 -9999.000 -9999.000 -9999.000 -9999.000 -9999.000 -9999.000 -9999.000 -9999.000 -9999.000 -9999.000 -9999.000 -9999.000 -9999.000 -9999.000 -9999.000 -9999.000
2.333 4.166 2.332 2.332 -9999.000 2.330 2.330 16.000 -9999.000 2.333 5.334 4.150 4.167 2.308 -9999.000 4.380 4.371 4.351 4.251 4.331 4.320 4.332 -9999.000 4.167 -9999.000 -9999.000 -9999.000 4.167 3.935 -9999.000 3.997 3.997 -9999.000 3.944 -9999.000 3.933 -9999.000 3.908 3.925 3.974 4.165 3.948 3.859 4.167 -9999.000 5.318 -9999.000 -9999.000 -9999.000 -9999.000 -9999.000 -9999.000 -9999.000 -9999.000 -9999.000 -9999.000 -9999.000 -9999.000 -9999.000 -9999.000 -9999.000 -9999.000 -9999.000 -9999.000 -9999.000 -9999.000 -9999.000 -9999.000
2.332 2.314 2.333 2.333 -9999.000 -9999.000 2.286 4.167 4.167 4.167 -9999.000 3.939 4.167 -9999.000 -9999.000 4.167 -9999.000 4.337 4.348 4.338 4.348 -9999.000 4.167 -9999.000 4.167 -9999.000 -9999.000 4.179 -9999.000 4.104 3.992 4.167 3.981 3.966 3.927 3.962 3.946 3.869 3.843 4.000 3.934 3.983 6.807 -9999.000 -9999.000 5.248 -9999.000 -9999.000 -9999.000 -9999.000 -9999.000 -9999.000 -9999.000 -9999.000 -9999.000 -9999.000 -9999.000 -9999.000 -9999.000 -9999.000 -9999.000 -9999.000 -9999.000 -9999.000 -9999.000 -9999.000 -9999.000 -9999.000
2.333 2.309 2.316 -9999.000 -9999.000 2.246 2.258 -9999.000 -9999.000 -9999.000 2.324 4.167 -9999.000 4.167 4.167 4.167 4.167 3.973 -9999.000 4.303 4.315 4.322 4.128 -9999.000 -9999.000 -9999.000 3.952 4.167 3.983 4.153 3.961 -9999.000 3.969 3.995 3.994 3.994 3.907 3.984 3.960 3.959 3.998 3.954 6.799 -9999.000 -9999.000 -9999.000 -9999.000 -9999.000 -9999.000 -9999.000 -9999.000 -9999.000 -9999.000 -9999.000 -9999.000 -9999.000 -9999.000 -9999.000 -9999.000 -9999.000 -9999.000 -9999.000 -9999.000 -9999.000 -9999.000 -9999.000 -9999.000 -9999.000
2.327 2.332 -9999.000 2.266 2.288 2.262 2.310 2.326 -9999.000 -9999.000 4.167 4.096 3.937 2.331 -9999.000 3.858 3.939 4.167 3.997 4.166 -9999.000 4.325 4.335 -9999.000 -9999.000 3.911 4.167 3.991 -9999.000 3.936 4.167 -9999.000 4.188 4.167 4.010 4.002 5.315 -9999.000 3.893 3.986 3.998 3.873 6.782 -9999.000 6.833 -9999.000 -9999.000 -9999.000 -9999.000 -9999.000 -9999.000 -9999.000 -9999.000 -9999.000 -9999.000 -9999.000 -9999.000 -9999.000 -9999.000 -9999.000 -9999.000 -9999.000 -9999.000 -9999.000 -9999.000 -9999.000 -9999.000 -9999.000
2.309 2.288 2.295 2.309 4.166 2.254 -9999.000 2.283 -9999.000 2.304 2.320 4.167 4.028 3.333 3.323 -9999.000 4.166 3.988 3.986 4.167 4.529 4.381 4.411 4.645 4.634 4.605 -9999.000 3.990 -9999.000 3.921 3.940 -9999.000 4.190 -9999.000 3.966 3.936 4.009 3.921 3.987 3.966 3.979 3.864 4.166 -9999.000 -9999.000 -9999.000 -9999.000 -9999.000 -9999.000 -9999.000 -9999.000 -9999.000 -9999.000 -9999.000 -9999.000 -9999.000 -9999.000 -9999.000 -9999.000 -9999.000 -9999.000 -9999.000 -9999.000 -9999.000 -9999.000 -9999.000 -9999.000 -9999.000
