hx_30m/njhx/rain/result-0046.wd
ncols         211
nrows         286
xllcorner     660279.582600
yllcorner     3541874.325092
cellsize      30.000000
NODATA_value  -9999.000000
[rows 204 to 237 of 286, columns 77 to 153 of 211]
0.010 0.010 0.006 0.004 0.032 0.010 0.001 0.001 0.000 0.001 0.010 0.010 0.057 0.270 0.003 0.000 0.001 0.000 0.004 0.003 0.004 0.002 0.005 0.000 0.000 0.003 0.003 0.045 0.128 0.005 0.001 0.000 0.001 0.010 0.001 0.003 0.001 0.010 0.003 0.001 0.001 0.001 0.001 0.003 0.001 0.001 0.001 0.001 0.004 0.002 0.000 0.000 0.000 0.000 0.001 0.001 0.002 0.000 0.026 0.002 0.002 0.010 0.001 0.000 0.010 0.002 0.001 0.005 0.006 0.010 0.001 0.001 0.001 0.001 0.059 0.000 0.000
0.328 0.004 0.006 0.010 0.006 0.010 0.000 0.001 0.002 0.001 0.000 0.000 0.010 0.009 0.007 0.010 0.002 0.001 0.001 0.006 0.001 0.000 0.000 0.003 0.003 0.003 0.010 0.029 0.001 0.000 0.000 0.000 0.000 0.000 0.001 0.010 0.003 0.003 0.000 0.000 0.000 0.008 0.003 0.003 0.001 0.003 0.002 0.001 0.002 0.001 0.002 0.001 0.004 0.000 0.000 0.000 0.000 0.002 0.010 0.010 0.204 0.000 0.000 0.001 0.001 0.002 0.006 0.002 0.002 0.010 0.006 0.002 0.001 0.003 0.001 0.001 0.004
0.004 0.001 0.001 0.008 0.002 0.010 0.000 0.000 0.000 0.000 0.001 0.001 0.010 0.000 0.000 0.002 0.000 0.010 0.002 0.001 0.000 0.000 0.000 0.002 0.004 0.002 0.005 0.003 0.000 0.001 0.000 0.000 0.000 0.005 0.004 0.003 0.002 0.001 0.000 0.001 0.001 0.002 0.002 0.010 0.010 0.010 0.008 0.001 0.001 0.001 0.001 0.003 0.002 0.002 0.005 0.003 0.001 0.002 0.010 0.000 0.010 0.000 0.001 0.003 0.001 0.006 0.006 0.010 0.005 0.000 0.010 0.010 0.006 0.002 0.001 0.002 0.000
0.005 0.006 0.000 0.006 0.010 0.003 0.002 0.002 0.002 0.001 0.000 0.000 0.002 0.001 0.001 0.002 0.000 0.004 0.003 0.002 0.000 0.000 0.010 0.002 0.010 0.001 0.003 0.010 0.010 0.002 0.002 0.000 0.010 0.003 0.002 0.002 0.000 0.000 0.001 0.002 0.000 0.000 0.002 0.002 0.010 0.180 0.000 0.000 0.000 0.000 0.005 0.002 0.001 0.003 0.001 0.005 0.355 0.046 0.010 0.232 0.000 0.002 0.001 0.000 0.001 0.001 0.006 0.010 0.006 0.010 0.010 0.010 0.046 0.000 0.000 0.002 0.001
0.004 0.000 0.010 0.005 0.001 0.002 0.001 0.000 0.000 0.004 0.006 0.002 0.024 0.019 0.050 0.010 0.010 0.226 0.113 0.001 0.002 0.004 0.006 0.002 0.005 0.000 0.010 0.000 0.005 0.010 0.000 0.000 0.000 0.001 0.003 0.002 0.000 0.000 0.002 0.003 0.010 0.000 0.004 0.002 0.010 0.000 0.000 0.000 0.001 0.001 0.005 0.003 0.002 0.002 0.001 0.003 0.010 0.054 0.000 0.098 0.000 0.001 0.002 0.010 0.002 0.003 0.003 0.003 0.002 0.002 0.010 0.006 0.000 0.000 0.039 0.000 0.000
0.000 0.010 0.006 0.002 0.010 0.001 0.000 0.000 0.001 0.002 0.001 0.001 0.001 0.000 0.001 0.001 0.001 0.194 0.399 0.124 0.206 0.018 0.004 0.001 0.000 0.010 0.010 0.002 0.001 0.001 0.004 0.000 0.000 0.002 0.002 0.003 0.002 0.000 0.000 0.000 0.000 0.010 0.001 0.010 0.010 0.000 0.000 0.000 0.000 0.001 0.000 0.005 0.010 0.000 0.003 0.003 0.003 0.002 0.010 0.174 0.000 0.023 0.003 0.002 0.001 0.001 0.002 0.003 0.000 0.000 0.001 0.002 0.000 0.010 0.000 0.010 0.002
0.000 0.004 0.003 0.004 0.001 0.000 0.000 0.000 0.000 0.000 0.001 0.003 0.001 0.000 0.000 0.033 0.004 0.275 0.117 0.296 0.377 0.000 0.569 0.010 0.003 0.004 0.003 0.000 0.001 0.001 0.010 0.000 0.003 0.002 0.003 0.000 0.010 0.003 0.001 0.000 0.001 0.005 0.000 0.010 0.000 0.001 0.000 0.001 0.002 0.002 0.001 0.010 0.010 0.002 0.010 0.000 0.006 0.000 0.010 0.002 0.001 0.006 0.002 0.001 0.000 0.010 0.001 0.001 0.000 0.000 0.000 0.001 0.010 0.010 0.010 0.000 0.001
0.010 0.006 0.006 0.010 0.000 0.001 0.001 0.000 0.000 0.009 0.002 0.000 0.001 0.000 0.000 0.001 0.045 0.135 0.273 0.081 0.442 0.034 0.041 0.131 0.707 0.000 0.296 0.005 0.001 0.000 0.010 0.010 0.005 0.010 0.001 0.000 0.010 0.010 0.002 0.010 0.000 0.010 0.010 0.010 0.010 0.001 0.000 0.000 0.005 0.000 0.000 0.010 0.019 0.000 0.013 0.005 0.076 0.009 0.001 0.001 0.002 0.000 0.003 0.002 0.000 0.000 0.001 0.010 0.002 0.000 0.000 0.001 0.000 0.003 0.004 0.002 0.005
0.000 0.009 0.006 0.006 0.001 0.001 0.002 0.001 0.000 0.002 0.010 0.004 0.001 0.000 0.001 0.002 0.270 0.384 0.402 0.360 0.062 0.002 0.002 0.001 0.010 0.010 0.010 0.010 0.000 0.003 0.004 0.000 0.003 0.003 0.001 0.010 0.010 0.010 0.000 0.000 0.003 0.002 0.002 0.000 0.002 0.000 0.000 0.001 0.001 0.001 0.000 0.000 0.001 0.000 0.014 0.002 0.000 0.000 0.000 0.001 0.002 0.001 0.002 0.001 0.001 0.001 0.010 0.017 0.010 0.010 0.010 0.000 0.010 0.000 0.001 0.010 0.010
0.002 0.001 0.000 0.001 0.000 0.003 0.002 0.001 0.002 0.000 0.023 0.000 0.001 0.001 0.002 0.006 0.390 0.146 0.348 0.006 0.004 0.001 0.010 0.001 0.002 0.002 0.002 0.163 0.002 0.010 0.000 0.037 0.007 0.003 0.003 0.010 0.010 0.002 0.001 0.000 0.010 0.003 0.005 0.001 0.002 0.000 0.002 0.001 0.000 0.000 0.000 0.018 0.000 0.000 0.006 0.015 0.001 0.000 0.000 0.000 0.000 0.003 0.001 0.003 0.002 0.001 0.002 0.018 0.010 0.010 0.003 0.000 0.010 0.003 0.014 0.026 0.000
0.006 0.005 0.002 0.000 0.004 0.000 0.000 0.001 0.001 0.001 0.027 0.001 0.001 0.000 0.001 0.002 0.259 0.431 0.001 0.002 0.002 0.003 0.002 0.001 0.004 0.001 0.002 0.000 0.000 0.001 0.003 0.010 0.000 0.010 0.028 0.003 0.002 0.010 0.004 0.005 0.002 0.002 0.002 0.003 0.001 0.022 0.000 0.000 0.001 0.010 0.000 0.016 0.000 0.002 0.004 0.531 0.000 0.001 0.003 0.000 0.000 0.003 0.001 0.001 0.001 0.001 0.002 0.001 0.004 0.010 0.010 0.000 0.000 0.001 0.002 0.004 0.000
0.004 0.010 0.000 0.000 0.001 0.001 0.000 0.002 0.001 0.001 0.000 0.000 0.001 0.010 0.006 0.003 0.088 0.001 0.014 0.006 0.010 0.010 0.010 0.001 0.004 0.002 0.002 0.010 0.006 0.010 0.002 0.006 0.010 0.010 0.000 0.002 0.003 0.003 0.003 0.063 0.010 0.012 0.001 0.002 0.010 0.000 0.001 0.001 0.000 0.000 0.006 0.000 0.000 0.004 0.000 0.002 0.000 0.001 0.002 0.001 0.003 0.001 0.002 0.000 0.001 0.002 0.008 0.001 0.001 0.001 0.002 0.002 0.001 0.004 0.002 0.000 0.000
0.003 0.006 0.010 0.002 0.001 0.000 0.002 0.001 0.000 0.002 0.011 0.001 0.006 0.000 0.004 0.003 0.192 0.006 0.010 0.001 0.006 0.010 0.010 0.004 0.002 0.002 0.001 0.003 0.002 0.002 0.006 0.005 0.005 0.001 0.010 0.006 0.000 0.003 0.003 0.010 0.005 0.002 0.002 0.001 0.010 0.013 0.001 0.000 0.001 0.000 0.000 0.000 0.001 0.004 0.161 0.000 0.000 0.010 0.001 0.000 0.001 0.001 0.000 0.001 0.001 0.000 0.002 0.002 0.057 0.001 0.002 0.001 0.002 0.002 0.002 0.000 0.002
0.004 0.002 0.004 0.006 0.000 0.001 0.001 0.001 0.000 0.004 0.006 0.000 0.010 0.010 0.003 0.001 0.010 0.001 0.001 0.001 0.004 0.004 0.002 0.004 0.002 0.002 0.006 0.003 0.000 0.002 0.002 0.003 0.001 0.010 0.000 0.003 0.000 0.006 0.000 0.002 0.002 0.000 0.002 0.010 0.001 0.001 0.000 0.029 0.000 0.000 0.000 0.000 0.004 0.000 0.003 0.001 0.004 0.010 0.010 0.000 0.006 0.003 0.001 0.001 0.001 0.001 0.001 0.001 0.000 0.005 0.058 0.002 0.004 0.004 0.002 0.001 0.000
0.006 0.004 0.001 0.001 0.003 0.002 0.000 0.000 0.003 0.001 0.001 0.001 0.002 0.002 0.003 0.001 0.003 0.004 0.006 0.010 0.010 0.006 0.002 0.010 0.006 0.002 0.004 0.003 0.000 0.003 0.002 0.006 0.002 0.010 0.000 0.001 0.001 0.001 0.001 0.631 0.000 0.002 0.006 0.000 0.001 0.000 0.000 0.000 0.000 0.000 0.000 0.001 0.006 0.004 0.000 0.000 0.001 0.001 0.000 0.003 0.002 0.000 0.000 0.001 0.001 0.000 0.000 0.000 0.000 0.000 0.000 0.003 0.010 0.001 0.004 0.001 0.002
0.000 0.010 0.000 0.002 0.001 0.002 0.002 0.002 0.003 0.052 0.000 0.000 0.000 0.002 0.002 0.005 0.001 0.002 0.010 0.010 0.010 0.010 0.006 0.002 0.002 0.002 0.002 0.000 0.000 0.010 0.002 0.003 0.002 0.000 0.010 0.003 0.010 0.002 0.000 0.111 0.022 0.023 0.000 0.010 0.000 0.000 0.000 0.000 0.000 0.000 0.000 0.006 0.003 0.001 0.000 0.002 0.001 0.001 0.001 0.002 0.001 0.001 0.004 0.001 0.002 0.001 0.006 0.002 0.000 0.000 0.001 0.004 0.003 0.010 0.002 0.001 0.002
0.000 0.002 0.000 0.000 0.001 0.001 0.004 0.001 0.002 0.004 0.004 0.010 0.004 0.009 0.002 0.004 0.002 0.002 0.002 0.001 0.010 0.010 0.006 0.001 0.001 0.006 0.003 0.002 0.002 0.005 0.006 0.001 0.010 0.000 0.002 0.000 0.000 0.036 0.019 0.161 0.010 0.019 0.001 0.006 0.004 0.006 0.001 0.000 0.000 0.000 0.002 0.004 0.001 0.001 0.001 0.002 0.000 0.000 0.001 0.000 0.000 0.001 0.002 0.000 0.001 0.001 0.010 0.006 0.003 0.002 0.001 0.002 0.000 0.000 0.000 0.044 0.001
0.001 0.002 0.000 0.000 0.002 0.001 0.001 0.000 0.002 0.001 0.004 0.002 0.005 0.001 0.000 0.000 0.010 0.004 0.002 0.004 0.001 0.121 0.010 0.010 0.004 0.003 0.000 0.000 0.000 0.001 0.003 0.006 0.010 0.000 0.001 0.010 0.040 0.032 0.000 0.085 0.010 0.013 0.010 0.002 0.002 0.010 0.096 0.004 0.002 0.000 0.002 0.006 0.001 0.001 0.000 0.000 0.000 0.010 0.000 0.001 0.010 0.001 0.001 0.002 0.000 0.000 0.000 0.007 0.000 0.001 0.001 0.006 0.001 0.000 0.000 0.000 0.000
0.002 0.004 0.000 0.000 0.006 0.002 0.001 0.002 0.001 0.000 0.000 0.003 0.006 0.004 0.002 0.006 0.006 0.010 0.187 0.010 0.006 0.010 0.001 0.004 0.006 0.005 0.001 0.002 0.000 0.003 0.001 0.001 0.001 0.000 0.002 0.088 0.069 0.001 0.004 0.001 0.010 0.014 0.032 0.004 0.003 0.005 0.002 0.005 0.000 0.001 0.000 0.000 0.000 0.000 0.010 0.000 0.000 0.000 0.000 0.000 0.001 0.010 0.001 0.000 0.002 0.000 0.008 0.000 0.006 0.002 0.003 0.000 0.000 0.001 0.002 0.001 0.001
0.000 0.004 0.002 0.001 0.000 0.006 0.002 0.003 0.000 0.002 0.006 0.002 0.004 0.004 0.004 0.003 0.001 0.006 0.010 0.168 0.010 0.003 0.001 0.002 0.000 0.003 0.000 0.000 0.003 0.002 0.001 0.001 0.001 0.002 0.001 0.080 0.067 0.003 0.000 0.004 0.215 0.098 0.194 0.044 0.010 0.006 0.006 0.001 0.001 0.002 0.055 0.003 0.006 0.000 0.002 0.001 0.000 0.001 0.000 0.002 0.001 0.000 0.094 0.010 0.010 0.010 0.004 0.000 0.001 0.002 0.006 0.001 0.001 0.001 0.001 0.000 0.000
0.001 0.004 0.002 0.004 0.005 0.002 0.001 0.002 0.003 0.001 0.001 0.002 0.002 0.002 0.000 0.010 0.003 0.002 0.001 0.006 0.002 0.107 0.010 0.001 0.000 0.001 0.000 0.000 0.001 0.006 0.003 0.006 0.006 0.002 0.001 0.002 0.000 0.003 0.002 0.001 0.004 0.000 0.004 0.184 0.140 0.113 0.151 0.004 0.003 0.000 0.010 0.010 0.006 0.002 0.002 0.000 0.000 0.000 0.001 0.001 0.000 0.003 0.000 0.004 0.002 0.010 0.010 0.003 0.001 0.003 0.000 0.000 0.000 0.000 0.001 0.001 0.001
0.004 0.000 0.002 0.001 0.002 0.002 0.002 0.001 0.000 0.002 0.002 0.001 0.000 0.000 0.002 0.006 0.010 0.075 0.002 0.003 0.002 0.003 0.008 0.002 0.018 0.002 0.000 0.002 0.001 0.005 0.002 0.001 0.000 0.002 0.001 0.001 0.001 0.003 0.005 0.000 0.000 0.193 0.199 0.089 0.190 0.086 0.006 0.002 0.010 0.011 0.002 0.002 0.002 0.680 0.181 0.003 0.006 0.000 0.001 0.003 0.002 0.001 0.002 0.000 0.000 0.001 0.002 0.001 0.002 0.001 0.000 0.001 0.001 0.001 0.000 0.000 0.002
0.000 0.001 0.002 0.002 0.002 0.000 0.001 0.002 0.002 0.001 0.002 0.001 0.006 0.002 0.004 0.010 0.010 0.010 0.010 0.010 0.001 0.001 0.001 0.002 0.010 0.156 0.002 0.001 0.010 0.002 0.002 0.003 0.010 0.002 0.000 0.000 0.002 0.000 0.001 0.003 0.000 0.102 0.106 0.089 0.003 0.003 0.006 0.006 0.018 0.006 0.010 0.002 0.003 0.006 0.003 0.010 0.524 0.010 0.004 0.003 0.004 0.002 0.001 0.000 0.000 0.000 0.002 0.002 0.000 0.000 0.001 0.001 0.000 0.002 0.000 0.001 0.001
0.003 0.001 0.000 0.032 0.001 0.001 0.004 0.001 0.010 0.002 0.002 0.001 0.000 0.006 0.010 0.010 0.010 0.010 0.010 0.003 0.002 0.001 0.001 0.003 0.002 0.010 0.010 0.002 0.006 0.001 0.002 0.006 0.006 0.001 0.006 0.002 0.001 0.000 0.001 0.001 0.009 0.000 0.000 0.004 0.003 0.001 0.006 0.000 0.003 0.001 0.001 0.002 0.010 0.004 0.001 0.001 0.004 0.889 0.735 0.003 0.003 0.003 0.001 0.001 0.000 0.000 0.002 0.001 0.010 0.009 0.000 0.000 0.000 0.000 0.000 0.000 0.001
0.000 0.000 0.030 0.062 0.002 0.002 0.002 0.004 0.003 0.002 0.000 0.005 0.004 0.001 0.001 0.000 0.001 0.010 0.010 0.002 0.058 0.001 0.010 0.004 0.002 0.001 0.003 0.002 0.003 0.005 0.002 0.000 0.001 0.000 0.000 0.001 0.001 0.006 0.000 0.010 0.001 0.001 0.001 0.000 0.000 0.003 0.004 0.011 0.002 0.004 0.010 0.048 0.006 0.003 0.010 0.010 0.001 0.001 0.003 0.000 0.785 0.078 0.001 0.000 0.000 0.001 0.002 0.000 0.004 0.002 0.000 0.000 0.116 0.002 0.001 0.001 0.003
0.001 0.000 0.006 0.010 0.126 0.008 0.001 0.003 0.002 0.001 0.004 0.000 0.001 0.000 0.002 0.133 0.000 0.001 0.002 0.001 0.001 0.001 0.000 0.001 0.000 0.002 0.012 0.006 0.002 0.003 0.003 0.006 0.001 0.001 0.001 0.001 0.004 0.001 0.005 0.001 0.002 0.000 0.003 0.001 0.003 0.003 0.730 0.006 0.003 0.003 0.003 0.006 0.006 0.002 0.001 0.003 0.001 0.003 0.001 0.002 0.006 0.164 0.616 0.002 0.002 0.002 0.000 0.000 0.000 0.000 0.000 0.071 0.170 0.268 0.194 0.020 0.002
0.010 0.000 0.000 0.001 0.001 0.001 0.001 0.003 0.002 0.002 0.002 0.002 0.002 0.000 0.000 0.000 0.004 0.000 0.001 0.000 0.002 0.002 0.001 0.000 0.000 0.010 0.000 0.006 0.003 0.002 0.001 0.010 0.001 0.002 0.001 0.002 0.002 0.001 0.001 0.001 0.001 0.001 0.000 0.001 0.002 0.000 0.051 0.010 0.010 0.006 0.002 0.003 0.002 0.010 0.004 0.001 0.001 0.001 0.004 0.001 0.010 0.000 0.010 0.681 0.010 0.002 0.002 0.000 0.000 0.000 0.000 0.147 0.186 0.173 0.036 0.017 0.006
0.002 0.002 0.000 0.000 0.000 0.002 0.001 0.004 0.001 0.002 0.004 0.002 0.000 0.000 0.003 0.000 0.001 0.002 0.001 0.000 0.002 0.004 0.005 0.001 0.000 0.000 0.001 0.006 0.004 0.002 0.002 0.002 0.000 0.000 0.000 0.002 0.002 0.001 0.003 0.010 0.002 0.010 0.001 0.004 0.004 0.010 0.019 0.028 0.010 0.006 0.010 0.006 0.001 0.001 0.001 0.001 0.004 0.002 0.006 0.006 0.004 0.000 0.000 0.010 0.001 0.000 0.005 0.002 0.053 0.000 0.078 0.210 0.223 0.203 0.001 0.004 0.016
0.006 0.001 0.002 0.001 0.002 0.001 0.006 0.004 0.000 0.001 0.003 0.005 0.004 0.006 0.000 0.002 0.010 0.001 0.002 0.002 0.001 0.001 0.002 0.000 0.003 0.001 0.001 0.006 0.003 0.000 0.000 0.001 0.002 0.001 0.000 0.000 0.000 0.002 0.010 0.001 0.002 0.000 0.003 0.003 0.048 0.000 0.010 0.010 0.004 0.010 0.005 0.010 0.010 0.006 0.002 0.010 0.004 0.009 0.010 0.010 0.010 0.002 0.001 0.010 0.010 0.081 0.010 0.000 0.343 0.048 0.067 0.174 0.325 0.020 0.001 0.001 0.003
0.001 0.001 0.001 0.001 0.001 0.003 0.003 0.002 0.002 0.001 0.001 0.002 0.001 0.003 0.006 0.001 0.001 0.000 0.000 0.003 0.004 0.000 0.000 0.001 0.001 0.001 0.006 0.001 0.003 0.000 0.000 0.000 0.000 0.003 0.002 0.001 0.001 0.001 0.002 0.003 0.002 0.002 0.002 0.000 0.000 0.000 0.000 0.010 0.000 0.010 0.010 0.002 0.015 0.006 0.001 0.010 0.002 0.000 0.010 0.000 0.010 0.010 0.002 0.001 0.188 0.145 0.143 0.208 0.010 0.000 1.194 0.286 0.117 0.000 0.002 0.002 0.003
0.006 0.002 0.001 0.002 0.001 0.002 0.002 0.000 0.000 0.002 0.001 0.002 0.000 0.001 0.001 0.001 0.004 0.010 0.041 0.001 0.002 0.010 0.058 0.000 0.003 0.002 0.003 0.001 0.000 0.000 0.001 0.001 0.000 0.001 0.001 0.001 0.004 0.002 0.001 0.003 0.002 0.003 0.006 0.948 0.000 0.000 0.000 0.049 0.000 0.000 0.010 0.010 0.002 0.002 0.002 0.006 0.002 0.010 0.019 0.010 0.010 0.000 0.001 0.002 0.000 0.152 0.036 0.000 0.000 0.010 0.010 0.000 0.027 0.244 0.093 0.001 0.025
0.000 0.000 0.006 0.002 0.004 0.001 0.002 0.001 0.000 0.000 0.001 0.010 0.002 0.001 0.001 0.001 0.002 0.002 0.008 0.001 0.000 0.001 0.003 0.003 0.004 0.001 0.002 0.006 0.001 0.001 0.000 0.000 0.001 0.002 0.001 0.000 0.004 0.010 0.003 0.002 0.003 0.010 0.000 0.010 0.229 0.000 0.000 0.000 0.000 0.000 0.000 0.010 0.003 0.003 0.006 0.002 0.003 0.003 0.006 0.002 0.002 0.003 0.001 0.000 0.002 0.004 0.122 0.000 0.010 0.113 0.010 0.001 0.006 0.000 0.198 0.318 0.045
0.010 0.004 0.002 0.002 0.004 0.003 0.000 0.001 0.002 0.001 0.000 0.000 0.001 0.003 0.001 0.001 0.001 0.001 0.010 0.006 0.001 0.000 0.001 0.003 0.001 0.003 0.001 0.001 0.000 0.000 0.001 0.000 0.000 0.001 0.001 0.001 0.002 0.003 0.006 0.006 0.010 0.010 0.666 0.010 0.000 0.000 0.141 0.034 0.000 0.000 0.000 0.010 0.002 0.010 0.010 0.010 0.003 0.016 0.001 0.001 0.002 0.004 0.001 0.000 0.000 0.002 0.001 0.001 0.009 0.000 0.002 0.004 0.000 0.000 0.001 0.000 0.116
0.003 0.002 0.002 0.001 0.004 0.000 0.000 0.001 0.001 0.002 0.000 0.001 0.001 0.000 0.000 0.001 0.001 0.001 0.010 0.010 0.006 0.004 0.001 0.003 0.001 0.004 0.001 0.005 0.000 0.000 0.000 0.000 0.000 0.001 0.001 0.000 0.002 0.006 0.006 0.002 0.007 0.000 0.004 0.003 0.004 0.010 0.022 0.010 0.000 0.000 0.010 0.003 0.010 0.010 0.010 0.010 0.010 0.010 0.006 0.003 0.001 0.002 0.000 0.000 0.006 0.010 0.000 0.000 0.000 0.003 0.000 0.000 0.010 0.001 0.001 0.001 0.002
