hx_30m/njhx/rain/result-0052.wd
ncols         211
nrows         286
xllcorner     660279.582600
yllcorner     3541874.325092
cellsize      30.000000
NODATA_value  -9999.000000
[rows 204 to 237 of 286, columns 0 to 76 of 211]
0.000 0.000 0.000 0.000 0.000 0.000 0.000 0.000 0.000 0.000 0.000 0.000 0.000 0.000 0.000 0.010 0.213 0.010 0.000 0.001 0.002 0.001 0.002 0.005 0.010 0.010 0.010 0.012 0.001 0.010 0.010 0.107 0.000 0.002 0.005 0.002 0.003 0.003 0.010 0.010 0.133 0.000 0.010 0.493 0.002 0.010 0.001 0.003 0.002 0.010 0.000 0.003 0.000 0.002 0.004 0.002 0.004 0.002 0.000 0.000 0.001 0.001 0.001 0.000 0.000 0.000 0.000 0.000 0.000 0.022 0.005 0.001 0.010 0.010 0.010 0.010 0.000
0.000 0.000 0.000 0.000 0.000 0.000 0.000 0.000 0.000 0.000 0.000 0.000 0.000 0.000 0.118 0.010 0.010 0.001 0.000 0.002 0.001 0.010 0.002 0.010 0.005 0.005 0.010 0.010 0.001 0.005 0.010 0.062 0.000 0.010 0.010 0.003 0.005 0.004 0.010 0.005 0.001 0.000 0.010 0.010 0.010 0.010 0.010 0.002 0.003 0.001 0.005 0.010 0.001 0.002 0.004 0.002 0.001 0.001 0.000 0.000 0.000 0.000 0.000 0.000 0.004 0.002 0.005 0.000 0.002 0.007 0.000 0.005 0.004 0.005 0.000 0.330 0.038
0.000 0.000 0.000 0.000 0.000 0.000 0.000 0.000 0.000 0.000 0.000 0.000 0.000 0.000 0.010 0.127 0.002 0.002 0.003 0.002 0.010 0.010 0.002 0.010 0.003 0.085 0.010 0.002 0.010 0.002 0.010 0.010 0.000 0.004 0.010 0.004 0.002 0.005 0.010 0.002 0.000 0.070 0.010 0.010 0.010 0.010 0.010 0.005 0.005 0.001 0.001 0.002 0.001 0.001 0.002 0.002 0.001 0.001 0.001 0.000 0.000 0.000 0.001 0.001 0.010 0.010 0.010 0.010 0.005 0.008 0.010 0.003 0.010 0.000 0.368 0.269 0.411
0.000 0.000 0.000 0.000 0.000 0.000 0.000 0.000 0.000 0.000 0.000 0.000 0.000 0.000 0.010 0.010 0.003 0.010 0.002 0.001 0.010 0.002 0.010 0.002 0.004 0.001 0.001 0.003 0.003 0.001 0.001 0.005 0.005 0.010 0.010 0.010 0.005 0.003 0.001 0.002 0.010 0.088 0.010 0.010 0.010 0.010 0.010 0.003 0.001 0.000 0.001 0.001 0.001 0.002 0.002 0.001 0.006 0.000 0.000 0.000 0.000 0.000 0.000 0.001 0.010 0.010 0.010 0.010 0.001 0.009 0.010 0.000 0.041 0.004 0.162 0.000 0.005
0.000 0.000 0.000 0.000 0.000 0.000 0.000 0.000 0.000 0.000 0.000 0.000 0.000 0.000 0.010 0.010 0.002 0.003 0.003 0.054 0.010 0.005 0.010 0.003 0.010 0.003 0.003 0.001 0.010 0.003 0.005 0.000 0.003 0.010 0.003 0.001 0.001 0.002 0.002 0.010 0.010 0.071 0.010 0.010 0.010 0.010 0.005 0.001 0.000 0.010 0.001 0.002 0.010 0.000 0.000 0.001 0.002 0.000 0.005 0.000 0.000 0.001 0.001 0.010 0.005 0.010 0.010 0.003 0.002 0.010 0.000 0.010 0.010 0.001 0.000 0.001 0.000
0.000 0.000 0.000 0.000 0.000 0.000 0.000 0.000 0.000 0.000 0.000 0.000 0.000 0.010 0.005 0.002 0.010 0.010 0.010 0.003 0.010 0.010 0.005 0.005 0.001 0.010 0.005 0.010 0.001 0.004 0.055 0.000 0.004 0.010 0.003 0.001 0.000 0.000 0.003 0.010 0.010 0.010 0.010 0.010 0.010 0.010 0.002 0.002 0.003 0.001 0.000 0.100 0.012 0.000 0.000 0.000 0.002 0.003 0.029 0.120 0.000 0.001 0.001 0.010 0.010 0.010 0.062 0.000 0.000 0.294 0.180 0.017 0.001 0.003 0.000 0.001 0.001
0.000 0.000 0.000 0.000 0.000 0.000 0.000 0.000 0.000 0.000 0.000 0.000 0.169 0.010 0.005 0.003 0.074 0.010 0.010 0.002 0.010 0.010 0.005 0.003 0.002 0.010 0.010 0.002 0.000 0.010 0.000 0.073 0.010 0.005 0.005 0.000 0.000 0.000 0.001 0.010 0.003 0.010 0.010 0.010 0.010 0.010 0.001 0.001 0.005 0.002 0.001 0.010 0.000 0.000 0.000 0.013 0.000 0.002 0.002 0.014 0.241 0.114 0.014 0.001 0.010 0.079 0.014 0.010 0.010 0.149 0.088 0.003 0.001 0.000 0.001 0.000 0.001
0.000 0.000 0.000 0.000 0.000 0.000 0.000 0.000 0.000 0.000 0.000 0.000 0.010 0.010 0.002 0.026 0.010 0.010 0.001 0.010 0.010 0.010 0.010 0.009 0.001 0.010 0.001 0.003 0.000 0.000 0.000 0.003 0.010 0.003 0.001 0.000 0.000 0.000 0.000 0.003 0.043 0.005 0.010 0.010 0.010 0.002 0.002 0.003 0.010 0.002 0.000 0.002 0.000 0.000 0.000 0.010 0.000 0.000 0.000 0.002 0.005 0.001 0.099 0.016 0.257 0.010 0.000 0.010 0.010 0.216 0.005 0.002 0.002 0.002 0.002 0.001 0.010
0.000 0.000 0.000 0.000 0.000 0.000 0.000 0.000 0.000 0.000 0.000 0.000 0.010 0.010 0.002 0.010 0.010 0.051 0.003 0.003 0.010 0.010 0.010 0.002 0.002 0.010 0.001 0.005 0.000 0.000 0.000 0.004 0.010 0.004 0.003 0.001 0.000 0.010 0.001 0.001 0.000 0.001 0.001 0.004 0.005 0.003 0.001 0.010 0.010 0.010 0.004 0.000 0.000 0.000 0.000 0.002 0.001 0.001 0.003 0.003 0.002 0.000 0.001 0.144 0.010 0.010 0.010 0.027 0.002 0.000 0.005 0.001 0.003 0.000 0.001 0.001 0.000
0.000 0.000 0.000 0.000 0.000 0.000 0.000 0.000 0.000 0.000 0.000 0.000 0.054 0.002 0.010 0.010 0.416 0.140 0.003 0.010 0.010 0.010 0.005 0.010 0.001 0.010 0.001 0.003 0.000 0.010 0.000 0.005 0.003 0.010 0.001 0.000 0.000 0.001 0.000 0.000 0.001 0.000 0.000 0.000 0.001 0.005 0.000 0.001 0.004 0.002 0.000 0.001 0.001 0.000 0.004 0.004 0.001 0.002 0.001 0.001 0.001 0.003 0.000 0.551 0.010 0.010 0.010 0.010 0.010 0.057 0.055 0.000 0.000 0.005 0.002 0.000 0.000
0.000 0.000 0.000 0.000 0.000 0.000 0.000 0.000 0.000 0.000 0.000 0.010 0.002 0.001 0.010 0.010 0.010 0.010 0.002 0.010 0.010 0.003 0.005 0.002 0.092 0.010 0.005 0.001 0.010 1.036 0.301 0.010 0.113 0.010 0.000 0.003 0.002 0.004 0.001 0.000 0.001 0.001 0.007 0.001 0.001 0.001 0.002 0.000 0.005 0.001 0.002 0.000 0.002 0.008 0.000 0.000 0.001 0.001 0.002 0.005 0.005 0.000 0.041 0.010 0.010 0.010 0.010 0.000 0.010 0.081 0.328 0.103 0.010 0.000 0.000 0.000 0.010
0.000 0.000 0.000 0.000 0.000 0.000 0.000 0.000 0.000 0.000 0.000 0.069 0.010 0.001 0.008 0.010 0.010 0.001 0.010 0.010 0.010 0.003 0.001 0.005 0.010 0.010 0.063 0.010 0.010 0.000 0.003 0.010 0.004 0.003 0.001 0.000 0.003 0.001 0.005 0.001 0.005 0.000 0.000 0.001 0.001 0.001 0.002 0.001 0.001 0.001 0.003 0.000 0.005 0.003 0.002 0.010 0.010 0.010 0.005 0.000 0.164 0.010 0.010 0.069 0.000 0.003 0.020 0.003 0.002 0.000 0.003 0.002 0.029 0.001 0.002 0.010 0.010
0.000 0.000 0.000 0.000 0.000 0.000 0.000 0.000 0.000 0.000 0.272 0.010 0.010 0.010 0.010 0.010 0.010 0.002 0.010 0.010 0.010 0.003 0.000 0.002 0.010 0.010 0.010 0.010 0.001 0.000 0.085 0.010 0.003 0.001 0.000 0.002 0.001 0.001 0.000 0.001 0.005 0.075 0.010 0.001 0.001 0.000 0.000 0.001 0.002 0.001 0.075 0.002 0.005 0.003 0.000 0.001 0.003 0.003 0.000 0.057 0.010 0.010 0.000 0.000 0.003 0.009 0.000 0.000 0.001 0.002 0.003 0.001 0.005 0.001 0.001 0.001 0.003
0.000 0.000 0.000 0.000 0.000 0.000 0.000 0.000 0.000 0.000 0.014 0.010 0.010 0.010 0.010 0.010 0.010 0.002 0.010 0.010 0.010 0.010 0.002 0.001 0.010 0.010 0.002 0.001 0.000 0.296 0.073 0.005 0.005 0.000 0.000 0.001 0.104 0.010 0.010 0.001 0.000 0.001 0.000 0.001 0.001 0.001 0.010 0.010 0.000 0.001 0.000 0.001 0.002 0.001 0.003 0.005 0.000 0.128 0.010 0.073 0.010 0.000 0.000 0.010 0.005 0.003 0.003 0.002 0.003 0.003 0.001 0.001 0.003 0.001 0.000 0.002 0.002
0.000 0.000 0.000 0.000 0.000 0.000 0.000 0.000 0.000 0.000 0.010 0.010 0.010 0.010 0.010 0.010 0.010 0.005 0.010 0.041 0.000 0.010 0.095 0.010 0.002 0.003 0.000 0.000 0.087 0.001 0.010 0.003 0.010 0.001 0.001 0.004 0.010 0.010 0.096 0.005 0.003 0.000 0.000 0.003 0.003 0.002 0.005 0.003 0.002 0.002 0.000 0.000 0.002 0.003 0.010 0.000 0.004 0.010 0.000 0.010 0.010 0.000 0.010 0.005 0.001 0.002 0.000 0.000 0.000 0.001 0.003 0.002 0.001 0.001 0.002 0.010 0.014
0.000 0.000 0.000 0.000 0.000 0.000 0.000 0.000 0.000 0.000 0.000 0.010 0.099 0.025 0.010 0.010 0.010 0.010 0.040 0.000 0.000 0.000 0.010 0.071 0.000 0.000 0.218 0.003 0.003 0.005 0.010 0.010 0.010 0.000 0.000 0.003 0.003 0.000 0.001 0.001 0.003 0.000 0.001 0.001 0.003 0.010 0.005 0.002 0.001 0.001 0.001 0.000 0.001 0.000 0.103 0.002 0.001 0.001 0.001 0.000 0.010 0.010 0.010 0.005 0.002 0.002 0.003 0.001 0.002 0.007 0.003 0.005 0.003 0.000 0.000 0.004 0.002
0.000 0.000 0.000 0.000 0.000 0.000 0.000 0.000 0.000 0.000 0.000 0.000 0.000 0.000 0.202 0.010 0.010 0.010 0.000 0.000 0.000 0.000 0.000 0.010 0.000 0.010 0.005 0.003 0.010 0.001 0.010 0.003 0.010 0.000 0.006 0.010 0.000 0.003 0.001 0.001 0.000 0.000 0.003 0.002 0.003 0.010 0.010 0.001 0.002 0.001 0.001 0.001 0.000 0.014 0.010 0.001 0.010 0.000 0.000 0.000 0.002 0.003 0.003 0.002 0.010 0.001 0.001 0.002 0.002 0.001 0.005 0.000 0.001 0.000 0.001 0.233 0.000
0.000 0.000 0.000 0.000 0.000 0.000 0.000 0.000 0.000 0.000 0.000 0.000 0.010 0.010 0.010 0.010 0.010 0.010 0.000 0.000 0.000 0.000 0.000 0.000 0.000 0.239 0.002 0.003 0.002 0.002 0.010 0.003 0.010 0.002 0.002 0.001 0.000 0.010 0.001 0.001 0.000 0.000 0.000 0.000 0.001 0.005 0.002 0.005 0.001 0.000 0.000 0.010 0.010 0.003 0.000 0.000 0.002 0.000 0.005 0.000 0.000 0.001 0.002 0.002 0.001 0.000 0.001 0.002 0.000 0.000 0.002 0.003 0.003 0.003 0.001 0.240 0.001
0.000 0.000 0.000 0.000 0.000 0.000 0.000 0.000 0.000 0.000 0.000 0.000 0.000 0.000 0.000 0.010 0.010 0.010 0.010 0.000 0.000 0.000 0.032 0.000 0.000 0.000 0.000 0.062 0.010 0.002 0.010 0.002 0.010 0.002 0.001 0.010 0.002 0.003 0.000 0.000 0.000 0.001 0.001 0.004 0.002 0.000 0.002 0.001 0.002 0.000 0.002 0.002 0.003 0.001 0.002 0.005 0.002 0.001 0.000 0.000 0.000 0.000 0.000 0.001 0.000 0.003 0.002 0.000 0.001 0.001 0.001 0.003 0.001 0.003 0.001 0.001 0.001
0.000 0.000 0.000 0.000 0.000 0.000 0.000 0.000 0.000 0.000 0.000 0.000 0.000 0.000 0.000 0.000 0.010 0.010 0.010 0.010 0.010 0.100 0.000 0.000 0.000 0.000 0.000 0.000 0.000 0.091 0.010 0.142 0.011 0.001 0.003 0.010 0.001 0.002 0.001 0.003 0.001 0.001 0.000 0.002 0.000 0.000 0.010 0.000 0.144 0.010 0.000 0.001 0.001 0.002 0.005 0.003 0.010 0.010 0.001 0.001 0.001 0.005 0.001 0.010 0.000 0.000 0.001 0.004 0.001 0.001 0.002 0.005 0.000 0.002 0.003 0.002 0.000
0.000 0.000 0.000 0.000 0.000 0.000 0.000 0.000 0.000 0.000 0.000 0.000 0.000 0.000 0.000 0.000 0.000 0.010 0.010 0.126 0.000 0.000 0.000 0.043 0.000 0.120 0.010 0.010 0.069 0.000 0.000 0.000 0.000 0.000 0.000 0.003 0.001 0.010 0.010 0.001 0.002 0.001 0.005 0.010 0.010 0.010 0.000 0.069 0.010 0.010 0.001 0.001 0.001 0.002 0.005 0.010 0.010 0.002 0.001 0.002 0.002 0.009 0.001 0.002 0.001 0.004 0.003 0.001 0.001 0.000 0.002 0.001 0.000 0.003 0.002 0.000 0.000
0.000 0.000 0.000 0.000 0.000 0.000 0.000 0.000 0.000 0.000 0.000 0.000 0.000 0.000 0.000 0.000 0.000 0.000 0.000 0.207 0.000 0.000 0.000 0.010 0.000 0.010 0.010 0.000 0.000 0.000 0.000 0.078 0.010 0.010 0.038 0.000 0.010 0.002 0.002 0.001 0.003 0.010 0.003 0.004 0.010 0.495 0.010 0.010 0.010 0.003 0.002 0.001 0.002 0.005 0.001 0.000 0.001 0.003 0.001 0.002 0.010 0.010 0.005 0.003 0.003 0.000 0.000 0.001 0.001 0.000 0.000 0.001 0.001 0.002 0.003 0.000 0.001
0.000 0.000 0.000 0.000 0.000 0.000 0.000 0.000 0.000 0.000 0.000 0.000 0.000 0.000 0.000 0.000 0.000 0.000 0.000 0.000 0.027 0.000 0.000 0.000 0.000 0.010 0.000 0.000 0.000 0.000 0.000 0.000 0.000 0.000 0.000 0.010 0.075 0.000 0.000 0.010 0.010 0.001 0.002 0.002 0.000 0.010 0.002 0.002 0.002 0.001 0.005 0.010 0.000 0.003 0.001 0.002 0.002 0.001 0.002 0.001 0.001 0.014 0.010 0.002 0.003 0.010 0.010 0.004 0.002 0.001 0.000 0.001 0.001 0.001 0.005 0.001 0.001
0.000 0.000 0.000 0.000 0.000 0.000 0.000 0.000 0.000 0.000 0.000 0.000 0.000 0.000 0.000 0.000 0.000 0.000 0.000 0.000 0.000 0.025 0.000 0.000 0.031 0.000 0.000 0.000 0.000 0.000 0.000 0.000 0.000 0.000 0.000 0.000 0.000 0.010 0.010 0.146 0.000 0.000 0.000 0.010 0.000 0.002 0.002 0.003 0.010 0.005 0.224 0.011 0.005 0.005 0.010 0.000 0.000 0.000 0.000 0.000 0.006 0.085 0.010 0.001 0.001 0.000 0.005 0.003 0.001 0.000 0.001 0.001 0.001 0.002 0.001 0.000 0.001
0.000 0.000 0.000 0.000 0.000 0.000 0.000 0.000 0.000 0.000 0.000 0.000 0.000 0.000 0.000 0.000 0.000 0.000 0.000 0.000 0.000 0.000 0.000 0.031 0.000 0.000 0.000 0.000 0.000 0.000 0.000 0.000 0.000 0.000 0.000 0.000 0.000 0.000 0.000 0.010 0.059 0.010 0.010 0.104 0.000 0.000 0.000 0.014 0.002 0.001 0.003 0.083 0.209 0.190 0.090 0.002 0.010 0.002 0.000 0.002 0.001 0.005 0.000 0.000 0.001 0.002 0.003 0.003 0.001 0.000 0.068 0.010 0.005 0.005 0.001 0.005 0.000
0.000 0.000 0.000 0.000 0.000 0.000 0.000 0.000 0.000 0.000 0.000 0.000 0.000 0.000 0.000 0.000 0.000 0.000 0.000 0.000 0.000 0.000 0.000 0.000 0.000 0.000 0.000 0.000 0.000 0.000 0.000 0.000 0.000 0.000 0.000 0.000 0.000 0.000 0.000 0.000 0.000 0.000 0.000 0.000 0.000 0.000 0.000 0.098 0.000 0.000 0.251 0.053 0.142 0.003 0.005 0.010 0.002 0.001 0.002 0.001 0.003 0.139 0.000 0.000 0.000 0.000 0.002 0.004 0.001 0.000 0.001 0.005 0.010 0.184 0.115 0.010 0.010
0.000 0.000 0.000 0.000 0.000 0.000 0.000 0.000 0.000 0.000 0.000 0.000 0.000 0.000 0.000 0.000 0.000 0.000 0.000 0.000 0.000 0.000 0.000 0.000 0.000 0.000 0.000 0.000 0.000 0.000 0.000 0.000 0.000 0.000 0.000 0.000 0.000 0.000 0.000 0.000 0.000 0.000 0.000 0.000 0.000 0.000 0.000 0.000 0.000 0.036 0.000 0.000 0.010 0.003 0.002 0.003 0.002 0.010 0.005 0.002 0.001 0.001 0.009 0.003 0.003 0.000 0.000 0.001 0.000 0.002 0.010 0.010 0.003 0.000 0.001 0.001 0.000
0.000 0.000 0.000 0.000 0.000 0.000 0.000 0.000 0.000 0.000 0.000 0.000 0.000 0.000 0.000 0.000 0.000 0.000 0.000 0.000 0.000 0.000 0.000 0.000 0.000 0.000 0.000 0.000 0.000 0.000 0.000 0.000 0.000 0.000 0.000 0.000 0.000 0.000 0.000 0.000 0.000 0.000 0.000 0.000 0.000 0.000 0.000 0.000 0.000 0.000 0.000 0.036 0.000 0.000 0.000 0.010 0.010 0.001 0.004 0.003 0.005 0.010 0.003 0.002 0.001 0.003 0.003 0.010 0.000 0.005 0.000 0.001 0.001 0.005 0.000 0.000 0.000
0.000 0.000 0.000 0.000 0.000 0.000 0.000 0.000 0.000 0.000 0.000 0.000 0.000 0.000 0.000 0.000 0.000 0.000 0.000 0.000 0.000 0.000 0.000 0.000 0.000 0.000 0.000 0.000 0.000 0.000 0.000 0.000 0.000 0.000 0.000 0.000 0.000 0.000 0.000 0.000 0.000 0.000 0.000 0.000 0.000 0.000 0.000 0.000 0.000 0.000 0.000 0.000 0.000 0.000 0.010 0.010 0.000 0.000 0.000 0.000 0.008 0.002 0.002 0.002 0.010 0.005 0.001 0.002 0.005 0.003 0.003 0.054 0.000 0.000 0.001 0.001 0.000
0.000 0.000 0.000 0.000 0.000 0.000 0.000 0.000 0.000 0.000 0.000 0.000 0.000 0.000 0.000 0.000 0.000 0.000 0.000 0.000 0.000 0.000 0.000 0.000 0.000 0.000 0.000 0.000 0.000 0.000 0.000 0.000 0.000 0.000 0.000 0.000 0.000 0.000 0.000 0.000 0.000 0.000 0.000 0.000 0.000 0.000 0.000 0.000 0.000 0.000 0.000 0.000 0.000 0.000 0.000 0.000 0.000 0.000 0.000 0.035 0.000 0.000 0.000 0.000 0.002 0.002 0.002 0.005 0.003 0.002 0.004 0.005 0.003 0.005 0.000 0.002 0.002
0.000 0.000 0.000 0.000 0.000 0.000 0.000 0.000 0.000 0.000 0.000 0.000 0.000 0.000 0.000 0.000 0.000 0.000 0.000 0.000 0.000 0.000 0.000 0.000 0.000 0.000 0.000 0.000 0.000 0.000 0.000 0.000 0.000 0.000 0.000 0.000 0.000 0.000 0.000 0.000 0.000 0.000 0.000 0.000 0.000 0.000 0.000 0.000 0.000 0.000 0.000 0.000 0.000 0.000 0.000 0.000 0.000 0.000 0.000 0.000 0.000 0.000 0.010 0.061 0.000 0.000 0.000 0.002 0.002 0.002 0.003 0.005 0.004 0.002 0.005 0.002 0.000
0.000 0.000 0.000 0.000 0.000 0.000 0.000 0.000 0.000 0.000 0.000 0.000 0.000 0.000 0.000 0.000 0.000 0.000 0.000 0.000 0.000 0.000 0.000 0.000 0.000 0.000 0.000 0.000 0.000 0.000 0.000 0.000 0.000 0.000 0.000 0.000 0.000 0.000 0.000 0.000 0.000 0.000 0.000 0.000 0.000 0.000 0.000 0.000 0.000 0.000 0.000 0.000 0.000 0.000 0.000 0.000 0.000 0.000 0.000 0.000 0.000 0.000 0.000 0.000 0.000 0.010 0.064 0.000 0.000 0.077 0.005 0.001 0.010 0.005 0.001 0.005 0.005
0.000 0.000 0.000 0.000 0.000 0.000 0.000 0.000 0.000 0.000 0.000 0.000 0.000 0.000 0.000 0.000 0.000 0.000 0.000 0.000 0.000 0.000 0.000 0.000 0.000 0.000 0.000 0.000 0.000 0.000 0.000 0.000 0.000 0.000 0.000 0.000 0.000 0.000 0.000 0.000 0.000 0.000 0.000 0.000 0.000 0.000 0.000 0.000 0.000 0.000 0.000 0.000 0.000 0.000 0.000 0.000 0.000 0.000 0.000 0.000 0.000 0.000 0.000 0.000 0.000 0.000 0.000 0.000 0.000 0.000 0.000 0.000 0.002 0.001 0.010 0.002 0.002
0.000 0.000 0.000 0.000 0.000 0.000 0.000 0.000 0.000 0.000 0.000 0.000 0.000 0.000 0.000 0.000 0.000 0.000 0.000 0.000 0.000 0.000 0.000 0.000 0.000 0.000 0.000 0.000 0.000 0.000 0.000 0.000 0.000 0.000 0.000 0.000 0.000 0.000 0.000 0.000 0.000 0.000 0.000 0.000 0.000 0.000 0.000 0.000 0.000 0.000 0.000 0.000 0.000 0.000 0.000 0.000 0.000 0.000 0.000 0.000 0.000 0.000 0.000 0.000 0.000 0.000 0.000 0.000 0.000 0.000 0.000 0.000 0.000 0.000 0.002 0.002 0.005
