hx_30m/njhx/rain/result-0055.wd
ncols         211
nrows         286
xllcorner     660279.582600
yllcorner     3541874.325092
cellsize      30.000000
NODATA_value  -9999.000000
[rows 204 to 237 of 286, columns 77 to 153 of 211]
0.010 0.010 0.005 0.003 0.032 0.010 0.001 0.000 0.000 0.000 0.010 0.010 0.058 0.270 0.002 0.000 0.000 0.000 0.002 0.002 0.002 0.001 0.003 0.000 0.000 0.002 0.002 0.044 0.128 0.004 0.001 0.000 0.001 0.010 0.001 0.002 0.001 0.007 0.002 0.001 0.000 0.000 0.001 0.002 0.001 0.001 0.000 0.001 0.002 0.001 0.000 0.000 0.000 0.000 0.001 0.000 0.001 0.000 0.012 0.001 0.001 0.010 0.001 0.000 0.010 0.001 0.000 0.004 0.004 0.010 0.001 0.000 0.001 0.001 0.059 0.000 0.000
0.323 0.002 0.005 0.010 0.003 0.010 0.000 0.000 0.001 0.000 0.000 0.000 0.010 0.008 0.006 0.010 0.001 0.001 0.001 0.005 0.000 0.000 0.000 0.002 0.002 0.002 0.010 0.029 0.001 0.000 0.000 0.000 0.000 0.000 0.001 0.010 0.002 0.002 0.000 0.000 0.000 0.006 0.002 0.002 0.001 0.002 0.001 0.001 0.001 0.001 0.001 0.000 0.003 0.000 0.000 0.000 0.000 0.001 0.010 0.006 0.204 0.000 0.000 0.001 0.000 0.001 0.004 0.001 0.001 0.010 0.004 0.001 0.001 0.002 0.000 0.001 0.003
0.002 0.001 0.001 0.005 0.001 0.010 0.000 0.000 0.000 0.000 0.000 0.000 0.010 0.000 0.000 0.001 0.000 0.010 0.001 0.000 0.000 0.000 0.000 0.002 0.002 0.001 0.004 0.002 0.000 0.001 0.000 0.000 0.000 0.004 0.002 0.002 0.001 0.000 0.000 0.001 0.001 0.001 0.001 0.010 0.010 0.005 0.005 0.001 0.000 0.000 0.001 0.002 0.001 0.001 0.004 0.002 0.001 0.001 0.010 0.000 0.010 0.000 0.001 0.002 0.001 0.004 0.004 0.010 0.003 0.000 0.010 0.010 0.004 0.001 0.001 0.001 0.000
0.003 0.005 0.000 0.003 0.010 0.002 0.002 0.001 0.001 0.001 0.000 0.000 0.002 0.001 0.000 0.001 0.000 0.003 0.002 0.001 0.000 0.000 0.010 0.001 0.010 0.000 0.002 0.010 0.010 0.001 0.001 0.000 0.010 0.002 0.001 0.001 0.000 0.000 0.000 0.001 0.000 0.000 0.001 0.001 0.010 0.179 0.000 0.000 0.000 0.000 0.004 0.001 0.001 0.002 0.001 0.004 0.312 0.010 0.010 0.230 0.000 0.001 0.001 0.000 0.000 0.001 0.005 0.010 0.005 0.010 0.010 0.010 0.046 0.000 0.000 0.001 0.000
0.002 0.000 0.010 0.003 0.001 0.001 0.001 0.000 0.000 0.002 0.005 0.002 0.008 0.004 0.009 0.004 0.003 0.199 0.086 0.001 0.001 0.003 0.005 0.001 0.003 0.000 0.010 0.000 0.004 0.010 0.000 0.000 0.000 0.001 0.002 0.001 0.000 0.000 0.001 0.002 0.010 0.000 0.002 0.001 0.010 0.000 0.000 0.000 0.001 0.000 0.003 0.002 0.001 0.001 0.001 0.002 0.010 0.018 0.000 0.096 0.000 0.001 0.002 0.010 0.001 0.002 0.002 0.002 0.001 0.001 0.010 0.005 0.000 0.000 0.039 0.000 0.000
0.000 0.010 0.004 0.002 0.010 0.000 0.000 0.000 0.001 0.002 0.000 0.000 0.000 0.000 0.001 0.001 0.000 0.166 0.373 0.096 0.179 0.007 0.003 0.001 0.000 0.010 0.010 0.001 0.001 0.001 0.003 0.000 0.000 0.001 0.001 0.002 0.001 0.000 0.000 0.000 0.000 0.010 0.001 0.010 0.010 0.000 0.000 0.000 0.000 0.001 0.000 0.003 0.010 0.000 0.002 0.002 0.002 0.002 0.010 0.172 0.000 0.022 0.002 0.001 0.000 0.000 0.001 0.002 0.000 0.000 0.001 0.001 0.000 0.010 0.000 0.010 0.001
0.000 0.002 0.001 0.002 0.000 0.000 0.000 0.000 0.000 0.000 0.001 0.002 0.000 0.000 0.000 0.033 0.003 0.247 0.091 0.269 0.350 0.000 0.558 0.010 0.002 0.002 0.002 0.000 0.000 0.001 0.010 0.000 0.002 0.001 0.002 0.000 0.010 0.002 0.000 0.000 0.000 0.004 0.000 0.010 0.000 0.001 0.000 0.000 0.001 0.001 0.000 0.010 0.010 0.002 0.010 0.000 0.005 0.000 0.010 0.001 0.000 0.005 0.001 0.000 0.000 0.010 0.001 0.001 0.000 0.000 0.000 0.000 0.010 0.010 0.010 0.000 0.001
0.010 0.005 0.005 0.010 0.000 0.000 0.000 0.000 0.000 0.007 0.001 0.000 0.001 0.000 0.000 0.000 0.016 0.106 0.242 0.054 0.414 0.019 0.030 0.120 0.695 0.000 0.097 0.004 0.000 0.000 0.010 0.010 0.002 0.010 0.001 0.000 0.010 0.010 0.001 0.009 0.000 0.010 0.010 0.010 0.010 0.001 0.000 0.000 0.004 0.000 0.000 0.010 0.012 0.000 0.008 0.003 0.076 0.007 0.001 0.001 0.001 0.000 0.002 0.001 0.000 0.000 0.001 0.010 0.001 0.000 0.000 0.001 0.000 0.002 0.003 0.002 0.004
0.000 0.006 0.005 0.005 0.001 0.000 0.001 0.001 0.000 0.001 0.010 0.003 0.000 0.000 0.001 0.001 0.243 0.358 0.374 0.332 0.034 0.001 0.001 0.001 0.010 0.010 0.010 0.010 0.000 0.002 0.003 0.000 0.001 0.002 0.001 0.010 0.010 0.010 0.000 0.000 0.002 0.001 0.001 0.000 0.001 0.000 0.000 0.001 0.001 0.000 0.000 0.000 0.000 0.000 0.006 0.002 0.000 0.000 0.000 0.001 0.001 0.000 0.001 0.001 0.000 0.000 0.010 0.010 0.010 0.010 0.010 0.000 0.010 0.000 0.001 0.010 0.010
0.001 0.001 0.000 0.001 0.000 0.002 0.001 0.001 0.001 0.000 0.017 0.000 0.001 0.001 0.001 0.005 0.359 0.119 0.319 0.005 0.002 0.001 0.010 0.000 0.002 0.002 0.002 0.163 0.001 0.010 0.000 0.022 0.005 0.002 0.002 0.010 0.010 0.001 0.001 0.000 0.009 0.001 0.004 0.001 0.001 0.000 0.001 0.001 0.000 0.000 0.000 0.012 0.000 0.000 0.005 0.019 0.001 0.000 0.000 0.000 0.000 0.002 0.000 0.002 0.001 0.001 0.001 0.009 0.010 0.010 0.002 0.000 0.010 0.002 0.009 0.021 0.000
0.005 0.004 0.002 0.000 0.003 0.000 0.000 0.001 0.001 0.001 0.021 0.001 0.000 0.000 0.001 0.001 0.227 0.406 0.001 0.001 0.001 0.002 0.002 0.001 0.002 0.001 0.001 0.000 0.000 0.001 0.002 0.010 0.000 0.010 0.016 0.002 0.001 0.009 0.002 0.004 0.001 0.001 0.001 0.002 0.000 0.014 0.000 0.000 0.001 0.010 0.000 0.011 0.000 0.001 0.003 0.556 0.000 0.000 0.002 0.000 0.000 0.002 0.000 0.001 0.000 0.001 0.001 0.001 0.002 0.010 0.010 0.000 0.000 0.001 0.001 0.002 0.000
0.002 0.010 0.000 0.000 0.000 0.001 0.000 0.001 0.001 0.000 0.000 0.000 0.001 0.010 0.005 0.002 0.059 0.001 0.009 0.005 0.010 0.010 0.010 0.001 0.002 0.001 0.002 0.010 0.005 0.010 0.001 0.004 0.010 0.010 0.000 0.001 0.002 0.002 0.002 0.063 0.010 0.012 0.001 0.001 0.010 0.000 0.000 0.001 0.000 0.000 0.005 0.000 0.000 0.003 0.000 0.002 0.000 0.001 0.001 0.000 0.002 0.001 0.001 0.000 0.000 0.001 0.005 0.001 0.001 0.001 0.001 0.001 0.001 0.002 0.002 0.000 0.000
0.002 0.005 0.010 0.001 0.001 0.000 0.001 0.000 0.000 0.001 0.008 0.001 0.005 0.000 0.003 0.002 0.163 0.005 0.010 0.001 0.005 0.010 0.010 0.003 0.002 0.002 0.001 0.001 0.001 0.001 0.004 0.004 0.003 0.001 0.010 0.004 0.000 0.002 0.002 0.010 0.004 0.001 0.001 0.001 0.010 0.003 0.001 0.000 0.001 0.000 0.000 0.000 0.001 0.003 0.105 0.000 0.000 0.010 0.001 0.000 0.001 0.001 0.000 0.000 0.000 0.000 0.001 0.002 0.051 0.001 0.002 0.001 0.001 0.001 0.001 0.000 0.001
0.002 0.001 0.003 0.005 0.000 0.001 0.001 0.000 0.000 0.003 0.005 0.000 0.010 0.010 0.002 0.001 0.010 0.001 0.000 0.001 0.002 0.002 0.002 0.003 0.001 0.001 0.005 0.002 0.000 0.001 0.001 0.002 0.001 0.010 0.000 0.002 0.000 0.003 0.000 0.001 0.001 0.000 0.001 0.010 0.000 0.001 0.000 0.027 0.000 0.000 0.000 0.000 0.003 0.000 0.002 0.001 0.003 0.010 0.010 0.000 0.004 0.002 0.001 0.001 0.000 0.000 0.001 0.000 0.000 0.003 0.058 0.001 0.002 0.002 0.001 0.001 0.000
0.005 0.003 0.001 0.001 0.002 0.001 0.000 0.000 0.002 0.001 0.000 0.001 0.001 0.001 0.002 0.001 0.002 0.002 0.005 0.010 0.010 0.005 0.001 0.010 0.005 0.001 0.002 0.002 0.000 0.002 0.001 0.004 0.001 0.010 0.000 0.000 0.000 0.000 0.000 0.631 0.000 0.002 0.005 0.000 0.000 0.000 0.000 0.000 0.000 0.000 0.000 0.001 0.005 0.003 0.000 0.000 0.000 0.000 0.000 0.002 0.001 0.000 0.000 0.001 0.000 0.000 0.000 0.000 0.000 0.000 0.000 0.002 0.010 0.001 0.002 0.001 0.001
0.000 0.010 0.000 0.002 0.001 0.001 0.001 0.001 0.002 0.052 0.000 0.000 0.000 0.001 0.001 0.003 0.001 0.001 0.010 0.010 0.010 0.010 0.004 0.001 0.001 0.001 0.001 0.000 0.000 0.010 0.001 0.002 0.001 0.000 0.010 0.002 0.010 0.001 0.000 0.110 0.021 0.023 0.000 0.010 0.000 0.000 0.000 0.000 0.000 0.000 0.000 0.005 0.002 0.000 0.000 0.001 0.000 0.000 0.000 0.001 0.000 0.000 0.002 0.000 0.002 0.001 0.005 0.001 0.000 0.000 0.001 0.002 0.002 0.010 0.001 0.001 0.001
0.000 0.002 0.000 0.000 0.001 0.001 0.002 0.001 0.002 0.003 0.003 0.010 0.002 0.006 0.002 0.002 0.001 0.002 0.001 0.001 0.010 0.010 0.004 0.001 0.001 0.004 0.002 0.001 0.001 0.003 0.004 0.001 0.010 0.000 0.001 0.000 0.000 0.035 0.019 0.160 0.010 0.019 0.001 0.004 0.003 0.005 0.001 0.000 0.000 0.000 0.001 0.002 0.000 0.000 0.000 0.001 0.000 0.000 0.001 0.000 0.000 0.001 0.001 0.000 0.000 0.000 0.010 0.005 0.002 0.001 0.001 0.001 0.000 0.000 0.000 0.044 0.001
0.001 0.002 0.000 0.000 0.001 0.001 0.000 0.000 0.002 0.001 0.003 0.002 0.003 0.001 0.000 0.000 0.010 0.003 0.002 0.003 0.000 0.120 0.010 0.010 0.002 0.002 0.000 0.000 0.000 0.000 0.002 0.004 0.010 0.000 0.000 0.010 0.039 0.031 0.000 0.084 0.010 0.013 0.010 0.001 0.001 0.010 0.097 0.003 0.001 0.000 0.001 0.005 0.001 0.000 0.000 0.000 0.000 0.005 0.000 0.001 0.010 0.001 0.000 0.001 0.000 0.000 0.000 0.005 0.000 0.001 0.001 0.005 0.000 0.000 0.000 0.000 0.000
0.001 0.002 0.000 0.000 0.005 0.001 0.001 0.002 0.001 0.000 0.000 0.002 0.005 0.002 0.002 0.005 0.005 0.010 0.187 0.010 0.004 0.010 0.001 0.002 0.004 0.003 0.000 0.001 0.000 0.002 0.001 0.000 0.001 0.000 0.001 0.086 0.067 0.001 0.003 0.001 0.010 0.013 0.032 0.003 0.002 0.002 0.001 0.003 0.000 0.001 0.000 0.000 0.000 0.000 0.008 0.000 0.000 0.000 0.000 0.000 0.001 0.010 0.001 0.000 0.001 0.000 0.004 0.000 0.004 0.001 0.002 0.000 0.000 0.000 0.001 0.001 0.001
0.000 0.002 0.001 0.001 0.000 0.005 0.002 0.002 0.000 0.001 0.005 0.001 0.002 0.002 0.002 0.002 0.001 0.005 0.010 0.168 0.010 0.002 0.001 0.001 0.000 0.002 0.000 0.000 0.001 0.001 0.001 0.001 0.000 0.001 0.001 0.078 0.065 0.002 0.000 0.003 0.215 0.098 0.193 0.043 0.010 0.005 0.005 0.001 0.001 0.001 0.055 0.002 0.005 0.000 0.001 0.001 0.000 0.000 0.000 0.001 0.001 0.000 0.095 0.010 0.009 0.010 0.002 0.000 0.001 0.001 0.004 0.000 0.000 0.000 0.001 0.000 0.000
0.000 0.002 0.002 0.002 0.003 0.002 0.001 0.002 0.002 0.001 0.001 0.002 0.001 0.001 0.000 0.010 0.002 0.001 0.000 0.005 0.002 0.107 0.010 0.000 0.000 0.001 0.000 0.000 0.000 0.004 0.002 0.004 0.004 0.001 0.001 0.001 0.000 0.002 0.001 0.001 0.003 0.000 0.003 0.185 0.141 0.114 0.151 0.003 0.002 0.000 0.010 0.010 0.004 0.001 0.001 0.000 0.000 0.000 0.001 0.000 0.000 0.002 0.000 0.002 0.001 0.010 0.010 0.002 0.001 0.002 0.000 0.000 0.000 0.000 0.000 0.000 0.001
0.002 0.000 0.001 0.001 0.001 0.001 0.001 0.001 0.000 0.002 0.001 0.000 0.000 0.000 0.001 0.005 0.010 0.075 0.001 0.002 0.002 0.002 0.006 0.001 0.017 0.001 0.000 0.001 0.001 0.004 0.001 0.000 0.000 0.001 0.001 0.000 0.000 0.002 0.003 0.000 0.000 0.193 0.199 0.089 0.190 0.086 0.005 0.001 0.010 0.008 0.001 0.001 0.001 0.729 0.231 0.002 0.005 0.000 0.000 0.002 0.001 0.001 0.002 0.000 0.000 0.000 0.001 0.000 0.001 0.001 0.000 0.000 0.000 0.000 0.000 0.000 0.001
0.000 0.000 0.001 0.001 0.001 0.000 0.001 0.001 0.002 0.001 0.002 0.000 0.005 0.001 0.002 0.010 0.010 0.010 0.010 0.010 0.000 0.001 0.001 0.001 0.010 0.156 0.002 0.000 0.010 0.001 0.001 0.002 0.010 0.001 0.000 0.000 0.002 0.000 0.001 0.002 0.000 0.102 0.106 0.089 0.002 0.002 0.005 0.005 0.011 0.005 0.010 0.001 0.002 0.005 0.002 0.010 0.229 0.010 0.003 0.002 0.003 0.001 0.001 0.000 0.000 0.000 0.001 0.001 0.000 0.000 0.000 0.000 0.000 0.001 0.000 0.001 0.000
0.002 0.000 0.000 0.016 0.001 0.001 0.002 0.001 0.010 0.001 0.001 0.001 0.000 0.005 0.010 0.010 0.010 0.010 0.010 0.002 0.001 0.000 0.000 0.002 0.001 0.010 0.010 0.001 0.004 0.001 0.001 0.004 0.004 0.001 0.004 0.001 0.000 0.000 0.000 0.001 0.007 0.000 0.000 0.003 0.002 0.001 0.005 0.000 0.002 0.001 0.001 0.001 0.010 0.003 0.001 0.000 0.003 0.846 0.692 0.002 0.002 0.002 0.000 0.000 0.000 0.000 0.001 0.001 0.010 0.010 0.000 0.000 0.000 0.000 0.000 0.000 0.001
0.000 0.000 0.013 0.045 0.001 0.001 0.001 0.002 0.002 0.002 0.000 0.003 0.002 0.001 0.001 0.000 0.001 0.010 0.010 0.002 0.058 0.000 0.010 0.002 0.001 0.001 0.002 0.001 0.002 0.003 0.001 0.000 0.001 0.000 0.000 0.001 0.001 0.005 0.000 0.010 0.000 0.001 0.000 0.000 0.000 0.002 0.003 0.008 0.001 0.003 0.010 0.048 0.005 0.002 0.010 0.010 0.001 0.001 0.002 0.000 0.848 0.141 0.001 0.000 0.000 0.001 0.001 0.000 0.005 0.002 0.000 0.000 0.114 0.001 0.001 0.000 0.002
0.001 0.000 0.005 0.010 0.049 0.002 0.000 0.002 0.001 0.001 0.002 0.000 0.001 0.000 0.002 0.133 0.000 0.001 0.002 0.000 0.001 0.001 0.000 0.001 0.000 0.001 0.008 0.004 0.001 0.002 0.002 0.004 0.000 0.001 0.001 0.001 0.002 0.001 0.003 0.001 0.001 0.000 0.002 0.000 0.002 0.002 0.733 0.005 0.002 0.002 0.002 0.005 0.005 0.001 0.000 0.002 0.000 0.002 0.001 0.001 0.005 0.227 0.679 0.001 0.001 0.001 0.000 0.000 0.000 0.000 0.000 0.068 0.168 0.265 0.192 0.018 0.001
0.010 0.000 0.000 0.000 0.000 0.001 0.000 0.002 0.002 0.001 0.001 0.001 0.001 0.000 0.000 0.000 0.002 0.000 0.000 0.000 0.001 0.001 0.001 0.000 0.000 0.010 0.000 0.004 0.003 0.001 0.000 0.010 0.001 0.001 0.001 0.001 0.001 0.001 0.001 0.001 0.001 0.000 0.000 0.001 0.001 0.000 0.054 0.010 0.010 0.005 0.001 0.002 0.001 0.010 0.003 0.001 0.001 0.001 0.003 0.001 0.010 0.000 0.010 0.680 0.010 0.001 0.001 0.000 0.000 0.000 0.000 0.145 0.184 0.171 0.033 0.015 0.005
0.001 0.001 0.000 0.000 0.000 0.001 0.001 0.003 0.001 0.001 0.002 0.001 0.000 0.000 0.002 0.000 0.000 0.001 0.001 0.000 0.001 0.002 0.003 0.001 0.000 0.000 0.000 0.004 0.001 0.001 0.001 0.001 0.000 0.000 0.000 0.001 0.002 0.001 0.002 0.010 0.001 0.010 0.000 0.003 0.003 0.010 0.022 0.031 0.010 0.005 0.010 0.005 0.001 0.000 0.001 0.001 0.003 0.001 0.005 0.005 0.003 0.000 0.000 0.010 0.001 0.000 0.003 0.002 0.051 0.000 0.075 0.208 0.220 0.200 0.000 0.003 0.016
0.005 0.000 0.001 0.000 0.001 0.001 0.005 0.002 0.000 0.000 0.001 0.003 0.002 0.005 0.000 0.002 0.010 0.000 0.002 0.001 0.001 0.001 0.001 0.000 0.002 0.000 0.001 0.004 0.002 0.000 0.000 0.001 0.002 0.000 0.000 0.000 0.000 0.001 0.010 0.000 0.001 0.000 0.002 0.002 0.048 0.000 0.010 0.010 0.003 0.010 0.003 0.010 0.010 0.005 0.001 0.010 0.003 0.007 0.010 0.010 0.010 0.001 0.000 0.010 0.010 0.081 0.010 0.000 0.342 0.046 0.065 0.172 0.322 0.017 0.001 0.001 0.002
0.000 0.000 0.000 0.000 0.001 0.002 0.002 0.001 0.002 0.000 0.001 0.001 0.000 0.002 0.005 0.000 0.001 0.000 0.000 0.002 0.003 0.000 0.000 0.000 0.000 0.001 0.004 0.001 0.002 0.000 0.000 0.000 0.000 0.002 0.001 0.001 0.000 0.001 0.001 0.002 0.001 0.001 0.001 0.000 0.000 0.000 0.000 0.010 0.000 0.010 0.010 0.001 0.010 0.005 0.001 0.010 0.001 0.000 0.010 0.000 0.010 0.010 0.001 0.001 0.188 0.145 0.143 0.208 0.010 0.000 1.191 0.283 0.114 0.000 0.002 0.001 0.002
0.005 0.001 0.000 0.001 0.001 0.002 0.002 0.000 0.000 0.001 0.001 0.001 0.000 0.000 0.001 0.001 0.003 0.010 0.020 0.000 0.001 0.010 0.057 0.000 0.002 0.001 0.002 0.001 0.000 0.000 0.000 0.001 0.000 0.000 0.000 0.000 0.003 0.001 0.001 0.002 0.001 0.002 0.005 0.994 0.000 0.000 0.000 0.049 0.000 0.000 0.010 0.010 0.001 0.001 0.001 0.005 0.001 0.010 0.011 0.010 0.010 0.000 0.001 0.001 0.000 0.152 0.036 0.000 0.000 0.010 0.010 0.000 0.023 0.234 0.083 0.000 0.016
0.000 0.000 0.005 0.001 0.003 0.001 0.001 0.000 0.000 0.000 0.001 0.010 0.001 0.001 0.001 0.001 0.001 0.001 0.004 0.001 0.000 0.001 0.002 0.002 0.003 0.001 0.001 0.004 0.000 0.001 0.000 0.000 0.001 0.001 0.000 0.000 0.003 0.007 0.002 0.001 0.001 0.008 0.000 0.013 0.240 0.000 0.000 0.000 0.000 0.000 0.000 0.010 0.002 0.002 0.005 0.001 0.002 0.002 0.005 0.001 0.001 0.002 0.001 0.000 0.001 0.003 0.122 0.000 0.010 0.113 0.010 0.000 0.005 0.000 0.187 0.308 0.035
0.010 0.002 0.002 0.002 0.002 0.002 0.000 0.000 0.001 0.000 0.000 0.000 0.001 0.002 0.001 0.000 0.000 0.000 0.010 0.003 0.001 0.000 0.001 0.002 0.000 0.002 0.001 0.001 0.000 0.000 0.000 0.000 0.000 0.000 0.001 0.001 0.001 0.002 0.005 0.003 0.009 0.010 0.664 0.010 0.000 0.000 0.141 0.034 0.000 0.000 0.000 0.010 0.001 0.010 0.010 0.010 0.002 0.010 0.001 0.001 0.001 0.003 0.001 0.000 0.000 0.001 0.001 0.000 0.007 0.000 0.001 0.003 0.000 0.000 0.000 0.000 0.106
0.002 0.002 0.001 0.001 0.003 0.000 0.000 0.001 0.000 0.001 0.000 0.000 0.000 0.000 0.000 0.001 0.001 0.000 0.010 0.010 0.005 0.002 0.001 0.002 0.001 0.003 0.001 0.003 0.000 0.000 0.000 0.000 0.000 0.000 0.000 0.000 0.001 0.005 0.005 0.001 0.004 0.000 0.003 0.002 0.003 0.010 0.022 0.010 0.000 0.000 0.010 0.002 0.010 0.010 0.010 0.010 0.010 0.010 0.005 0.002 0.001 0.001 0.000 0.000 0.005 0.010 0.000 0.000 0.000 0.002 0.000 0.000 0.008 0.000 0.000 0.000 0.001
