hx_30m/njhx/rain/result.mxe
ncols         211
nrows         286
xllcorner     660279.582600
yllcorner     3541874.325092
cellsize      30.000000
NODATA_value  -9999.000000
[rows 180 to 209 of 286, columns 134 to 200 of 211]
7.624 -9999.000 7.632 7.334 7.214 7.378 7.643 7.368 7.073 6.757 6.752 6.814 6.842 6.894 6.838 -9999.000 7.158 7.214 7.167 -9999.000 7.053 -9999.000 6.905 6.478 4.940 -9999.000 -9999.000 6.740 6.393 6.458 6.621 6.681 -9999.000 6.588 6.657 6.812 -9999.000 -9999.000 -9999.000 6.556 6.683 6.636 -9999.000 -9999.000 -9999.000 6.489 6.515 -9999.000 -9999.000 6.503 6.568 -9999.000 6.873 6.411 6.606 6.907 7.091 8.794 7.331 7.509 7.313 7.472 -9999.000 -9999.000 -9999.000 -9999.000 7.462
-9999.000 8.186 8.166 8.470 -9999.000 7.810 -9999.000 7.556 7.217 6.835 6.730 6.810 6.757 6.722 6.824 -9999.000 7.102 7.108 7.129 -9999.000 7.344 7.260 7.120 7.061 6.953 -9999.000 5.424 -9999.000 6.447 6.605 6.590 -9999.000 6.554 6.736 6.341 6.342 -9999.000 6.449 6.464 6.511 6.716 -9999.000 6.538 6.466 6.486 6.489 6.675 -9999.000 -9999.000 6.435 6.467 6.631 6.757 6.742 6.845 6.700 6.898 7.162 -9999.000 -9999.000 7.080 7.035 6.896 -9999.000 -9999.000 -9999.000 7.462
8.897 8.897 -9999.000 -9999.000 7.869 8.117 7.568 7.807 7.645 7.687 7.482 6.980 7.170 6.908 7.044 6.907 7.147 7.136 7.043 -9999.000 7.218 7.116 -9999.000 -9999.000 7.089 7.032 6.695 -9999.000 5.602 6.547 6.562 -9999.000 6.555 6.802 6.428 6.352 -9999.000 -9999.000 6.470 -9999.000 6.680 6.425 6.425 6.425 6.572 6.545 6.625 6.633 6.633 -9999.000 6.529 6.608 -9999.000 6.985 6.840 6.665 6.664 6.655 -9999.000 -9999.000 -9999.000 -9999.000 6.892 6.893 -9999.000 7.108 -9999.000
7.411 6.915 7.517 7.915 7.485 8.081 8.026 -9999.000 -9999.000 7.651 7.460 7.149 7.273 7.067 6.911 6.907 6.974 6.740 6.741 6.810 7.122 7.025 -9999.000 -9999.000 6.943 7.195 -9999.000 7.047 6.763 -9999.000 6.565 -9999.000 6.555 -9999.000 -9999.000 6.461 6.464 -9999.000 6.473 6.474 -9999.000 6.425 6.425 6.425 6.514 6.702 6.634 6.633 -9999.000 6.535 6.534 6.652 6.625 6.686 6.720 6.767 6.901 6.957 6.948 7.048 7.006 6.938 6.878 6.834 6.932 7.243 -9999.000
8.021 7.985 7.624 -9999.000 7.567 8.112 8.143 7.569 -9999.000 7.353 -9999.000 7.353 7.143 6.914 6.914 6.921 6.925 6.746 6.740 6.785 -9999.000 6.751 6.840 7.037 6.921 6.967 -9999.000 6.916 7.037 6.715 6.719 -9999.000 6.555 6.650 6.620 6.473 6.802 -9999.000 -9999.000 6.772 6.441 6.425 6.425 6.425 6.425 6.742 -9999.000 6.634 6.881 7.179 -9999.000 7.024 7.031 6.757 6.861 -9999.000 -9999.000 -9999.000 6.884 -9999.000 7.043 6.678 6.910 7.118 -9999.000 -9999.000 -9999.000
-9999.000 6.520 6.592 8.268 9.033 7.949 8.180 -9999.000 7.316 7.316 -9999.000 7.509 7.065 6.961 6.956 6.993 6.958 6.950 6.945 6.925 7.164 6.992 -9999.000 6.762 6.762 6.925 -9999.000 6.831 6.757 6.906 6.818 6.824 6.924 6.663 -9999.000 -9999.000 -9999.000 6.821 -9999.000 6.894 -9999.000 6.425 6.425 6.425 -9999.000 6.468 -9999.000 6.634 6.874 7.320 7.406 -9999.000 7.199 6.705 -9999.000 7.311 7.312 7.243 7.276 7.088 -9999.000 6.748 -9999.000 6.794 6.801 -9999.000 -9999.000
6.595 6.916 7.717 -9999.000 7.168 6.727 -9999.000 7.862 7.545 7.368 -9999.000 7.426 7.277 7.073 7.090 7.140 6.970 6.923 6.837 -9999.000 6.667 6.972 7.143 7.045 -9999.000 6.787 -9999.000 6.692 6.863 7.157 -9999.000 7.016 6.959 -9999.000 6.927 6.950 6.105 -9999.000 7.130 7.130 -9999.000 6.501 -9999.000 6.592 7.035 6.466 6.245 -9999.000 -9999.000 7.032 7.352 7.384 7.119 7.195 7.383 7.203 7.054 7.054 7.137 7.056 6.981 6.967 6.794 6.794 7.248 -9999.000 -9999.000
8.174 6.526 6.727 8.081 7.640 7.267 -9999.000 -9999.000 -9999.000 7.494 7.359 7.276 7.081 -9999.000 -9999.000 -9999.000 -9999.000 6.632 -9999.000 6.549 -9999.000 6.797 -9999.000 7.040 7.078 7.210 6.859 6.601 6.780 7.007 -9999.000 6.821 6.956 -9999.000 7.361 7.367 -9999.000 7.352 7.313 7.159 -9999.000 6.543 6.547 6.547 6.979 -9999.000 6.723 -9999.000 7.016 7.137 -9999.000 -9999.000 6.968 7.006 -9999.000 -9999.000 7.061 7.349 7.380 7.060 -9999.000 -9999.000 -9999.000 7.217 7.463 7.619 7.629
8.284 6.844 6.595 8.396 8.141 8.355 7.654 -9999.000 -9999.000 -9999.000 7.706 7.588 7.009 -9999.000 -9999.000 6.866 -9999.000 -9999.000 -9999.000 6.701 6.732 6.604 6.707 6.623 6.797 7.244 7.212 7.172 6.675 6.661 -9999.000 6.917 -9999.000 6.927 -9999.000 7.476 -9999.000 7.486 -9999.000 -9999.000 7.240 6.739 6.547 -9999.000 7.120 -9999.000 6.730 6.841 7.022 7.039 7.014 7.014 6.897 7.153 -9999.000 -9999.000 7.067 7.297 7.380 7.060 -9999.000 -9999.000 -9999.000 8.097 9.171 9.318 8.590
6.624 6.743 6.927 8.036 7.938 7.950 8.000 7.583 7.510 7.723 7.940 7.727 -9999.000 7.010 6.885 6.953 6.758 6.724 6.645 6.753 6.732 6.643 6.470 6.291 6.292 -9999.000 6.924 7.136 7.337 6.932 -9999.000 6.919 7.308 7.040 -9999.000 7.317 7.339 -9999.000 -9999.000 7.193 7.246 7.308 -9999.000 6.980 7.156 5.864 6.767 -9999.000 7.065 7.131 7.028 -9999.000 6.897 7.191 7.212 7.112 7.101 7.093 7.099 7.060 -9999.000 7.136 7.800 7.903 10.263 9.999 8.860
7.047 7.168 7.296 7.807 7.619 7.605 7.464 -9999.000 8.003 7.932 7.916 7.300 -9999.000 7.037 6.937 6.759 6.678 6.600 6.561 6.591 6.627 -9999.000 6.557 6.534 6.387 6.488 6.473 -9999.000 7.069 6.899 6.927 6.971 -9999.000 6.895 -9999.000 -9999.000 6.953 6.953 7.205 7.039 -9999.000 -9999.000 -9999.000 7.219 7.181 6.834 6.858 -9999.000 7.129 7.097 7.124 -9999.000 6.895 7.441 7.511 7.289 7.508 7.359 7.491 7.144 7.010 7.496 7.934 7.776 9.948 10.095 8.829
7.206 7.172 7.377 7.442 7.351 7.483 7.464 7.639 -9999.000 8.103 -9999.000 -9999.000 7.184 6.924 6.954 6.560 6.559 6.559 6.556 6.527 6.537 6.434 6.607 6.325 6.369 6.366 6.443 6.515 6.566 6.879 7.023 6.910 6.961 7.091 -9999.000 6.907 7.035 7.024 7.015 6.926 7.048 -9999.000 7.146 7.074 -9999.000 7.054 6.944 -9999.000 7.226 7.109 -9999.000 -9999.000 6.885 -9999.000 8.394 -9999.000 9.038 9.149 -9999.000 8.252 7.999 7.322 7.435 8.059 8.382 8.688 -9999.000
7.073 -9999.000 -9999.000 7.132 7.290 7.295 7.461 7.371 7.732 8.173 7.583 7.393 7.334 -9999.000 6.786 7.013 6.958 -9999.000 6.454 6.448 6.427 6.433 6.263 6.335 6.379 6.364 6.590 6.513 6.554 6.783 7.077 -9999.000 6.815 7.325 7.124 7.022 7.024 -9999.000 -9999.000 6.773 6.773 6.797 6.938 6.988 -9999.000 7.056 7.077 -9999.000 -9999.000 6.926 6.952 6.986 6.850 7.332 -9999.000 9.268 9.262 8.974 9.060 7.980 8.308 7.559 7.329 7.412 8.246 8.254 8.437
7.126 -9999.000 -9999.000 -9999.000 7.019 7.128 7.310 7.353 7.918 8.252 -9999.000 7.276 7.288 7.048 6.975 6.908 7.012 6.813 6.469 6.428 6.427 6.417 6.453 6.422 6.448 6.437 6.876 6.553 6.655 7.032 6.275 -9999.000 6.391 6.404 6.879 7.035 7.250 7.149 -9999.000 6.773 -9999.000 -9999.000 6.969 7.098 7.870 -9999.000 -9999.000 6.995 6.887 6.886 6.790 6.867 6.933 7.083 7.786 7.772 7.642 7.594 7.524 7.524 -9999.000 7.438 8.214 8.744 8.931 -9999.000 -9999.000
6.856 6.916 7.049 7.121 6.963 6.898 6.896 7.413 7.864 8.091 7.354 7.116 7.297 6.969 6.865 6.939 7.026 6.970 6.455 6.482 6.426 6.341 6.295 -9999.000 -9999.000 -9999.000 -9999.000 -9999.000 6.880 6.795 6.349 -9999.000 6.316 -9999.000 6.414 -9999.000 7.182 7.228 7.122 6.968 -9999.000 6.739 6.805 7.259 -9999.000 -9999.000 -9999.000 7.200 7.106 6.882 6.790 6.791 -9999.000 7.115 -9999.000 -9999.000 -9999.000 -9999.000 7.677 8.296 7.960 7.438 7.831 -9999.000 -9999.000 -9999.000 -9999.000
-9999.000 5.510 6.979 7.031 6.832 6.934 6.887 7.212 7.779 7.580 7.336 7.019 7.150 -9999.000 7.007 6.932 7.007 6.996 6.534 6.842 -9999.000 6.437 6.266 6.265 6.569 -9999.000 -9999.000 -9999.000 6.946 -9999.000 6.311 -9999.000 -9999.000 -9999.000 5.861 -9999.000 5.821 -9999.000 6.978 7.193 6.861 -9999.000 6.953 7.071 -9999.000 -9999.000 7.605 6.194 7.346 7.054 -9999.000 6.852 -9999.000 7.168 -9999.000 -9999.000 7.144 -9999.000 8.122 8.986 8.078 7.438 8.074 8.137 8.459 8.509 8.620
7.489 7.223 -9999.000 6.556 6.567 6.826 6.838 7.334 7.562 7.610 -9999.000 6.920 7.043 -9999.000 6.935 6.881 6.835 -9999.000 6.700 -9999.000 -9999.000 6.420 6.264 6.264 -9999.000 -9999.000 6.194 6.737 6.737 -9999.000 -9999.000 -9999.000 6.680 6.572 6.356 5.932 5.782 5.774 6.065 -9999.000 7.026 6.889 6.280 7.132 -9999.000 -9999.000 7.537 -9999.000 -9999.000 7.129 7.059 6.817 6.877 7.133 7.144 7.144 7.144 -9999.000 -9999.000 -9999.000 7.636 8.160 7.988 8.095 -9999.000 8.834 8.788
7.880 7.822 7.225 6.774 -9999.000 6.265 6.826 7.397 -9999.000 7.665 -9999.000 -9999.000 6.856 -9999.000 6.698 6.698 6.638 6.625 -9999.000 -9999.000 -9999.000 6.544 6.264 6.264 6.264 6.264 6.662 6.731 6.960 -9999.000 6.907 -9999.000 7.017 6.680 6.619 6.659 6.251 5.717 5.741 6.083 -9999.000 6.689 6.831 7.238 7.111 7.494 -9999.000 7.565 -9999.000 -9999.000 7.126 6.817 6.817 7.278 7.144 7.144 7.232 7.618 -9999.000 7.928 7.636 7.631 7.638 7.723 9.628 -9999.000 -9999.000
7.839 8.028 7.347 7.542 7.156 6.463 -9999.000 -9999.000 7.321 -9999.000 7.452 -9999.000 6.707 6.738 6.887 6.658 6.694 6.584 6.516 6.567 6.656 6.637 6.526 6.397 6.446 6.509 6.682 6.881 -9999.000 7.052 6.957 6.962 6.970 7.083 7.087 6.595 6.085 5.833 -9999.000 -9999.000 6.579 6.621 6.950 -9999.000 6.915 7.151 7.221 -9999.000 7.628 6.193 -9999.000 7.082 6.817 7.144 7.357 -9999.000 7.609 -9999.000 -9999.000 -9999.000 -9999.000 8.096 -9999.000 -9999.000 -9999.000 -9999.000 -9999.000
-9999.000 7.400 7.597 7.314 7.325 7.299 7.121 7.007 -9999.000 5.855 7.141 -9999.000 7.008 6.668 -9999.000 -9999.000 6.587 6.535 6.734 6.880 6.849 6.882 6.957 7.174 6.807 6.841 6.851 -9999.000 7.380 6.669 6.729 6.758 7.087 -9999.000 -9999.000 7.162 5.890 5.789 5.827 5.755 -9999.000 6.157 6.914 6.378 6.895 7.047 7.285 7.417 -9999.000 -9999.000 -9999.000 7.483 7.372 7.429 7.439 7.401 7.489 7.710 7.959 8.033 8.206 8.286 8.807 9.088 9.352 9.584 9.829
6.815 6.877 -9999.000 7.450 7.201 7.064 -9999.000 -9999.000 8.037 7.251 -9999.000 6.595 7.015 6.647 7.009 -9999.000 6.575 6.566 6.724 6.731 6.807 7.026 8.309 7.909 7.018 6.871 7.118 7.178 7.337 -9999.000 7.290 7.127 7.084 7.099 -9999.000 6.240 -9999.000 5.750 -9999.000 5.407 6.001 -9999.000 5.908 5.956 6.030 7.001 -9999.000 7.448 7.601 -9999.000 7.967 7.948 7.667 8.130 -9999.000 -9999.000 8.110 -9999.000 -9999.000 7.308 -9999.000 -9999.000 8.201 8.783 8.836 9.390 -9999.000
-9999.000 7.378 7.461 -9999.000 7.315 7.200 7.135 7.246 7.871 7.976 8.028 7.208 -9999.000 -9999.000 7.012 7.225 7.840 -9999.000 -9999.000 -9999.000 7.107 7.060 7.065 -9999.000 6.760 6.820 6.822 7.243 -9999.000 -9999.000 7.465 7.357 7.266 7.128 6.922 5.707 -9999.000 5.672 -9999.000 5.660 5.979 -9999.000 5.786 -9999.000 6.195 6.936 -9999.000 7.192 7.701 7.932 8.079 -9999.000 8.063 7.824 8.039 8.066 8.071 8.901 9.703 9.651 9.653 9.797 7.089 8.780 9.174 9.355 9.718
7.036 7.560 7.521 7.385 7.342 6.675 7.020 -9999.000 7.561 7.705 7.926 7.992 7.998 6.941 -9999.000 -9999.000 7.320 -9999.000 7.093 6.795 6.663 6.564 6.567 6.889 6.777 -9999.000 -9999.000 -9999.000 6.670 7.464 7.262 7.338 7.344 -9999.000 6.100 5.706 -9999.000 5.587 -9999.000 5.853 5.734 -9999.000 -9999.000 -9999.000 -9999.000 6.991 6.996 7.061 7.736 7.984 -9999.000 8.255 8.141 8.045 -9999.000 -9999.000 8.074 -9999.000 -9999.000 9.670 -9999.000 -9999.000 7.495 -9999.000 8.930 8.866 8.898
7.554 7.601 7.641 7.353 -9999.000 6.836 -9999.000 -9999.000 -9999.000 7.305 7.758 7.844 -9999.000 -9999.000 7.670 7.355 -9999.000 -9999.000 7.044 6.739 6.675 -9999.000 -9999.000 6.656 6.716 6.431 -9999.000 6.243 6.388 -9999.000 6.455 7.162 -9999.000 6.672 6.140 -9999.000 6.035 5.734 -9999.000 5.862 -9999.000 5.820 5.863 -9999.000 6.951 7.130 -9999.000 -9999.000 7.862 7.756 7.675 8.028 8.355 8.050 8.484 8.114 8.825 9.396 9.562 9.594 9.635 9.317 7.962 -9999.000 8.030 8.611 8.842
-9999.000 7.133 7.234 7.261 6.911 6.737 -9999.000 7.015 6.769 6.953 7.087 6.974 7.970 7.919 7.806 7.796 7.700 7.367 -9999.000 -9999.000 6.880 -9999.000 6.768 6.691 -9999.000 6.879 6.742 6.355 6.304 6.250 6.451 -9999.000 6.689 5.955 -9999.000 6.106 6.110 6.185 6.195 -9999.000 -9999.000 6.035 -9999.000 -9999.000 6.862 -9999.000 7.044 7.321 8.322 7.887 7.618 -9999.000 8.146 8.085 8.135 -9999.000 8.386 7.955 7.968 7.982 8.108 8.248 7.609 7.921 8.331 8.563 8.966
7.464 7.328 7.231 6.488 -9999.000 -9999.000 6.783 6.876 7.006 7.082 7.126 7.187 7.488 7.926 7.826 7.819 7.768 7.668 7.770 7.318 -9999.000 -9999.000 6.645 -9999.000 -9999.000 6.296 6.648 -9999.000 6.485 6.264 6.367 -9999.000 6.081 6.248 -9999.000 6.028 -9999.000 6.243 6.195 -9999.000 -9999.000 6.097 6.653 7.051 7.036 6.927 7.016 7.018 7.957 -9999.000 7.588 7.623 8.161 8.087 7.967 7.489 7.280 7.790 8.150 8.136 8.240 7.934 8.740 -9999.000 8.533 9.083 -9999.000
7.284 7.050 -9999.000 7.014 -9999.000 6.558 6.878 6.914 7.080 7.111 7.115 7.115 -9999.000 9.139 7.758 7.633 7.656 7.572 7.697 -9999.000 -9999.000 7.064 -9999.000 6.066 -9999.000 6.465 6.482 -9999.000 6.446 6.393 6.296 6.280 6.294 6.107 6.031 6.031 -9999.000 6.199 6.197 6.197 6.249 6.813 -9999.000 -9999.000 6.920 6.927 -9999.000 7.084 7.727 -9999.000 7.667 7.412 -9999.000 -9999.000 -9999.000 -9999.000 7.280 -9999.000 -9999.000 -9999.000 -9999.000 7.995 8.620 8.885 9.019 9.116 -9999.000
7.050 7.050 7.050 -9999.000 6.986 6.608 -9999.000 6.622 6.949 6.989 7.128 7.346 9.355 9.234 7.618 7.625 -9999.000 -9999.000 7.388 7.312 7.785 6.829 7.105 7.231 -9999.000 6.378 -9999.000 6.450 6.541 -9999.000 6.320 6.093 -9999.000 -9999.000 6.031 6.031 6.189 6.199 6.198 6.384 6.494 7.183 7.221 7.149 6.892 6.939 -9999.000 7.347 8.398 7.960 8.147 7.293 7.274 7.280 7.280 -9999.000 7.280 -9999.000 -9999.000 -9999.000 -9999.000 7.975 -9999.000 -9999.000 -9999.000 9.647 10.790
7.051 -9999.000 7.050 -9999.000 6.830 6.732 8.056 6.859 7.028 7.202 7.114 6.960 9.580 8.475 7.473 -9999.000 -9999.000 7.527 -9999.000 -9999.000 6.840 6.735 -9999.000 7.403 -9999.000 6.704 -9999.000 6.055 -9999.000 6.516 6.496 6.100 6.082 6.082 6.131 -9999.000 6.201 6.200 6.215 -9999.000 6.488 7.127 6.987 6.994 6.980 -9999.000 7.082 7.182 7.523 -9999.000 8.655 7.264 7.264 -9999.000 7.280 7.280 7.280 7.507 7.555 7.803 7.723 7.937 -9999.000 -9999.000 -9999.000 9.669 10.989
13.864 8.447 7.050 -9999.000 6.701 6.831 6.723 6.637 6.637 6.823 7.239 -9999.000 -9999.000 6.987 7.256 -9999.000 7.459 -9999.000 7.292 6.952 6.947 6.684 6.977 7.151 -9999.000 7.492 -9999.000 7.047 -9999.000 6.520 6.523 -9999.000 6.089 6.141 6.251 6.205 6.205 6.269 6.309 6.208 7.106 7.211 7.171 -9999.000 6.907 -9999.000 7.056 7.019 -9999.000 -9999.000 7.499 8.287 7.818 8.144 7.390 7.285 7.458 7.650 7.321 7.444 7.714 8.203 9.060 9.803 10.031 10.595 11.119
