hx_30m/njhx/rain/result-0042.wd
ncols         211
nrows         286
xllcorner     660279.582600
yllcorner     3541874.325092
cellsize      30.000000
NODATA_value  -9999.000000
[rows 204 to 237 of 286, columns 77 to 153 of 211]
0.010 0.010 0.007 0.005 0.032 0.010 0.002 0.001 0.001 0.001 0.010 0.010 0.057 0.269 0.003 0.000 0.001 0.001 0.005 0.004 0.004 0.002 0.006 0.001 0.000 0.004 0.004 0.045 0.128 0.006 0.001 0.000 0.002 0.010 0.002 0.004 0.001 0.013 0.004 0.002 0.001 0.001 0.001 0.004 0.002 0.001 0.001 0.001 0.004 0.003 0.000 0.000 0.000 0.000 0.002 0.001 0.002 0.000 0.042 0.002 0.002 0.010 0.002 0.000 0.010 0.003 0.001 0.006 0.007 0.010 0.002 0.001 0.002 0.002 0.059 0.000 0.000
0.324 0.004 0.007 0.010 0.009 0.010 0.000 0.001 0.002 0.001 0.000 0.000 0.010 0.010 0.008 0.010 0.003 0.001 0.002 0.007 0.001 0.000 0.000 0.004 0.004 0.004 0.010 0.029 0.001 0.000 0.000 0.000 0.000 0.000 0.001 0.010 0.004 0.004 0.001 0.000 0.001 0.008 0.004 0.004 0.001 0.004 0.003 0.001 0.003 0.001 0.003 0.001 0.005 0.000 0.001 0.000 0.000 0.002 0.010 0.010 0.201 0.000 0.000 0.002 0.001 0.002 0.006 0.002 0.002 0.010 0.006 0.002 0.001 0.004 0.001 0.002 0.005
0.004 0.002 0.002 0.011 0.002 0.010 0.001 0.000 0.000 0.000 0.001 0.001 0.010 0.000 0.000 0.003 0.000 0.010 0.002 0.001 0.000 0.000 0.000 0.003 0.004 0.003 0.006 0.004 0.000 0.001 0.001 0.000 0.000 0.006 0.004 0.004 0.003 0.001 0.000 0.002 0.001 0.003 0.002 0.010 0.010 0.014 0.009 0.001 0.001 0.001 0.001 0.004 0.003 0.002 0.006 0.004 0.002 0.003 0.010 0.000 0.010 0.000 0.002 0.004 0.002 0.006 0.006 0.010 0.006 0.000 0.010 0.010 0.007 0.003 0.001 0.003 0.000
0.006 0.007 0.000 0.008 0.010 0.003 0.003 0.002 0.002 0.001 0.000 0.001 0.003 0.001 0.001 0.002 0.000 0.005 0.003 0.002 0.000 0.000 0.010 0.002 0.010 0.001 0.004 0.010 0.010 0.003 0.003 0.000 0.010 0.004 0.003 0.002 0.000 0.001 0.001 0.002 0.000 0.000 0.003 0.003 0.010 0.183 0.000 0.000 0.000 0.001 0.006 0.002 0.002 0.004 0.002 0.006 0.431 0.123 0.022 0.245 0.000 0.003 0.002 0.000 0.001 0.002 0.007 0.010 0.007 0.010 0.010 0.010 0.046 0.000 0.000 0.003 0.001
0.004 0.000 0.010 0.006 0.002 0.002 0.002 0.000 0.000 0.004 0.007 0.003 0.050 0.046 0.076 0.022 0.013 0.236 0.124 0.002 0.002 0.005 0.007 0.002 0.006 0.000 0.010 0.000 0.006 0.010 0.000 0.000 0.000 0.002 0.004 0.002 0.000 0.001 0.003 0.004 0.010 0.000 0.005 0.003 0.010 0.000 0.000 0.000 0.002 0.001 0.006 0.004 0.002 0.002 0.002 0.004 0.010 0.133 0.000 0.110 0.000 0.001 0.003 0.010 0.002 0.004 0.004 0.004 0.002 0.002 0.010 0.007 0.000 0.000 0.039 0.000 0.000
0.000 0.010 0.007 0.003 0.010 0.001 0.000 0.000 0.002 0.003 0.001 0.001 0.001 0.000 0.002 0.002 0.001 0.204 0.410 0.132 0.215 0.029 0.005 0.001 0.000 0.010 0.010 0.002 0.002 0.001 0.005 0.000 0.000 0.002 0.003 0.004 0.003 0.000 0.000 0.000 0.000 0.010 0.002 0.010 0.010 0.000 0.000 0.000 0.000 0.001 0.000 0.007 0.010 0.000 0.004 0.004 0.004 0.003 0.010 0.187 0.000 0.027 0.004 0.002 0.001 0.001 0.002 0.004 0.000 0.000 0.001 0.003 0.000 0.010 0.000 0.010 0.003
0.000 0.004 0.004 0.004 0.001 0.001 0.000 0.000 0.000 0.000 0.002 0.003 0.001 0.000 0.000 0.033 0.005 0.285 0.130 0.308 0.389 0.000 0.578 0.010 0.003 0.004 0.004 0.000 0.001 0.002 0.010 0.000 0.004 0.003 0.004 0.000 0.010 0.004 0.001 0.001 0.001 0.006 0.001 0.010 0.000 0.001 0.001 0.001 0.002 0.002 0.001 0.010 0.010 0.002 0.010 0.000 0.007 0.000 0.010 0.002 0.001 0.007 0.003 0.001 0.000 0.010 0.002 0.002 0.000 0.000 0.000 0.001 0.010 0.010 0.010 0.000 0.002
0.010 0.007 0.007 0.010 0.001 0.001 0.001 0.000 0.000 0.011 0.002 0.000 0.002 0.000 0.000 0.001 0.056 0.145 0.281 0.090 0.454 0.043 0.050 0.140 0.716 0.000 0.385 0.006 0.001 0.000 0.010 0.010 0.007 0.010 0.001 0.000 0.010 0.010 0.002 0.010 0.000 0.010 0.010 0.010 0.010 0.002 0.000 0.000 0.006 0.000 0.000 0.010 0.024 0.000 0.015 0.006 0.076 0.010 0.002 0.001 0.003 0.001 0.004 0.002 0.000 0.000 0.001 0.010 0.003 0.000 0.000 0.002 0.000 0.004 0.005 0.003 0.005
0.000 0.011 0.007 0.007 0.002 0.001 0.002 0.002 0.000 0.003 0.010 0.005 0.001 0.000 0.002 0.002 0.282 0.397 0.413 0.369 0.073 0.002 0.003 0.002 0.010 0.010 0.010 0.010 0.000 0.004 0.005 0.000 0.005 0.004 0.002 0.010 0.010 0.010 0.001 0.000 0.004 0.002 0.002 0.000 0.003 0.001 0.001 0.001 0.001 0.001 0.000 0.000 0.001 0.000 0.016 0.003 0.000 0.000 0.000 0.002 0.002 0.001 0.003 0.001 0.001 0.001 0.010 0.024 0.010 0.010 0.010 0.000 0.010 0.000 0.001 0.010 0.010
0.002 0.002 0.000 0.002 0.000 0.003 0.003 0.002 0.002 0.000 0.027 0.000 0.002 0.002 0.003 0.007 0.398 0.160 0.362 0.007 0.004 0.002 0.010 0.001 0.003 0.003 0.003 0.163 0.003 0.010 0.000 0.057 0.008 0.004 0.004 0.010 0.010 0.003 0.001 0.000 0.010 0.004 0.006 0.002 0.002 0.000 0.003 0.002 0.000 0.000 0.000 0.023 0.000 0.000 0.007 0.014 0.001 0.000 0.000 0.000 0.000 0.004 0.001 0.004 0.002 0.001 0.002 0.025 0.010 0.010 0.004 0.000 0.010 0.004 0.018 0.030 0.000
0.007 0.006 0.003 0.001 0.005 0.000 0.000 0.002 0.002 0.002 0.031 0.002 0.001 0.000 0.002 0.002 0.266 0.445 0.001 0.002 0.002 0.003 0.003 0.002 0.004 0.002 0.002 0.000 0.000 0.002 0.004 0.010 0.000 0.010 0.038 0.004 0.003 0.010 0.006 0.006 0.002 0.003 0.003 0.004 0.001 0.028 0.000 0.001 0.001 0.010 0.000 0.022 0.000 0.003 0.005 0.521 0.000 0.001 0.004 0.000 0.000 0.004 0.001 0.001 0.001 0.002 0.002 0.001 0.004 0.010 0.010 0.000 0.000 0.002 0.003 0.005 0.001
0.007 0.010 0.000 0.001 0.001 0.002 0.000 0.003 0.002 0.001 0.000 0.000 0.002 0.010 0.007 0.003 0.099 0.001 0.018 0.007 0.010 0.010 0.010 0.002 0.004 0.002 0.003 0.010 0.007 0.010 0.003 0.008 0.010 0.010 0.000 0.003 0.004 0.004 0.004 0.063 0.010 0.012 0.002 0.002 0.010 0.000 0.001 0.001 0.000 0.000 0.007 0.000 0.000 0.005 0.000 0.003 0.000 0.001 0.003 0.001 0.004 0.001 0.002 0.000 0.001 0.003 0.011 0.002 0.002 0.002 0.002 0.003 0.002 0.004 0.003 0.000 0.000
0.005 0.007 0.010 0.002 0.002 0.000 0.002 0.001 0.000 0.003 0.014 0.002 0.007 0.000 0.005 0.003 0.203 0.007 0.010 0.002 0.007 0.010 0.010 0.005 0.003 0.003 0.001 0.004 0.003 0.002 0.006 0.006 0.006 0.002 0.010 0.008 0.000 0.004 0.004 0.010 0.006 0.002 0.002 0.001 0.010 0.020 0.002 0.000 0.002 0.000 0.000 0.000 0.002 0.005 0.174 0.000 0.000 0.010 0.002 0.000 0.001 0.002 0.000 0.001 0.001 0.000 0.002 0.003 0.059 0.001 0.003 0.002 0.003 0.003 0.003 0.000 0.002
0.006 0.002 0.005 0.007 0.000 0.002 0.002 0.001 0.000 0.005 0.007 0.000 0.010 0.010 0.004 0.002 0.010 0.002 0.001 0.002 0.004 0.004 0.003 0.005 0.003 0.003 0.007 0.004 0.000 0.003 0.003 0.004 0.001 0.010 0.000 0.004 0.000 0.007 0.000 0.003 0.002 0.000 0.002 0.010 0.001 0.002 0.000 0.035 0.000 0.000 0.001 0.000 0.005 0.000 0.003 0.002 0.005 0.010 0.010 0.000 0.007 0.003 0.002 0.002 0.001 0.001 0.002 0.001 0.000 0.006 0.058 0.002 0.004 0.004 0.003 0.002 0.000
0.007 0.005 0.002 0.002 0.005 0.002 0.000 0.000 0.003 0.002 0.001 0.002 0.003 0.003 0.003 0.001 0.005 0.004 0.007 0.010 0.010 0.007 0.002 0.010 0.007 0.002 0.005 0.004 0.000 0.004 0.003 0.006 0.003 0.010 0.000 0.001 0.001 0.001 0.001 0.632 0.000 0.003 0.007 0.000 0.001 0.001 0.000 0.001 0.000 0.001 0.000 0.002 0.007 0.005 0.000 0.001 0.001 0.001 0.000 0.004 0.002 0.000 0.001 0.001 0.001 0.000 0.000 0.000 0.000 0.000 0.000 0.005 0.010 0.002 0.004 0.002 0.003
0.000 0.010 0.000 0.003 0.002 0.003 0.002 0.002 0.004 0.052 0.000 0.000 0.000 0.002 0.002 0.006 0.002 0.002 0.010 0.010 0.010 0.010 0.007 0.002 0.003 0.002 0.003 0.000 0.000 0.010 0.003 0.004 0.003 0.000 0.010 0.004 0.010 0.002 0.000 0.112 0.022 0.023 0.000 0.010 0.001 0.000 0.000 0.000 0.000 0.000 0.000 0.007 0.004 0.001 0.000 0.003 0.001 0.001 0.001 0.002 0.001 0.001 0.004 0.001 0.003 0.001 0.007 0.002 0.000 0.000 0.001 0.004 0.003 0.010 0.003 0.001 0.002
0.000 0.003 0.000 0.000 0.001 0.001 0.004 0.001 0.003 0.005 0.005 0.010 0.004 0.010 0.003 0.004 0.002 0.003 0.004 0.001 0.010 0.010 0.008 0.001 0.002 0.008 0.004 0.003 0.003 0.006 0.006 0.001 0.010 0.000 0.003 0.000 0.000 0.036 0.019 0.161 0.010 0.019 0.002 0.008 0.005 0.007 0.002 0.000 0.000 0.000 0.003 0.005 0.001 0.001 0.001 0.003 0.000 0.000 0.002 0.000 0.000 0.001 0.002 0.000 0.001 0.001 0.010 0.007 0.004 0.003 0.002 0.003 0.000 0.000 0.000 0.044 0.001
0.002 0.003 0.000 0.001 0.002 0.002 0.001 0.000 0.003 0.002 0.005 0.003 0.007 0.002 0.000 0.000 0.010 0.005 0.003 0.005 0.001 0.121 0.010 0.010 0.004 0.004 0.000 0.000 0.000 0.001 0.004 0.007 0.010 0.000 0.001 0.010 0.041 0.033 0.000 0.085 0.010 0.013 0.010 0.003 0.003 0.010 0.096 0.005 0.003 0.000 0.003 0.007 0.002 0.001 0.000 0.001 0.000 0.020 0.000 0.002 0.010 0.001 0.001 0.003 0.000 0.000 0.000 0.008 0.000 0.001 0.001 0.007 0.001 0.001 0.001 0.001 0.000
0.003 0.004 0.000 0.000 0.007 0.002 0.002 0.003 0.001 0.000 0.000 0.004 0.007 0.004 0.003 0.007 0.007 0.010 0.187 0.010 0.006 0.010 0.002 0.004 0.006 0.007 0.002 0.003 0.000 0.004 0.001 0.001 0.002 0.000 0.002 0.090 0.071 0.002 0.005 0.002 0.010 0.014 0.032 0.005 0.004 0.006 0.003 0.006 0.000 0.002 0.000 0.000 0.000 0.000 0.010 0.001 0.000 0.000 0.000 0.000 0.002 0.010 0.002 0.000 0.003 0.000 0.010 0.000 0.007 0.002 0.004 0.000 0.000 0.001 0.002 0.002 0.002
0.000 0.004 0.002 0.002 0.000 0.007 0.003 0.004 0.000 0.002 0.007 0.002 0.004 0.004 0.004 0.003 0.002 0.007 0.010 0.168 0.010 0.004 0.001 0.003 0.000 0.003 0.000 0.000 0.005 0.003 0.002 0.002 0.001 0.002 0.001 0.083 0.069 0.003 0.000 0.005 0.215 0.097 0.193 0.043 0.010 0.007 0.007 0.002 0.002 0.003 0.055 0.003 0.007 0.000 0.004 0.002 0.000 0.001 0.001 0.002 0.002 0.000 0.094 0.010 0.010 0.010 0.006 0.000 0.002 0.003 0.006 0.001 0.001 0.001 0.001 0.001 0.001
0.001 0.004 0.003 0.004 0.007 0.003 0.002 0.003 0.004 0.002 0.002 0.003 0.002 0.003 0.000 0.010 0.003 0.004 0.001 0.007 0.003 0.107 0.010 0.001 0.000 0.002 0.000 0.000 0.001 0.006 0.004 0.006 0.006 0.002 0.002 0.003 0.000 0.003 0.002 0.002 0.005 0.000 0.005 0.182 0.138 0.111 0.149 0.005 0.003 0.000 0.010 0.010 0.008 0.002 0.003 0.000 0.000 0.000 0.001 0.001 0.000 0.003 0.000 0.005 0.003 0.010 0.010 0.004 0.002 0.004 0.000 0.000 0.000 0.000 0.001 0.001 0.002
0.004 0.000 0.002 0.002 0.003 0.002 0.002 0.002 0.000 0.003 0.003 0.001 0.000 0.000 0.003 0.007 0.010 0.075 0.003 0.003 0.003 0.004 0.009 0.002 0.018 0.002 0.000 0.003 0.001 0.006 0.002 0.001 0.000 0.003 0.002 0.001 0.001 0.003 0.006 0.001 0.000 0.191 0.197 0.087 0.188 0.084 0.007 0.003 0.010 0.014 0.002 0.003 0.003 0.634 0.136 0.003 0.007 0.000 0.001 0.003 0.002 0.002 0.003 0.000 0.000 0.001 0.003 0.001 0.002 0.001 0.000 0.001 0.001 0.001 0.001 0.001 0.002
0.000 0.001 0.002 0.002 0.003 0.000 0.002 0.002 0.003 0.002 0.003 0.001 0.007 0.002 0.005 0.010 0.010 0.010 0.010 0.010 0.001 0.002 0.002 0.003 0.010 0.156 0.003 0.001 0.010 0.003 0.003 0.004 0.010 0.002 0.000 0.000 0.003 0.001 0.002 0.004 0.000 0.100 0.104 0.086 0.003 0.004 0.007 0.007 0.024 0.007 0.010 0.003 0.003 0.007 0.003 0.010 0.687 0.010 0.005 0.003 0.005 0.002 0.001 0.000 0.000 0.000 0.003 0.002 0.000 0.001 0.001 0.001 0.000 0.003 0.000 0.002 0.001
0.004 0.001 0.000 0.039 0.002 0.002 0.004 0.002 0.010 0.002 0.003 0.002 0.000 0.007 0.010 0.010 0.010 0.010 0.010 0.003 0.002 0.001 0.001 0.004 0.003 0.010 0.010 0.003 0.006 0.001 0.003 0.006 0.006 0.001 0.006 0.002 0.001 0.000 0.001 0.002 0.011 0.000 0.000 0.005 0.003 0.002 0.007 0.000 0.004 0.002 0.002 0.003 0.010 0.005 0.002 0.001 0.005 0.893 0.740 0.003 0.003 0.003 0.001 0.001 0.000 0.000 0.002 0.002 0.010 0.006 0.000 0.000 0.000 0.001 0.000 0.000 0.001
0.001 0.001 0.036 0.068 0.003 0.002 0.002 0.004 0.003 0.003 0.000 0.006 0.004 0.002 0.002 0.000 0.002 0.010 0.010 0.003 0.058 0.001 0.010 0.004 0.003 0.002 0.004 0.003 0.004 0.007 0.003 0.000 0.002 0.000 0.000 0.002 0.002 0.007 0.001 0.010 0.001 0.002 0.001 0.000 0.000 0.004 0.005 0.014 0.003 0.005 0.010 0.048 0.007 0.004 0.010 0.010 0.002 0.002 0.003 0.000 0.745 0.039 0.001 0.000 0.000 0.002 0.002 0.000 0.003 0.002 0.000 0.001 0.109 0.002 0.001 0.001 0.003
0.002 0.000 0.007 0.010 0.172 0.029 0.001 0.003 0.002 0.002 0.004 0.000 0.001 0.000 0.003 0.133 0.000 0.002 0.003 0.001 0.002 0.001 0.000 0.002 0.000 0.002 0.016 0.006 0.002 0.004 0.004 0.006 0.001 0.002 0.002 0.002 0.004 0.001 0.006 0.002 0.003 0.000 0.004 0.001 0.004 0.004 0.727 0.007 0.004 0.004 0.004 0.007 0.007 0.002 0.001 0.003 0.001 0.003 0.002 0.002 0.007 0.123 0.575 0.002 0.003 0.002 0.000 0.000 0.000 0.000 0.001 0.063 0.163 0.260 0.187 0.013 0.002
0.010 0.000 0.000 0.001 0.001 0.001 0.001 0.005 0.003 0.002 0.003 0.003 0.003 0.000 0.000 0.000 0.004 0.000 0.001 0.000 0.003 0.003 0.002 0.000 0.000 0.010 0.001 0.006 0.003 0.003 0.001 0.010 0.001 0.002 0.002 0.003 0.002 0.001 0.002 0.002 0.002 0.001 0.000 0.002 0.003 0.000 0.048 0.010 0.010 0.007 0.003 0.004 0.003 0.010 0.005 0.002 0.002 0.002 0.005 0.002 0.010 0.000 0.010 0.682 0.010 0.002 0.002 0.000 0.000 0.001 0.000 0.140 0.179 0.166 0.028 0.007 0.007
0.002 0.002 0.000 0.000 0.000 0.002 0.001 0.005 0.002 0.003 0.004 0.003 0.000 0.000 0.003 0.000 0.001 0.002 0.001 0.000 0.003 0.004 0.006 0.002 0.000 0.000 0.001 0.006 0.005 0.003 0.002 0.002 0.001 0.000 0.000 0.003 0.003 0.002 0.004 0.010 0.003 0.010 0.001 0.005 0.005 0.010 0.016 0.025 0.010 0.007 0.010 0.007 0.002 0.001 0.002 0.002 0.005 0.003 0.007 0.007 0.005 0.000 0.000 0.010 0.002 0.000 0.006 0.003 0.048 0.000 0.070 0.203 0.215 0.196 0.001 0.005 0.016
0.007 0.001 0.002 0.001 0.002 0.002 0.007 0.004 0.000 0.001 0.007 0.007 0.004 0.007 0.000 0.003 0.010 0.001 0.003 0.002 0.001 0.002 0.003 0.001 0.004 0.001 0.002 0.006 0.004 0.000 0.000 0.001 0.003 0.001 0.001 0.000 0.000 0.003 0.010 0.001 0.003 0.000 0.003 0.003 0.048 0.000 0.010 0.010 0.005 0.010 0.007 0.010 0.010 0.007 0.002 0.010 0.005 0.011 0.010 0.010 0.010 0.003 0.001 0.010 0.010 0.079 0.010 0.000 0.339 0.043 0.060 0.167 0.317 0.011 0.002 0.002 0.003
0.001 0.001 0.001 0.001 0.002 0.004 0.004 0.002 0.003 0.001 0.001 0.002 0.001 0.004 0.007 0.001 0.001 0.000 0.000 0.003 0.005 0.000 0.000 0.001 0.001 0.002 0.006 0.001 0.004 0.000 0.000 0.000 0.000 0.003 0.002 0.001 0.001 0.002 0.003 0.003 0.003 0.002 0.003 0.000 0.000 0.000 0.000 0.010 0.000 0.010 0.010 0.003 0.020 0.007 0.002 0.010 0.003 0.000 0.010 0.000 0.010 0.010 0.003 0.002 0.186 0.143 0.142 0.206 0.010 0.000 1.187 0.278 0.109 0.000 0.003 0.003 0.004
0.007 0.002 0.001 0.002 0.002 0.003 0.003 0.000 0.001 0.003 0.002 0.002 0.000 0.001 0.001 0.002 0.005 0.010 0.064 0.001 0.002 0.010 0.058 0.000 0.004 0.003 0.004 0.002 0.001 0.000 0.001 0.001 0.001 0.001 0.001 0.001 0.005 0.002 0.002 0.003 0.002 0.005 0.007 0.908 0.000 0.000 0.000 0.049 0.000 0.000 0.010 0.010 0.003 0.003 0.002 0.007 0.003 0.010 0.025 0.010 0.010 0.000 0.002 0.002 0.000 0.150 0.035 0.000 0.000 0.010 0.010 0.000 0.026 0.245 0.095 0.001 0.028
0.000 0.000 0.007 0.002 0.005 0.002 0.002 0.001 0.000 0.000 0.001 0.010 0.002 0.001 0.002 0.001 0.002 0.002 0.010 0.002 0.000 0.002 0.003 0.003 0.005 0.001 0.002 0.006 0.001 0.001 0.000 0.000 0.002 0.002 0.001 0.001 0.005 0.012 0.003 0.003 0.004 0.010 0.000 0.010 0.222 0.000 0.000 0.000 0.000 0.000 0.000 0.010 0.004 0.004 0.007 0.003 0.004 0.003 0.007 0.003 0.003 0.003 0.002 0.000 0.002 0.005 0.121 0.000 0.010 0.113 0.010 0.001 0.007 0.000 0.199 0.320 0.048
0.010 0.005 0.003 0.003 0.005 0.004 0.000 0.001 0.003 0.001 0.001 0.000 0.002 0.003 0.002 0.001 0.001 0.001 0.010 0.009 0.002 0.000 0.002 0.003 0.001 0.004 0.002 0.002 0.000 0.001 0.001 0.001 0.001 0.001 0.001 0.002 0.002 0.004 0.007 0.007 0.010 0.010 0.667 0.010 0.000 0.000 0.141 0.034 0.000 0.000 0.000 0.010 0.003 0.010 0.010 0.010 0.004 0.020 0.002 0.002 0.003 0.005 0.002 0.000 0.000 0.002 0.001 0.001 0.011 0.000 0.002 0.005 0.000 0.000 0.001 0.000 0.120
0.003 0.003 0.002 0.002 0.005 0.000 0.000 0.002 0.001 0.002 0.000 0.001 0.001 0.000 0.000 0.002 0.002 0.001 0.010 0.010 0.007 0.006 0.002 0.003 0.001 0.005 0.002 0.006 0.000 0.000 0.000 0.001 0.001 0.001 0.001 0.000 0.003 0.007 0.007 0.003 0.008 0.000 0.005 0.004 0.005 0.010 0.022 0.010 0.000 0.000 0.010 0.004 0.010 0.010 0.010 0.010 0.010 0.010 0.007 0.003 0.002 0.003 0.000 0.000 0.007 0.010 0.000 0.000 0.000 0.003 0.001 0.000 0.012 0.001 0.001 0.001 0.003
