hx_30m/njhx/rain/result-0033.wd
ncols         211
nrows         286
xllcorner     660279.582600
yllcorner     3541874.325092
cellsize      30.000000
NODATA_value  -9999.000000
[rows 102 to 135 of 286, columns 77 to 153 of 211]
0.000 0.058 0.010 0.006 0.009 0.006 0.004 0.002 0.002 0.003 0.008 0.006 0.004 0.000 0.003 0.001 0.000 0.009 0.030 0.006 0.010 0.047 0.144 0.010 0.010 0.010 0.018 0.003 0.007 0.007 0.000 0.000 0.000 0.004 0.032 0.000 0.005 0.005 0.007 0.002 0.005 0.003 0.010 0.023 0.000 0.005 0.005 0.003 0.000 0.003 0.010 0.010 0.010 0.000 0.067 0.000 0.000 0.006 0.007 0.002 0.000 0.000 0.000 0.008 0.002 0.004 0.004 0.002 0.003 0.008 0.004 0.002 0.000 0.005 0.008 0.009 0.000
0.010 0.010 0.007 0.005 0.009 0.002 0.002 0.002 0.002 0.010 0.007 0.003 0.000 0.002 0.002 0.006 0.006 0.005 0.006 0.010 0.027 0.010 0.010 0.010 0.010 0.010 0.010 0.003 0.003 0.003 0.000 0.000 0.000 0.010 0.010 0.000 0.003 0.003 0.004 0.002 0.007 0.008 0.077 0.000 0.000 0.000 0.003 0.004 0.003 0.003 0.013 0.008 0.008 0.000 0.000 0.000 0.000 0.004 0.006 0.003 0.000 0.000 0.000 0.004 0.007 0.003 0.003 0.002 0.002 0.002 0.000 0.003 0.004 0.003 0.002 0.006 0.000
0.010 0.010 0.007 0.006 0.010 0.005 0.005 0.004 0.002 0.003 0.010 0.006 0.000 0.003 0.003 0.002 0.002 0.002 0.002 0.004 0.010 0.022 0.010 0.010 0.010 0.010 0.010 0.009 0.005 0.006 0.010 0.007 0.006 0.010 0.003 0.007 0.007 0.007 0.006 0.004 0.000 0.010 0.000 0.000 0.000 0.004 0.002 0.000 0.000 0.000 0.003 0.015 0.003 0.002 0.013 0.042 0.010 0.037 0.007 0.004 0.003 0.009 0.010 0.004 0.002 0.003 0.005 0.004 0.008 0.010 0.009 0.000 0.000 0.003 0.008 0.010 0.008
0.010 0.010 0.007 0.008 0.009 0.027 0.008 0.003 0.003 0.002 0.010 0.004 0.000 0.002 0.002 0.002 0.004 0.005 0.005 0.002 0.097 0.107 0.010 0.010 0.010 0.010 0.010 0.166 0.010 0.010 0.010 0.010 0.010 0.010 0.146 0.010 0.007 0.007 0.005 0.003 0.000 0.117 0.010 0.004 0.003 0.002 0.003 0.003 0.000 0.002 0.002 0.007 0.002 0.003 0.003 0.005 0.006 0.000 0.003 0.002 0.002 0.000 0.000 0.006 0.004 0.004 0.004 0.006 0.000 0.006 0.000 0.000 0.000 0.010 0.010 0.010 0.010
0.010 0.010 0.005 0.009 0.007 0.000 0.002 0.003 0.000 0.002 0.000 0.003 0.000 0.002 0.003 0.002 0.004 0.002 0.002 0.005 0.010 0.010 0.010 0.010 0.010 0.010 0.010 0.010 0.010 0.010 0.010 0.010 0.010 0.010 0.010 0.010 0.007 0.007 0.004 0.005 0.010 0.010 0.010 0.010 0.009 0.003 0.002 0.004 0.003 0.004 0.004 0.026 0.010 0.000 0.000 0.000 0.000 0.000 0.000 0.002 0.002 0.000 0.000 0.003 0.004 0.032 0.000 0.000 0.033 0.000 0.000 0.003 0.009 0.010 0.000 0.010 0.006
0.010 0.010 0.007 0.009 0.007 0.004 0.000 0.000 0.000 0.002 0.002 0.000 0.001 0.002 0.000 0.000 0.000 0.000 0.004 0.010 0.010 0.027 0.209 0.135 0.010 0.010 0.010 0.010 0.189 0.076 0.010 0.010 0.000 0.146 0.000 0.010 0.007 0.007 0.004 0.009 0.010 0.010 0.010 0.010 0.006 0.000 0.003 0.000 0.002 0.000 0.000 0.009 0.010 0.002 0.003 0.002 0.001 0.003 0.004 0.002 0.002 0.000 0.000 0.000 0.000 0.010 0.000 0.004 0.002 0.002 0.003 0.007 0.004 0.010 0.000 0.000 0.010
0.290 0.033 0.006 0.009 0.010 0.000 0.000 0.000 0.000 0.000 0.002 0.000 0.001 0.001 0.010 0.000 0.001 0.003 0.003 0.007 0.010 0.599 0.010 0.010 0.010 0.010 0.010 0.010 0.010 0.010 0.010 0.010 0.117 0.010 0.024 0.000 0.007 0.266 0.010 0.000 0.010 0.110 0.005 0.004 0.006 0.000 0.005 0.003 0.005 0.002 0.004 0.006 0.010 0.000 0.006 0.007 0.002 0.002 0.002 0.003 0.004 0.003 0.000 0.005 0.000 0.013 0.000 0.003 0.003 0.002 0.005 0.010 0.000 0.000 0.000 0.032 0.008
0.074 0.010 0.004 0.010 0.009 0.010 0.005 0.003 0.002 0.005 0.004 0.003 0.002 0.001 0.005 0.004 0.010 0.005 0.003 0.007 0.005 0.006 0.007 0.010 0.010 0.010 0.006 0.008 0.010 0.029 0.007 0.008 0.005 0.008 0.009 0.010 0.005 0.010 0.004 0.010 0.011 0.010 0.009 0.002 0.008 0.000 0.004 0.000 0.000 0.000 0.000 0.004 0.008 0.000 0.000 0.000 0.003 0.002 0.000 0.000 0.000 0.006 0.003 0.000 0.000 0.003 0.000 0.000 0.003 0.003 0.057 0.010 0.000 0.000 0.000 0.010 0.006
0.010 0.010 0.004 0.010 0.003 0.000 0.000 0.000 0.000 0.004 0.005 0.010 0.006 0.010 0.009 0.044 0.010 0.010 0.010 0.015 0.005 0.005 0.010 0.005 0.047 0.010 0.010 0.011 0.010 0.010 0.006 0.004 0.005 0.005 0.006 0.010 0.003 0.061 0.006 0.010 0.010 0.008 0.004 0.010 0.009 0.005 0.007 0.005 0.006 0.005 0.006 0.004 0.010 0.016 0.010 0.016 0.006 0.006 0.006 0.006 0.005 0.003 0.004 0.002 0.001 0.006 0.004 0.006 0.005 0.005 0.007 0.010 0.009 0.010 0.010 0.010 0.010
0.010 0.007 0.007 0.007 0.004 0.000 0.000 0.002 0.003 0.002 0.015 0.000 0.005 0.010 0.050 0.000 0.000 0.000 0.010 0.010 0.010 0.010 0.010 0.010 0.010 0.009 0.054 0.006 0.009 0.010 0.008 0.003 0.002 0.006 0.004 0.008 0.010 0.051 0.005 0.007 0.008 0.008 0.004 0.006 0.004 0.004 0.003 0.005 0.006 0.004 0.008 0.005 0.005 0.006 0.006 0.010 0.009 0.002 0.006 0.004 0.006 0.009 0.010 0.005 0.006 0.004 0.005 0.004 0.004 0.005 0.003 0.005 0.003 0.002 0.005 0.027 0.010
0.010 0.007 0.007 0.007 0.003 0.000 0.002 0.003 0.002 0.003 0.010 0.010 0.010 0.044 0.010 0.064 0.002 0.007 0.010 0.002 0.004 0.003 0.002 0.001 0.004 0.010 0.010 0.010 0.010 0.010 0.006 0.000 0.016 0.001 0.000 0.000 0.005 0.272 0.006 0.010 0.000 0.000 0.010 0.010 0.010 0.004 0.004 0.005 0.010 0.010 0.010 0.007 0.039 0.010 0.140 0.010 0.006 0.003 0.002 0.003 0.003 0.004 0.010 0.003 0.000 0.005 0.002 0.000 0.005 0.010 0.010 0.003 0.002 0.000 0.000 0.000 0.013
0.010 0.005 0.010 0.006 0.002 0.002 0.005 0.005 0.003 0.003 0.010 0.007 0.062 0.049 0.010 0.004 0.003 0.004 0.034 0.010 0.010 0.056 0.010 0.002 0.004 0.010 0.013 0.010 0.010 0.010 0.075 0.002 0.010 0.001 0.004 0.000 0.004 0.010 0.010 0.010 0.010 0.010 0.103 0.010 0.010 0.004 0.000 0.002 0.010 0.010 0.010 0.004 0.000 0.010 0.010 0.010 0.003 0.005 0.004 0.002 0.002 0.006 0.000 0.001 0.005 0.007 0.005 0.010 0.010 0.010 0.031 0.005 0.003 0.000 0.000 0.000 0.005
0.008 0.005 0.010 0.004 0.002 0.009 0.002 0.002 0.002 0.004 0.038 0.010 0.010 0.000 0.012 0.002 0.010 0.007 0.004 0.004 0.002 0.001 0.002 0.001 0.006 0.005 0.010 0.010 0.058 0.010 0.004 0.010 0.010 0.002 0.001 0.000 0.002 0.010 0.007 0.005 0.005 0.002 0.002 0.001 0.003 0.075 0.000 0.001 0.010 0.006 0.005 0.018 0.009 0.007 0.006 0.010 0.000 0.001 0.002 0.002 0.002 0.002 0.001 0.000 0.000 0.004 0.003 0.000 0.010 0.044 0.010 0.000 0.002 0.022 0.000 0.000 0.007
0.004 0.006 0.007 0.004 0.003 0.010 0.010 0.006 0.003 0.004 0.010 0.000 0.000 0.000 0.000 0.000 0.004 0.002 0.043 0.002 0.004 0.004 0.002 0.002 0.004 0.006 0.010 0.010 0.010 0.034 0.003 0.010 0.010 0.002 0.002 0.000 0.004 0.067 0.003 0.005 0.010 0.005 0.000 0.000 0.004 0.281 0.000 0.002 0.010 0.013 0.000 0.004 0.008 0.000 0.008 0.008 0.005 0.007 0.010 0.010 0.007 0.002 0.002 0.000 0.004 0.005 0.000 0.003 0.004 0.003 0.006 0.006 0.000 0.000 0.000 0.000 0.005
0.006 0.006 0.005 0.000 0.000 0.010 0.000 0.000 0.000 0.000 0.063 0.000 0.006 0.006 0.004 0.000 0.000 0.004 0.004 0.000 0.000 0.000 0.000 0.000 0.004 0.042 0.010 0.010 0.010 0.008 0.006 0.010 0.020 0.003 0.002 0.008 0.004 0.008 0.003 0.010 0.009 0.005 0.000 0.000 0.010 0.010 0.003 0.004 0.004 0.002 0.000 0.002 0.003 0.000 0.002 0.002 0.007 0.008 0.007 0.010 0.006 0.000 0.000 0.005 0.005 0.010 0.000 0.000 0.002 0.002 0.006 0.008 0.002 0.000 0.003 0.000 0.003
0.004 0.010 0.005 0.005 0.003 0.003 0.000 0.000 0.000 0.000 0.083 0.000 0.004 0.004 0.004 0.000 0.021 0.000 0.002 0.001 0.000 0.000 0.000 0.000 0.005 0.003 0.005 0.013 0.008 0.007 0.000 0.000 0.010 0.010 0.003 0.006 0.005 0.010 0.004 0.006 0.008 0.006 0.000 0.000 0.006 0.003 0.005 0.002 0.006 0.000 0.000 0.005 0.000 0.000 0.006 0.000 0.004 0.006 0.007 0.010 0.002 0.002 0.000 0.000 0.007 0.099 0.000 0.027 0.056 0.000 0.005 0.010 0.005 0.006 0.010 0.000 0.000
0.007 0.010 0.011 0.008 0.004 0.000 0.005 0.000 0.000 0.004 0.230 0.000 0.000 0.000 0.131 0.000 0.297 0.000 0.001 0.000 0.000 0.000 0.000 0.001 0.004 0.005 0.000 0.002 0.008 0.010 0.000 0.011 0.001 0.010 0.071 0.000 0.002 0.010 0.006 0.010 0.010 0.010 0.000 0.000 0.001 0.008 0.015 0.006 0.008 0.004 0.006 0.010 0.000 0.000 0.000 0.001 0.000 0.001 0.002 0.002 0.002 0.003 0.000 0.001 0.004 0.133 0.142 0.010 0.010 0.010 0.113 0.219 0.051 0.247 0.000 0.005 0.010
0.007 0.007 0.000 0.000 0.000 0.003 0.001 0.004 0.006 0.003 0.413 0.077 0.048 0.010 0.078 0.369 0.155 0.002 0.008 0.007 0.009 0.005 0.002 0.002 0.005 0.004 0.012 0.004 0.004 0.004 0.030 0.219 0.336 0.441 0.024 0.000 0.006 0.010 0.005 0.005 0.008 0.010 0.000 0.000 0.058 0.006 0.000 0.008 0.005 0.010 0.010 0.007 0.003 0.005 0.000 0.003 0.004 0.001 0.004 0.003 0.004 0.003 0.002 0.001 0.004 0.055 0.123 0.000 0.000 0.000 0.010 0.038 0.055 0.066 0.007 0.008 0.039
0.010 0.006 0.008 0.007 0.004 0.004 0.000 0.002 0.004 0.000 0.375 0.008 0.581 0.010 0.175 0.321 0.144 0.103 0.007 0.010 0.010 0.010 0.006 0.004 0.006 0.008 0.010 0.003 0.006 0.006 0.116 0.470 0.442 0.370 0.039 0.000 0.010 0.010 0.009 0.004 0.004 0.008 0.014 0.002 0.003 0.003 0.002 0.003 0.004 0.003 0.008 0.002 0.002 0.000 0.000 0.003 0.002 0.003 0.002 0.004 0.002 0.000 0.001 0.002 0.005 0.118 0.074 0.002 0.000 0.000 0.010 0.025 0.062 0.069 0.004 0.010 0.000
0.010 0.006 0.003 0.003 0.003 0.002 0.008 0.002 0.000 0.000 0.446 0.008 0.010 0.010 0.010 0.010 0.303 0.154 0.008 0.010 0.010 0.000 0.007 0.007 0.000 0.008 0.000 0.002 0.000 0.000 0.010 0.487 0.465 0.073 0.004 0.000 0.032 0.008 0.010 0.000 0.000 0.006 0.010 0.011 0.001 0.004 0.005 0.005 0.003 0.004 0.005 0.003 0.004 0.002 0.002 0.003 0.003 0.001 0.005 0.003 0.000 0.004 0.002 0.002 0.010 0.000 0.010 0.010 0.000 0.000 0.021 0.010 0.028 0.010 0.005 0.003 0.000
0.005 0.005 0.004 0.005 0.000 0.000 0.004 0.010 0.010 0.010 0.329 0.010 0.008 0.010 0.010 0.010 0.126 0.094 0.004 0.000 0.000 0.010 0.007 0.005 0.000 0.006 0.000 0.008 0.000 0.000 0.003 0.209 0.398 0.003 0.003 0.003 0.009 0.005 0.008 0.000 0.005 0.006 0.003 0.006 0.002 0.003 0.004 0.004 0.007 0.002 0.005 0.004 0.006 0.004 0.031 0.005 0.010 0.001 0.000 0.001 0.001 0.003 0.003 0.002 0.006 0.022 0.006 0.008 0.038 0.000 0.274 0.036 0.099 0.049 0.380 0.002 0.000
0.006 0.007 0.002 0.004 0.001 0.004 0.003 0.005 0.006 0.007 0.024 0.010 0.010 0.010 0.010 0.005 0.010 0.010 0.003 0.004 0.004 0.010 0.010 0.003 0.005 0.008 0.005 0.145 0.057 0.039 0.023 0.032 0.015 0.005 0.004 0.051 0.006 0.008 0.010 0.000 0.010 0.010 0.006 0.002 0.002 0.005 0.005 0.005 0.006 0.008 0.010 0.004 0.010 0.010 0.010 0.000 0.000 0.002 0.001 0.000 0.002 0.003 0.008 0.005 0.003 0.000 0.000 0.000 0.000 0.000 0.000 0.000 0.010 0.004 0.000 0.004 0.000
0.004 0.002 0.002 0.001 0.001 0.002 0.002 0.005 0.005 0.000 0.279 0.000 0.010 0.000 0.010 0.000 0.000 0.012 0.000 0.000 0.000 0.000 0.028 0.067 0.063 0.044 0.069 0.000 0.000 0.000 0.000 0.051 0.008 0.010 0.005 0.375 0.008 0.008 0.005 0.000 0.007 0.010 0.003 0.001 0.002 0.001 0.000 0.005 0.022 0.010 0.004 0.002 0.008 0.000 0.000 0.000 0.000 0.002 0.001 0.001 0.002 0.000 0.000 0.005 0.003 0.000 0.001 0.000 0.001 0.003 0.001 0.002 0.003 0.000 0.000 0.008 0.000
0.007 0.002 0.003 0.003 0.004 0.002 0.003 0.004 0.005 0.000 0.325 0.000 0.014 0.000 0.034 0.004 0.004 0.059 0.000 0.000 0.001 0.000 0.031 0.021 0.122 0.110 0.004 0.005 0.005 0.006 0.004 0.002 0.047 0.000 0.000 0.061 0.010 0.005 0.000 0.005 0.003 0.010 0.004 0.003 0.002 0.003 0.000 0.000 0.004 0.003 0.008 0.002 0.008 0.010 0.028 0.000 0.000 0.003 0.002 0.001 0.001 0.000 0.002 0.002 0.002 0.000 0.005 0.010 0.006 0.005 0.001 0.002 0.002 0.008 0.000 0.006 0.000
0.009 0.000 0.000 0.000 0.000 0.002 0.000 0.001 0.000 0.000 0.222 0.000 0.000 0.000 0.003 0.010 0.010 0.005 0.004 0.005 0.001 0.000 0.068 0.142 0.102 0.004 0.007 0.028 0.006 0.003 0.004 0.010 0.000 0.001 0.000 0.006 0.006 0.003 0.000 0.004 0.000 0.000 0.008 0.004 0.002 0.002 0.003 0.000 0.000 0.000 0.004 0.002 0.003 0.004 0.003 0.000 0.000 0.001 0.000 0.001 0.001 0.000 0.003 0.000 0.005 0.006 0.006 0.032 0.000 0.005 0.002 0.004 0.001 0.000 0.014 0.004 0.000
0.004 0.006 0.000 0.000 0.000 0.003 0.000 0.000 0.000 0.000 0.224 0.000 0.000 0.001 0.003 0.002 0.000 0.008 0.000 0.005 0.001 0.001 0.045 0.003 0.001 0.002 0.000 0.000 0.002 0.001 0.001 0.003 0.000 0.000 0.000 0.002 0.008 0.004 0.000 0.000 0.000 0.005 0.008 0.006 0.004 0.004 0.005 0.008 0.002 0.003 0.002 0.003 0.003 0.008 0.000 0.000 0.000 0.001 0.001 0.001 0.001 0.000 0.000 0.000 0.002 0.000 0.003 0.010 0.000 0.000 0.002 0.006 0.002 0.002 0.003 0.008 0.004
0.004 0.004 0.008 0.003 0.006 0.002 0.003 0.002 0.000 0.006 0.010 0.009 0.001 0.001 0.001 0.000 0.000 0.003 0.002 0.002 0.001 0.001 0.128 0.000 0.000 0.002 0.000 0.000 0.001 0.002 0.002 0.001 0.001 0.002 0.000 0.003 0.010 0.006 0.000 0.000 0.000 0.001 0.002 0.004 0.005 0.009 0.007 0.010 0.004 0.004 0.002 0.003 0.000 0.000 0.004 0.003 0.001 0.001 0.001 0.000 0.001 0.000 0.000 0.000 0.004 0.000 0.000 0.000 0.000 0.001 0.001 0.001 0.008 0.008 0.004 0.010 0.000
0.006 0.000 0.000 0.004 0.004 0.003 0.001 0.002 0.002 0.006 0.008 0.005 0.003 0.001 0.000 0.004 0.001 0.003 0.003 0.002 0.000 0.000 0.291 0.000 0.000 0.003 0.000 0.000 0.004 0.010 0.005 0.002 0.001 0.002 0.008 0.003 0.008 0.005 0.000 0.001 0.010 0.010 0.001 0.006 0.010 0.009 0.000 0.000 0.000 0.000 0.000 0.003 0.000 0.000 0.003 0.001 0.001 0.000 0.000 0.000 0.003 0.003 0.002 0.000 0.003 0.041 0.000 0.001 0.000 0.001 0.000 0.001 0.000 0.006 0.005 0.003 0.006
0.003 0.005 0.004 0.006 0.008 0.003 0.002 0.003 0.007 0.008 0.004 0.002 0.003 0.005 0.000 0.000 0.000 0.005 0.010 0.010 0.000 0.000 0.362 0.000 0.000 0.000 0.002 0.001 0.002 0.010 0.004 0.000 0.000 0.004 0.000 0.005 0.010 0.008 0.000 0.000 0.007 0.004 0.000 0.000 0.009 0.010 0.004 0.007 0.003 0.004 0.005 0.004 0.007 0.006 0.005 0.008 0.003 0.003 0.000 0.000 0.002 0.000 0.000 0.010 0.005 0.005 0.001 0.000 0.002 0.001 0.004 0.004 0.002 0.001 0.003 0.000 0.004
0.003 0.002 0.007 0.002 0.002 0.005 0.003 0.002 0.004 0.010 0.008 0.010 0.008 0.010 0.010 0.075 0.006 0.002 0.002 0.003 0.000 0.000 0.329 0.004 0.002 0.003 0.002 0.001 0.002 0.010 0.002 0.003 0.002 0.002 0.000 0.002 0.008 0.006 0.006 0.006 0.093 0.003 0.002 0.003 0.005 0.004 0.000 0.000 0.003 0.002 0.004 0.005 0.000 0.000 0.000 0.000 0.003 0.006 0.002 0.001 0.006 0.003 0.003 0.003 0.010 0.002 0.001 0.002 0.003 0.003 0.000 0.000 0.001 0.010 0.046 0.005 0.003
0.000 0.000 0.005 0.000 0.000 0.000 0.003 0.004 0.005 0.010 0.003 0.074 0.000 0.000 0.000 0.000 0.000 0.003 0.000 0.000 0.000 0.000 0.456 0.003 0.003 0.004 0.002 0.001 0.002 0.003 0.001 0.000 0.001 0.007 0.000 0.006 0.010 0.003 0.000 0.001 0.000 0.000 0.000 0.000 0.000 0.004 0.001 0.000 0.001 0.001 0.001 0.006 0.000 0.000 0.000 0.001 0.002 0.001 0.000 0.000 0.000 0.003 0.001 0.005 0.005 0.000 0.001 0.002 0.000 0.003 0.008 0.002 0.000 0.000 0.000 0.018 0.000
0.003 0.004 0.008 0.004 0.003 0.003 0.004 0.005 0.000 0.010 0.007 0.173 0.006 0.006 0.007 0.007 0.010 0.007 0.004 0.007 0.000 0.000 0.290 0.004 0.003 0.002 0.001 0.002 0.001 0.002 0.001 0.002 0.003 0.007 0.000 0.002 0.438 0.003 0.000 0.003 0.010 0.036 0.000 0.000 0.000 0.003 0.003 0.001 0.001 0.001 0.001 0.000 0.004 0.008 0.001 0.001 0.001 0.001 0.003 0.004 0.002 0.000 0.000 0.000 0.005 0.001 0.001 0.053 0.000 0.002 0.003 0.003 0.000 0.000 0.000 0.000 0.000
0.000 0.008 0.000 0.004 0.004 0.003 0.003 0.004 0.000 0.015 0.006 0.010 0.000 0.000 0.010 0.000 0.000 0.006 0.000 0.000 0.006 0.000 0.154 0.004 0.002 0.002 0.002 0.004 0.003 0.003 0.001 0.002 0.010 0.006 0.008 0.007 0.010 0.003 0.010 0.000 0.006 0.000 0.010 0.000 0.000 0.006 0.002 0.008 0.012 0.001 0.001 0.000 0.010 0.004 0.002 0.002 0.002 0.003 0.002 0.000 0.000 0.000 0.000 0.000 0.002 0.037 0.000 0.000 0.009 0.000 0.001 0.003 0.003 0.003 0.000 0.003 0.002
0.007 0.010 0.003 0.004 0.117 0.024 0.006 0.007 0.005 0.007 0.009 0.028 0.010 0.010 0.009 0.009 0.010 0.005 0.000 0.000 0.007 0.004 0.007 0.006 0.004 0.004 0.004 0.004 0.005 0.004 0.002 0.003 0.005 0.003 0.003 0.003 0.010 0.010 0.003 0.003 0.003 0.002 0.002 0.007 0.003 0.004 0.002 0.000 0.000 0.001 0.010 0.000 0.006 0.006 0.000 0.001 0.002 0.000 0.000 0.002 0.000 0.003 0.010 0.000 0.004 0.000 0.010 0.004 0.000 0.000 0.001 0.000 0.008 0.002 0.000 0.000 0.006
