hx_30m/njhx/rain/result-0024.wd
ncols         211
nrows         286
xllcorner     660279.582600
yllcorner     3541874.325092
cellsize      30.000000
NODATA_value  -9999.000000
[rows 34 to 67 of 286, columns 77 to 153 of 211]
0.000 0.000 0.000 0.000 0.000 0.000 0.000 0.012 0.010 0.010 0.010 0.015 0.010 0.007 0.006 0.003 0.003 0.005 0.004 0.004 0.006 0.002 0.003 0.002 0.000 0.000 0.000 0.008 0.000 0.000 0.006 0.007 0.005 0.010 0.005 0.005 0.010 0.010 0.080 0.000 0.000 0.031 0.049 0.003 0.003 0.006 0.005 0.010 0.005 0.004 0.004 0.010 0.000 0.010 0.009 0.000 0.000 0.000 0.000 0.000 0.000 0.000 0.000 0.000 0.000 0.000 0.000 0.000 0.000 0.000 0.000 0.000 0.000 0.000 0.000 0.000 0.000
0.000 0.000 0.000 0.000 0.000 0.000 0.092 0.010 0.010 0.010 0.010 0.010 0.010 0.010 0.005 0.002 0.002 0.000 0.005 0.000 0.000 0.000 0.002 0.002 0.005 0.008 0.008 0.006 0.008 0.000 0.000 0.000 0.005 0.007 0.007 0.000 0.030 0.008 0.010 0.010 0.000 0.000 0.040 0.030 0.005 0.005 0.000 0.006 0.004 0.000 0.006 0.010 0.010 0.014 0.010 0.010 0.000 0.000 0.000 0.027 0.000 0.000 0.000 0.000 0.000 0.000 0.000 0.000 0.000 0.000 0.000 0.000 0.000 0.000 0.000 0.000 0.000
0.000 0.000 0.000 0.000 0.000 0.000 0.010 0.010 0.010 0.010 0.010 0.010 0.056 0.010 0.004 0.000 0.002 0.002 0.004 0.005 0.000 0.002 0.002 0.006 0.004 0.003 0.005 0.000 0.000 0.005 0.000 0.000 0.005 0.007 0.005 0.000 0.010 0.005 0.010 0.010 0.005 0.000 0.000 0.002 0.000 0.000 0.000 0.000 0.000 0.005 0.005 0.007 0.010 0.010 0.010 0.010 0.010 0.000 0.000 0.000 0.027 0.000 0.000 0.000 0.000 0.000 0.000 0.000 0.000 0.000 0.000 0.000 0.000 0.000 0.000 0.000 0.000
0.000 0.000 0.000 0.000 0.000 0.000 0.010 0.010 0.009 0.010 0.010 0.010 0.010 0.010 0.006 0.000 0.002 0.002 0.000 0.003 0.000 0.003 0.004 0.005 0.008 0.000 0.003 0.006 0.005 0.004 0.000 0.006 0.005 0.009 0.004 0.000 0.010 0.008 0.005 0.013 0.000 0.002 0.000 0.003 0.009 0.010 0.006 0.000 0.075 0.000 0.012 0.010 0.010 0.010 0.010 0.010 0.010 0.000 0.000 0.000 0.000 0.010 0.000 0.000 0.000 0.000 0.000 0.000 0.000 0.000 0.000 0.000 0.000 0.000 0.000 0.000 0.000
0.000 0.000 0.000 0.000 0.000 0.000 0.010 0.010 0.010 0.010 0.010 0.010 0.010 0.010 0.007 0.000 0.002 0.002 0.002 0.003 0.000 0.006 0.002 0.003 0.010 0.004 0.005 0.004 0.010 0.004 0.000 0.000 0.007 0.010 0.005 0.010 0.032 0.006 0.004 0.000 0.000 0.002 0.003 0.000 0.006 0.010 0.005 0.000 0.000 0.008 0.010 0.010 0.010 0.010 0.035 0.010 0.010 0.010 0.000 0.000 0.000 0.040 0.000 0.000 0.000 0.000 0.000 0.000 0.000 0.000 0.000 0.000 0.000 0.000 0.000 0.000 0.000
0.000 0.000 0.000 0.000 0.000 0.000 0.010 0.010 0.007 0.010 0.010 0.037 0.010 0.010 0.017 0.000 0.002 0.000 0.002 0.003 0.003 0.003 0.002 0.002 0.005 0.000 0.003 0.003 0.010 0.000 0.010 0.010 0.009 0.010 0.009 0.003 0.000 0.000 0.000 0.011 0.010 0.000 0.000 0.000 0.007 0.007 0.009 0.005 0.006 0.010 0.010 0.010 0.010 0.031 0.010 0.000 0.023 0.010 0.010 0.000 0.000 0.000 0.024 0.000 0.000 0.000 0.000 0.000 0.000 0.000 0.000 0.000 0.000 0.000 0.000 0.000 0.000
0.000 0.000 0.000 0.000 0.000 0.000 0.010 0.010 0.010 0.008 0.010 0.081 0.010 0.010 0.028 0.010 0.010 0.022 0.004 0.000 0.003 0.003 0.003 0.009 0.004 0.003 0.010 0.004 0.007 0.000 0.000 0.011 0.000 0.006 0.010 0.003 0.000 0.006 0.003 0.004 0.008 0.005 0.004 0.004 0.009 0.009 0.007 0.008 0.007 0.010 0.000 0.010 0.000 0.000 0.000 0.021 0.010 0.017 0.010 0.000 0.000 0.000 0.000 0.010 0.000 0.000 0.000 0.000 0.000 0.000 0.000 0.000 0.000 0.000 0.000 0.000 0.000
0.000 0.000 0.000 0.000 0.000 0.000 0.010 0.010 0.004 0.010 0.010 0.010 0.010 0.010 0.010 0.038 0.010 0.000 0.003 0.004 0.002 0.004 0.000 0.004 0.000 0.003 0.000 0.005 0.006 0.003 0.003 0.000 0.005 0.004 0.008 0.006 0.008 0.111 0.008 0.022 0.009 0.003 0.010 0.007 0.006 0.009 0.000 0.000 0.006 0.010 0.020 0.010 0.009 0.006 0.000 0.010 0.010 0.010 0.010 0.010 0.000 0.000 0.000 0.038 0.000 0.000 0.000 0.000 0.000 0.000 0.000 0.000 0.000 0.000 0.000 0.000 0.000
0.000 0.000 0.000 0.000 0.000 0.000 0.010 0.008 0.007 0.010 0.010 0.010 0.010 0.010 0.010 0.010 0.010 0.003 0.000 0.004 0.000 0.000 0.000 0.002 0.004 0.005 0.010 0.004 0.010 0.004 0.007 0.006 0.010 0.010 0.010 0.009 0.136 0.031 0.023 0.000 0.000 0.012 0.009 0.005 0.000 0.010 0.010 0.000 0.007 0.000 0.000 0.003 0.009 0.005 0.000 0.006 0.007 0.006 0.015 0.010 0.000 0.000 0.000 0.000 0.010 0.000 0.000 0.000 0.000 0.000 0.000 0.000 0.000 0.000 0.000 0.000 0.000
0.000 0.000 0.000 0.000 0.000 0.000 0.010 0.010 0.009 0.020 0.008 0.010 0.010 0.008 0.008 0.008 0.010 0.007 0.006 0.005 0.010 0.006 0.004 0.006 0.007 0.004 0.006 0.006 0.010 0.006 0.003 0.004 0.004 0.007 0.010 0.006 0.005 0.000 0.004 0.005 0.003 0.000 0.010 0.010 0.010 0.010 0.006 0.004 0.000 0.005 0.000 0.000 0.000 0.004 0.005 0.007 0.005 0.000 0.007 0.010 0.010 0.000 0.000 0.000 0.044 0.010 0.000 0.000 0.000 0.000 0.000 0.000 0.000 0.000 0.000 0.000 0.000
0.000 0.000 0.000 0.000 0.000 0.000 0.008 0.010 0.010 0.010 0.010 0.012 0.005 0.010 0.008 0.006 0.010 0.006 0.004 0.006 0.010 0.007 0.004 0.005 0.006 0.006 0.000 0.000 0.003 0.004 0.003 0.000 0.000 0.006 0.010 0.008 0.006 0.000 0.000 0.003 0.002 0.010 0.010 0.009 0.000 0.010 0.008 0.004 0.004 0.006 0.005 0.006 0.004 0.004 0.000 0.005 0.008 0.006 0.006 0.009 0.010 0.000 0.000 0.000 0.000 0.021 0.000 0.000 0.000 0.000 0.000 0.000 0.000 0.000 0.000 0.000 0.000
0.000 0.000 0.000 0.000 0.000 0.010 0.010 0.010 0.010 0.010 0.010 0.010 0.009 0.004 0.004 0.008 0.010 0.009 0.004 0.004 0.004 0.003 0.000 0.000 0.000 0.010 0.000 0.003 0.003 0.004 0.000 0.004 0.000 0.005 0.008 0.010 0.007 0.000 0.000 0.000 0.004 0.004 0.132 0.007 0.007 0.010 0.005 0.000 0.006 0.000 0.009 0.006 0.007 0.005 0.005 0.005 0.006 0.000 0.000 0.010 0.010 0.010 0.000 0.000 0.000 0.000 0.013 0.000 0.000 0.000 0.000 0.000 0.000 0.000 0.000 0.000 0.000
0.000 0.000 0.000 0.000 0.000 0.010 0.010 0.010 0.010 0.010 0.008 0.016 0.003 0.008 0.006 0.004 0.005 0.007 0.000 0.003 0.004 0.003 0.011 0.010 0.010 0.010 0.012 0.000 0.000 0.000 0.003 0.000 0.005 0.004 0.008 0.009 0.008 0.005 0.005 0.004 0.000 0.004 0.000 0.008 0.000 0.005 0.005 0.004 0.006 0.006 0.010 0.010 0.005 0.000 0.000 0.005 0.005 0.005 0.006 0.009 0.007 0.010 0.025 0.000 0.000 0.000 0.000 0.010 0.000 0.000 0.000 0.000 0.000 0.000 0.000 0.000 0.000
0.000 0.000 0.000 0.000 0.000 0.010 0.010 0.010 0.007 0.009 0.007 0.008 0.010 0.005 0.004 0.004 0.005 0.000 0.008 0.010 0.010 0.009 0.010 0.010 0.010 0.010 0.007 0.003 0.003 0.000 0.003 0.000 0.004 0.005 0.007 0.010 0.010 0.006 0.000 0.000 0.005 0.004 0.000 0.013 0.000 0.006 0.005 0.000 0.004 0.010 0.009 0.007 0.004 0.000 0.000 0.004 0.006 0.006 0.006 0.010 0.010 0.010 0.010 0.000 0.000 0.000 0.000 0.030 0.000 0.000 0.000 0.000 0.000 0.000 0.000 0.000 0.000
0.000 0.000 0.000 0.000 0.000 0.075 0.010 0.010 0.008 0.009 0.006 0.010 0.005 0.004 0.004 0.006 0.006 0.010 0.023 0.009 0.000 0.003 0.003 0.006 0.009 0.010 0.006 0.003 0.000 0.003 0.000 0.003 0.004 0.008 0.006 0.010 0.010 0.006 0.000 0.000 0.005 0.006 0.010 0.010 0.008 0.006 0.008 0.005 0.005 0.004 0.003 0.003 0.019 0.004 0.007 0.000 0.000 0.006 0.006 0.000 0.010 0.030 0.000 0.000 0.000 0.000 0.000 0.000 0.010 0.000 0.000 0.000 0.000 0.000 0.000 0.000 0.000
0.000 0.000 0.000 0.000 0.000 0.010 0.010 0.010 0.010 0.010 0.008 0.010 0.009 0.004 0.004 0.006 0.008 0.009 0.004 0.007 0.003 0.004 0.008 0.010 0.010 0.010 0.008 0.004 0.004 0.000 0.000 0.004 0.000 0.010 0.000 0.007 0.010 0.010 0.005 0.007 0.000 0.009 0.010 0.010 0.008 0.000 0.005 0.004 0.004 0.000 0.000 0.007 0.010 0.009 0.010 0.000 0.000 0.009 0.010 0.000 0.028 0.007 0.010 0.010 0.000 0.000 0.000 0.000 0.010 0.000 0.000 0.000 0.000 0.000 0.000 0.000 0.000
0.000 0.000 0.000 0.000 0.000 0.044 0.010 0.010 0.010 0.010 0.010 0.010 0.008 0.005 0.007 0.006 0.006 0.007 0.010 0.010 0.000 0.010 0.010 0.101 0.010 0.010 0.009 0.000 0.007 0.003 0.003 0.003 0.007 0.009 0.010 0.009 0.010 0.011 0.000 0.000 0.010 0.000 0.010 0.010 0.008 0.005 0.000 0.006 0.005 0.004 0.000 0.000 0.010 0.010 0.000 0.017 0.010 0.010 0.007 0.008 0.005 0.010 0.031 0.010 0.000 0.000 0.000 0.000 0.010 0.000 0.000 0.000 0.000 0.000 0.000 0.000 0.000
0.000 0.000 0.000 0.000 0.000 0.000 0.032 0.010 0.010 0.010 0.010 0.000 0.005 0.005 0.005 0.005 0.005 0.026 0.000 0.010 0.000 0.010 0.010 0.010 0.000 0.010 0.010 0.000 0.000 0.003 0.004 0.008 0.010 0.010 0.010 0.008 0.009 0.006 0.010 0.000 0.008 0.007 0.010 0.118 0.009 0.009 0.000 0.004 0.006 0.000 0.000 0.634 0.340 0.010 0.006 0.006 0.000 0.014 0.000 0.006 0.007 0.010 0.009 0.010 0.010 0.000 0.000 0.000 0.010 0.010 0.000 0.000 0.000 0.000 0.000 0.000 0.000
0.000 0.000 0.000 0.000 0.000 0.000 0.010 0.009 0.010 0.010 0.009 0.010 0.008 0.004 0.005 0.007 0.008 0.000 0.010 0.108 0.043 0.084 0.043 0.010 0.000 0.010 0.010 0.015 0.000 0.006 0.010 0.008 0.010 0.010 0.010 0.007 0.015 0.010 0.009 0.000 0.000 0.010 0.000 0.000 0.008 0.000 0.042 0.010 0.009 0.007 0.010 0.000 0.000 0.012 0.009 0.009 0.006 0.000 0.000 0.000 0.005 0.000 0.007 0.021 0.010 0.000 0.000 0.000 0.073 0.010 0.000 0.000 0.000 0.000 0.000 0.000 0.000
0.000 0.000 0.000 0.000 0.000 0.000 0.010 0.010 0.010 0.010 0.006 0.005 0.003 0.006 0.007 0.000 0.010 0.010 0.010 0.010 0.010 0.010 0.010 0.094 0.010 0.010 0.010 0.010 0.011 0.009 0.010 0.010 0.010 0.010 0.070 0.009 0.010 0.010 0.007 0.000 0.000 0.010 0.009 0.010 0.010 0.010 0.010 0.010 0.005 0.009 0.005 0.005 0.000 0.010 0.010 0.010 0.007 0.005 0.006 0.000 0.005 0.004 0.004 0.010 0.010 0.021 0.000 0.000 0.000 0.010 0.000 0.000 0.000 0.000 0.000 0.000 0.000
0.000 0.000 0.000 0.000 0.000 0.000 0.047 0.009 0.010 0.010 0.010 0.005 0.006 0.000 0.010 0.010 0.049 0.010 0.010 0.010 0.010 0.010 0.010 0.010 0.010 0.010 0.010 0.008 0.010 0.010 0.013 0.010 0.010 0.010 0.010 0.027 0.010 0.010 0.010 0.010 0.010 0.010 0.000 0.068 0.010 0.000 0.007 0.010 0.000 0.003 0.005 0.005 0.010 0.011 0.010 0.007 0.007 0.007 0.004 0.004 0.000 0.006 0.008 0.000 0.013 0.010 0.000 0.000 0.000 0.010 0.000 0.000 0.000 0.000 0.000 0.000 0.000
0.000 0.000 0.000 0.000 0.000 0.000 0.010 0.010 0.010 0.010 0.012 0.000 0.010 0.010 0.010 0.098 0.045 0.010 0.010 0.010 0.010 0.079 0.027 0.010 0.010 0.010 0.010 0.007 0.000 0.000 0.000 0.000 0.000 0.000 0.000 0.010 0.007 0.010 0.017 0.000 0.010 0.010 0.010 0.035 0.010 0.008 0.006 0.000 0.000 0.007 0.000 0.006 0.110 0.043 0.007 0.000 0.000 0.004 0.004 0.005 0.004 0.000 0.008 0.000 0.010 0.010 0.000 0.000 0.000 0.041 0.000 0.000 0.000 0.000 0.000 0.000 0.000
0.000 0.000 0.000 0.000 0.000 0.000 0.010 0.010 0.010 0.009 0.010 0.010 0.010 0.010 0.010 0.051 0.010 0.010 0.023 0.010 0.010 0.010 0.010 0.010 0.081 0.010 0.010 0.010 0.010 0.010 0.006 0.005 0.000 0.039 0.000 0.010 0.010 0.010 0.010 0.000 0.010 0.010 0.010 0.010 0.031 0.010 0.000 0.000 0.006 0.005 0.000 0.005 0.000 0.009 0.007 0.000 0.006 0.000 0.004 0.005 0.000 0.000 0.015 0.010 0.010 0.010 0.022 0.000 0.000 0.000 0.010 0.000 0.000 0.000 0.000 0.000 0.000
0.000 0.000 0.000 0.000 0.000 0.000 0.010 0.010 0.010 0.010 0.034 0.000 0.016 0.018 0.010 0.010 0.010 0.010 0.110 0.010 0.010 0.010 0.072 0.010 0.010 0.010 0.010 0.010 0.000 0.010 0.007 0.007 0.005 0.010 0.000 0.000 0.023 0.010 0.010 0.000 0.010 0.010 0.010 0.010 0.000 0.008 0.000 0.004 0.006 0.005 0.005 0.000 0.000 0.000 0.009 0.006 0.004 0.000 0.005 0.004 0.008 0.009 0.004 0.003 0.006 0.010 0.010 0.000 0.000 0.000 0.010 0.000 0.000 0.000 0.000 0.000 0.000
0.000 0.000 0.000 0.000 0.000 0.000 0.010 0.010 0.010 0.010 0.010 0.000 0.121 0.012 0.010 0.010 0.010 0.010 0.010 0.010 0.010 0.010 0.000 0.010 0.000 0.056 0.009 0.009 0.000 0.010 0.009 0.007 0.005 0.000 0.000 0.000 0.010 0.010 0.006 0.010 0.010 0.023 0.010 0.010 0.000 0.008 0.000 0.005 0.008 0.007 0.006 0.004 0.000 0.000 0.008 0.010 0.007 0.010 0.000 0.005 0.010 0.006 0.000 0.005 0.010 0.010 0.010 0.000 0.000 0.000 0.040 0.000 0.000 0.000 0.000 0.000 0.000
0.000 0.000 0.000 0.000 0.000 0.000 0.031 0.010 0.010 0.010 0.010 0.010 0.010 0.010 0.064 0.085 0.010 0.010 0.010 0.010 0.010 0.010 0.010 0.000 0.000 0.010 0.009 0.006 0.010 0.010 0.007 0.009 0.009 0.005 0.000 0.000 0.010 0.010 0.009 0.010 0.010 0.000 0.000 0.000 0.148 0.010 0.000 0.000 0.009 0.009 0.010 0.006 0.009 0.009 0.008 0.006 0.006 0.007 0.005 0.005 0.006 0.007 0.007 0.005 0.009 0.010 0.010 0.000 0.000 0.000 0.010 0.000 0.000 0.000 0.000 0.000 0.000
0.000 0.000 0.000 0.000 0.000 0.000 0.000 0.010 0.010 0.010 0.013 0.010 0.010 0.010 0.010 0.010 0.010 0.046 0.116 0.010 0.009 0.000 0.010 0.009 0.008 0.008 0.009 0.008 0.010 0.010 0.010 0.010 0.000 0.015 0.008 0.000 0.015 0.010 0.010 0.010 0.008 0.006 0.000 0.000 0.011 0.008 0.010 0.010 0.057 0.000 0.000 0.008 0.000 0.006 0.005 0.000 0.000 0.004 0.008 0.005 0.007 0.005 0.000 0.010 0.010 0.010 0.010 0.000 0.000 0.000 0.010 0.000 0.000 0.000 0.000 0.000 0.000
0.000 0.000 0.000 0.000 0.000 0.000 0.019 0.010 0.010 0.010 0.006 0.010 0.000 0.010 0.010 0.010 0.035 0.010 0.010 0.010 0.007 0.010 0.043 0.010 0.093 0.010 0.033 0.010 0.113 0.102 0.045 0.010 0.010 0.010 0.007 0.008 0.006 0.009 0.006 0.000 0.006 0.000 0.000 0.005 0.005 0.042 0.010 0.102 0.015 0.000 0.000 0.010 0.006 0.006 0.006 0.007 0.006 0.005 0.000 0.004 0.005 0.004 0.000 0.000 0.000 0.010 0.010 0.021 0.000 0.000 0.026 0.000 0.000 0.000 0.000 0.000 0.000
0.000 0.000 0.000 0.000 0.000 0.000 0.010 0.027 0.010 0.010 0.036 0.010 0.000 0.010 0.010 0.056 0.010 0.000 0.010 0.008 0.000 0.000 0.000 0.010 0.010 0.010 0.010 0.009 0.068 0.067 0.010 0.010 0.010 0.010 0.000 0.000 0.000 0.007 0.010 0.007 0.009 0.000 0.009 0.005 0.027 0.010 0.007 0.027 0.010 0.000 0.000 0.027 0.010 0.010 0.057 0.010 0.010 0.008 0.006 0.006 0.005 0.005 0.000 0.004 0.009 0.010 0.010 0.010 0.000 0.000 0.000 0.010 0.000 0.000 0.000 0.000 0.000
0.000 0.000 0.000 0.000 0.000 0.000 0.010 0.010 0.010 0.010 0.010 0.026 0.010 0.139 0.010 0.009 0.010 0.008 0.010 0.000 0.000 0.000 0.000 0.000 0.000 0.010 0.010 0.010 0.000 0.085 0.010 0.010 0.010 0.010 0.008 0.010 0.007 0.007 0.010 0.010 0.010 0.018 0.000 0.006 0.008 0.000 0.013 0.000 0.070 0.010 0.010 0.010 0.010 0.000 0.010 0.010 0.010 0.010 0.008 0.000 0.005 0.005 0.000 0.000 0.024 0.010 0.010 0.010 0.000 0.000 0.000 0.021 0.000 0.000 0.000 0.000 0.000
0.000 0.000 0.000 0.000 0.000 0.000 0.010 0.010 0.010 0.010 0.010 0.010 0.082 0.010 0.000 0.010 0.009 0.007 0.000 0.000 0.010 0.010 0.039 0.000 0.000 0.000 0.000 0.008 0.000 0.000 0.000 0.000 0.000 0.000 0.007 0.000 0.008 0.010 0.010 0.010 0.000 0.009 0.000 0.000 0.010 0.010 0.010 0.010 0.010 0.014 0.000 0.008 0.010 0.000 0.010 0.010 0.046 0.010 0.010 0.006 0.006 0.008 0.010 0.010 0.010 0.010 0.010 0.010 0.000 0.000 0.000 0.000 0.000 0.000 0.000 0.000 0.000
0.000 0.000 0.000 0.000 0.000 0.000 0.039 0.010 0.010 0.010 0.028 0.000 0.000 0.000 0.009 0.009 0.006 0.000 0.007 0.006 0.010 0.000 0.010 0.010 0.010 0.000 0.000 0.010 0.000 0.000 0.000 0.000 0.000 0.000 0.010 0.010 0.010 0.010 0.010 0.010 0.010 0.008 0.005 0.010 0.010 0.031 0.010 0.000 0.010 0.010 0.010 0.010 0.007 0.009 0.010 0.010 0.010 0.008 0.007 0.010 0.010 0.006 0.010 0.010 0.010 0.010 0.006 0.010 0.000 0.000 0.000 0.000 0.000 0.000 0.000 0.000 0.000
0.000 0.000 0.000 0.000 0.000 0.000 0.010 0.010 0.010 0.010 0.000 0.000 0.008 0.000 0.010 0.000 0.008 0.010 0.056 0.010 0.010 0.010 0.010 0.013 0.010 0.010 0.010 0.009 0.000 0.000 0.037 0.010 0.000 0.000 0.000 0.010 0.010 0.010 0.011 0.010 0.010 0.008 0.009 0.007 0.009 0.010 0.010 0.008 0.007 0.008 0.013 0.008 0.007 0.009 0.009 0.008 0.010 0.010 0.010 0.010 0.010 0.008 0.010 0.010 0.010 0.010 0.008 0.010 0.000 0.000 0.000 0.010 0.000 0.000 0.000 0.000 0.000
0.000 0.000 0.000 0.000 0.000 0.000 0.010 0.010 0.010 0.010 0.010 0.010 0.000 0.007 0.010 0.009 0.000 0.010 0.010 0.000 0.000 0.062 0.111 0.060 0.010 0.010 0.010 0.010 0.000 0.000 0.000 0.000 0.010 0.010 0.008 0.010 0.010 0.010 0.027 0.010 0.031 0.010 0.010 0.010 0.010 0.010 0.010 0.008 0.010 0.011 0.010 0.009 0.008 0.011 0.010 0.010 0.010 0.010 0.010 0.010 0.010 0.008 0.000 0.005 0.008 0.008 0.010 0.010 0.000 0.000 0.000 0.027 0.000 0.000 0.000 0.000 0.000
