hx_30m/njhx/rain/result-0065.wd
ncols         211
nrows         286
xllcorner     660279.582600
yllcorner     3541874.325092
cellsize      30.000000
NODATA_value  -9999.000000
[rows 170 to 203 of 286, columns 77 to 153 of 211]
0.010 0.000 0.003 0.001 0.199 0.090 0.000 0.000 0.001 0.001 0.001 0.003 0.010 0.010 0.010 0.004 0.002 0.010 0.010 0.010 0.001 0.000 0.000 0.000 0.001 0.000 0.010 0.002 0.010 0.004 0.003 0.001 0.000 0.010 0.001 0.001 0.003 0.001 0.001 0.001 0.010 0.118 0.196 0.010 0.000 0.000 0.000 0.000 0.000 0.000 0.000 0.000 0.000 0.001 0.001 0.002 0.000 0.000 0.001 0.001 0.032 0.000 0.000 0.000 0.003 0.000 0.000 0.000 0.000 0.000 0.000 0.000 0.010 0.010 0.009 0.000 0.008
0.010 0.000 0.002 0.010 0.099 0.000 0.001 0.001 0.000 0.000 0.010 0.001 0.000 0.000 0.001 0.001 0.010 0.003 0.000 0.000 0.000 0.001 0.000 0.000 0.001 0.000 0.010 0.000 0.000 0.002 0.002 0.003 0.002 0.010 0.010 0.000 0.003 0.002 0.010 0.001 0.003 0.002 0.000 0.000 0.000 0.000 0.000 0.000 0.002 0.006 0.000 0.000 0.003 0.000 0.000 0.006 0.000 0.001 0.000 0.000 0.010 0.000 0.000 0.000 0.000 0.000 0.000 0.000 0.000 0.000 0.000 0.001 0.003 0.004 0.000 0.001 0.000
0.001 0.001 0.003 0.001 0.004 0.018 0.002 0.000 0.000 0.000 0.000 0.000 0.002 0.001 0.000 0.000 0.002 0.065 0.010 0.010 0.001 0.001 0.000 0.000 0.003 0.003 0.010 0.000 0.060 0.010 0.000 0.000 0.000 0.010 0.003 0.000 0.001 0.001 0.002 0.000 0.001 0.000 0.001 0.000 0.000 0.000 0.000 0.001 0.002 0.004 0.000 0.000 0.000 0.000 0.000 0.000 0.001 0.010 0.003 0.001 0.010 0.000 0.000 0.000 0.001 0.000 0.001 0.000 0.000 0.000 0.000 0.000 0.001 0.000 0.000 0.003 0.146
0.046 0.003 0.001 0.003 0.023 0.002 0.000 0.010 0.001 0.001 0.001 0.003 0.001 0.000 0.002 0.000 0.000 0.000 0.000 0.000 0.001 0.001 0.000 0.001 0.003 0.001 0.003 0.000 0.010 0.010 0.000 0.001 0.000 0.000 0.000 0.000 0.002 0.002 0.001 0.001 0.001 0.001 0.000 0.001 0.001 0.001 0.000 0.000 0.000 0.000 0.001 0.000 0.001 0.010 0.000 0.000 0.002 0.000 0.002 0.000 0.010 0.003 0.000 0.000 0.000 0.000 0.001 0.000 0.001 0.000 0.000 0.001 0.001 0.000 0.000 0.004 0.000
0.000 0.010 0.010 0.004 0.002 0.001 0.001 0.039 0.001 0.002 0.001 0.001 0.037 0.001 0.000 0.001 0.001 0.003 0.000 0.003 0.000 0.001 0.001 0.000 0.000 0.000 0.000 0.000 0.000 0.000 0.000 0.000 0.000 0.001 0.010 0.010 0.002 0.002 0.000 0.002 0.000 0.000 0.000 0.001 0.000 0.000 0.000 0.000 0.000 0.000 0.001 0.000 0.001 0.010 0.001 0.000 0.000 0.000 0.000 0.000 0.001 0.001 0.000 0.003 0.001 0.000 0.001 0.000 0.000 0.001 0.000 0.000 0.000 0.048 0.010 0.001 0.000
0.028 0.000 0.010 0.010 0.002 0.000 0.000 0.000 0.002 0.002 0.001 0.001 0.003 0.001 0.002 0.002 0.003 0.007 0.002 0.029 0.003 0.002 0.001 0.001 0.001 0.001 0.001 0.000 0.001 0.003 0.001 0.000 0.001 0.000 0.010 0.002 0.000 0.003 0.001 0.010 0.003 0.000 0.000 0.010 0.001 0.000 0.000 0.000 0.000 0.000 0.000 0.010 0.001 0.001 0.000 0.000 0.000 0.000 0.000 0.001 0.002 0.000 0.000 0.000 0.001 0.003 0.001 0.001 0.000 0.000 0.000 0.000 0.010 0.055 0.001 0.005 0.000
0.000 0.044 0.010 0.010 0.000 0.000 0.000 0.000 0.000 0.000 0.000 0.000 0.001 0.001 0.000 0.001 0.000 0.001 0.000 0.001 0.001 0.001 0.000 0.001 0.001 0.000 0.006 0.001 0.001 0.001 0.005 0.001 0.001 0.000 0.000 0.000 0.000 0.000 0.000 0.002 0.002 0.010 0.010 0.010 0.000 0.000 0.000 0.000 0.000 0.000 0.001 0.000 0.001 0.000 0.000 0.000 0.001 0.001 0.002 0.002 0.000 0.000 0.001 0.000 0.000 0.000 0.000 0.000 0.000 0.000 0.000 0.002 0.316 0.000 0.000 0.010 0.000
0.010 0.010 0.013 0.010 0.000 0.000 0.002 0.003 0.003 0.003 0.000 0.000 0.000 0.000 0.000 0.000 0.001 0.000 0.000 0.001 0.002 0.001 0.000 0.002 0.010 0.002 0.002 0.002 0.002 0.001 0.001 0.001 0.001 0.001 0.000 0.001 0.001 0.001 0.000 0.002 0.002 0.018 0.001 0.000 0.001 0.002 0.001 0.000 0.001 0.005 0.003 0.001 0.000 0.000 0.000 0.000 0.010 0.000 0.000 0.000 0.000 0.006 0.002 0.010 0.000 0.000 0.000 0.000 0.000 0.000 0.000 0.001 0.000 0.000 0.190 0.000 0.000
0.010 0.010 0.003 0.000 0.000 0.000 0.001 0.001 0.000 0.001 0.002 0.001 0.000 0.000 0.000 0.001 0.001 0.001 0.000 0.000 0.010 0.003 0.002 0.001 0.003 0.001 0.003 0.000 0.001 0.000 0.000 0.000 0.002 0.002 0.000 0.000 0.000 0.003 0.001 0.003 0.000 0.003 0.003 0.002 0.002 0.002 0.001 0.001 0.001 0.001 0.001 0.000 0.001 0.001 0.000 0.000 0.002 0.000 0.000 0.000 0.001 0.000 0.010 0.010 0.010 0.002 0.003 0.000 0.000 0.000 0.000 0.000 0.000 0.001 0.000 0.000 0.010
0.010 0.001 0.003 0.000 0.001 0.003 0.003 0.001 0.001 0.002 0.000 0.000 0.000 0.000 0.000 0.000 0.002 0.010 0.031 0.002 0.001 0.000 0.002 0.010 0.084 0.031 0.010 0.003 0.003 0.003 0.002 0.010 0.003 0.002 0.000 0.000 0.000 0.001 0.001 0.010 0.001 0.010 0.086 0.037 0.010 0.010 0.010 0.044 0.010 0.006 0.010 0.000 0.001 0.000 0.001 0.000 0.000 0.000 0.003 0.010 0.002 0.001 0.005 0.000 0.002 0.003 0.010 0.010 0.000 0.000 0.001 0.000 0.000 0.001 0.000 0.002 0.000
0.010 0.010 0.000 0.000 0.000 0.001 0.002 0.001 0.003 0.002 0.010 0.000 0.000 0.000 0.000 0.000 0.010 0.047 0.113 0.010 0.010 0.000 0.001 0.040 0.000 0.002 0.003 0.001 0.010 0.000 0.002 0.005 0.003 0.001 0.000 0.000 0.000 0.000 0.001 0.010 0.002 0.010 0.010 0.010 0.010 0.010 0.147 0.152 0.010 0.002 0.010 0.001 0.000 0.000 0.001 0.000 0.000 0.000 0.000 0.000 0.000 0.006 0.000 0.000 0.001 0.001 0.001 0.001 0.003 0.002 0.000 0.000 0.000 0.000 0.000 0.000 0.000
0.010 0.001 0.000 0.000 0.010 0.001 0.003 0.000 0.000 0.000 0.000 0.000 0.000 0.000 0.000 0.002 0.010 0.102 0.010 0.010 0.001 0.000 0.000 0.003 0.010 0.010 0.002 0.010 0.010 0.010 0.004 0.001 0.002 0.000 0.001 0.000 0.000 0.001 0.000 0.001 0.000 0.010 0.010 0.010 0.010 0.010 0.143 0.191 0.010 0.000 0.001 0.000 0.002 0.010 0.000 0.000 0.000 0.000 0.000 0.000 0.000 0.000 0.003 0.000 0.000 0.000 0.000 0.001 0.001 0.002 0.001 0.003 0.000 0.002 0.000 0.000 0.000
0.002 0.003 0.000 0.000 0.000 0.000 0.000 0.001 0.002 0.000 0.000 0.000 0.000 0.000 0.001 0.002 0.010 0.010 0.086 0.079 0.002 0.001 0.003 0.002 0.002 0.003 0.003 0.003 0.138 0.003 0.000 0.003 0.001 0.001 0.010 0.002 0.038 0.002 0.001 0.000 0.000 0.010 0.010 0.022 0.010 0.010 0.010 0.010 0.003 0.001 0.000 0.001 0.000 0.000 0.000 0.000 0.000 0.000 0.000 0.000 0.000 0.000 0.000 0.001 0.001 0.000 0.001 0.010 0.005 0.001 0.001 0.002 0.001 0.001 0.010 0.010 0.000
0.003 0.003 0.003 0.001 0.001 0.000 0.000 0.001 0.000 0.000 0.000 0.006 0.001 0.000 0.002 0.002 0.010 0.093 0.010 0.010 0.001 0.000 0.002 0.010 0.001 0.003 0.000 0.001 0.003 0.001 0.004 0.015 0.010 0.000 0.010 0.003 0.000 0.002 0.001 0.003 0.001 0.010 0.056 0.010 0.010 0.010 0.010 0.010 0.001 0.000 0.000 0.001 0.000 0.000 0.000 0.000 0.001 0.000 0.000 0.000 0.001 0.000 0.000 0.000 0.000 0.000 0.001 0.010 0.003 0.002 0.010 0.001 0.001 0.003 0.001 0.002 0.000
0.000 0.063 0.010 0.010 0.004 0.001 0.001 0.000 0.000 0.000 0.000 0.002 0.001 0.001 0.001 0.001 0.049 0.003 0.010 0.010 0.001 0.000 0.002 0.003 0.001 0.006 0.001 0.001 0.003 0.001 0.006 0.003 0.000 0.000 0.001 0.000 0.000 0.001 0.002 0.001 0.003 0.010 0.010 0.369 0.089 0.010 0.010 0.010 0.010 0.000 0.000 0.000 0.000 0.000 0.000 0.000 0.001 0.001 0.002 0.003 0.000 0.002 0.000 0.000 0.001 0.000 0.000 0.000 0.001 0.000 0.029 0.012 0.001 0.000 0.002 0.002 0.000
0.001 0.010 0.010 0.001 0.001 0.000 0.002 0.000 0.000 0.000 0.001 0.000 0.004 0.010 0.010 0.002 0.000 0.000 0.010 0.000 0.000 0.000 0.000 0.000 0.000 0.002 0.000 0.010 0.000 0.001 0.003 0.005 0.002 0.000 0.010 0.010 0.001 0.001 0.010 0.001 0.000 0.010 0.470 0.167 0.010 0.010 0.029 0.010 0.001 0.010 0.003 0.000 0.000 0.003 0.003 0.010 0.000 0.000 0.001 0.010 0.002 0.010 0.000 0.001 0.000 0.000 0.000 0.000 0.001 0.000 0.000 0.002 0.003 0.010 0.010 0.001 0.001
0.010 0.004 0.001 0.001 0.000 0.002 0.000 0.000 0.000 0.010 0.020 0.001 0.010 0.001 0.000 0.000 0.002 0.000 0.052 0.000 0.001 0.002 0.000 0.000 0.000 0.000 0.000 0.000 0.001 0.000 0.001 0.000 0.003 0.001 0.001 0.000 0.000 0.001 0.001 0.001 0.925 0.010 0.458 0.203 0.010 0.273 0.010 0.010 0.001 0.000 0.003 0.003 0.002 0.000 0.001 0.010 0.006 0.010 0.002 0.004 0.000 0.003 0.000 0.000 0.010 0.001 0.000 0.000 0.000 0.003 0.002 0.000 0.000 0.000 0.000 0.000 0.000
0.001 0.010 0.001 0.002 0.000 0.000 0.000 0.000 0.000 0.010 0.000 0.005 0.000 0.000 0.000 0.000 0.000 0.000 0.000 0.000 0.010 0.010 0.001 0.000 0.000 0.000 0.000 0.000 0.000 0.000 0.000 0.000 0.000 0.000 0.000 0.001 0.003 0.026 0.001 0.000 0.872 0.000 0.859 0.294 0.010 0.035 0.010 0.006 0.002 0.000 0.010 0.002 0.003 0.004 0.014 0.030 0.002 0.010 0.006 0.001 0.002 0.002 0.001 0.000 0.000 0.000 0.001 0.000 0.000 0.000 0.000 0.000 0.000 0.000 0.020 0.000 0.000
0.001 0.011 0.000 0.001 0.000 0.001 0.001 0.010 0.010 0.010 0.003 0.000 0.000 0.000 0.000 0.000 0.000 0.000 0.000 0.000 0.000 0.010 0.000 0.000 0.000 0.000 0.000 0.000 0.000 0.000 0.001 0.001 0.003 0.003 0.000 0.001 0.000 0.069 0.195 0.376 0.012 0.010 0.160 0.000 0.108 0.010 0.011 0.010 0.010 0.010 0.002 0.010 0.003 0.000 0.000 0.003 0.010 0.003 0.003 0.069 0.002 0.001 0.002 0.000 0.000 0.000 0.000 0.001 0.000 0.000 0.000 0.000 0.000 0.000 0.000 0.000 0.000
0.000 0.000 0.000 0.000 0.000 0.000 0.004 0.004 0.010 0.006 0.004 0.000 0.000 0.000 0.000 0.010 0.000 0.000 0.010 0.010 0.000 0.082 0.010 0.000 0.000 0.000 0.000 0.000 0.000 0.004 0.007 0.000 0.001 0.060 0.001 0.000 0.000 0.001 0.000 0.000 0.103 0.003 0.000 0.010 0.952 0.000 0.493 0.002 0.003 0.010 0.006 0.000 0.001 0.002 0.001 0.001 0.003 0.001 0.002 0.002 0.003 0.000 0.000 0.001 0.000 0.000 0.000 0.000 0.000 0.000 0.000 0.000 0.000 0.000 0.000 0.000 0.000
0.001 0.001 0.002 0.002 0.000 0.001 0.001 0.023 0.010 0.006 0.000 0.000 0.000 0.000 0.001 0.001 0.000 0.000 0.000 0.002 0.001 0.001 0.000 0.000 0.000 0.000 0.000 0.000 0.000 0.000 0.000 0.001 0.002 0.002 0.000 0.000 0.001 0.000 0.006 0.004 0.008 0.005 0.001 0.002 0.000 0.000 0.607 0.000 0.010 0.010 0.003 0.000 0.000 0.010 0.003 0.007 0.000 0.001 0.000 0.000 0.000 0.003 0.010 0.055 0.000 0.000 0.000 0.001 0.001 0.000 0.000 0.000 0.009 0.000 0.000 0.002 0.010
0.000 0.000 0.001 0.010 0.058 0.001 0.011 0.010 0.010 0.010 0.000 0.000 0.000 0.001 0.001 0.002 0.010 0.059 0.000 0.000 0.001 0.000 0.001 0.000 0.000 0.000 0.001 0.000 0.002 0.010 0.010 0.010 0.001 0.000 0.001 0.000 0.000 0.001 0.001 0.010 0.010 0.000 0.010 0.002 0.002 0.002 0.003 0.001 0.083 0.000 0.010 0.010 0.075 0.010 0.010 0.000 0.000 0.001 0.002 0.001 0.001 0.001 0.001 0.019 0.010 0.000 0.003 0.000 0.000 0.000 0.000 0.000 0.010 0.000 0.001 0.001 0.003
0.000 0.002 0.002 0.001 0.000 0.000 0.000 0.002 0.022 0.010 0.010 0.012 0.042 0.000 0.010 0.010 0.000 0.004 0.010 0.000 0.010 0.001 0.000 0.000 0.000 0.000 0.000 0.002 0.010 0.010 0.001 0.000 0.002 0.001 0.000 0.000 0.001 0.001 0.028 0.010 0.010 0.000 0.000 0.010 0.002 0.000 0.000 0.000 0.000 0.010 0.130 0.000 0.010 0.010 0.010 0.023 0.010 0.001 0.000 0.000 0.000 0.000 0.010 0.003 0.001 0.001 0.000 0.002 0.000 0.000 0.000 0.005 0.001 0.000 0.000 0.008 0.001
0.001 0.000 0.000 0.002 0.001 0.000 0.001 0.004 0.010 0.010 0.010 0.045 0.000 0.000 0.033 0.002 0.000 0.000 0.000 0.000 0.002 0.010 0.002 0.002 0.000 0.000 0.001 0.010 0.034 0.010 0.000 0.000 0.000 0.000 0.000 0.000 0.001 0.001 0.000 0.001 0.000 0.000 0.000 0.010 0.000 0.010 0.002 0.002 0.004 0.001 0.010 0.010 0.124 0.000 0.010 0.010 0.010 0.002 0.000 0.000 0.000 0.005 0.010 0.000 0.002 0.000 0.000 0.000 0.000 0.000 0.000 0.000 0.000 0.010 0.010 0.001 0.039
0.002 0.002 0.002 0.001 0.001 0.002 0.001 0.002 0.002 0.001 0.035 0.060 0.000 0.000 0.000 0.001 0.000 0.001 0.000 0.001 0.002 0.000 0.000 0.002 0.000 0.000 0.001 0.010 0.010 0.000 0.002 0.000 0.000 0.001 0.000 0.001 0.001 0.000 0.000 0.002 0.010 0.010 0.010 0.000 0.000 0.000 0.000 0.001 0.001 0.001 0.000 0.005 0.010 0.010 0.205 0.000 0.159 0.010 0.010 0.002 0.000 0.010 0.041 0.015 0.001 0.003 0.000 0.000 0.000 0.000 0.000 0.000 0.000 0.010 0.003 0.001 0.010
0.002 0.002 0.001 0.000 0.001 0.001 0.002 0.004 0.000 0.055 0.152 0.000 0.000 0.000 0.000 0.000 0.001 0.000 0.001 0.001 0.004 0.000 0.000 0.001 0.000 0.000 0.000 0.000 0.000 0.000 0.000 0.000 0.001 0.000 0.000 0.000 0.001 0.003 0.000 0.003 0.000 0.000 0.010 0.010 0.010 0.010 0.001 0.000 0.063 0.007 0.010 0.010 0.006 0.001 0.010 0.010 0.010 0.000 0.129 0.010 0.003 0.010 0.010 0.010 0.010 0.000 0.000 0.000 0.000 0.000 0.000 0.000 0.000 0.000 0.000 0.002 0.010
0.000 0.001 0.001 0.010 0.002 0.002 0.000 0.002 0.001 0.000 0.065 0.000 0.001 0.000 0.000 0.000 0.004 0.000 0.000 0.010 0.005 0.000 0.000 0.000 0.004 0.000 0.000 0.000 0.000 0.000 0.000 0.001 0.000 0.001 0.003 0.010 0.093 0.010 0.000 0.001 0.000 0.000 0.066 0.000 0.010 0.001 0.013 0.001 0.000 0.004 0.125 0.000 0.001 0.000 0.001 0.003 0.010 0.010 0.010 0.000 0.265 0.010 0.010 0.079 0.001 0.001 0.000 0.000 0.000 0.000 0.000 0.000 0.000 0.001 0.000 0.010 0.000
0.001 0.004 0.002 0.000 0.001 0.002 0.010 0.010 0.047 0.000 0.057 0.002 0.002 0.000 0.000 0.001 0.001 0.001 0.004 0.001 0.002 0.000 0.000 0.000 0.000 0.000 0.000 0.000 0.000 0.000 0.000 0.000 0.001 0.003 0.010 0.001 0.000 0.001 0.000 0.001 0.010 0.010 0.000 0.000 0.000 0.002 0.005 0.000 0.000 0.003 0.046 0.033 0.000 0.000 0.000 0.001 0.000 0.007 0.010 0.010 0.010 0.000 0.489 0.010 0.000 0.000 0.003 0.000 0.000 0.000 0.000 0.000 0.000 0.000 0.000 0.000 0.000
0.010 0.010 0.010 0.010 0.004 0.001 0.004 0.000 0.000 0.075 0.001 0.000 0.010 0.000 0.000 0.001 0.000 0.002 0.000 0.000 0.002 0.001 0.000 0.001 0.000 0.002 0.000 0.000 0.000 0.000 0.001 0.010 0.003 0.107 0.003 0.000 0.001 0.001 0.001 0.001 0.000 0.010 0.010 0.010 0.010 0.000 0.000 0.000 0.000 0.002 0.010 0.003 0.010 0.001 0.002 0.003 0.000 0.001 0.001 0.003 0.010 0.010 0.010 0.000 0.000 0.034 0.000 0.000 0.000 0.000 0.000 0.000 0.000 0.002 0.000 0.000 0.000
0.010 0.010 0.010 0.000 0.001 0.007 0.000 0.062 0.010 0.000 0.000 0.000 0.000 0.000 0.000 0.010 0.000 0.000 0.000 0.000 0.000 0.000 0.002 0.001 0.001 0.001 0.001 0.003 0.000 0.000 0.002 0.010 0.010 0.001 0.003 0.001 0.003 0.001 0.003 0.050 0.000 0.048 0.000 0.000 0.003 0.002 0.031 0.010 0.003 0.010 0.000 0.010 0.001 0.000 0.003 0.002 0.001 0.000 0.002 0.001 0.002 0.001 0.003 0.000 0.004 0.000 0.006 0.001 0.000 0.000 0.000 0.000 0.000 0.000 0.080 0.000 0.000
0.010 0.001 0.000 0.002 0.003 0.000 0.005 0.003 0.000 0.001 0.002 0.000 0.000 0.000 0.000 0.000 0.001 0.000 0.000 0.002 0.000 0.000 0.000 0.000 0.001 0.002 0.000 0.000 0.003 0.002 0.010 0.002 0.010 0.001 0.001 0.001 0.003 0.001 0.003 0.010 0.000 0.000 0.000 0.000 0.001 0.001 0.010 0.010 0.001 0.002 0.001 0.000 0.005 0.000 0.010 0.000 0.060 0.000 0.002 0.000 0.000 0.001 0.001 0.000 0.000 0.000 0.003 0.000 0.365 0.010 0.000 0.000 0.000 0.000 0.000 0.000 0.001
0.000 0.001 0.001 0.000 0.010 0.002 0.010 0.000 0.000 0.000 0.000 0.000 0.001 0.000 0.000 0.000 0.000 0.000 0.000 0.000 0.000 0.001 0.000 0.001 0.000 0.001 0.002 0.004 0.010 0.000 0.003 0.001 0.003 0.001 0.000 0.001 0.003 0.001 0.001 0.010 0.010 0.001 0.000 0.003 0.003 0.001 0.010 0.074 0.051 0.000 0.000 0.000 0.000 0.000 0.000 0.000 0.001 0.000 0.002 0.001 0.000 0.000 0.001 0.001 0.001 0.000 0.001 0.000 0.010 0.000 0.000 0.014 0.000 0.010 0.000 0.000 0.000
0.003 0.032 0.000 0.010 0.004 0.010 0.010 0.000 0.000 0.000 0.001 0.057 0.010 0.010 0.001 0.004 0.000 0.000 0.000 0.004 0.000 0.000 0.000 0.000 0.000 0.001 0.001 0.010 0.003 0.000 0.000 0.007 0.001 0.002 0.010 0.002 0.003 0.001 0.001 0.001 0.000 0.001 0.001 0.002 0.003 0.000 0.000 0.042 0.015 0.001 0.000 0.000 0.000 0.000 0.000 0.000 0.000 0.005 0.002 0.001 0.001 0.001 0.078 0.010 0.000 0.002 0.001 0.002 0.002 0.000 0.001 0.000 0.000 0.000 0.000 0.000 0.010
0.000 0.010 0.010 0.000 0.010 0.010 0.000 0.000 0.000 0.000 0.001 0.069 0.010 0.010 0.000 0.000 0.000 0.000 0.000 0.002 0.000 0.000 0.000 0.000 0.001 0.000 0.000 0.110 0.010 0.010 0.001 0.000 0.000 0.002 0.001 0.006 0.002 0.001 0.001 0.001 0.000 0.000 0.000 0.000 0.001 0.001 0.002 0.001 0.000 0.001 0.000 0.000 0.000 0.000 0.010 0.000 0.001 0.000 0.010 0.006 0.001 0.000 0.010 0.000 0.000 0.000 0.000 0.001 0.000 0.000 0.000 0.000 0.001 0.000 0.000 0.000 0.000
