hx_30m/njhx/rain/result-0040.wd
ncols         211
nrows         286
xllcorner     660279.582600
yllcorner     3541874.325092
cellsize      30.000000
NODATA_value  -9999.000000
[rows 238 to 271 of 286, columns 77 to 153 of 211]
0.004 0.007 0.007 0.004 0.004 0.005 0.000 0.000 0.000 0.003 0.002 0.002 0.000 0.000 0.002 0.001 0.000 0.002 0.004 0.010 0.010 0.010 0.004 0.002 0.005 0.002 0.002 0.000 0.001 0.002 0.001 0.001 0.001 0.001 0.001 0.001 0.002 0.000 0.002 0.006 0.010 0.693 0.126 0.002 0.004 0.004 0.000 0.010 0.000 0.000 0.007 0.017 0.010 0.010 0.010 0.010 0.010 0.010 0.079 0.007 0.004 0.000 0.006 0.010 0.003 0.005 0.010 0.000 0.000 0.001 0.002 0.003 0.006 0.000 0.003 0.003 0.001
0.108 0.004 0.007 0.010 0.005 0.010 0.003 0.000 0.000 0.010 0.000 0.002 0.000 0.004 0.002 0.000 0.002 0.001 0.010 0.010 0.010 0.010 0.005 0.004 0.004 0.003 0.005 0.000 0.000 0.001 0.001 0.001 0.000 0.001 0.001 0.001 0.002 0.007 0.006 0.007 0.000 0.158 0.000 0.001 0.002 0.004 0.004 0.000 0.010 0.010 0.003 0.010 0.010 0.072 0.010 0.010 0.010 0.000 0.045 0.004 0.006 0.010 0.007 0.007 0.007 0.000 0.001 0.000 0.004 0.003 0.013 0.002 0.003 0.006 0.000 0.003 0.003
0.000 0.000 0.007 0.065 0.005 0.004 0.002 0.010 0.007 0.000 0.000 0.006 0.001 0.003 0.002 0.004 0.002 0.040 0.010 0.010 0.010 0.122 0.003 0.003 0.001 0.004 0.004 0.012 0.001 0.001 0.000 0.001 0.001 0.001 0.000 0.001 0.005 0.007 0.007 0.000 0.183 0.163 0.000 0.010 0.002 0.002 0.004 0.004 0.004 0.007 0.010 0.010 0.010 0.010 0.010 0.010 0.000 0.111 0.006 0.007 0.003 0.000 0.010 0.010 0.006 0.005 0.000 0.000 0.001 0.003 0.000 0.003 0.010 0.005 0.000 0.002 0.001
0.000 0.038 0.000 0.000 0.013 0.003 0.007 0.005 0.005 0.004 0.004 0.000 0.003 0.004 0.010 0.010 0.316 0.010 0.010 0.010 0.132 0.010 0.003 0.007 0.004 0.001 0.000 0.000 0.001 0.001 0.002 0.001 0.001 0.002 0.001 0.002 0.010 0.004 0.010 0.042 0.010 0.004 0.004 0.002 0.002 0.004 0.000 0.003 0.001 0.006 0.004 0.004 0.010 0.026 0.017 0.065 0.000 0.010 0.003 0.008 0.000 0.000 0.098 0.109 0.010 0.000 0.004 0.002 0.002 0.002 0.007 0.000 0.001 0.002 0.000 0.000 0.000
0.000 0.000 0.010 0.064 0.000 0.022 0.004 0.004 0.010 0.006 0.006 0.010 0.010 0.006 0.010 0.010 0.010 0.010 0.010 0.010 0.007 0.004 0.004 0.002 0.003 0.000 0.000 0.002 0.003 0.002 0.002 0.002 0.002 0.008 0.010 0.007 0.004 0.007 0.000 0.003 0.010 0.010 0.005 0.003 0.000 0.007 0.002 0.002 0.004 0.003 0.004 0.002 0.004 0.010 0.010 0.019 0.411 0.003 0.003 0.000 0.040 0.000 0.010 0.010 0.000 0.000 0.023 0.000 0.000 0.001 0.001 0.000 0.002 0.001 0.002 0.000 0.002
0.000 0.000 0.000 0.000 0.000 0.010 0.000 0.540 0.004 0.005 0.007 0.004 0.010 0.005 0.010 0.056 0.010 0.010 0.010 0.076 0.006 0.004 0.007 0.004 0.003 0.001 0.000 0.001 0.003 0.007 0.003 0.002 0.001 0.007 0.000 0.006 0.008 0.000 0.004 0.007 0.010 0.010 0.005 0.000 0.002 0.002 0.003 0.003 0.003 0.003 0.000 0.003 0.001 0.003 0.004 0.006 0.007 0.004 0.007 0.000 0.000 0.037 0.148 0.010 0.000 0.079 0.000 0.000 0.000 0.000 0.005 0.001 0.000 0.003 0.002 0.002 0.017
0.000 0.000 0.000 0.000 0.000 0.000 0.000 0.010 0.000 0.124 0.012 0.005 0.006 0.005 0.007 0.007 0.071 0.010 0.067 0.010 0.005 0.012 0.002 0.001 0.004 0.016 0.001 0.010 0.007 0.007 0.002 0.000 0.000 0.005 0.003 0.004 0.010 0.107 0.002 0.007 0.010 0.010 0.001 0.000 0.002 0.000 0.003 0.002 0.002 0.000 0.002 0.000 0.000 0.002 0.002 0.010 0.007 0.004 0.000 0.000 0.014 0.010 0.010 0.076 0.000 0.046 0.010 0.011 0.000 0.000 0.000 0.000 0.003 0.002 0.002 0.002 0.003
0.000 0.000 0.000 0.000 0.000 0.000 0.000 0.000 0.000 0.010 0.000 0.095 0.003 0.010 0.193 0.003 0.010 0.010 0.010 0.005 0.010 0.005 0.003 0.001 0.004 0.000 0.000 0.006 0.007 0.007 0.000 0.000 0.000 0.005 0.005 0.004 0.000 0.007 0.004 0.009 0.010 0.006 0.003 0.000 0.000 0.002 0.001 0.000 0.000 0.002 0.001 0.000 0.002 0.000 0.000 0.002 0.006 0.010 0.004 0.000 0.087 0.098 0.010 0.000 0.189 0.010 0.005 0.006 0.005 0.002 0.035 0.006 0.000 0.000 0.002 0.007 0.002
0.000 0.000 0.000 0.000 0.000 0.000 0.000 0.000 0.000 0.000 0.000 0.010 0.000 0.336 0.249 0.010 0.006 0.006 0.006 0.006 0.007 0.004 0.005 0.000 0.000 0.000 0.005 0.021 0.007 0.003 0.001 0.000 0.010 0.004 0.005 0.000 0.010 0.002 0.010 0.004 0.006 0.003 0.003 0.006 0.003 0.001 0.001 0.000 0.002 0.002 0.010 0.007 0.000 0.006 0.000 0.004 0.004 0.005 0.007 0.006 0.007 0.010 0.050 0.010 0.123 0.010 0.009 0.006 0.003 0.000 0.010 0.002 0.000 0.000 0.016 0.003 0.006
0.000 0.000 0.000 0.000 0.000 0.000 0.000 0.000 0.000 0.000 0.000 0.000 0.040 0.000 0.228 0.133 0.010 0.007 0.006 0.010 0.002 0.010 0.005 0.009 0.000 0.000 0.000 0.000 0.000 0.000 0.011 0.006 0.006 0.005 0.005 0.004 0.002 0.006 0.010 0.015 0.007 0.003 0.007 0.007 0.004 0.002 0.003 0.010 0.000 0.002 0.003 0.004 0.007 0.001 0.001 0.006 0.007 0.010 0.010 0.007 0.006 0.003 0.007 0.010 0.010 0.000 0.010 0.000 0.004 0.000 0.010 0.000 0.051 0.010 0.010 0.094 0.024
0.000 0.000 0.000 0.000 0.000 0.000 0.000 0.000 0.000 0.000 0.000 0.000 0.000 0.000 0.000 0.000 0.010 0.003 0.010 0.004 0.005 0.010 0.010 0.010 0.010 0.007 0.004 0.000 0.000 0.000 0.000 0.021 0.007 0.004 0.000 0.003 0.004 0.006 0.010 0.010 0.003 0.006 0.006 0.002 0.002 0.007 0.021 0.000 0.006 0.004 0.004 0.002 0.002 0.006 0.004 0.003 0.166 0.104 0.010 0.010 0.010 0.007 0.003 0.003 0.002 0.000 0.007 0.010 0.000 0.000 0.000 0.000 0.064 0.010 0.075 0.088 0.081
0.000 0.000 0.000 0.000 0.000 0.000 0.000 0.000 0.000 0.000 0.000 0.000 0.000 0.000 0.000 0.048 0.182 0.000 0.451 0.002 0.010 0.005 0.008 0.007 0.010 0.010 0.010 0.004 0.000 0.000 0.000 0.007 0.003 0.000 0.002 0.003 0.000 0.002 0.005 0.010 0.004 0.004 0.002 0.000 0.004 0.006 0.007 0.002 0.003 0.010 0.029 0.007 0.007 0.002 0.002 0.000 0.000 0.010 0.010 0.010 0.010 0.010 0.010 0.004 0.003 0.004 0.003 0.033 0.000 0.000 0.000 0.000 0.009 0.009 0.120 0.129 0.172
0.000 0.000 0.000 0.000 0.000 0.000 0.000 0.000 0.000 0.000 0.000 0.000 0.000 0.000 0.000 0.000 0.000 0.036 0.000 0.000 0.006 0.007 0.007 0.008 0.010 0.010 0.010 0.010 0.009 0.000 0.019 0.004 0.005 0.007 0.000 0.003 0.003 0.000 0.000 0.002 0.002 0.002 0.005 0.007 0.013 0.000 0.000 0.003 0.002 0.007 0.013 0.006 0.005 0.003 0.000 0.043 0.058 0.010 0.010 0.095 0.010 0.077 0.395 0.010 0.010 0.004 0.004 0.004 0.006 0.000 0.000 0.003 0.004 0.003 0.004 0.044 0.153
0.000 0.000 0.000 0.000 0.000 0.000 0.000 0.000 0.000 0.000 0.000 0.000 0.000 0.000 0.000 0.000 0.000 0.000 0.000 0.000 0.000 0.000 0.004 0.010 0.006 0.006 0.010 0.010 0.010 0.009 0.003 0.004 0.010 0.002 0.004 0.002 0.002 0.002 0.002 0.002 0.001 0.004 0.005 0.005 0.000 0.000 0.002 0.002 0.007 0.010 0.010 0.010 0.007 0.004 0.000 0.000 0.000 0.084 0.010 0.010 0.010 0.085 0.010 0.010 0.010 0.010 0.010 0.005 0.005 0.004 0.004 0.006 0.006 0.000 0.010 0.066 0.036
0.000 0.000 0.000 0.000 0.000 0.000 0.000 0.000 0.000 0.000 0.000 0.000 0.000 0.000 0.000 0.000 0.000 0.000 0.000 0.000 0.000 0.000 0.051 0.000 0.006 0.003 0.006 0.003 0.010 0.005 0.005 0.000 0.003 0.004 0.002 0.004 0.005 0.002 0.003 0.002 0.002 0.003 0.003 0.007 0.003 0.000 0.003 0.002 0.006 0.010 0.010 0.003 0.005 0.000 0.010 0.000 0.118 0.010 0.010 0.010 0.010 0.010 0.080 0.010 0.010 0.010 0.010 0.010 0.007 0.004 0.010 0.003 0.004 0.219 0.244 0.000 0.153
0.000 0.000 0.000 0.000 0.000 0.000 0.000 0.000 0.000 0.000 0.000 0.000 0.000 0.000 0.000 0.000 0.000 0.000 0.000 0.000 0.000 0.000 0.000 0.000 0.227 0.000 0.003 0.005 0.005 0.010 0.036 0.601 0.001 0.002 0.001 0.002 0.002 0.002 0.005 0.004 0.000 0.005 0.004 0.000 0.010 0.003 0.003 0.007 0.003 0.005 0.004 0.006 0.004 0.000 0.005 0.010 0.010 0.010 0.010 0.010 0.000 0.010 0.113 0.000 0.055 0.010 0.010 0.210 0.010 0.010 0.005 0.004 0.003 0.003 0.019 0.143 0.000
0.000 0.000 0.000 0.000 0.000 0.000 0.000 0.000 0.000 0.000 0.000 0.000 0.000 0.000 0.000 0.000 0.000 0.000 0.000 0.000 0.000 0.000 0.000 0.000 0.000 0.000 0.000 0.006 0.010 0.007 0.000 0.010 0.003 0.007 0.004 0.003 0.004 0.000 0.002 0.005 0.004 0.004 0.063 0.002 0.000 0.004 0.006 0.010 0.007 0.007 0.002 0.006 0.000 0.000 0.000 0.000 0.060 0.010 0.010 0.010 0.107 0.115 0.000 0.000 0.088 0.077 0.010 0.010 0.010 0.006 0.005 0.007 0.006 0.005 0.004 0.010 0.042
0.000 0.000 0.000 0.000 0.000 0.000 0.000 0.000 0.000 0.000 0.000 0.000 0.000 0.000 0.000 0.000 0.000 0.000 0.000 0.000 0.000 0.000 0.000 0.000 0.000 0.000 0.000 0.010 0.074 0.000 0.010 0.007 0.004 0.002 0.003 0.007 0.000 0.002 0.005 0.003 0.003 0.003 0.004 0.083 0.010 0.003 0.004 0.003 0.003 0.010 0.002 0.004 0.000 0.023 0.010 0.044 0.010 0.010 0.117 0.000 0.095 0.080 0.010 0.000 0.000 0.080 0.103 0.000 0.010 0.002 0.010 0.011 0.010 0.007 0.005 0.004 0.004
0.000 0.000 0.000 0.000 0.000 0.000 0.000 0.000 0.000 0.000 0.000 0.000 0.000 0.000 0.000 0.000 0.000 0.000 0.000 0.000 0.000 0.000 0.000 0.000 0.000 0.000 0.000 0.000 0.000 0.000 0.000 0.006 0.010 0.007 0.006 0.004 0.001 0.002 0.005 0.004 0.007 0.000 0.000 0.002 0.002 0.065 0.004 0.000 0.000 0.002 0.004 0.000 0.038 0.000 0.000 0.017 0.010 0.010 0.019 0.010 0.045 0.010 0.000 0.000 0.000 0.000 0.000 0.225 0.007 0.010 0.021 0.000 0.007 0.006 0.101 0.006 0.006
0.000 0.000 0.000 0.000 0.000 0.000 0.000 0.000 0.000 0.000 0.000 0.000 0.000 0.000 0.000 0.000 0.000 0.000 0.000 0.000 0.000 0.000 0.000 0.000 0.000 0.000 0.000 0.000 0.000 0.000 0.000 0.101 0.000 0.010 0.010 0.004 0.003 0.010 0.010 0.005 0.002 0.000 0.000 0.001 0.000 0.002 0.007 0.003 0.002 0.003 0.027 0.079 0.000 0.000 0.139 0.010 0.010 0.010 0.010 0.010 0.010 0.010 0.000 0.010 0.099 0.188 0.199 0.010 0.010 0.086 0.004 0.000 0.005 0.000 0.000 0.011 0.009
0.000 0.000 0.000 0.000 0.000 0.000 0.000 0.000 0.000 0.000 0.000 0.000 0.000 0.000 0.000 0.000 0.000 0.000 0.000 0.000 0.000 0.000 0.000 0.000 0.000 0.000 0.000 0.000 0.000 0.000 0.000 0.000 0.000 0.046 0.264 0.004 0.007 0.004 0.005 0.003 0.002 0.008 0.000 0.000 0.000 0.002 0.004 0.005 0.003 0.005 0.000 0.000 0.038 0.000 0.010 0.010 0.010 0.222 0.010 0.095 0.010 0.034 0.010 0.000 0.000 0.068 0.135 0.007 0.004 0.006 0.007 0.007 0.007 0.000 0.009 0.010 0.010
0.000 0.000 0.000 0.000 0.000 0.000 0.000 0.000 0.000 0.000 0.000 0.000 0.000 0.000 0.000 0.000 0.000 0.000 0.000 0.000 0.000 0.000 0.000 0.000 0.000 0.000 0.000 0.000 0.000 0.000 0.000 0.000 0.000 0.000 0.010 0.000 0.003 0.001 0.003 0.003 0.010 0.005 0.004 0.000 0.002 0.000 0.000 0.002 0.003 0.005 0.043 0.093 0.000 0.000 0.010 0.010 0.015 0.104 0.010 0.101 0.010 0.222 0.000 0.000 0.010 0.000 0.006 0.000 0.021 0.010 0.007 0.007 0.007 0.010 0.023 0.007 0.007
0.000 0.000 0.000 0.000 0.000 0.000 0.000 0.000 0.000 0.000 0.000 0.000 0.000 0.000 0.000 0.000 0.000 0.000 0.000 0.000 0.000 0.000 0.000 0.000 0.000 0.000 0.000 0.000 0.000 0.000 0.000 0.000 0.000 0.000 0.000 0.000 0.158 0.000 0.010 0.004 0.004 0.003 0.019 0.004 0.007 0.000 0.004 0.002 0.010 0.003 0.007 0.007 0.070 0.010 0.010 0.010 0.064 0.002 0.004 0.007 0.010 0.010 0.010 0.010 0.010 0.010 0.006 0.000 0.007 0.010 0.008 0.010 0.010 0.007 0.007 0.007 0.007
0.000 0.000 0.000 0.000 0.000 0.000 0.000 0.000 0.000 0.000 0.000 0.000 0.000 0.000 0.000 0.000 0.000 0.000 0.000 0.000 0.000 0.000 0.000 0.000 0.000 0.000 0.000 0.000 0.000 0.000 0.000 0.000 0.000 0.000 0.000 0.000 0.000 0.000 0.910 0.000 0.002 0.010 0.005 0.002 0.005 0.003 0.002 0.003 0.007 0.007 0.006 0.000 0.000 0.002 0.005 0.007 0.010 0.003 0.042 0.006 0.004 0.010 0.010 0.010 0.000 0.007 0.006 0.007 0.010 0.006 0.013 0.010 0.010 0.010 0.010 0.006 0.006
0.000 0.000 0.000 0.000 0.000 0.000 0.000 0.000 0.000 0.000 0.000 0.000 0.000 0.000 0.000 0.000 0.000 0.000 0.000 0.000 0.000 0.000 0.000 0.000 0.000 0.000 0.000 0.000 0.000 0.000 0.000 0.000 0.000 0.000 0.000 0.000 0.000 0.000 0.000 0.000 0.142 0.006 0.003 0.007 0.004 0.007 0.002 0.010 0.007 0.010 0.000 0.000 0.000 0.000 0.002 0.005 0.003 0.000 0.006 0.010 0.002 0.010 0.010 0.010 0.010 0.004 0.007 0.007 0.010 0.010 0.010 0.010 0.010 0.010 0.040 0.010 0.010
0.000 0.000 0.000 0.000 0.000 0.000 0.000 0.000 0.000 0.000 0.000 0.000 0.000 0.000 0.000 0.000 0.000 0.000 0.000 0.000 0.000 0.000 0.000 0.000 0.000 0.000 0.000 0.000 0.000 0.000 0.000 0.000 0.000 0.000 0.000 0.000 0.000 0.000 0.000 0.000 0.000 0.010 0.000 0.004 0.004 0.005 0.021 0.005 0.010 0.007 0.003 0.002 0.000 0.000 0.005 0.002 0.000 0.000 0.004 0.003 0.007 0.010 0.010 0.010 0.007 0.004 0.007 0.010 0.006 0.007 0.017 0.010 0.010 0.010 0.010 0.010 0.010
0.000 0.000 0.000 0.000 0.000 0.000 0.000 0.000 0.000 0.000 0.000 0.000 0.000 0.000 0.000 0.000 0.000 0.000 0.000 0.000 0.000 0.000 0.000 0.000 0.000 0.000 0.000 0.000 0.000 0.000 0.000 0.000 0.000 0.000 0.000 0.000 0.000 0.000 0.000 0.000 0.000 0.000 0.000 0.074 0.000 0.010 0.003 0.007 0.004 0.059 0.005 0.005 0.001 0.004 0.005 0.002 0.000 0.004 0.003 0.006 0.007 0.010 0.010 0.007 0.008 0.004 0.004 0.004 0.007 0.010 0.010 0.059 0.164 0.010 0.010 0.010 0.106
0.000 0.000 0.000 0.000 0.000 0.000 0.000 0.000 0.000 0.000 0.000 0.000 0.000 0.000 0.000 0.000 0.000 0.000 0.000 0.000 0.000 0.000 0.000 0.000 0.000 0.000 0.000 0.000 0.000 0.000 0.000 0.000 0.000 0.000 0.000 0.000 0.000 0.000 0.000 0.000 0.000 0.000 0.000 0.000 0.000 0.010 0.000 0.010 0.010 0.010 0.105 0.003 0.007 0.004 0.003 0.002 0.000 0.002 0.007 0.003 0.005 0.018 0.010 0.004 0.004 0.006 0.000 0.000 0.010 0.010 0.010 0.332 0.036 0.009 0.010 0.010 0.010
0.000 0.000 0.000 0.000 0.000 0.000 0.000 0.000 0.000 0.000 0.000 0.000 0.000 0.000 0.000 0.000 0.000 0.000 0.000 0.000 0.000 0.000 0.000 0.000 0.000 0.000 0.000 0.000 0.000 0.000 0.000 0.000 0.000 0.000 0.000 0.000 0.000 0.000 0.000 0.000 0.000 0.000 0.000 0.000 0.000 0.000 0.000 0.263 0.000 0.124 0.086 0.067 0.000 0.010 0.002 0.010 0.000 0.002 0.010 0.002 0.006 0.007 0.005 0.006 0.004 0.003 0.000 0.000 0.000 0.010 0.010 0.010 0.016 0.034 0.007 0.007 0.010
0.000 0.000 0.000 0.000 0.000 0.000 0.000 0.000 0.000 0.000 0.000 0.000 0.000 0.000 0.000 0.000 0.000 0.000 0.000 0.000 0.000 0.000 0.000 0.000 0.000 0.000 0.000 0.000 0.000 0.000 0.000 0.000 0.000 0.000 0.000 0.000 0.000 0.000 0.000 0.000 0.000 0.000 0.000 0.000 0.000 0.000 0.000 0.000 0.000 0.000 0.595 0.006 0.010 0.005 0.007 0.003 0.002 0.000 0.004 0.002 0.007 0.006 0.004 0.007 0.003 0.000 0.000 0.000 0.000 0.000 0.000 0.010 0.006 0.029 0.010 0.010 0.007
0.000 0.000 0.000 0.000 0.000 0.000 0.000 0.000 0.000 0.000 0.000 0.000 0.000 0.000 0.000 0.000 0.000 0.000 0.000 0.000 0.000 0.000 0.000 0.000 0.000 0.000 0.000 0.000 0.000 0.000 0.000 0.000 0.000 0.000 0.000 0.000 0.000 0.000 0.000 0.000 0.000 0.000 0.000 0.000 0.000 0.000 0.000 0.000 0.000 0.000 0.010 0.000 0.010 0.003 0.007 0.005 0.002 0.010 0.009 0.008 0.006 0.004 0.028 0.007 0.006 0.010 0.000 0.000 0.000 0.000 0.000 0.000 0.000 0.005 0.010 0.058 0.010
0.000 0.000 0.000 0.000 0.000 0.000 0.000 0.000 0.000 0.000 0.000 0.000 0.000 0.000 0.000 0.000 0.000 0.000 0.000 0.000 0.000 0.000 0.000 0.000 0.000 0.000 0.000 0.000 0.000 0.000 0.000 0.000 0.000 0.000 0.000 0.000 0.000 0.000 0.000 0.000 0.000 0.000 0.000 0.000 0.000 0.000 0.000 0.000 0.000 0.000 0.000 0.000 0.066 0.000 0.003 0.007 0.005 0.007 0.007 0.002 0.005 0.011 0.010 0.006 0.010 0.005 0.025 0.006 0.000 0.000 0.000 0.000 0.004 0.000 0.000 0.007 0.063
0.000 0.000 0.000 0.000 0.000 0.000 0.000 0.000 0.000 0.000 0.000 0.000 0.000 0.000 0.000 0.000 0.000 0.000 0.000 0.000 0.000 0.000 0.000 0.000 0.000 0.000 0.000 0.000 0.000 0.000 0.000 0.000 0.000 0.000 0.000 0.000 0.000 0.000 0.000 0.000 0.000 0.000 0.000 0.000 0.000 0.000 0.000 0.000 0.000 0.000 0.000 0.000 0.000 0.000 0.059 0.000 0.003 0.005 0.006 0.005 0.003 0.005 0.010 0.010 0.010 0.010 0.005 0.005 0.009 0.002 0.000 0.000 0.000 0.000 0.032 0.005 0.010
0.000 0.000 0.000 0.000 0.000 0.000 0.000 0.000 0.000 0.000 0.000 0.000 0.000 0.000 0.000 0.000 0.000 0.000 0.000 0.000 0.000 0.000 0.000 0.000 0.000 0.000 0.000 0.000 0.000 0.000 0.000 0.000 0.000 0.000 0.000 0.000 0.000 0.000 0.000 0.000 0.000 0.000 0.000 0.000 0.000 0.000 0.000 0.000 0.000 0.000 0.000 0.000 0.000 0.000 0.000 0.000 0.000 0.017 0.003 0.007 0.002 0.004 0.010 0.007 0.010 0.010 0.010 0.010 0.006 0.006 0.000 0.000 0.000 0.000 0.000 0.001 0.000
