hx_30m/njhx/rain/result-0027.wd
ncols         211
nrows         286
xllcorner     660279.582600
yllcorner     3541874.325092
cellsize      30.000000
NODATA_value  -9999.000000
[rows 204 to 237 of 286, columns 77 to 153 of 211]
0.010 0.010 0.010 0.009 0.055 0.010 0.008 0.006 0.006 0.006 0.010 0.010 0.039 0.252 0.009 0.000 0.007 0.006 0.009 0.028 0.009 0.009 0.020 0.007 0.000 0.009 0.009 0.047 0.131 0.011 0.008 0.000 0.008 0.010 0.029 0.009 0.008 0.061 0.009 0.008 0.007 0.008 0.008 0.009 0.008 0.008 0.007 0.007 0.011 0.009 0.000 0.000 0.000 0.000 0.008 0.006 0.008 0.000 0.043 0.009 0.008 0.010 0.025 0.000 0.010 0.024 0.006 0.010 0.039 0.010 0.007 0.006 0.007 0.007 0.059 0.000 0.000
0.027 0.009 0.010 0.010 0.033 0.010 0.004 0.007 0.009 0.006 0.000 0.000 0.010 0.010 0.010 0.010 0.009 0.008 0.008 0.010 0.008 0.000 0.000 0.024 0.009 0.009 0.010 0.032 0.008 0.000 0.005 0.000 0.000 0.000 0.009 0.010 0.034 0.009 0.007 0.000 0.012 0.010 0.027 0.009 0.008 0.009 0.009 0.007 0.008 0.007 0.009 0.007 0.016 0.000 0.006 0.000 0.000 0.008 0.010 0.010 0.082 0.000 0.000 0.046 0.009 0.008 0.010 0.008 0.009 0.010 0.010 0.008 0.007 0.009 0.006 0.007 0.019
0.009 0.019 0.008 0.054 0.009 0.010 0.005 0.000 0.000 0.000 0.007 0.007 0.010 0.000 0.000 0.009 0.000 0.010 0.013 0.007 0.000 0.000 0.000 0.009 0.009 0.009 0.010 0.009 0.000 0.008 0.008 0.006 0.000 0.010 0.011 0.009 0.009 0.008 0.000 0.024 0.008 0.009 0.009 0.010 0.010 0.046 0.010 0.007 0.005 0.006 0.007 0.009 0.009 0.013 0.010 0.009 0.008 0.009 0.014 0.000 0.010 0.000 0.011 0.009 0.008 0.010 0.010 0.012 0.024 0.000 0.010 0.010 0.010 0.008 0.011 0.008 0.000
0.027 0.010 0.000 0.041 0.010 0.009 0.009 0.009 0.010 0.006 0.004 0.004 0.009 0.008 0.007 0.009 0.000 0.009 0.009 0.009 0.000 0.000 0.010 0.009 0.010 0.022 0.010 0.010 0.010 0.009 0.021 0.000 0.010 0.033 0.009 0.009 0.000 0.007 0.008 0.009 0.000 0.000 0.009 0.039 0.010 0.215 0.000 0.004 0.000 0.005 0.010 0.009 0.008 0.009 0.015 0.010 0.488 0.179 0.062 0.283 0.000 0.008 0.007 0.000 0.011 0.008 0.010 0.010 0.010 0.010 0.010 0.010 0.046 0.000 0.000 0.008 0.009
0.009 0.000 0.010 0.014 0.008 0.009 0.008 0.000 0.000 0.009 0.010 0.009 0.013 0.009 0.030 0.009 0.009 0.170 0.057 0.008 0.009 0.009 0.010 0.009 0.028 0.000 0.010 0.000 0.010 0.010 0.000 0.000 0.000 0.008 0.009 0.034 0.000 0.009 0.009 0.009 0.010 0.000 0.075 0.009 0.010 0.000 0.005 0.004 0.008 0.006 0.010 0.010 0.008 0.008 0.008 0.009 0.010 0.189 0.000 0.148 0.000 0.007 0.009 0.010 0.008 0.009 0.009 0.009 0.019 0.009 0.010 0.010 0.000 0.000 0.039 0.000 0.000
0.000 0.010 0.010 0.009 0.010 0.007 0.000 0.000 0.009 0.009 0.009 0.007 0.007 0.000 0.008 0.008 0.008 0.137 0.346 0.067 0.150 0.009 0.009 0.008 0.000 0.010 0.010 0.009 0.020 0.008 0.018 0.000 0.000 0.009 0.009 0.030 0.009 0.006 0.000 0.000 0.000 0.010 0.009 0.010 0.010 0.000 0.004 0.005 0.000 0.007 0.000 0.036 0.010 0.000 0.009 0.009 0.009 0.009 0.010 0.225 0.000 0.039 0.009 0.008 0.008 0.012 0.008 0.009 0.000 0.000 0.017 0.009 0.000 0.010 0.000 0.010 0.008
0.000 0.009 0.047 0.009 0.008 0.007 0.000 0.000 0.000 0.000 0.008 0.009 0.007 0.000 0.000 0.031 0.009 0.215 0.057 0.239 0.320 0.000 0.579 0.010 0.009 0.009 0.009 0.000 0.007 0.008 0.010 0.000 0.009 0.009 0.009 0.000 0.010 0.009 0.014 0.007 0.007 0.010 0.007 0.010 0.000 0.008 0.007 0.009 0.009 0.009 0.006 0.010 0.010 0.008 0.010 0.000 0.010 0.000 0.010 0.008 0.006 0.010 0.008 0.006 0.000 0.010 0.010 0.010 0.000 0.000 0.000 0.010 0.010 0.010 0.010 0.000 0.007
0.010 0.010 0.010 0.010 0.007 0.007 0.007 0.000 0.000 0.026 0.009 0.000 0.008 0.000 0.000 0.006 0.008 0.057 0.176 0.017 0.384 0.027 0.046 0.136 0.712 0.000 0.433 0.010 0.008 0.000 0.010 0.010 0.147 0.010 0.008 0.000 0.010 0.010 0.009 0.010 0.000 0.010 0.010 0.010 0.010 0.008 0.007 0.000 0.010 0.000 0.000 0.010 0.070 0.000 0.036 0.010 0.076 0.010 0.011 0.007 0.008 0.005 0.009 0.008 0.000 0.000 0.007 0.010 0.008 0.000 0.000 0.046 0.000 0.022 0.009 0.009 0.009
0.000 0.058 0.010 0.010 0.012 0.008 0.009 0.008 0.000 0.009 0.010 0.009 0.009 0.000 0.008 0.009 0.179 0.293 0.308 0.266 0.009 0.009 0.009 0.008 0.010 0.010 0.011 0.010 0.000 0.009 0.013 0.000 0.146 0.009 0.028 0.010 0.010 0.010 0.011 0.000 0.009 0.009 0.009 0.000 0.009 0.007 0.008 0.008 0.008 0.008 0.000 0.000 0.006 0.000 0.038 0.009 0.000 0.000 0.000 0.007 0.011 0.006 0.008 0.007 0.006 0.006 0.010 0.079 0.047 0.010 0.010 0.000 0.010 0.000 0.007 0.010 0.010
0.009 0.008 0.000 0.012 0.000 0.009 0.011 0.008 0.011 0.000 0.050 0.000 0.008 0.009 0.014 0.010 0.294 0.055 0.253 0.010 0.009 0.008 0.010 0.008 0.009 0.009 0.009 0.161 0.009 0.010 0.000 0.220 0.063 0.045 0.009 0.010 0.010 0.009 0.008 0.000 0.010 0.009 0.010 0.008 0.009 0.000 0.009 0.010 0.000 0.000 0.000 0.039 0.000 0.000 0.010 0.010 0.007 0.000 0.000 0.000 0.000 0.009 0.009 0.009 0.008 0.007 0.008 0.080 0.017 0.010 0.009 0.000 0.010 0.009 0.046 0.058 0.000
0.010 0.009 0.009 0.006 0.009 0.000 0.000 0.008 0.008 0.008 0.054 0.008 0.008 0.000 0.008 0.009 0.163 0.342 0.008 0.009 0.008 0.009 0.009 0.008 0.009 0.008 0.009 0.000 0.000 0.008 0.009 0.036 0.000 0.110 0.169 0.009 0.009 0.010 0.035 0.010 0.009 0.029 0.009 0.009 0.010 0.054 0.000 0.006 0.010 0.010 0.000 0.038 0.000 0.010 0.009 0.390 0.000 0.006 0.022 0.000 0.000 0.009 0.006 0.007 0.006 0.007 0.008 0.007 0.009 0.010 0.010 0.000 0.000 0.007 0.023 0.009 0.005
0.093 0.010 0.000 0.006 0.007 0.008 0.000 0.013 0.007 0.007 0.000 0.000 0.008 0.010 0.010 0.009 0.007 0.008 0.062 0.010 0.010 0.010 0.010 0.008 0.009 0.009 0.009 0.010 0.010 0.010 0.009 0.010 0.010 0.069 0.000 0.009 0.009 0.009 0.009 0.063 0.010 0.032 0.008 0.009 0.010 0.000 0.031 0.008 0.000 0.000 0.010 0.000 0.000 0.009 0.000 0.009 0.000 0.007 0.008 0.006 0.009 0.007 0.008 0.000 0.007 0.008 0.026 0.007 0.007 0.007 0.008 0.008 0.011 0.009 0.009 0.000 0.000
0.048 0.010 0.010 0.008 0.011 0.000 0.009 0.007 0.000 0.008 0.037 0.008 0.010 0.000 0.009 0.009 0.022 0.010 0.010 0.008 0.010 0.010 0.010 0.009 0.009 0.009 0.008 0.065 0.009 0.009 0.010 0.010 0.023 0.008 0.010 0.065 0.000 0.009 0.009 0.010 0.010 0.009 0.009 0.008 0.012 0.079 0.015 0.000 0.011 0.000 0.003 0.000 0.008 0.009 0.175 0.000 0.000 0.010 0.007 0.000 0.010 0.007 0.000 0.006 0.006 0.000 0.008 0.009 0.033 0.007 0.008 0.007 0.008 0.015 0.008 0.000 0.008
0.019 0.009 0.009 0.010 0.000 0.008 0.011 0.007 0.000 0.009 0.010 0.000 0.010 0.010 0.009 0.008 0.010 0.008 0.007 0.008 0.009 0.009 0.009 0.009 0.009 0.009 0.010 0.009 0.000 0.009 0.009 0.009 0.008 0.010 0.000 0.009 0.000 0.041 0.000 0.009 0.009 0.000 0.009 0.010 0.007 0.008 0.000 0.109 0.000 0.003 0.004 0.004 0.010 0.000 0.009 0.007 0.009 0.010 0.010 0.000 0.010 0.013 0.008 0.009 0.005 0.006 0.008 0.006 0.000 0.010 0.057 0.008 0.009 0.009 0.008 0.012 0.000
0.010 0.009 0.008 0.010 0.031 0.008 0.000 0.000 0.009 0.008 0.007 0.008 0.009 0.009 0.009 0.008 0.031 0.009 0.010 0.010 0.010 0.010 0.008 0.010 0.010 0.009 0.054 0.009 0.000 0.009 0.009 0.010 0.027 0.010 0.000 0.008 0.008 0.008 0.007 0.634 0.000 0.009 0.010 0.000 0.007 0.005 0.000 0.032 0.000 0.036 0.000 0.008 0.010 0.014 0.000 0.005 0.006 0.006 0.000 0.009 0.011 0.000 0.005 0.007 0.007 0.000 0.000 0.000 0.000 0.000 0.000 0.032 0.010 0.008 0.009 0.007 0.011
0.000 0.010 0.000 0.009 0.008 0.028 0.008 0.009 0.009 0.052 0.000 0.000 0.000 0.008 0.009 0.025 0.008 0.009 0.010 0.010 0.010 0.010 0.010 0.016 0.009 0.009 0.009 0.000 0.000 0.010 0.009 0.009 0.009 0.000 0.010 0.033 0.010 0.009 0.000 0.114 0.023 0.024 0.000 0.010 0.006 0.000 0.003 0.004 0.000 0.010 0.000 0.010 0.014 0.005 0.003 0.023 0.007 0.006 0.008 0.008 0.006 0.005 0.009 0.006 0.009 0.007 0.010 0.009 0.000 0.000 0.007 0.009 0.009 0.010 0.012 0.007 0.008
0.000 0.009 0.000 0.000 0.007 0.007 0.009 0.023 0.009 0.009 0.009 0.010 0.009 0.023 0.009 0.009 0.009 0.009 0.041 0.008 0.010 0.010 0.047 0.008 0.008 0.047 0.009 0.009 0.009 0.020 0.010 0.008 0.010 0.000 0.009 0.000 0.000 0.039 0.021 0.163 0.011 0.020 0.008 0.035 0.009 0.010 0.008 0.000 0.003 0.004 0.009 0.047 0.006 0.010 0.012 0.010 0.000 0.004 0.008 0.000 0.000 0.008 0.008 0.000 0.007 0.006 0.010 0.010 0.026 0.009 0.008 0.009 0.000 0.000 0.000 0.043 0.007
0.008 0.009 0.000 0.007 0.008 0.007 0.006 0.000 0.009 0.008 0.009 0.009 0.033 0.008 0.000 0.000 0.010 0.009 0.009 0.009 0.007 0.116 0.010 0.010 0.009 0.009 0.000 0.000 0.000 0.014 0.009 0.040 0.010 0.000 0.008 0.010 0.041 0.034 0.000 0.088 0.010 0.014 0.010 0.009 0.009 0.010 0.079 0.009 0.009 0.000 0.009 0.010 0.010 0.010 0.000 0.004 0.000 0.073 0.000 0.009 0.010 0.007 0.007 0.009 0.000 0.000 0.000 0.013 0.000 0.011 0.007 0.010 0.006 0.004 0.005 0.005 0.000
0.025 0.009 0.000 0.000 0.010 0.008 0.007 0.009 0.007 0.000 0.000 0.025 0.010 0.009 0.009 0.010 0.010 0.010 0.187 0.010 0.010 0.010 0.008 0.009 0.010 0.035 0.028 0.037 0.000 0.009 0.008 0.008 0.008 0.000 0.009 0.088 0.069 0.008 0.009 0.008 0.010 0.014 0.031 0.009 0.009 0.024 0.009 0.017 0.000 0.008 0.000 0.000 0.000 0.000 0.010 0.005 0.000 0.000 0.003 0.000 0.011 0.010 0.008 0.000 0.009 0.000 0.048 0.000 0.010 0.008 0.009 0.000 0.000 0.006 0.008 0.008 0.008
0.000 0.009 0.008 0.007 0.000 0.010 0.009 0.016 0.000 0.008 0.010 0.008 0.009 0.009 0.009 0.009 0.010 0.010 0.010 0.160 0.010 0.009 0.008 0.009 0.000 0.012 0.000 0.000 0.061 0.009 0.008 0.008 0.010 0.009 0.008 0.080 0.067 0.009 0.000 0.009 0.208 0.091 0.186 0.029 0.010 0.010 0.010 0.008 0.008 0.009 0.051 0.009 0.010 0.000 0.025 0.007 0.003 0.006 0.005 0.010 0.008 0.000 0.081 0.010 0.010 0.011 0.028 0.000 0.008 0.009 0.010 0.005 0.006 0.006 0.007 0.006 0.005
0.008 0.009 0.009 0.009 0.031 0.009 0.007 0.009 0.016 0.007 0.008 0.009 0.008 0.009 0.000 0.010 0.009 0.026 0.007 0.010 0.009 0.105 0.010 0.008 0.000 0.008 0.000 0.000 0.007 0.010 0.009 0.010 0.010 0.009 0.008 0.009 0.000 0.009 0.009 0.008 0.009 0.000 0.009 0.129 0.084 0.057 0.094 0.009 0.009 0.000 0.010 0.010 0.030 0.010 0.010 0.000 0.000 0.004 0.007 0.006 0.000 0.011 0.000 0.010 0.010 0.010 0.024 0.009 0.012 0.009 0.000 0.000 0.009 0.004 0.007 0.007 0.008
0.009 0.000 0.008 0.007 0.009 0.008 0.008 0.007 0.000 0.009 0.037 0.006 0.000 0.000 0.009 0.010 0.010 0.091 0.017 0.009 0.009 0.009 0.019 0.009 0.018 0.009 0.000 0.012 0.008 0.010 0.023 0.007 0.000 0.015 0.008 0.007 0.008 0.009 0.022 0.005 0.000 0.116 0.123 0.028 0.134 0.030 0.010 0.008 0.010 0.034 0.009 0.008 0.008 0.253 0.010 0.009 0.010 0.000 0.006 0.009 0.009 0.008 0.009 0.000 0.000 0.006 0.009 0.007 0.008 0.007 0.004 0.010 0.012 0.010 0.005 0.005 0.008
0.000 0.007 0.008 0.008 0.009 0.000 0.012 0.008 0.008 0.007 0.009 0.007 0.010 0.008 0.009 0.010 0.010 0.010 0.010 0.010 0.006 0.008 0.008 0.009 0.010 0.156 0.009 0.018 0.010 0.009 0.009 0.009 0.010 0.009 0.000 0.000 0.009 0.006 0.008 0.012 0.000 0.026 0.030 0.021 0.009 0.009 0.010 0.010 0.113 0.010 0.010 0.008 0.009 0.010 0.009 0.010 0.430 0.013 0.009 0.009 0.009 0.008 0.007 0.000 0.000 0.000 0.009 0.008 0.000 0.007 0.006 0.006 0.000 0.010 0.000 0.009 0.006
0.018 0.007 0.000 0.078 0.007 0.007 0.009 0.014 0.010 0.008 0.008 0.007 0.000 0.010 0.010 0.010 0.010 0.010 0.010 0.009 0.008 0.007 0.011 0.009 0.009 0.010 0.010 0.009 0.010 0.008 0.009 0.010 0.010 0.011 0.010 0.009 0.008 0.000 0.006 0.008 0.025 0.000 0.000 0.009 0.009 0.007 0.010 0.000 0.009 0.008 0.010 0.009 0.010 0.009 0.008 0.006 0.009 0.914 0.761 0.009 0.009 0.009 0.007 0.006 0.000 0.000 0.008 0.008 0.010 0.010 0.000 0.002 0.000 0.004 0.017 0.010 0.015
0.005 0.006 0.076 0.108 0.010 0.010 0.008 0.009 0.009 0.008 0.000 0.018 0.009 0.008 0.008 0.000 0.010 0.010 0.010 0.009 0.058 0.007 0.010 0.009 0.020 0.008 0.009 0.009 0.009 0.034 0.009 0.000 0.008 0.000 0.000 0.008 0.008 0.010 0.008 0.010 0.006 0.007 0.007 0.000 0.000 0.009 0.010 0.036 0.009 0.010 0.010 0.048 0.010 0.010 0.010 0.010 0.008 0.007 0.009 0.000 0.584 0.012 0.007 0.000 0.000 0.008 0.008 0.000 0.009 0.010 0.002 0.004 0.009 0.008 0.007 0.005 0.009
0.007 0.000 0.010 0.015 0.258 0.115 0.007 0.010 0.008 0.007 0.009 0.000 0.007 0.000 0.008 0.131 0.000 0.015 0.009 0.007 0.008 0.010 0.000 0.008 0.000 0.009 0.051 0.010 0.009 0.009 0.009 0.010 0.007 0.008 0.008 0.013 0.009 0.007 0.019 0.007 0.009 0.000 0.009 0.008 0.010 0.009 0.574 0.010 0.009 0.009 0.009 0.010 0.010 0.008 0.007 0.009 0.006 0.009 0.007 0.008 0.010 0.010 0.146 0.008 0.008 0.008 0.000 0.000 0.003 0.008 0.005 0.009 0.019 0.116 0.042 0.009 0.009
0.010 0.000 0.000 0.007 0.006 0.007 0.006 0.054 0.008 0.008 0.008 0.008 0.015 0.000 0.000 0.000 0.009 0.000 0.006 0.000 0.008 0.009 0.008 0.000 0.000 0.010 0.007 0.010 0.007 0.009 0.007 0.010 0.007 0.008 0.008 0.009 0.008 0.007 0.008 0.008 0.008 0.007 0.000 0.008 0.008 0.000 0.010 0.010 0.010 0.010 0.008 0.009 0.009 0.010 0.010 0.007 0.008 0.008 0.009 0.011 0.010 0.000 0.010 0.693 0.010 0.008 0.008 0.000 0.004 0.008 0.000 0.010 0.035 0.021 0.010 0.010 0.010
0.008 0.008 0.000 0.000 0.000 0.008 0.007 0.010 0.007 0.022 0.009 0.008 0.000 0.000 0.012 0.000 0.006 0.008 0.007 0.000 0.022 0.010 0.010 0.012 0.000 0.000 0.006 0.010 0.015 0.009 0.008 0.008 0.006 0.000 0.000 0.015 0.009 0.007 0.010 0.010 0.009 0.010 0.007 0.010 0.010 0.010 0.010 0.018 0.010 0.010 0.010 0.010 0.008 0.007 0.007 0.007 0.009 0.008 0.010 0.010 0.009 0.000 0.000 0.014 0.007 0.000 0.020 0.009 0.027 0.000 0.010 0.058 0.071 0.051 0.007 0.010 0.016
0.010 0.006 0.008 0.006 0.008 0.007 0.010 0.009 0.000 0.006 0.111 0.094 0.009 0.010 0.000 0.008 0.010 0.013 0.008 0.008 0.007 0.007 0.009 0.005 0.009 0.006 0.008 0.010 0.009 0.000 0.000 0.007 0.011 0.007 0.005 0.000 0.000 0.016 0.010 0.007 0.009 0.000 0.009 0.009 0.045 0.000 0.010 0.010 0.010 0.010 0.047 0.010 0.010 0.010 0.008 0.010 0.010 0.024 0.010 0.010 0.010 0.013 0.006 0.019 0.010 0.028 0.010 0.000 0.318 0.019 0.010 0.019 0.173 0.004 0.008 0.009 0.010
0.006 0.006 0.006 0.007 0.008 0.028 0.028 0.008 0.008 0.006 0.007 0.008 0.007 0.025 0.010 0.006 0.015 0.000 0.000 0.008 0.009 0.000 0.000 0.006 0.006 0.007 0.010 0.007 0.009 0.004 0.004 0.000 0.000 0.012 0.008 0.007 0.008 0.008 0.009 0.009 0.009 0.013 0.009 0.000 0.000 0.000 0.000 0.010 0.000 0.010 0.010 0.010 0.060 0.010 0.008 0.010 0.008 0.000 0.010 0.000 0.010 0.010 0.010 0.007 0.134 0.092 0.090 0.154 0.010 0.000 0.961 0.054 0.022 0.000 0.009 0.010 0.010
0.010 0.008 0.006 0.008 0.008 0.009 0.009 0.000 0.006 0.011 0.008 0.008 0.000 0.006 0.007 0.008 0.010 0.010 0.172 0.006 0.008 0.010 0.050 0.000 0.009 0.018 0.009 0.018 0.005 0.000 0.006 0.007 0.005 0.006 0.006 0.007 0.010 0.009 0.008 0.009 0.012 0.010 0.010 0.388 0.000 0.000 0.000 0.044 0.000 0.000 0.010 0.010 0.010 0.019 0.008 0.010 0.008 0.010 0.081 0.018 0.010 0.000 0.009 0.008 0.000 0.099 0.010 0.000 0.000 0.010 0.010 0.000 0.027 0.260 0.110 0.005 0.046
0.000 0.000 0.010 0.008 0.010 0.011 0.008 0.006 0.000 0.000 0.007 0.010 0.022 0.007 0.008 0.007 0.008 0.008 0.025 0.007 0.000 0.007 0.008 0.008 0.009 0.007 0.008 0.010 0.006 0.007 0.003 0.000 0.007 0.009 0.005 0.005 0.018 0.028 0.009 0.032 0.010 0.010 0.000 0.010 0.114 0.000 0.000 0.000 0.000 0.000 0.000 0.010 0.010 0.010 0.010 0.022 0.009 0.009 0.010 0.008 0.018 0.009 0.008 0.000 0.008 0.009 0.051 0.000 0.010 0.106 0.010 0.006 0.010 0.000 0.215 0.336 0.065
0.010 0.009 0.009 0.009 0.043 0.010 0.004 0.007 0.013 0.006 0.006 0.000 0.008 0.009 0.008 0.007 0.007 0.006 0.010 0.039 0.007 0.000 0.007 0.008 0.010 0.009 0.007 0.008 0.000 0.005 0.006 0.005 0.004 0.006 0.007 0.007 0.009 0.018 0.010 0.010 0.010 0.010 0.680 0.010 0.000 0.000 0.134 0.027 0.000 0.000 0.000 0.010 0.009 0.010 0.010 0.010 0.009 0.063 0.008 0.008 0.008 0.009 0.007 0.000 0.000 0.008 0.006 0.006 0.023 0.000 0.008 0.013 0.000 0.000 0.006 0.000 0.136
0.009 0.009 0.008 0.008 0.010 0.000 0.000 0.008 0.007 0.018 0.000 0.008 0.006 0.000 0.000 0.008 0.007 0.006 0.010 0.010 0.010 0.046 0.007 0.008 0.007 0.009 0.008 0.010 0.000 0.000 0.000 0.004 0.005 0.005 0.006 0.000 0.009 0.010 0.010 0.009 0.025 0.000 0.010 0.009 0.010 0.010 0.015 0.010 0.000 0.000 0.010 0.010 0.010 0.010 0.010 0.010 0.010 0.010 0.010 0.009 0.008 0.008 0.000 0.000 0.010 0.010 0.000 0.000 0.000 0.009 0.005 0.000 0.020 0.005 0.005 0.006 0.008
