hx_30m/njhx/rain/result.mxe
ncols         211
nrows         286
xllcorner     660279.582600
yllcorner     3541874.325092
cellsize      30.000000
NODATA_value  -9999.000000
[rows 30 to 59 of 286, columns 67 to 133 of 211]
-9999.000 -9999.000 -9999.000 -9999.000 -9999.000 -9999.000 -9999.000 -9999.000 -9999.000 -9999.000 -9999.000 -9999.000 -9999.000 -9999.000 -9999.000 -9999.000 -9999.000 6.908 11.703 7.960 7.772 8.588 8.690 8.877 7.343 7.318 6.790 6.790 6.878 6.833 -9999.000 7.389 8.013 8.382 7.842 8.164 -9999.000 -9999.000 -9999.000 8.442 -9999.000 9.093 8.983 8.695 8.075 -9999.000 7.997 7.939 7.939 -9999.000 -9999.000 -9999.000 7.200 7.112 -9999.000 7.116 7.127 7.270 -9999.000 -9999.000 7.862 10.094 -9999.000 -9999.000 -9999.000 -9999.000 -9999.000
-9999.000 -9999.000 -9999.000 -9999.000 -9999.000 -9999.000 -9999.000 -9999.000 -9999.000 -9999.000 -9999.000 -9999.000 -9999.000 -9999.000 -9999.000 -9999.000 -9999.000 9.550 9.600 7.718 8.331 9.618 8.433 8.516 7.054 6.837 6.790 6.790 6.791 6.824 7.141 7.690 8.132 7.935 7.640 7.717 -9999.000 8.175 8.426 8.334 8.367 8.757 8.847 8.394 -9999.000 -9999.000 8.152 8.057 8.014 7.374 6.917 6.976 6.997 7.063 -9999.000 7.030 7.119 7.152 7.090 -9999.000 7.650 7.893 8.885 -9999.000 -9999.000 -9999.000 -9999.000
-9999.000 -9999.000 -9999.000 -9999.000 -9999.000 -9999.000 -9999.000 -9999.000 -9999.000 -9999.000 -9999.000 -9999.000 -9999.000 -9999.000 -9999.000 -9999.000 -9999.000 8.954 10.648 7.718 8.393 9.176 -9999.000 7.613 6.792 6.790 6.790 6.790 7.048 -9999.000 6.759 6.544 8.998 7.782 7.746 -9999.000 -9999.000 7.961 -9999.000 -9999.000 8.959 8.805 8.662 8.314 8.140 8.618 8.312 -9999.000 8.468 7.965 6.927 6.903 6.977 7.087 7.137 -9999.000 7.102 7.164 7.147 7.728 7.462 -9999.000 8.076 9.117 -9999.000 -9999.000 -9999.000
-9999.000 -9999.000 -9999.000 -9999.000 -9999.000 -9999.000 -9999.000 -9999.000 -9999.000 -9999.000 -9999.000 -9999.000 -9999.000 -9999.000 -9999.000 -9999.000 -9999.000 11.432 9.843 8.056 8.506 8.722 9.096 -9999.000 6.822 6.814 6.790 6.854 6.949 6.708 6.435 6.618 7.205 7.720 7.631 -9999.000 -9999.000 7.961 -9999.000 8.223 -9999.000 8.358 8.544 8.254 -9999.000 -9999.000 7.253 7.676 7.812 -9999.000 6.930 6.909 6.908 7.134 7.313 7.097 7.060 7.077 7.046 7.015 7.048 7.213 7.718 8.103 -9999.000 -9999.000 -9999.000
-9999.000 -9999.000 -9999.000 -9999.000 -9999.000 -9999.000 -9999.000 -9999.000 -9999.000 -9999.000 -9999.000 -9999.000 -9999.000 -9999.000 -9999.000 -9999.000 -9999.000 9.912 10.118 8.689 8.590 8.169 8.894 8.659 7.133 6.770 6.824 6.807 6.900 6.595 6.435 6.718 6.891 7.135 -9999.000 -9999.000 -9999.000 8.215 -9999.000 -9999.000 8.297 8.236 8.343 8.322 8.022 7.677 7.654 7.639 7.343 -9999.000 -9999.000 6.903 6.903 6.928 7.435 7.116 7.317 6.997 7.035 7.012 6.992 7.319 -9999.000 7.820 9.269 -9999.000 -9999.000
-9999.000 -9999.000 -9999.000 -9999.000 -9999.000 -9999.000 -9999.000 -9999.000 7.637 -9999.000 -9999.000 -9999.000 -9999.000 -9999.000 -9999.000 -9999.000 4.458 12.031 10.406 9.395 9.365 8.269 8.020 8.405 7.370 6.805 6.829 -9999.000 6.744 -9999.000 -9999.000 -9999.000 7.013 7.514 7.482 6.964 7.107 6.640 7.697 -9999.000 -9999.000 -9999.000 8.088 8.305 7.975 -9999.000 6.893 7.683 7.682 7.656 -9999.000 -9999.000 6.903 6.903 6.925 7.092 -9999.000 6.947 7.027 -9999.000 6.909 7.644 7.988 7.748 7.749 14.873 -9999.000
-9999.000 -9999.000 -9999.000 -9999.000 -9999.000 -9999.000 -9999.000 -9999.000 -9999.000 -9999.000 -9999.000 -9999.000 -9999.000 -9999.000 -9999.000 -9999.000 4.544 11.179 10.644 10.061 9.829 8.403 7.874 8.469 6.974 -9999.000 6.928 6.926 6.866 6.572 -9999.000 7.023 6.871 7.027 7.302 6.888 6.646 -9999.000 -9999.000 7.011 -9999.000 -9999.000 7.884 8.138 7.660 -9999.000 7.507 7.517 7.570 7.490 7.229 -9999.000 -9999.000 7.038 -9999.000 -9999.000 -9999.000 -9999.000 -9999.000 6.879 6.958 7.277 7.761 7.793 13.872 14.628 12.247
-9999.000 -9999.000 -9999.000 -9999.000 -9999.000 -9999.000 -9999.000 -9999.000 -9999.000 -9999.000 -9999.000 -9999.000 -9999.000 -9999.000 -9999.000 -9999.000 5.657 11.923 10.982 10.772 8.850 8.221 7.906 8.858 6.984 -9999.000 6.765 6.841 -9999.000 6.667 -9999.000 6.994 7.267 7.509 7.267 -9999.000 6.688 7.868 8.600 8.696 -9999.000 7.511 7.842 7.916 7.604 -9999.000 6.908 7.661 7.313 7.313 -9999.000 6.812 -9999.000 7.128 7.027 7.040 6.871 -9999.000 6.965 -9999.000 6.784 7.234 8.344 12.860 13.498 11.347 10.210
-9999.000 -9999.000 -9999.000 -9999.000 -9999.000 -9999.000 -9999.000 -9999.000 -9999.000 -9999.000 -9999.000 -9999.000 -9999.000 -9999.000 -9999.000 -9999.000 6.122 12.296 11.417 11.419 8.577 8.203 7.570 7.966 6.875 -9999.000 6.885 6.724 6.881 6.879 -9999.000 7.357 7.765 7.692 7.260 7.376 7.234 8.461 8.574 8.371 -9999.000 -9999.000 7.642 7.786 7.531 7.328 6.886 7.380 7.437 -9999.000 -9999.000 6.832 7.156 -9999.000 7.027 7.038 6.996 -9999.000 -9999.000 7.881 9.616 11.135 11.840 11.807 7.489 7.583 7.849
-9999.000 -9999.000 -9999.000 -9999.000 -9999.000 -9999.000 -9999.000 -9999.000 -9999.000 -9999.000 -9999.000 -9999.000 -9999.000 -9999.000 -9999.000 -9999.000 6.953 12.019 11.664 11.909 8.712 7.354 7.354 7.871 6.870 -9999.000 6.691 -9999.000 6.840 7.256 7.444 7.866 7.946 7.510 6.935 -9999.000 7.458 8.289 8.314 -9999.000 7.680 7.655 7.572 7.590 7.482 7.250 -9999.000 -9999.000 -9999.000 6.754 6.959 -9999.000 -9999.000 -9999.000 7.105 7.768 6.970 6.985 8.271 9.123 9.890 9.785 7.349 7.340 7.553 -9999.000 7.611
-9999.000 -9999.000 -9999.000 -9999.000 -9999.000 -9999.000 -9999.000 -9999.000 -9999.000 -9999.000 -9999.000 -9999.000 -9999.000 -9999.000 -9999.000 -9999.000 7.682 12.150 11.670 11.804 9.033 7.354 7.353 7.319 6.869 6.863 6.647 6.647 7.303 -9999.000 7.456 7.633 7.671 7.160 7.402 6.983 7.282 7.394 6.967 -9999.000 -9999.000 7.167 -9999.000 7.345 7.527 7.071 -9999.000 7.240 7.149 6.819 6.886 6.979 6.998 7.080 7.226 7.222 7.280 7.636 8.277 7.506 -9999.000 7.082 -9999.000 -9999.000 -9999.000 7.506 7.802
-9999.000 -9999.000 -9999.000 -9999.000 -9999.000 -9999.000 -9999.000 -9999.000 -9999.000 -9999.000 -9999.000 -9999.000 -9999.000 -9999.000 -9999.000 -9999.000 8.993 11.951 11.694 11.230 9.862 7.848 7.370 7.608 7.118 6.647 6.647 -9999.000 7.499 7.599 7.896 7.701 -9999.000 7.253 -9999.000 7.226 -9999.000 7.477 6.974 6.876 6.882 -9999.000 7.155 7.293 7.383 7.268 6.911 6.907 6.893 6.110 6.923 6.975 6.901 7.067 7.275 7.450 -9999.000 -9999.000 7.567 7.356 6.805 6.805 7.293 7.816 -9999.000 7.756 7.966
-9999.000 -9999.000 -9999.000 -9999.000 -9999.000 -9999.000 -9999.000 6.366 -9999.000 -9999.000 -9999.000 -9999.000 -9999.000 -9999.000 -9999.000 -9999.000 9.120 11.780 11.535 10.586 10.181 7.501 7.470 7.511 6.997 6.827 6.786 7.484 -9999.000 7.631 -9999.000 -9999.000 -9999.000 7.327 7.353 7.107 7.508 7.516 7.387 7.285 7.210 7.130 7.194 7.335 7.411 7.207 6.909 6.907 6.906 -9999.000 -9999.000 6.380 6.807 7.406 -9999.000 7.599 7.721 -9999.000 7.763 -9999.000 -9999.000 7.783 7.863 8.087 -9999.000 7.974 8.034
-9999.000 -9999.000 -9999.000 -9999.000 -9999.000 -9999.000 -9999.000 -9999.000 -9999.000 -9999.000 -9999.000 -9999.000 -9999.000 -9999.000 -9999.000 -9999.000 9.412 12.725 10.675 8.171 9.157 8.591 7.819 7.971 7.640 7.347 7.550 8.089 7.618 7.791 7.512 7.299 7.177 7.011 7.198 7.455 7.745 7.634 7.455 7.643 7.242 7.062 7.090 6.950 7.478 7.112 8.525 -9999.000 7.168 7.470 7.529 -9999.000 6.758 7.225 7.613 7.555 7.675 7.663 -9999.000 7.580 -9999.000 -9999.000 -9999.000 7.637 7.706 7.936 8.024
-9999.000 -9999.000 -9999.000 -9999.000 -9999.000 -9999.000 -9999.000 -9999.000 -9999.000 -9999.000 -9999.000 -9999.000 -9999.000 -9999.000 -9999.000 -9999.000 10.581 12.550 11.194 8.324 7.809 7.095 7.945 7.635 9.397 8.711 7.699 7.739 7.691 7.451 7.380 7.259 7.226 7.266 7.350 7.330 -9999.000 -9999.000 7.803 7.412 7.221 -9999.000 -9999.000 7.207 7.174 7.240 6.865 -9999.000 -9999.000 7.247 7.242 7.244 6.675 6.773 -9999.000 7.390 7.376 7.205 7.426 7.239 7.540 7.370 7.690 7.352 -9999.000 7.655 7.930
-9999.000 -9999.000 -9999.000 -9999.000 -9999.000 -9999.000 -9999.000 -9999.000 -9999.000 -9999.000 -9999.000 -9999.000 -9999.000 -9999.000 -9999.000 4.883 11.511 12.470 11.006 10.678 12.408 7.930 7.308 7.062 7.428 7.591 7.839 7.497 7.653 7.564 7.939 7.956 -9999.000 -9999.000 -9999.000 7.425 -9999.000 7.430 7.229 6.969 -9999.000 7.096 -9999.000 7.280 7.149 7.423 6.976 -9999.000 -9999.000 -9999.000 7.451 7.219 6.675 6.700 6.852 7.290 7.195 -9999.000 7.225 -9999.000 7.733 7.555 7.400 7.587 7.761 7.646 7.633
-9999.000 -9999.000 -9999.000 -9999.000 -9999.000 -9999.000 6.326 -9999.000 -9999.000 -9999.000 -9999.000 -9999.000 -9999.000 -9999.000 -9999.000 4.665 10.577 12.563 11.521 13.181 7.259 6.924 7.010 8.134 8.451 8.462 8.362 7.966 -9999.000 8.277 8.320 8.279 8.156 8.330 7.980 7.590 7.374 -9999.000 -9999.000 -9999.000 6.897 -9999.000 7.240 7.245 7.096 7.383 7.069 7.119 7.469 7.504 -9999.000 7.114 -9999.000 6.621 -9999.000 7.521 7.537 7.473 7.305 7.417 7.319 7.509 7.500 -9999.000 -9999.000 7.356 7.454
-9999.000 -9999.000 -9999.000 -9999.000 -9999.000 -9999.000 6.061 -9999.000 -9999.000 -9999.000 -9999.000 -9999.000 -9999.000 -9999.000 -9999.000 4.297 8.596 12.674 11.776 12.570 8.271 8.295 8.695 8.571 8.556 8.560 8.572 -9999.000 8.247 8.279 8.353 8.302 8.335 8.033 7.958 7.627 7.630 7.292 7.321 -9999.000 6.751 -9999.000 7.037 7.190 7.249 7.346 7.200 7.551 -9999.000 -9999.000 7.366 7.188 -9999.000 6.578 -9999.000 7.491 7.597 -9999.000 7.356 7.320 7.626 7.348 7.369 -9999.000 -9999.000 6.764 7.391
-9999.000 -9999.000 -9999.000 -9999.000 -9999.000 -9999.000 5.717 -9999.000 -9999.000 -9999.000 -9999.000 -9999.000 -9999.000 -9999.000 -9999.000 4.099 6.925 11.350 12.039 12.016 10.177 9.779 8.672 8.555 8.673 8.689 9.010 9.142 8.221 8.358 -9999.000 8.255 8.142 8.137 8.012 8.020 7.688 7.319 -9999.000 6.991 -9999.000 6.933 7.018 7.333 7.237 7.354 7.312 7.354 -9999.000 -9999.000 7.686 6.542 6.603 6.646 7.310 7.487 7.413 7.450 7.432 7.292 7.328 7.321 7.272 7.439 7.486 -9999.000 -9999.000
-9999.000 -9999.000 -9999.000 -9999.000 -9999.000 -9999.000 -9999.000 -9999.000 -9999.000 -9999.000 -9999.000 -9999.000 -9999.000 -9999.000 -9999.000 4.092 6.761 11.166 12.178 11.582 10.421 9.117 8.675 8.724 8.642 8.663 8.831 8.855 8.597 8.488 8.254 8.120 8.251 8.218 7.183 7.411 7.685 7.433 7.387 -9999.000 -9999.000 6.887 -9999.000 7.630 -9999.000 7.364 7.435 7.146 7.463 7.583 -9999.000 7.829 7.369 6.654 6.978 -9999.000 7.405 7.328 7.369 -9999.000 -9999.000 7.425 7.273 8.130 8.233 -9999.000 -9999.000
-9999.000 -9999.000 -9999.000 -9999.000 -9999.000 -9999.000 -9999.000 -9999.000 -9999.000 -9999.000 -9999.000 -9999.000 -9999.000 -9999.000 -9999.000 3.628 7.703 11.891 12.202 11.795 10.108 9.012 8.997 9.088 8.908 8.855 8.841 8.665 8.291 8.231 -9999.000 8.038 7.658 6.979 7.088 7.679 7.803 -9999.000 7.302 7.157 6.863 6.818 6.831 7.516 7.391 7.319 7.434 7.136 -9999.000 -9999.000 7.817 -9999.000 7.785 6.694 6.954 7.351 -9999.000 7.406 7.410 7.322 -9999.000 -9999.000 7.359 6.917 -9999.000 6.377 6.535
-9999.000 -9999.000 -9999.000 -9999.000 -9999.000 -9999.000 -9999.000 -9999.000 -9999.000 -9999.000 -9999.000 -9999.000 -9999.000 -9999.000 -9999.000 -9999.000 7.326 11.982 12.186 14.059 9.762 -9999.000 9.162 9.210 9.191 9.153 8.617 8.190 -9999.000 8.017 -9999.000 7.077 7.075 7.185 -9999.000 8.070 7.876 -9999.000 -9999.000 7.129 7.105 7.054 7.312 7.355 7.388 7.612 7.608 7.738 7.550 -9999.000 7.812 8.372 7.790 5.933 6.564 7.353 -9999.000 7.471 6.960 -9999.000 -9999.000 6.713 6.714 6.701 6.735 6.766 -9999.000
-9999.000 -9999.000 -9999.000 -9999.000 -9999.000 -9999.000 -9999.000 -9999.000 -9999.000 -9999.000 -9999.000 -9999.000 -9999.000 -9999.000 -9999.000 -9999.000 7.326 11.807 11.943 10.568 9.263 9.205 9.290 8.934 8.750 8.546 8.632 -9999.000 7.486 7.075 7.075 7.075 7.075 7.751 -9999.000 8.099 7.874 7.761 -9999.000 7.557 7.665 8.117 7.681 7.381 7.582 7.503 5.969 7.509 7.401 -9999.000 -9999.000 7.841 -9999.000 -9999.000 6.465 -9999.000 5.343 6.167 6.074 6.276 6.370 -9999.000 -9999.000 6.405 6.673 6.712 6.583
-9999.000 -9999.000 -9999.000 -9999.000 -9999.000 -9999.000 -9999.000 -9999.000 -9999.000 -9999.000 -9999.000 -9999.000 -9999.000 -9999.000 -9999.000 -9999.000 7.759 11.536 11.953 10.162 9.366 9.280 8.731 8.665 8.407 -9999.000 7.857 7.080 7.254 7.120 7.273 7.655 7.684 7.037 7.449 7.988 8.076 7.870 7.590 7.982 8.313 8.785 7.990 7.849 7.424 7.536 7.062 7.759 7.994 -9999.000 -9999.000 7.633 7.392 6.745 6.343 6.301 5.985 6.166 6.212 6.208 6.366 6.342 -9999.000 6.335 6.664 6.611 6.555
-9999.000 -9999.000 -9999.000 -9999.000 -9999.000 -9999.000 -9999.000 -9999.000 -9999.000 -9999.000 -9999.000 -9999.000 -9999.000 -9999.000 -9999.000 -9999.000 6.926 11.600 11.737 9.707 9.238 8.981 8.684 -9999.000 7.787 7.274 7.033 7.037 7.192 7.451 7.842 7.050 7.107 7.037 7.184 7.842 8.097 7.785 8.255 8.691 8.313 8.568 8.069 7.943 7.649 7.524 8.016 8.519 7.535 7.376 7.083 6.939 -9999.000 6.293 6.381 -9999.000 6.214 6.187 -9999.000 6.205 6.254 6.277 6.283 6.283 6.503 6.514 6.385
-9999.000 -9999.000 -9999.000 -9999.000 -9999.000 -9999.000 -9999.000 -9999.000 -9999.000 -9999.000 -9999.000 -9999.000 -9999.000 -9999.000 -9999.000 -9999.000 10.528 11.825 11.649 9.815 8.895 -9999.000 8.508 8.095 7.433 7.033 7.033 7.253 7.537 7.675 7.048 7.048 7.048 7.986 7.709 7.678 7.905 7.742 -9999.000 -9999.000 -9999.000 -9999.000 -9999.000 -9999.000 -9999.000 7.854 10.362 7.995 7.542 -9999.000 7.490 6.588 6.435 6.294 6.283 6.431 6.321 -9999.000 -9999.000 6.211 -9999.000 6.283 6.283 6.283 6.276 -9999.000 -9999.000
-9999.000 -9999.000 -9999.000 -9999.000 -9999.000 -9999.000 -9999.000 -9999.000 -9999.000 -9999.000 -9999.000 -9999.000 -9999.000 -9999.000 -9999.000 -9999.000 10.928 11.875 12.058 9.941 9.321 8.296 7.714 7.498 7.171 7.033 7.430 7.296 7.027 7.027 7.339 7.310 7.552 7.410 6.381 7.659 7.959 7.683 8.407 8.610 8.891 8.470 -9999.000 7.930 -9999.000 7.864 7.437 7.605 7.567 -9999.000 7.397 6.638 7.361 6.816 5.865 6.240 -9999.000 -9999.000 6.374 6.219 -9999.000 6.283 -9999.000 6.415 6.267 -9999.000 6.214
-9999.000 -9999.000 -9999.000 -9999.000 -9999.000 -9999.000 -9999.000 -9999.000 -9999.000 -9999.000 -9999.000 -9999.000 -9999.000 -9999.000 -9999.000 -9999.000 11.151 11.861 12.044 10.769 7.424 -9999.000 7.186 7.186 7.598 8.030 7.216 7.038 7.027 7.586 7.684 7.087 7.064 7.506 7.642 7.240 7.901 7.593 -9999.000 8.604 8.850 8.783 8.097 7.930 -9999.000 -9999.000 7.379 7.827 7.747 -9999.000 7.546 7.709 7.862 7.007 -9999.000 6.483 -9999.000 6.301 6.314 6.241 6.269 -9999.000 -9999.000 -9999.000 6.621 6.431 6.305
-9999.000 -9999.000 -9999.000 6.348 -9999.000 -9999.000 -9999.000 -9999.000 -9999.000 -9999.000 -9999.000 -9999.000 -9999.000 -9999.000 -9999.000 -9999.000 10.914 11.895 12.031 10.236 7.562 -9999.000 7.186 7.186 7.338 7.088 7.170 7.111 7.306 7.125 7.316 7.280 -9999.000 7.228 -9999.000 4.273 7.902 7.577 -9999.000 8.572 8.720 8.732 8.322 -9999.000 -9999.000 -9999.000 7.394 7.832 7.839 7.156 7.344 7.344 7.374 7.264 -9999.000 6.542 -9999.000 6.228 6.345 6.423 6.736 6.530 -9999.000 -9999.000 6.790 6.450 6.420
-9999.000 -9999.000 -9999.000 4.833 -9999.000 -9999.000 -9999.000 -9999.000 -9999.000 -9999.000 -9999.000 -9999.000 -9999.000 -9999.000 -9999.000 -9999.000 8.060 11.949 11.485 9.975 10.209 9.428 8.946 7.246 7.088 7.088 7.326 7.227 7.058 7.099 7.275 7.532 7.772 -9999.000 -9999.000 6.415 7.911 7.561 8.180 7.995 8.310 8.274 8.144 7.836 -9999.000 -9999.000 7.454 7.588 7.837 6.943 7.307 -9999.000 -9999.000 -9999.000 6.548 6.687 -9999.000 -9999.000 6.472 6.380 6.728 6.600 6.766 6.786 6.874 6.824 6.598
