hx_30m/njhx/rain/result-0052.wd
ncols         211
nrows         286
xllcorner     660279.582600
yllcorner     3541874.325092
cellsize      30.000000
NODATA_value  -9999.000000
[rows 102 to 135 of 286, columns 77 to 153 of 211]
0.000 0.058 0.010 0.002 0.005 0.002 0.000 0.000 0.000 0.001 0.005 0.002 0.001 0.000 0.000 0.000 0.000 0.005 0.030 0.002 0.010 0.047 0.144 0.010 0.010 0.010 0.018 0.001 0.003 0.003 0.000 0.000 0.000 0.001 0.001 0.000 0.001 0.001 0.003 0.000 0.001 0.001 0.003 0.002 0.000 0.001 0.001 0.000 0.000 0.000 0.002 0.010 0.002 0.000 0.002 0.000 0.000 0.002 0.001 0.000 0.000 0.000 0.000 0.002 0.000 0.001 0.001 0.000 0.000 0.000 0.001 0.000 0.000 0.001 0.003 0.005 0.000
0.010 0.010 0.003 0.001 0.005 0.000 0.000 0.000 0.000 0.010 0.003 0.000 0.000 0.000 0.000 0.001 0.002 0.002 0.002 0.010 0.027 0.010 0.010 0.010 0.010 0.010 0.010 0.000 0.001 0.001 0.000 0.000 0.000 0.003 0.000 0.000 0.001 0.000 0.001 0.000 0.003 0.003 0.033 0.000 0.000 0.000 0.000 0.001 0.000 0.000 0.000 0.003 0.003 0.000 0.000 0.000 0.000 0.001 0.002 0.001 0.000 0.000 0.000 0.001 0.003 0.000 0.000 0.000 0.000 0.000 0.000 0.001 0.001 0.000 0.000 0.002 0.000
0.010 0.010 0.003 0.002 0.010 0.001 0.001 0.001 0.000 0.000 0.010 0.002 0.000 0.000 0.000 0.000 0.000 0.000 0.000 0.001 0.010 0.022 0.010 0.010 0.010 0.010 0.010 0.005 0.001 0.001 0.010 0.003 0.002 0.004 0.001 0.003 0.003 0.003 0.002 0.001 0.000 0.010 0.000 0.000 0.000 0.001 0.000 0.000 0.000 0.000 0.000 0.004 0.000 0.000 0.010 0.011 0.002 0.005 0.003 0.001 0.000 0.003 0.010 0.000 0.000 0.000 0.001 0.001 0.003 0.010 0.003 0.000 0.000 0.000 0.003 0.010 0.003
0.010 0.010 0.003 0.005 0.005 0.009 0.005 0.000 0.000 0.000 0.010 0.001 0.000 0.000 0.000 0.000 0.001 0.001 0.001 0.000 0.096 0.107 0.010 0.010 0.010 0.010 0.010 0.166 0.010 0.010 0.010 0.010 0.010 0.010 0.147 0.010 0.003 0.003 0.001 0.001 0.000 0.028 0.010 0.001 0.000 0.000 0.000 0.001 0.000 0.000 0.000 0.002 0.000 0.000 0.000 0.001 0.002 0.000 0.000 0.000 0.000 0.000 0.000 0.004 0.001 0.001 0.001 0.002 0.000 0.001 0.000 0.000 0.000 0.010 0.010 0.010 0.010
0.010 0.010 0.001 0.005 0.003 0.000 0.000 0.000 0.000 0.000 0.000 0.000 0.000 0.000 0.000 0.000 0.001 0.000 0.000 0.001 0.010 0.010 0.010 0.010 0.010 0.010 0.010 0.010 0.010 0.010 0.010 0.010 0.010 0.010 0.010 0.010 0.003 0.003 0.001 0.001 0.010 0.010 0.010 0.010 0.005 0.000 0.000 0.001 0.001 0.001 0.001 0.011 0.010 0.000 0.000 0.000 0.000 0.000 0.000 0.000 0.000 0.000 0.000 0.000 0.001 0.008 0.000 0.000 0.006 0.000 0.000 0.000 0.002 0.010 0.000 0.010 0.002
0.010 0.010 0.003 0.005 0.003 0.001 0.000 0.000 0.000 0.000 0.000 0.000 0.000 0.000 0.000 0.000 0.000 0.000 0.001 0.010 0.010 0.063 0.245 0.171 0.010 0.010 0.010 0.010 0.189 0.076 0.010 0.010 0.000 0.146 0.000 0.010 0.003 0.003 0.001 0.007 0.010 0.010 0.010 0.010 0.001 0.000 0.000 0.000 0.000 0.000 0.000 0.000 0.008 0.000 0.000 0.000 0.000 0.001 0.001 0.000 0.000 0.000 0.000 0.000 0.000 0.010 0.000 0.001 0.000 0.000 0.000 0.001 0.001 0.010 0.000 0.000 0.010
0.290 0.033 0.002 0.005 0.002 0.000 0.000 0.000 0.000 0.000 0.000 0.000 0.000 0.000 0.003 0.000 0.000 0.001 0.001 0.003 0.010 0.635 0.010 0.010 0.010 0.010 0.010 0.010 0.010 0.010 0.010 0.010 0.117 0.010 0.024 0.000 0.003 0.284 0.006 0.000 0.010 0.110 0.001 0.001 0.002 0.000 0.001 0.000 0.001 0.000 0.001 0.001 0.002 0.000 0.001 0.003 0.000 0.000 0.000 0.001 0.001 0.001 0.000 0.001 0.000 0.004 0.000 0.001 0.001 0.000 0.001 0.010 0.000 0.000 0.000 0.032 0.003
0.074 0.010 0.001 0.010 0.005 0.002 0.001 0.000 0.000 0.001 0.001 0.001 0.000 0.000 0.002 0.001 0.010 0.002 0.001 0.003 0.001 0.002 0.002 0.010 0.010 0.009 0.002 0.005 0.010 0.007 0.003 0.005 0.001 0.005 0.005 0.010 0.002 0.010 0.001 0.010 0.011 0.010 0.005 0.000 0.004 0.000 0.001 0.000 0.000 0.000 0.000 0.001 0.001 0.000 0.000 0.000 0.000 0.000 0.000 0.000 0.000 0.002 0.000 0.000 0.000 0.000 0.000 0.000 0.001 0.000 0.057 0.010 0.000 0.000 0.000 0.010 0.001
0.010 0.010 0.001 0.010 0.000 0.000 0.000 0.000 0.000 0.001 0.001 0.004 0.000 0.006 0.001 0.018 0.010 0.010 0.004 0.002 0.001 0.001 0.010 0.001 0.046 0.010 0.010 0.004 0.010 0.004 0.002 0.001 0.001 0.001 0.002 0.005 0.000 0.044 0.002 0.010 0.010 0.005 0.001 0.004 0.002 0.002 0.001 0.002 0.001 0.001 0.002 0.001 0.010 0.013 0.010 0.011 0.002 0.002 0.002 0.002 0.001 0.001 0.001 0.000 0.000 0.002 0.001 0.002 0.001 0.001 0.003 0.010 0.005 0.010 0.010 0.010 0.010
0.010 0.003 0.003 0.003 0.001 0.000 0.000 0.000 0.000 0.000 0.005 0.000 0.000 0.001 0.008 0.000 0.000 0.000 0.002 0.010 0.010 0.010 0.007 0.008 0.010 0.005 0.022 0.002 0.004 0.009 0.001 0.000 0.001 0.002 0.001 0.005 0.010 0.035 0.002 0.003 0.005 0.004 0.001 0.002 0.001 0.001 0.001 0.002 0.002 0.001 0.005 0.001 0.001 0.002 0.002 0.005 0.002 0.000 0.002 0.000 0.002 0.003 0.003 0.001 0.002 0.001 0.001 0.001 0.001 0.001 0.000 0.001 0.000 0.000 0.001 0.005 0.010
0.010 0.003 0.003 0.003 0.001 0.000 0.000 0.000 0.000 0.000 0.005 0.002 0.001 0.010 0.010 0.023 0.000 0.003 0.001 0.000 0.001 0.001 0.000 0.000 0.001 0.010 0.010 0.010 0.010 0.010 0.001 0.000 0.005 0.000 0.000 0.000 0.002 0.256 0.002 0.010 0.000 0.000 0.010 0.010 0.010 0.001 0.001 0.001 0.010 0.010 0.010 0.003 0.011 0.010 0.139 0.010 0.002 0.001 0.000 0.001 0.001 0.001 0.010 0.001 0.000 0.001 0.000 0.000 0.001 0.010 0.010 0.000 0.000 0.000 0.000 0.000 0.002
0.010 0.001 0.010 0.002 0.000 0.000 0.001 0.002 0.001 0.001 0.006 0.001 0.014 0.010 0.004 0.001 0.000 0.001 0.005 0.010 0.010 0.056 0.010 0.000 0.001 0.010 0.010 0.010 0.010 0.010 0.030 0.000 0.010 0.000 0.001 0.000 0.001 0.010 0.006 0.010 0.010 0.010 0.103 0.010 0.010 0.001 0.000 0.000 0.010 0.010 0.010 0.001 0.000 0.010 0.010 0.010 0.001 0.001 0.001 0.000 0.000 0.002 0.000 0.000 0.001 0.003 0.001 0.010 0.005 0.010 0.031 0.001 0.000 0.000 0.000 0.000 0.001
0.005 0.002 0.010 0.001 0.000 0.001 0.000 0.000 0.000 0.001 0.033 0.010 0.010 0.000 0.000 0.000 0.010 0.003 0.001 0.001 0.000 0.000 0.000 0.000 0.002 0.002 0.010 0.010 0.058 0.010 0.001 0.010 0.010 0.000 0.000 0.000 0.000 0.010 0.003 0.002 0.002 0.000 0.000 0.000 0.001 0.012 0.000 0.000 0.010 0.002 0.002 0.004 0.002 0.003 0.002 0.010 0.000 0.000 0.000 0.000 0.000 0.000 0.000 0.000 0.000 0.001 0.000 0.000 0.010 0.010 0.005 0.000 0.000 0.022 0.000 0.000 0.003
0.001 0.003 0.003 0.001 0.001 0.010 0.002 0.001 0.000 0.001 0.008 0.000 0.000 0.000 0.000 0.000 0.001 0.000 0.042 0.000 0.001 0.001 0.000 0.000 0.001 0.002 0.010 0.010 0.010 0.034 0.001 0.010 0.010 0.000 0.000 0.000 0.001 0.067 0.001 0.002 0.004 0.001 0.000 0.000 0.001 0.212 0.000 0.000 0.010 0.004 0.000 0.001 0.004 0.000 0.005 0.005 0.002 0.003 0.010 0.010 0.003 0.000 0.000 0.000 0.001 0.001 0.000 0.001 0.001 0.000 0.001 0.002 0.000 0.000 0.000 0.000 0.001
0.002 0.003 0.002 0.000 0.000 0.003 0.000 0.000 0.000 0.000 0.007 0.000 0.003 0.003 0.001 0.000 0.000 0.001 0.001 0.000 0.000 0.000 0.000 0.000 0.001 0.011 0.010 0.010 0.010 0.004 0.001 0.010 0.020 0.001 0.000 0.004 0.001 0.004 0.001 0.010 0.005 0.001 0.000 0.000 0.003 0.010 0.001 0.001 0.001 0.000 0.000 0.000 0.000 0.000 0.000 0.000 0.003 0.005 0.003 0.010 0.002 0.000 0.000 0.001 0.001 0.004 0.000 0.000 0.000 0.000 0.001 0.005 0.000 0.000 0.002 0.000 0.000
0.001 0.010 0.001 0.002 0.000 0.001 0.000 0.000 0.000 0.000 0.004 0.000 0.001 0.001 0.001 0.000 0.010 0.000 0.000 0.000 0.000 0.000 0.000 0.000 0.002 0.001 0.002 0.004 0.004 0.004 0.000 0.000 0.010 0.010 0.001 0.002 0.002 0.010 0.001 0.002 0.004 0.002 0.000 0.000 0.001 0.001 0.002 0.000 0.002 0.000 0.000 0.001 0.000 0.000 0.001 0.000 0.001 0.001 0.000 0.004 0.000 0.000 0.000 0.000 0.003 0.010 0.000 0.010 0.029 0.000 0.001 0.010 0.002 0.002 0.010 0.000 0.000
0.003 0.010 0.002 0.005 0.001 0.000 0.001 0.000 0.000 0.001 0.010 0.000 0.000 0.000 0.070 0.000 0.236 0.000 0.000 0.000 0.000 0.000 0.000 0.000 0.001 0.002 0.000 0.000 0.004 0.010 0.000 0.003 0.000 0.002 0.002 0.000 0.000 0.010 0.002 0.010 0.010 0.010 0.000 0.000 0.000 0.004 0.004 0.002 0.004 0.001 0.002 0.010 0.000 0.000 0.000 0.000 0.000 0.000 0.000 0.000 0.000 0.000 0.000 0.000 0.001 0.027 0.037 0.010 0.010 0.010 0.080 0.186 0.017 0.211 0.000 0.002 0.010
0.003 0.003 0.000 0.000 0.000 0.000 0.000 0.001 0.002 0.000 0.151 0.003 0.010 0.010 0.017 0.308 0.094 0.000 0.005 0.003 0.003 0.001 0.000 0.000 0.002 0.001 0.004 0.001 0.001 0.001 0.004 0.182 0.298 0.404 0.004 0.000 0.001 0.010 0.002 0.002 0.004 0.010 0.000 0.000 0.019 0.002 0.000 0.004 0.002 0.010 0.010 0.002 0.000 0.002 0.000 0.001 0.001 0.000 0.001 0.001 0.001 0.000 0.000 0.000 0.001 0.002 0.018 0.000 0.000 0.000 0.010 0.011 0.022 0.032 0.004 0.004 0.040
0.010 0.002 0.005 0.003 0.001 0.001 0.000 0.000 0.001 0.000 0.112 0.004 0.543 0.010 0.114 0.261 0.083 0.042 0.003 0.010 0.010 0.010 0.002 0.001 0.002 0.004 0.010 0.000 0.002 0.002 0.079 0.432 0.404 0.333 0.007 0.000 0.004 0.010 0.002 0.001 0.001 0.002 0.004 0.000 0.001 0.001 0.000 0.001 0.001 0.001 0.004 0.000 0.000 0.000 0.000 0.001 0.000 0.001 0.000 0.001 0.000 0.000 0.000 0.000 0.001 0.046 0.002 0.000 0.000 0.000 0.010 0.010 0.029 0.035 0.001 0.010 0.000
0.010 0.001 0.000 0.001 0.000 0.000 0.005 0.000 0.000 0.000 0.183 0.005 0.010 0.010 0.010 0.010 0.242 0.093 0.003 0.010 0.010 0.000 0.003 0.001 0.000 0.004 0.000 0.000 0.000 0.000 0.004 0.450 0.428 0.035 0.001 0.000 0.010 0.004 0.010 0.000 0.000 0.002 0.010 0.003 0.000 0.001 0.002 0.002 0.001 0.001 0.002 0.000 0.001 0.000 0.000 0.001 0.001 0.000 0.002 0.000 0.000 0.001 0.000 0.000 0.010 0.000 0.010 0.010 0.000 0.000 0.010 0.010 0.013 0.010 0.002 0.001 0.000
0.001 0.002 0.001 0.001 0.000 0.000 0.001 0.010 0.010 0.010 0.066 0.010 0.004 0.010 0.010 0.010 0.065 0.033 0.001 0.000 0.000 0.010 0.003 0.002 0.000 0.002 0.000 0.004 0.000 0.000 0.001 0.172 0.360 0.001 0.001 0.001 0.003 0.002 0.004 0.000 0.002 0.002 0.001 0.002 0.000 0.001 0.000 0.000 0.003 0.000 0.002 0.001 0.002 0.001 0.006 0.001 0.010 0.000 0.000 0.000 0.000 0.000 0.001 0.000 0.002 0.008 0.002 0.003 0.003 0.000 0.261 0.023 0.085 0.036 0.368 0.000 0.000
0.002 0.003 0.000 0.001 0.000 0.001 0.000 0.001 0.002 0.003 0.010 0.002 0.002 0.010 0.005 0.002 0.009 0.010 0.001 0.001 0.001 0.010 0.009 0.001 0.002 0.004 0.002 0.079 0.016 0.017 0.013 0.019 0.010 0.002 0.001 0.044 0.002 0.003 0.010 0.000 0.010 0.010 0.002 0.000 0.000 0.002 0.002 0.001 0.002 0.004 0.010 0.001 0.010 0.010 0.010 0.000 0.000 0.000 0.000 0.000 0.000 0.001 0.004 0.002 0.001 0.000 0.000 0.000 0.000 0.000 0.000 0.000 0.005 0.001 0.000 0.001 0.000
0.001 0.000 0.000 0.000 0.000 0.000 0.000 0.001 0.002 0.000 0.253 0.000 0.002 0.000 0.010 0.000 0.000 0.010 0.000 0.000 0.000 0.000 0.026 0.069 0.068 0.047 0.072 0.000 0.000 0.000 0.000 0.032 0.004 0.010 0.002 0.368 0.004 0.004 0.002 0.000 0.002 0.010 0.001 0.000 0.000 0.000 0.000 0.002 0.008 0.010 0.001 0.000 0.005 0.000 0.000 0.000 0.000 0.000 0.000 0.000 0.000 0.000 0.000 0.001 0.001 0.000 0.000 0.000 0.000 0.001 0.000 0.000 0.001 0.000 0.000 0.004 0.000
0.001 0.000 0.001 0.000 0.001 0.000 0.001 0.001 0.002 0.000 0.298 0.000 0.000 0.000 0.012 0.001 0.001 0.045 0.000 0.000 0.000 0.000 0.031 0.023 0.134 0.121 0.001 0.002 0.002 0.002 0.001 0.000 0.047 0.000 0.000 0.054 0.010 0.002 0.000 0.001 0.001 0.010 0.001 0.001 0.000 0.000 0.000 0.000 0.001 0.001 0.004 0.000 0.003 0.010 0.021 0.000 0.000 0.000 0.000 0.000 0.000 0.000 0.000 0.000 0.000 0.000 0.002 0.010 0.002 0.002 0.000 0.000 0.000 0.004 0.000 0.002 0.000
0.005 0.000 0.000 0.000 0.000 0.000 0.000 0.000 0.000 0.000 0.195 0.000 0.000 0.000 0.001 0.010 0.010 0.001 0.001 0.002 0.000 0.000 0.089 0.158 0.115 0.001 0.004 0.009 0.002 0.001 0.001 0.005 0.000 0.000 0.000 0.002 0.002 0.001 0.000 0.001 0.000 0.000 0.004 0.001 0.000 0.000 0.001 0.000 0.000 0.000 0.001 0.000 0.001 0.001 0.001 0.000 0.000 0.000 0.000 0.000 0.000 0.000 0.000 0.000 0.002 0.002 0.003 0.032 0.000 0.002 0.000 0.001 0.000 0.000 0.004 0.001 0.000
0.001 0.001 0.000 0.000 0.000 0.001 0.000 0.000 0.000 0.000 0.197 0.000 0.000 0.000 0.000 0.000 0.000 0.002 0.000 0.002 0.000 0.000 0.087 0.000 0.000 0.000 0.000 0.000 0.000 0.000 0.000 0.000 0.000 0.000 0.000 0.000 0.004 0.001 0.000 0.000 0.000 0.002 0.004 0.002 0.001 0.001 0.002 0.004 0.000 0.001 0.000 0.001 0.001 0.002 0.000 0.000 0.000 0.000 0.000 0.000 0.000 0.000 0.000 0.000 0.000 0.000 0.000 0.010 0.000 0.000 0.000 0.002 0.000 0.000 0.000 0.003 0.001
0.001 0.001 0.005 0.000 0.002 0.000 0.000 0.000 0.000 0.002 0.005 0.000 0.000 0.000 0.000 0.000 0.000 0.000 0.000 0.000 0.000 0.000 0.261 0.000 0.000 0.000 0.000 0.000 0.000 0.000 0.000 0.000 0.000 0.000 0.000 0.001 0.010 0.002 0.000 0.000 0.000 0.000 0.000 0.001 0.003 0.008 0.003 0.010 0.001 0.001 0.000 0.001 0.000 0.000 0.001 0.001 0.000 0.000 0.000 0.000 0.000 0.000 0.000 0.000 0.001 0.000 0.000 0.000 0.000 0.000 0.000 0.000 0.004 0.005 0.001 0.010 0.000
0.002 0.000 0.000 0.001 0.001 0.000 0.000 0.000 0.000 0.002 0.005 0.001 0.000 0.000 0.000 0.001 0.000 0.000 0.000 0.000 0.000 0.000 0.425 0.000 0.000 0.000 0.000 0.000 0.001 0.010 0.002 0.000 0.000 0.000 0.004 0.001 0.004 0.002 0.000 0.000 0.010 0.005 0.000 0.002 0.010 0.006 0.000 0.000 0.000 0.000 0.000 0.001 0.000 0.000 0.001 0.000 0.000 0.000 0.000 0.000 0.001 0.001 0.000 0.000 0.001 0.041 0.000 0.000 0.000 0.000 0.000 0.000 0.000 0.002 0.002 0.001 0.002
0.000 0.002 0.001 0.002 0.005 0.000 0.000 0.000 0.003 0.005 0.001 0.000 0.000 0.002 0.000 0.000 0.000 0.001 0.010 0.010 0.000 0.000 0.497 0.000 0.000 0.000 0.000 0.000 0.000 0.010 0.001 0.000 0.000 0.001 0.000 0.002 0.010 0.004 0.000 0.000 0.003 0.000 0.000 0.000 0.006 0.010 0.001 0.003 0.001 0.001 0.002 0.001 0.002 0.002 0.002 0.004 0.001 0.001 0.000 0.000 0.000 0.000 0.000 0.010 0.002 0.002 0.000 0.000 0.000 0.000 0.001 0.001 0.000 0.000 0.001 0.000 0.001
0.001 0.000 0.001 0.000 0.000 0.002 0.001 0.000 0.001 0.010 0.005 0.010 0.005 0.008 0.010 0.075 0.001 0.000 0.000 0.000 0.000 0.000 0.462 0.001 0.000 0.001 0.000 0.000 0.000 0.010 0.000 0.000 0.000 0.000 0.000 0.000 0.004 0.002 0.002 0.002 0.049 0.000 0.000 0.001 0.001 0.001 0.000 0.000 0.001 0.000 0.001 0.002 0.000 0.000 0.000 0.000 0.001 0.002 0.000 0.000 0.002 0.001 0.001 0.001 0.010 0.000 0.000 0.000 0.001 0.001 0.000 0.000 0.000 0.010 0.043 0.002 0.001
0.000 0.000 0.002 0.000 0.000 0.000 0.001 0.001 0.001 0.005 0.001 0.074 0.000 0.000 0.000 0.000 0.000 0.000 0.000 0.000 0.000 0.000 0.589 0.001 0.001 0.001 0.000 0.000 0.000 0.001 0.000 0.000 0.000 0.003 0.000 0.002 0.010 0.001 0.000 0.000 0.000 0.000 0.000 0.000 0.000 0.001 0.000 0.000 0.000 0.000 0.000 0.002 0.000 0.000 0.000 0.000 0.000 0.000 0.000 0.000 0.000 0.001 0.000 0.002 0.002 0.000 0.000 0.000 0.000 0.001 0.004 0.000 0.000 0.000 0.000 0.015 0.000
0.000 0.001 0.005 0.001 0.000 0.000 0.001 0.002 0.000 0.004 0.003 0.173 0.002 0.002 0.002 0.003 0.010 0.001 0.001 0.003 0.000 0.000 0.423 0.001 0.000 0.000 0.000 0.000 0.000 0.000 0.000 0.000 0.001 0.003 0.000 0.000 0.438 0.001 0.000 0.000 0.010 0.035 0.000 0.000 0.000 0.001 0.001 0.000 0.000 0.000 0.000 0.000 0.001 0.004 0.000 0.000 0.000 0.000 0.001 0.001 0.000 0.000 0.000 0.000 0.002 0.000 0.000 0.042 0.000 0.000 0.001 0.001 0.000 0.000 0.000 0.000 0.000
0.000 0.005 0.000 0.001 0.001 0.000 0.000 0.001 0.000 0.001 0.002 0.010 0.000 0.000 0.010 0.000 0.000 0.002 0.000 0.000 0.001 0.000 0.287 0.001 0.000 0.000 0.000 0.001 0.001 0.001 0.000 0.000 0.010 0.002 0.005 0.003 0.010 0.000 0.010 0.000 0.002 0.000 0.010 0.000 0.000 0.002 0.000 0.004 0.000 0.000 0.000 0.000 0.010 0.001 0.000 0.000 0.000 0.001 0.000 0.000 0.000 0.000 0.000 0.000 0.000 0.037 0.000 0.000 0.008 0.000 0.000 0.001 0.001 0.000 0.000 0.000 0.000
0.003 0.010 0.001 0.001 0.014 0.010 0.001 0.003 0.002 0.003 0.005 0.009 0.010 0.010 0.005 0.005 0.010 0.001 0.000 0.000 0.003 0.001 0.002 0.001 0.001 0.001 0.001 0.001 0.001 0.001 0.000 0.001 0.001 0.000 0.001 0.001 0.010 0.003 0.001 0.001 0.001 0.000 0.000 0.002 0.001 0.001 0.000 0.000 0.000 0.000 0.010 0.000 0.002 0.002 0.000 0.000 0.000 0.000 0.000 0.000 0.000 0.001 0.010 0.000 0.001 0.000 0.010 0.001 0.000 0.000 0.000 0.000 0.004 0.000 0.000 0.000 0.002
