hx_30m/njhx/rain/result-0056.wd
ncols         211
nrows         286
xllcorner     660279.582600
yllcorner     3541874.325092
cellsize      30.000000
NODATA_value  -9999.000000
[rows 204 to 237 of 286, columns 77 to 153 of 211]
0.010 0.010 0.005 0.002 0.032 0.010 0.001 0.000 0.000 0.000 0.010 0.010 0.058 0.270 0.002 0.000 0.000 0.000 0.002 0.002 0.002 0.001 0.003 0.000 0.000 0.002 0.002 0.044 0.128 0.004 0.000 0.000 0.001 0.010 0.001 0.002 0.000 0.007 0.002 0.001 0.000 0.000 0.001 0.002 0.001 0.000 0.000 0.001 0.002 0.001 0.000 0.000 0.000 0.000 0.001 0.000 0.001 0.000 0.011 0.001 0.001 0.010 0.001 0.000 0.010 0.001 0.000 0.004 0.003 0.010 0.001 0.000 0.001 0.001 0.059 0.000 0.000
0.322 0.002 0.004 0.010 0.003 0.010 0.000 0.000 0.001 0.000 0.000 0.000 0.010 0.008 0.005 0.010 0.001 0.001 0.001 0.005 0.000 0.000 0.000 0.002 0.002 0.002 0.010 0.029 0.000 0.000 0.000 0.000 0.000 0.000 0.001 0.010 0.002 0.002 0.000 0.000 0.000 0.006 0.002 0.002 0.000 0.002 0.001 0.001 0.001 0.001 0.001 0.000 0.003 0.000 0.000 0.000 0.000 0.001 0.010 0.006 0.204 0.000 0.000 0.001 0.000 0.001 0.004 0.001 0.001 0.010 0.004 0.001 0.000 0.002 0.000 0.001 0.003
0.002 0.001 0.001 0.004 0.001 0.010 0.000 0.000 0.000 0.000 0.000 0.000 0.010 0.000 0.000 0.001 0.000 0.010 0.001 0.000 0.000 0.000 0.000 0.001 0.002 0.001 0.004 0.002 0.000 0.000 0.000 0.000 0.000 0.004 0.002 0.002 0.001 0.000 0.000 0.001 0.000 0.001 0.001 0.010 0.010 0.005 0.005 0.000 0.000 0.000 0.000 0.002 0.001 0.001 0.004 0.002 0.001 0.001 0.010 0.000 0.010 0.000 0.001 0.002 0.001 0.004 0.004 0.010 0.003 0.000 0.010 0.010 0.004 0.001 0.001 0.001 0.000
0.003 0.004 0.000 0.003 0.010 0.002 0.001 0.001 0.001 0.001 0.000 0.000 0.001 0.001 0.000 0.001 0.000 0.002 0.001 0.001 0.000 0.000 0.010 0.001 0.010 0.000 0.002 0.010 0.010 0.001 0.001 0.000 0.010 0.002 0.001 0.001 0.000 0.000 0.000 0.001 0.000 0.000 0.001 0.001 0.010 0.179 0.000 0.000 0.000 0.000 0.004 0.001 0.001 0.002 0.001 0.004 0.305 0.010 0.010 0.230 0.000 0.001 0.001 0.000 0.000 0.001 0.004 0.010 0.004 0.010 0.010 0.010 0.046 0.000 0.000 0.001 0.000
0.002 0.000 0.010 0.003 0.001 0.001 0.001 0.000 0.000 0.002 0.005 0.001 0.007 0.004 0.008 0.004 0.003 0.197 0.083 0.001 0.001 0.002 0.005 0.001 0.003 0.000 0.010 0.000 0.004 0.010 0.000 0.000 0.000 0.001 0.002 0.001 0.000 0.000 0.001 0.002 0.010 0.000 0.002 0.001 0.010 0.000 0.000 0.000 0.001 0.000 0.003 0.002 0.001 0.001 0.001 0.002 0.010 0.018 0.000 0.095 0.000 0.001 0.001 0.010 0.001 0.002 0.002 0.002 0.001 0.001 0.010 0.005 0.000 0.000 0.039 0.000 0.000
0.000 0.010 0.004 0.001 0.010 0.000 0.000 0.000 0.001 0.001 0.000 0.000 0.000 0.000 0.001 0.001 0.000 0.164 0.371 0.094 0.177 0.006 0.003 0.001 0.000 0.010 0.010 0.001 0.001 0.001 0.003 0.000 0.000 0.001 0.001 0.002 0.001 0.000 0.000 0.000 0.000 0.010 0.001 0.010 0.010 0.000 0.000 0.000 0.000 0.000 0.000 0.003 0.010 0.000 0.002 0.002 0.002 0.001 0.010 0.172 0.000 0.022 0.002 0.001 0.000 0.000 0.001 0.002 0.000 0.000 0.000 0.001 0.000 0.010 0.000 0.010 0.001
0.000 0.002 0.001 0.002 0.000 0.000 0.000 0.000 0.000 0.000 0.001 0.002 0.000 0.000 0.000 0.033 0.002 0.245 0.089 0.267 0.347 0.000 0.556 0.010 0.001 0.002 0.002 0.000 0.000 0.001 0.010 0.000 0.002 0.001 0.002 0.000 0.010 0.002 0.000 0.000 0.000 0.004 0.000 0.010 0.000 0.000 0.000 0.000 0.001 0.001 0.000 0.010 0.010 0.002 0.010 0.000 0.004 0.000 0.010 0.001 0.000 0.004 0.001 0.000 0.000 0.010 0.001 0.000 0.000 0.000 0.000 0.000 0.010 0.010 0.010 0.000 0.001
0.010 0.005 0.005 0.010 0.000 0.000 0.000 0.000 0.000 0.007 0.001 0.000 0.001 0.000 0.000 0.000 0.014 0.104 0.239 0.051 0.412 0.017 0.028 0.118 0.694 0.000 0.076 0.004 0.000 0.000 0.010 0.010 0.002 0.010 0.001 0.000 0.010 0.010 0.001 0.009 0.000 0.010 0.010 0.010 0.010 0.001 0.000 0.000 0.004 0.000 0.000 0.010 0.012 0.000 0.008 0.003 0.076 0.007 0.001 0.001 0.001 0.000 0.002 0.001 0.000 0.000 0.001 0.010 0.001 0.000 0.000 0.001 0.000 0.002 0.003 0.001 0.004
0.000 0.006 0.005 0.005 0.001 0.000 0.001 0.001 0.000 0.001 0.010 0.002 0.000 0.000 0.001 0.001 0.241 0.355 0.371 0.329 0.032 0.001 0.001 0.001 0.010 0.010 0.010 0.010 0.000 0.002 0.002 0.000 0.001 0.002 0.001 0.010 0.010 0.010 0.000 0.000 0.002 0.001 0.001 0.000 0.001 0.000 0.000 0.001 0.000 0.000 0.000 0.000 0.000 0.000 0.005 0.001 0.000 0.000 0.000 0.001 0.001 0.000 0.001 0.001 0.000 0.000 0.010 0.010 0.010 0.010 0.010 0.000 0.010 0.000 0.001 0.010 0.010
0.001 0.001 0.000 0.001 0.000 0.001 0.001 0.001 0.001 0.000 0.017 0.000 0.001 0.001 0.001 0.005 0.357 0.116 0.317 0.005 0.002 0.001 0.010 0.000 0.001 0.001 0.001 0.163 0.001 0.010 0.000 0.021 0.005 0.002 0.002 0.010 0.010 0.001 0.000 0.000 0.009 0.001 0.004 0.001 0.001 0.000 0.001 0.001 0.000 0.000 0.000 0.012 0.000 0.000 0.005 0.020 0.001 0.000 0.000 0.000 0.000 0.002 0.000 0.002 0.001 0.001 0.001 0.008 0.010 0.010 0.002 0.000 0.010 0.002 0.009 0.021 0.000
0.005 0.004 0.001 0.000 0.002 0.000 0.000 0.001 0.001 0.001 0.020 0.001 0.000 0.000 0.001 0.001 0.225 0.403 0.001 0.001 0.001 0.002 0.001 0.001 0.002 0.001 0.001 0.000 0.000 0.001 0.002 0.010 0.000 0.010 0.016 0.002 0.001 0.009 0.002 0.004 0.001 0.001 0.001 0.002 0.000 0.014 0.000 0.000 0.001 0.010 0.000 0.010 0.000 0.001 0.002 0.557 0.000 0.000 0.002 0.000 0.000 0.002 0.000 0.001 0.000 0.001 0.001 0.001 0.002 0.010 0.010 0.000 0.000 0.001 0.001 0.002 0.000
0.002 0.010 0.000 0.000 0.000 0.001 0.000 0.001 0.001 0.000 0.000 0.000 0.001 0.010 0.005 0.002 0.056 0.001 0.009 0.005 0.010 0.010 0.010 0.001 0.002 0.001 0.001 0.010 0.005 0.010 0.001 0.004 0.010 0.010 0.000 0.001 0.002 0.002 0.002 0.063 0.010 0.012 0.001 0.001 0.010 0.000 0.000 0.000 0.000 0.000 0.004 0.000 0.000 0.002 0.000 0.001 0.000 0.001 0.001 0.000 0.002 0.001 0.001 0.000 0.000 0.001 0.005 0.001 0.001 0.001 0.001 0.001 0.001 0.002 0.001 0.000 0.000
0.002 0.004 0.010 0.001 0.001 0.000 0.001 0.000 0.000 0.001 0.007 0.001 0.005 0.000 0.002 0.002 0.160 0.005 0.010 0.001 0.005 0.010 0.010 0.003 0.001 0.001 0.001 0.001 0.001 0.001 0.004 0.004 0.003 0.001 0.010 0.004 0.000 0.002 0.002 0.010 0.004 0.001 0.001 0.000 0.009 0.002 0.000 0.000 0.001 0.000 0.000 0.000 0.001 0.002 0.099 0.000 0.000 0.010 0.001 0.000 0.001 0.001 0.000 0.000 0.000 0.000 0.001 0.001 0.050 0.001 0.001 0.001 0.001 0.001 0.001 0.000 0.001
0.002 0.001 0.003 0.005 0.000 0.001 0.001 0.000 0.000 0.002 0.005 0.000 0.010 0.010 0.002 0.001 0.010 0.001 0.000 0.001 0.002 0.002 0.001 0.002 0.001 0.001 0.004 0.002 0.000 0.001 0.001 0.002 0.001 0.010 0.000 0.002 0.000 0.003 0.000 0.001 0.001 0.000 0.001 0.010 0.000 0.001 0.000 0.027 0.000 0.000 0.000 0.000 0.003 0.000 0.001 0.001 0.002 0.010 0.010 0.000 0.004 0.002 0.001 0.001 0.000 0.000 0.001 0.000 0.000 0.003 0.058 0.001 0.002 0.002 0.001 0.001 0.000
0.004 0.003 0.001 0.001 0.002 0.001 0.000 0.000 0.002 0.001 0.000 0.001 0.001 0.001 0.001 0.001 0.002 0.002 0.004 0.010 0.010 0.004 0.001 0.010 0.004 0.001 0.002 0.002 0.000 0.002 0.001 0.004 0.001 0.010 0.000 0.000 0.000 0.000 0.000 0.630 0.000 0.001 0.005 0.000 0.000 0.000 0.000 0.000 0.000 0.000 0.000 0.001 0.005 0.003 0.000 0.000 0.000 0.000 0.000 0.002 0.001 0.000 0.000 0.001 0.000 0.000 0.000 0.000 0.000 0.000 0.000 0.002 0.010 0.001 0.002 0.001 0.001
0.000 0.010 0.000 0.001 0.001 0.001 0.001 0.001 0.002 0.052 0.000 0.000 0.000 0.001 0.001 0.003 0.001 0.001 0.010 0.010 0.010 0.010 0.004 0.001 0.001 0.001 0.001 0.000 0.000 0.010 0.001 0.002 0.001 0.000 0.010 0.002 0.010 0.001 0.000 0.110 0.021 0.023 0.000 0.010 0.000 0.000 0.000 0.000 0.000 0.000 0.000 0.005 0.002 0.000 0.000 0.001 0.000 0.000 0.000 0.001 0.000 0.000 0.002 0.000 0.001 0.001 0.004 0.001 0.000 0.000 0.001 0.002 0.002 0.010 0.001 0.001 0.001
0.000 0.001 0.000 0.000 0.001 0.001 0.002 0.000 0.001 0.002 0.003 0.010 0.002 0.006 0.001 0.002 0.001 0.001 0.001 0.000 0.010 0.010 0.004 0.001 0.001 0.003 0.002 0.001 0.001 0.003 0.004 0.001 0.010 0.000 0.001 0.000 0.000 0.035 0.019 0.160 0.010 0.019 0.001 0.003 0.003 0.005 0.001 0.000 0.000 0.000 0.001 0.002 0.000 0.000 0.000 0.001 0.000 0.000 0.001 0.000 0.000 0.001 0.001 0.000 0.000 0.000 0.010 0.005 0.002 0.001 0.001 0.001 0.000 0.000 0.000 0.044 0.001
0.001 0.001 0.000 0.000 0.001 0.001 0.000 0.000 0.001 0.001 0.002 0.001 0.003 0.001 0.000 0.000 0.010 0.002 0.001 0.003 0.000 0.120 0.010 0.010 0.002 0.002 0.000 0.000 0.000 0.000 0.002 0.003 0.010 0.000 0.000 0.010 0.038 0.031 0.000 0.084 0.010 0.013 0.010 0.001 0.001 0.010 0.097 0.003 0.001 0.000 0.001 0.005 0.001 0.000 0.000 0.000 0.000 0.004 0.000 0.001 0.010 0.001 0.000 0.001 0.000 0.000 0.000 0.005 0.000 0.001 0.001 0.004 0.000 0.000 0.000 0.000 0.000
0.001 0.002 0.000 0.000 0.004 0.001 0.001 0.001 0.001 0.000 0.000 0.002 0.004 0.002 0.001 0.004 0.005 0.010 0.187 0.010 0.004 0.010 0.001 0.002 0.004 0.002 0.000 0.001 0.000 0.002 0.001 0.000 0.001 0.000 0.001 0.086 0.067 0.001 0.002 0.001 0.010 0.013 0.032 0.003 0.002 0.002 0.001 0.003 0.000 0.001 0.000 0.000 0.000 0.000 0.008 0.000 0.000 0.000 0.000 0.000 0.001 0.010 0.001 0.000 0.001 0.000 0.004 0.000 0.004 0.001 0.002 0.000 0.000 0.000 0.001 0.001 0.001
0.000 0.002 0.001 0.001 0.000 0.004 0.001 0.002 0.000 0.001 0.005 0.001 0.002 0.002 0.002 0.002 0.001 0.004 0.010 0.168 0.010 0.002 0.001 0.001 0.000 0.001 0.000 0.000 0.001 0.001 0.001 0.001 0.000 0.001 0.001 0.078 0.065 0.001 0.000 0.003 0.215 0.097 0.193 0.043 0.010 0.005 0.005 0.001 0.001 0.001 0.055 0.002 0.005 0.000 0.001 0.001 0.000 0.000 0.000 0.001 0.001 0.000 0.095 0.010 0.008 0.010 0.002 0.000 0.001 0.001 0.004 0.000 0.000 0.000 0.001 0.000 0.000
0.000 0.002 0.001 0.002 0.003 0.001 0.001 0.001 0.002 0.001 0.001 0.001 0.001 0.001 0.000 0.010 0.002 0.001 0.000 0.004 0.001 0.107 0.010 0.000 0.000 0.001 0.000 0.000 0.000 0.004 0.002 0.004 0.004 0.001 0.001 0.001 0.000 0.001 0.001 0.001 0.003 0.000 0.003 0.185 0.141 0.113 0.151 0.003 0.002 0.000 0.010 0.010 0.003 0.001 0.001 0.000 0.000 0.000 0.001 0.000 0.000 0.002 0.000 0.002 0.001 0.010 0.010 0.002 0.001 0.002 0.000 0.000 0.000 0.000 0.000 0.000 0.001
0.002 0.000 0.001 0.001 0.001 0.001 0.001 0.001 0.000 0.001 0.001 0.000 0.000 0.000 0.001 0.005 0.010 0.075 0.001 0.002 0.001 0.002 0.006 0.001 0.017 0.001 0.000 0.001 0.001 0.004 0.001 0.000 0.000 0.001 0.001 0.000 0.000 0.001 0.003 0.000 0.000 0.193 0.199 0.089 0.190 0.086 0.005 0.001 0.010 0.007 0.001 0.001 0.001 0.731 0.232 0.002 0.005 0.000 0.000 0.001 0.001 0.001 0.001 0.000 0.000 0.000 0.001 0.000 0.001 0.001 0.000 0.000 0.000 0.000 0.000 0.000 0.001
0.000 0.000 0.001 0.001 0.001 0.000 0.001 0.001 0.001 0.001 0.001 0.000 0.004 0.001 0.002 0.010 0.010 0.010 0.010 0.010 0.000 0.001 0.001 0.001 0.010 0.156 0.001 0.000 0.010 0.001 0.001 0.002 0.010 0.001 0.000 0.000 0.001 0.000 0.001 0.002 0.000 0.102 0.106 0.089 0.002 0.002 0.005 0.005 0.010 0.005 0.010 0.001 0.002 0.005 0.002 0.010 0.203 0.010 0.002 0.002 0.002 0.001 0.001 0.000 0.000 0.000 0.001 0.001 0.000 0.000 0.000 0.000 0.000 0.001 0.000 0.001 0.000
0.002 0.000 0.000 0.015 0.001 0.001 0.002 0.001 0.010 0.001 0.001 0.001 0.000 0.005 0.010 0.010 0.010 0.010 0.010 0.002 0.001 0.000 0.000 0.002 0.001 0.010 0.010 0.001 0.004 0.001 0.001 0.004 0.004 0.001 0.004 0.001 0.000 0.000 0.000 0.001 0.007 0.000 0.000 0.003 0.002 0.001 0.005 0.000 0.002 0.001 0.001 0.001 0.010 0.003 0.001 0.000 0.003 0.839 0.686 0.002 0.002 0.001 0.000 0.000 0.000 0.000 0.001 0.001 0.010 0.010 0.000 0.000 0.000 0.000 0.000 0.000 0.001
0.000 0.000 0.012 0.044 0.001 0.001 0.001 0.002 0.002 0.001 0.000 0.003 0.002 0.001 0.001 0.000 0.001 0.010 0.010 0.001 0.058 0.000 0.010 0.002 0.001 0.001 0.002 0.001 0.002 0.003 0.001 0.000 0.001 0.000 0.000 0.001 0.001 0.005 0.000 0.010 0.000 0.001 0.000 0.000 0.000 0.002 0.003 0.008 0.001 0.003 0.010 0.048 0.005 0.002 0.010 0.010 0.001 0.001 0.002 0.000 0.853 0.146 0.001 0.000 0.000 0.001 0.001 0.000 0.005 0.002 0.000 0.000 0.112 0.001 0.001 0.000 0.002
0.001 0.000 0.004 0.010 0.047 0.002 0.000 0.002 0.001 0.001 0.002 0.000 0.001 0.000 0.001 0.133 0.000 0.001 0.001 0.000 0.001 0.001 0.000 0.001 0.000 0.001 0.008 0.004 0.001 0.002 0.002 0.004 0.000 0.001 0.001 0.001 0.002 0.001 0.003 0.001 0.001 0.000 0.002 0.000 0.002 0.002 0.733 0.005 0.002 0.002 0.002 0.005 0.005 0.001 0.000 0.002 0.000 0.002 0.001 0.001 0.005 0.232 0.684 0.001 0.001 0.001 0.000 0.000 0.000 0.000 0.000 0.067 0.167 0.264 0.190 0.017 0.001
0.010 0.000 0.000 0.000 0.000 0.001 0.000 0.002 0.001 0.001 0.001 0.001 0.001 0.000 0.000 0.000 0.002 0.000 0.000 0.000 0.001 0.001 0.001 0.000 0.000 0.010 0.000 0.004 0.003 0.001 0.000 0.010 0.001 0.001 0.001 0.001 0.001 0.001 0.001 0.001 0.001 0.000 0.000 0.001 0.001 0.000 0.054 0.010 0.010 0.005 0.001 0.002 0.001 0.010 0.003 0.001 0.001 0.001 0.003 0.001 0.010 0.000 0.010 0.680 0.010 0.001 0.001 0.000 0.000 0.000 0.000 0.144 0.183 0.169 0.032 0.013 0.005
0.001 0.001 0.000 0.000 0.000 0.001 0.001 0.002 0.001 0.001 0.002 0.001 0.000 0.000 0.002 0.000 0.000 0.001 0.001 0.000 0.001 0.002 0.003 0.001 0.000 0.000 0.000 0.004 0.001 0.001 0.001 0.001 0.000 0.000 0.000 0.001 0.001 0.001 0.002 0.010 0.001 0.010 0.000 0.003 0.003 0.010 0.022 0.032 0.010 0.005 0.010 0.005 0.001 0.000 0.001 0.001 0.003 0.001 0.005 0.005 0.003 0.000 0.000 0.010 0.001 0.000 0.003 0.001 0.051 0.000 0.074 0.207 0.219 0.199 0.000 0.003 0.016
0.005 0.000 0.001 0.000 0.001 0.001 0.005 0.002 0.000 0.000 0.001 0.003 0.002 0.005 0.000 0.001 0.010 0.000 0.001 0.001 0.001 0.001 0.001 0.000 0.002 0.000 0.001 0.004 0.002 0.000 0.000 0.001 0.001 0.000 0.000 0.000 0.000 0.001 0.010 0.000 0.001 0.000 0.002 0.002 0.048 0.000 0.010 0.010 0.003 0.010 0.002 0.010 0.010 0.005 0.001 0.010 0.003 0.006 0.010 0.010 0.010 0.001 0.000 0.010 0.010 0.081 0.010 0.000 0.341 0.046 0.064 0.171 0.321 0.016 0.001 0.001 0.002
0.000 0.000 0.000 0.000 0.001 0.002 0.002 0.001 0.001 0.000 0.001 0.001 0.000 0.002 0.005 0.000 0.000 0.000 0.000 0.002 0.002 0.000 0.000 0.000 0.000 0.001 0.004 0.001 0.002 0.000 0.000 0.000 0.000 0.002 0.001 0.001 0.000 0.001 0.001 0.002 0.001 0.001 0.001 0.000 0.000 0.000 0.000 0.010 0.000 0.010 0.010 0.001 0.009 0.005 0.001 0.010 0.001 0.000 0.010 0.000 0.010 0.010 0.001 0.001 0.187 0.145 0.143 0.207 0.010 0.000 1.190 0.282 0.113 0.000 0.001 0.001 0.002
0.005 0.001 0.000 0.001 0.001 0.001 0.001 0.000 0.000 0.001 0.001 0.001 0.000 0.000 0.001 0.001 0.002 0.010 0.018 0.000 0.001 0.010 0.057 0.000 0.002 0.001 0.002 0.001 0.000 0.000 0.000 0.001 0.000 0.000 0.000 0.000 0.002 0.001 0.001 0.002 0.001 0.002 0.005 0.995 0.000 0.000 0.000 0.049 0.000 0.000 0.010 0.010 0.001 0.001 0.001 0.005 0.001 0.010 0.011 0.010 0.010 0.000 0.001 0.001 0.000 0.152 0.036 0.000 0.000 0.010 0.010 0.000 0.022 0.232 0.082 0.000 0.016
0.000 0.000 0.005 0.001 0.002 0.001 0.001 0.000 0.000 0.000 0.001 0.010 0.001 0.001 0.001 0.001 0.001 0.001 0.004 0.001 0.000 0.001 0.002 0.002 0.002 0.001 0.001 0.004 0.000 0.001 0.000 0.000 0.001 0.001 0.000 0.000 0.003 0.007 0.002 0.001 0.001 0.008 0.000 0.015 0.242 0.000 0.000 0.000 0.000 0.000 0.000 0.010 0.002 0.002 0.005 0.001 0.002 0.002 0.005 0.001 0.001 0.002 0.001 0.000 0.001 0.003 0.122 0.000 0.010 0.113 0.010 0.000 0.005 0.000 0.186 0.306 0.034
0.010 0.002 0.001 0.001 0.002 0.002 0.000 0.000 0.001 0.000 0.000 0.000 0.001 0.002 0.001 0.000 0.000 0.000 0.010 0.002 0.001 0.000 0.001 0.002 0.000 0.002 0.001 0.001 0.000 0.000 0.000 0.000 0.000 0.000 0.001 0.001 0.001 0.002 0.005 0.003 0.009 0.010 0.664 0.010 0.000 0.000 0.141 0.034 0.000 0.000 0.000 0.010 0.001 0.010 0.010 0.010 0.002 0.009 0.001 0.001 0.001 0.003 0.001 0.000 0.000 0.001 0.001 0.000 0.006 0.000 0.001 0.003 0.000 0.000 0.000 0.000 0.105
0.002 0.001 0.001 0.001 0.002 0.000 0.000 0.001 0.000 0.001 0.000 0.000 0.000 0.000 0.000 0.001 0.001 0.000 0.010 0.010 0.005 0.002 0.001 0.002 0.001 0.002 0.001 0.003 0.000 0.000 0.000 0.000 0.000 0.000 0.000 0.000 0.001 0.005 0.005 0.001 0.004 0.000 0.003 0.002 0.003 0.010 0.022 0.010 0.000 0.000 0.010 0.002 0.010 0.010 0.010 0.010 0.010 0.010 0.005 0.002 0.001 0.001 0.000 0.000 0.005 0.010 0.000 0.000 0.000 0.002 0.000 0.000 0.008 0.000 0.000 0.000 0.001
