hx_30m/njhx/rain/result-0065.wd
ncols         211
nrows         286
xllcorner     660279.582600
yllcorner     3541874.325092
cellsize      30.000000
NODATA_value  -9999.000000
[rows 204 to 237 of 286, columns 77 to 153 of 211]
0.010 0.010 0.004 0.002 0.032 0.010 0.000 0.000 0.000 0.000 0.010 0.010 0.058 0.270 0.001 0.000 0.000 0.000 0.002 0.001 0.002 0.001 0.002 0.000 0.000 0.002 0.002 0.044 0.128 0.003 0.000 0.000 0.000 0.010 0.000 0.002 0.000 0.005 0.002 0.000 0.000 0.000 0.000 0.002 0.001 0.000 0.000 0.000 0.002 0.001 0.000 0.000 0.000 0.000 0.000 0.000 0.001 0.000 0.009 0.001 0.001 0.010 0.000 0.000 0.010 0.001 0.000 0.003 0.002 0.010 0.000 0.000 0.000 0.000 0.059 0.000 0.000
0.295 0.002 0.004 0.010 0.002 0.010 0.000 0.000 0.001 0.000 0.000 0.000 0.010 0.007 0.004 0.010 0.001 0.000 0.000 0.004 0.000 0.000 0.000 0.001 0.002 0.002 0.010 0.029 0.000 0.000 0.000 0.000 0.000 0.000 0.000 0.010 0.001 0.002 0.000 0.000 0.000 0.005 0.001 0.002 0.000 0.002 0.001 0.000 0.001 0.000 0.001 0.000 0.002 0.000 0.000 0.000 0.000 0.001 0.010 0.004 0.204 0.000 0.000 0.000 0.000 0.001 0.003 0.001 0.001 0.010 0.003 0.001 0.000 0.002 0.000 0.000 0.002
0.002 0.000 0.000 0.003 0.001 0.010 0.000 0.000 0.000 0.000 0.000 0.000 0.010 0.000 0.000 0.001 0.000 0.010 0.001 0.000 0.000 0.000 0.000 0.001 0.002 0.001 0.003 0.002 0.000 0.000 0.000 0.000 0.000 0.003 0.002 0.002 0.001 0.000 0.000 0.001 0.000 0.001 0.001 0.010 0.010 0.003 0.004 0.000 0.000 0.000 0.000 0.002 0.001 0.001 0.003 0.002 0.000 0.001 0.008 0.000 0.010 0.000 0.000 0.002 0.000 0.003 0.003 0.010 0.002 0.000 0.010 0.010 0.003 0.001 0.000 0.001 0.000
0.002 0.004 0.000 0.002 0.008 0.001 0.001 0.001 0.001 0.000 0.000 0.000 0.001 0.000 0.000 0.001 0.000 0.002 0.001 0.001 0.000 0.000 0.010 0.001 0.010 0.000 0.002 0.010 0.010 0.001 0.001 0.000 0.010 0.001 0.001 0.001 0.000 0.000 0.000 0.001 0.000 0.000 0.001 0.001 0.010 0.179 0.000 0.000 0.000 0.000 0.003 0.001 0.000 0.002 0.000 0.003 0.221 0.010 0.010 0.230 0.000 0.001 0.000 0.000 0.000 0.000 0.004 0.010 0.004 0.010 0.010 0.010 0.046 0.000 0.000 0.001 0.000
0.002 0.000 0.010 0.002 0.000 0.001 0.000 0.000 0.000 0.002 0.004 0.001 0.004 0.002 0.004 0.002 0.002 0.169 0.055 0.000 0.001 0.002 0.004 0.001 0.002 0.000 0.010 0.000 0.003 0.010 0.000 0.000 0.000 0.000 0.002 0.001 0.000 0.000 0.001 0.002 0.010 0.000 0.001 0.001 0.010 0.000 0.000 0.000 0.000 0.000 0.002 0.002 0.001 0.001 0.000 0.002 0.010 0.013 0.000 0.095 0.000 0.000 0.001 0.010 0.001 0.002 0.002 0.002 0.001 0.001 0.010 0.004 0.000 0.000 0.039 0.000 0.000
0.000 0.010 0.003 0.001 0.010 0.000 0.000 0.000 0.000 0.001 0.000 0.000 0.000 0.000 0.000 0.000 0.000 0.136 0.343 0.065 0.148 0.004 0.002 0.000 0.000 0.010 0.010 0.001 0.000 0.000 0.002 0.000 0.000 0.001 0.001 0.001 0.001 0.000 0.000 0.000 0.000 0.010 0.000 0.010 0.010 0.000 0.000 0.000 0.000 0.000 0.000 0.002 0.010 0.000 0.002 0.002 0.002 0.001 0.010 0.171 0.000 0.022 0.002 0.001 0.000 0.000 0.001 0.002 0.000 0.000 0.000 0.001 0.000 0.010 0.000 0.010 0.001
0.000 0.002 0.001 0.002 0.000 0.000 0.000 0.000 0.000 0.000 0.000 0.001 0.000 0.000 0.000 0.033 0.002 0.216 0.060 0.238 0.319 0.000 0.549 0.010 0.001 0.002 0.002 0.000 0.000 0.000 0.010 0.000 0.002 0.001 0.002 0.000 0.010 0.002 0.000 0.000 0.000 0.003 0.000 0.010 0.000 0.000 0.000 0.000 0.001 0.001 0.000 0.010 0.010 0.001 0.010 0.000 0.004 0.000 0.010 0.001 0.000 0.004 0.001 0.000 0.000 0.010 0.000 0.000 0.000 0.000 0.000 0.000 0.010 0.010 0.010 0.000 0.000
0.010 0.004 0.004 0.010 0.000 0.000 0.000 0.000 0.000 0.005 0.001 0.000 0.000 0.000 0.000 0.000 0.003 0.072 0.206 0.021 0.383 0.010 0.019 0.109 0.685 0.000 0.026 0.003 0.000 0.000 0.010 0.010 0.001 0.010 0.000 0.000 0.010 0.010 0.001 0.009 0.000 0.010 0.010 0.010 0.010 0.000 0.000 0.000 0.003 0.000 0.000 0.010 0.008 0.000 0.006 0.002 0.076 0.005 0.000 0.000 0.001 0.000 0.002 0.001 0.000 0.000 0.000 0.010 0.001 0.000 0.000 0.000 0.000 0.001 0.002 0.001 0.003
0.000 0.004 0.004 0.004 0.000 0.000 0.001 0.000 0.000 0.001 0.010 0.002 0.000 0.000 0.000 0.001 0.208 0.322 0.338 0.296 0.009 0.001 0.001 0.000 0.010 0.010 0.010 0.010 0.000 0.002 0.002 0.000 0.000 0.002 0.000 0.010 0.010 0.010 0.000 0.000 0.002 0.001 0.001 0.000 0.001 0.000 0.000 0.000 0.000 0.000 0.000 0.000 0.000 0.000 0.002 0.001 0.000 0.000 0.000 0.000 0.001 0.000 0.001 0.000 0.000 0.000 0.010 0.010 0.010 0.010 0.010 0.000 0.010 0.000 0.000 0.008 0.010
0.001 0.000 0.000 0.000 0.000 0.001 0.001 0.000 0.001 0.000 0.013 0.000 0.000 0.000 0.001 0.004 0.324 0.083 0.284 0.004 0.002 0.000 0.010 0.000 0.001 0.001 0.001 0.163 0.001 0.010 0.000 0.015 0.004 0.001 0.002 0.010 0.010 0.001 0.000 0.000 0.008 0.001 0.003 0.000 0.001 0.000 0.001 0.000 0.000 0.000 0.000 0.006 0.000 0.000 0.004 0.018 0.000 0.000 0.000 0.000 0.000 0.002 0.000 0.002 0.001 0.000 0.001 0.004 0.010 0.010 0.001 0.000 0.010 0.001 0.007 0.009 0.000
0.004 0.003 0.001 0.000 0.002 0.000 0.000 0.000 0.000 0.000 0.017 0.000 0.000 0.000 0.000 0.001 0.192 0.371 0.000 0.001 0.001 0.001 0.001 0.000 0.002 0.000 0.001 0.000 0.000 0.000 0.002 0.010 0.000 0.010 0.011 0.002 0.001 0.008 0.001 0.003 0.000 0.001 0.001 0.002 0.000 0.009 0.000 0.000 0.000 0.010 0.000 0.010 0.000 0.001 0.002 0.554 0.000 0.000 0.001 0.000 0.000 0.002 0.000 0.000 0.000 0.000 0.001 0.000 0.002 0.010 0.010 0.000 0.000 0.000 0.001 0.002 0.000
0.001 0.010 0.000 0.000 0.000 0.000 0.000 0.001 0.000 0.000 0.000 0.000 0.000 0.010 0.004 0.001 0.016 0.000 0.006 0.004 0.010 0.010 0.010 0.000 0.002 0.001 0.001 0.010 0.004 0.010 0.001 0.003 0.010 0.010 0.000 0.001 0.002 0.002 0.002 0.063 0.010 0.012 0.000 0.001 0.010 0.000 0.000 0.000 0.000 0.000 0.004 0.000 0.000 0.002 0.000 0.001 0.000 0.000 0.001 0.000 0.002 0.000 0.001 0.000 0.000 0.001 0.003 0.000 0.000 0.000 0.001 0.001 0.000 0.002 0.001 0.000 0.000
0.001 0.004 0.010 0.001 0.000 0.000 0.001 0.000 0.000 0.001 0.006 0.000 0.004 0.000 0.002 0.001 0.095 0.004 0.010 0.000 0.004 0.010 0.010 0.002 0.001 0.001 0.000 0.001 0.001 0.001 0.003 0.003 0.002 0.000 0.010 0.002 0.000 0.002 0.002 0.010 0.003 0.001 0.001 0.000 0.003 0.001 0.000 0.000 0.000 0.000 0.000 0.000 0.000 0.002 0.065 0.000 0.000 0.010 0.000 0.000 0.000 0.000 0.000 0.000 0.000 0.000 0.001 0.001 0.043 0.000 0.001 0.000 0.001 0.001 0.001 0.000 0.001
0.001 0.001 0.002 0.004 0.000 0.000 0.000 0.000 0.000 0.002 0.004 0.000 0.010 0.010 0.001 0.000 0.010 0.000 0.000 0.000 0.002 0.002 0.001 0.002 0.001 0.001 0.004 0.002 0.000 0.001 0.001 0.002 0.000 0.010 0.000 0.002 0.000 0.002 0.000 0.001 0.001 0.000 0.001 0.010 0.000 0.000 0.000 0.026 0.000 0.000 0.000 0.000 0.002 0.000 0.001 0.000 0.002 0.010 0.010 0.000 0.004 0.001 0.000 0.000 0.000 0.000 0.000 0.000 0.000 0.002 0.058 0.001 0.002 0.002 0.001 0.000 0.000
0.004 0.002 0.000 0.000 0.001 0.001 0.000 0.000 0.001 0.000 0.000 0.000 0.001 0.001 0.001 0.000 0.001 0.002 0.004 0.010 0.010 0.004 0.001 0.010 0.004 0.001 0.001 0.002 0.000 0.002 0.001 0.003 0.001 0.010 0.000 0.000 0.000 0.000 0.000 0.629 0.000 0.001 0.004 0.000 0.000 0.000 0.000 0.000 0.000 0.000 0.000 0.001 0.004 0.002 0.000 0.000 0.000 0.000 0.000 0.002 0.001 0.000 0.000 0.000 0.000 0.000 0.000 0.000 0.000 0.000 0.000 0.001 0.010 0.000 0.002 0.000 0.001
0.000 0.010 0.000 0.001 0.000 0.001 0.001 0.001 0.001 0.052 0.000 0.000 0.000 0.001 0.001 0.002 0.000 0.001 0.010 0.010 0.010 0.010 0.003 0.001 0.001 0.001 0.001 0.000 0.000 0.010 0.001 0.002 0.001 0.000 0.010 0.001 0.010 0.001 0.000 0.109 0.021 0.022 0.000 0.010 0.000 0.000 0.000 0.000 0.000 0.000 0.000 0.004 0.001 0.000 0.000 0.000 0.000 0.000 0.000 0.001 0.000 0.000 0.002 0.000 0.001 0.000 0.004 0.001 0.000 0.000 0.000 0.002 0.001 0.010 0.001 0.000 0.001
0.000 0.001 0.000 0.000 0.000 0.000 0.002 0.000 0.001 0.002 0.002 0.010 0.002 0.005 0.001 0.002 0.001 0.001 0.001 0.000 0.010 0.010 0.002 0.000 0.000 0.002 0.002 0.001 0.001 0.002 0.003 0.000 0.010 0.000 0.001 0.000 0.000 0.034 0.018 0.159 0.011 0.019 0.000 0.002 0.002 0.004 0.000 0.000 0.000 0.000 0.001 0.001 0.000 0.000 0.000 0.001 0.000 0.000 0.000 0.000 0.000 0.000 0.001 0.000 0.000 0.000 0.010 0.004 0.001 0.001 0.000 0.001 0.000 0.000 0.000 0.044 0.000
0.000 0.001 0.000 0.000 0.001 0.000 0.000 0.000 0.001 0.000 0.002 0.001 0.002 0.000 0.000 0.000 0.010 0.002 0.001 0.002 0.000 0.120 0.010 0.010 0.002 0.002 0.000 0.000 0.000 0.000 0.002 0.002 0.010 0.000 0.000 0.010 0.037 0.030 0.000 0.083 0.010 0.012 0.010 0.001 0.001 0.008 0.097 0.002 0.001 0.000 0.001 0.004 0.000 0.000 0.000 0.000 0.000 0.003 0.000 0.000 0.010 0.000 0.000 0.001 0.000 0.000 0.000 0.004 0.000 0.000 0.000 0.004 0.000 0.000 0.000 0.000 0.000
0.001 0.002 0.000 0.000 0.004 0.001 0.000 0.001 0.000 0.000 0.000 0.001 0.004 0.002 0.001 0.004 0.004 0.010 0.187 0.010 0.003 0.010 0.000 0.002 0.003 0.002 0.000 0.000 0.000 0.002 0.000 0.000 0.000 0.000 0.001 0.083 0.064 0.000 0.002 0.000 0.010 0.013 0.031 0.002 0.001 0.001 0.001 0.002 0.000 0.000 0.000 0.000 0.000 0.000 0.007 0.000 0.000 0.000 0.000 0.000 0.000 0.010 0.000 0.000 0.001 0.000 0.003 0.000 0.004 0.001 0.002 0.000 0.000 0.000 0.001 0.000 0.000
0.000 0.002 0.001 0.000 0.000 0.004 0.001 0.001 0.000 0.001 0.004 0.001 0.002 0.002 0.002 0.001 0.000 0.004 0.010 0.167 0.010 0.002 0.000 0.001 0.000 0.001 0.000 0.000 0.001 0.001 0.000 0.000 0.000 0.001 0.000 0.076 0.062 0.001 0.000 0.002 0.213 0.096 0.191 0.041 0.010 0.004 0.004 0.000 0.000 0.001 0.055 0.001 0.004 0.000 0.001 0.000 0.000 0.000 0.000 0.001 0.000 0.000 0.095 0.010 0.006 0.010 0.001 0.000 0.000 0.001 0.003 0.000 0.000 0.000 0.000 0.000 0.000
0.000 0.002 0.001 0.002 0.002 0.001 0.000 0.001 0.001 0.000 0.000 0.001 0.001 0.001 0.000 0.010 0.001 0.001 0.000 0.004 0.001 0.107 0.010 0.000 0.000 0.000 0.000 0.000 0.000 0.003 0.002 0.003 0.003 0.001 0.000 0.001 0.000 0.001 0.001 0.000 0.002 0.000 0.002 0.182 0.138 0.111 0.148 0.002 0.001 0.000 0.010 0.010 0.002 0.001 0.001 0.000 0.000 0.000 0.000 0.000 0.000 0.001 0.000 0.001 0.001 0.010 0.010 0.002 0.000 0.002 0.000 0.000 0.000 0.000 0.000 0.000 0.000
0.002 0.000 0.001 0.000 0.001 0.001 0.001 0.000 0.000 0.001 0.001 0.000 0.000 0.000 0.001 0.004 0.010 0.075 0.001 0.001 0.001 0.002 0.004 0.001 0.017 0.001 0.000 0.001 0.000 0.003 0.001 0.000 0.000 0.001 0.000 0.000 0.000 0.001 0.002 0.000 0.000 0.190 0.197 0.087 0.188 0.084 0.004 0.001 0.010 0.006 0.001 0.001 0.001 0.716 0.218 0.001 0.004 0.000 0.000 0.001 0.001 0.000 0.001 0.000 0.000 0.000 0.001 0.000 0.001 0.000 0.000 0.000 0.000 0.000 0.000 0.000 0.001
0.000 0.000 0.001 0.001 0.001 0.000 0.000 0.001 0.001 0.000 0.001 0.000 0.004 0.001 0.002 0.010 0.010 0.010 0.010 0.010 0.000 0.000 0.000 0.001 0.010 0.156 0.001 0.000 0.010 0.001 0.001 0.002 0.010 0.001 0.000 0.000 0.001 0.000 0.000 0.001 0.000 0.099 0.103 0.086 0.001 0.001 0.004 0.004 0.007 0.004 0.010 0.001 0.001 0.004 0.001 0.010 0.029 0.010 0.002 0.001 0.002 0.001 0.000 0.000 0.000 0.000 0.001 0.001 0.000 0.000 0.000 0.000 0.000 0.001 0.000 0.000 0.000
0.001 0.000 0.000 0.006 0.000 0.000 0.002 0.001 0.010 0.001 0.001 0.000 0.000 0.004 0.010 0.010 0.010 0.010 0.010 0.001 0.001 0.000 0.000 0.002 0.001 0.010 0.010 0.001 0.003 0.000 0.001 0.003 0.003 0.000 0.003 0.001 0.000 0.000 0.000 0.000 0.005 0.000 0.000 0.002 0.001 0.000 0.004 0.000 0.001 0.000 0.000 0.001 0.010 0.002 0.000 0.000 0.002 0.776 0.623 0.001 0.001 0.001 0.000 0.000 0.000 0.000 0.001 0.000 0.010 0.006 0.000 0.000 0.000 0.000 0.000 0.000 0.000
0.000 0.000 0.002 0.038 0.001 0.001 0.001 0.002 0.001 0.001 0.000 0.002 0.002 0.000 0.001 0.000 0.000 0.010 0.010 0.001 0.058 0.000 0.010 0.002 0.001 0.000 0.002 0.001 0.002 0.002 0.001 0.000 0.000 0.000 0.000 0.000 0.000 0.004 0.000 0.010 0.000 0.000 0.000 0.000 0.000 0.001 0.002 0.006 0.001 0.002 0.010 0.048 0.004 0.001 0.010 0.010 0.000 0.000 0.001 0.000 0.897 0.190 0.000 0.000 0.000 0.000 0.001 0.000 0.003 0.001 0.000 0.000 0.100 0.001 0.000 0.000 0.001
0.000 0.000 0.004 0.010 0.029 0.001 0.000 0.001 0.001 0.000 0.002 0.000 0.000 0.000 0.001 0.133 0.000 0.000 0.001 0.000 0.000 0.000 0.000 0.001 0.000 0.001 0.006 0.003 0.001 0.002 0.002 0.003 0.000 0.000 0.000 0.000 0.002 0.000 0.002 0.000 0.001 0.000 0.001 0.000 0.001 0.001 0.735 0.004 0.001 0.001 0.001 0.004 0.004 0.001 0.000 0.001 0.000 0.001 0.000 0.001 0.004 0.276 0.728 0.010 0.001 0.001 0.000 0.000 0.000 0.000 0.000 0.054 0.154 0.251 0.178 0.005 0.001
0.010 0.000 0.000 0.000 0.000 0.000 0.000 0.001 0.001 0.001 0.001 0.001 0.001 0.000 0.000 0.000 0.002 0.000 0.000 0.000 0.001 0.001 0.000 0.000 0.000 0.010 0.000 0.003 0.003 0.001 0.000 0.010 0.000 0.001 0.000 0.001 0.001 0.000 0.000 0.000 0.000 0.000 0.000 0.000 0.001 0.000 0.056 0.010 0.010 0.004 0.001 0.001 0.001 0.010 0.002 0.000 0.000 0.000 0.002 0.000 0.010 0.000 0.010 0.687 0.010 0.001 0.001 0.000 0.000 0.000 0.000 0.131 0.170 0.157 0.019 0.008 0.004
0.001 0.001 0.000 0.000 0.000 0.001 0.000 0.002 0.000 0.001 0.002 0.001 0.000 0.000 0.001 0.000 0.000 0.001 0.000 0.000 0.001 0.002 0.002 0.000 0.000 0.000 0.000 0.003 0.001 0.001 0.001 0.001 0.000 0.000 0.000 0.001 0.001 0.000 0.001 0.010 0.001 0.010 0.000 0.002 0.002 0.010 0.024 0.033 0.010 0.004 0.010 0.004 0.000 0.000 0.000 0.000 0.002 0.001 0.004 0.004 0.002 0.000 0.000 0.010 0.000 0.000 0.002 0.001 0.045 0.000 0.061 0.194 0.206 0.187 0.000 0.002 0.016
0.004 0.000 0.001 0.000 0.001 0.000 0.004 0.002 0.000 0.000 0.001 0.002 0.002 0.004 0.000 0.001 0.010 0.000 0.001 0.001 0.000 0.000 0.001 0.000 0.002 0.000 0.000 0.003 0.002 0.000 0.000 0.000 0.001 0.000 0.000 0.000 0.000 0.001 0.010 0.000 0.001 0.000 0.001 0.001 0.048 0.000 0.010 0.010 0.002 0.010 0.002 0.010 0.010 0.004 0.001 0.010 0.002 0.005 0.010 0.010 0.010 0.001 0.000 0.013 0.010 0.088 0.010 0.000 0.336 0.038 0.051 0.158 0.308 0.002 0.000 0.000 0.001
0.000 0.000 0.000 0.000 0.000 0.001 0.001 0.001 0.001 0.000 0.000 0.001 0.000 0.001 0.004 0.000 0.000 0.000 0.000 0.001 0.002 0.000 0.000 0.000 0.000 0.000 0.003 0.000 0.002 0.000 0.000 0.000 0.000 0.001 0.001 0.000 0.000 0.000 0.001 0.001 0.001 0.001 0.001 0.000 0.000 0.000 0.000 0.010 0.000 0.010 0.010 0.001 0.007 0.004 0.000 0.010 0.001 0.000 0.010 0.000 0.010 0.010 0.001 0.000 0.195 0.152 0.151 0.215 0.010 0.000 1.178 0.269 0.100 0.000 0.001 0.001 0.001
0.004 0.001 0.000 0.001 0.000 0.001 0.001 0.000 0.000 0.001 0.000 0.001 0.000 0.000 0.000 0.000 0.002 0.010 0.011 0.000 0.001 0.010 0.057 0.000 0.002 0.001 0.002 0.001 0.000 0.000 0.000 0.000 0.000 0.000 0.000 0.000 0.002 0.001 0.000 0.001 0.001 0.001 0.004 1.005 0.000 0.000 0.000 0.049 0.000 0.000 0.010 0.010 0.001 0.001 0.001 0.004 0.001 0.010 0.007 0.010 0.010 0.000 0.000 0.001 0.000 0.159 0.044 0.000 0.000 0.010 0.010 0.000 0.019 0.219 0.069 0.000 0.011
0.000 0.000 0.004 0.001 0.002 0.000 0.001 0.000 0.000 0.000 0.000 0.010 0.001 0.000 0.000 0.000 0.001 0.001 0.001 0.000 0.000 0.000 0.001 0.001 0.002 0.000 0.001 0.003 0.000 0.000 0.000 0.000 0.000 0.001 0.000 0.000 0.002 0.005 0.001 0.000 0.001 0.006 0.000 0.024 0.251 0.000 0.000 0.000 0.000 0.000 0.000 0.010 0.001 0.001 0.004 0.000 0.001 0.001 0.004 0.001 0.001 0.001 0.000 0.000 0.001 0.002 0.130 0.000 0.010 0.113 0.010 0.000 0.004 0.000 0.173 0.293 0.027
0.010 0.002 0.001 0.001 0.001 0.001 0.000 0.000 0.001 0.000 0.000 0.000 0.000 0.001 0.000 0.000 0.000 0.000 0.009 0.001 0.000 0.000 0.000 0.001 0.000 0.002 0.000 0.000 0.000 0.000 0.000 0.000 0.000 0.000 0.000 0.000 0.001 0.001 0.004 0.002 0.008 0.010 0.664 0.010 0.000 0.000 0.141 0.034 0.000 0.000 0.000 0.010 0.001 0.010 0.010 0.010 0.001 0.007 0.000 0.000 0.001 0.002 0.000 0.000 0.000 0.001 0.001 0.000 0.005 0.000 0.001 0.002 0.000 0.000 0.000 0.000 0.098
0.001 0.001 0.001 0.000 0.002 0.000 0.000 0.000 0.000 0.001 0.000 0.000 0.000 0.000 0.000 0.000 0.000 0.000 0.010 0.010 0.004 0.001 0.000 0.001 0.000 0.002 0.000 0.002 0.000 0.000 0.000 0.000 0.000 0.000 0.000 0.000 0.001 0.004 0.004 0.001 0.003 0.000 0.002 0.001 0.002 0.010 0.022 0.010 0.000 0.000 0.010 0.001 0.010 0.010 0.010 0.010 0.010 0.010 0.004 0.001 0.000 0.001 0.000 0.000 0.004 0.010 0.000 0.000 0.000 0.001 0.000 0.000 0.006 0.000 0.000 0.000 0.001
