hx_30m/njhx/rain/result-0045.wd
ncols         211
nrows         286
xllcorner     660279.582600
yllcorner     3541874.325092
cellsize      30.000000
NODATA_value  -9999.000000
[rows 238 to 271 of 286, columns 77 to 153 of 211]
0.003 0.006 0.006 0.002 0.003 0.004 0.000 0.000 0.000 0.002 0.001 0.002 0.000 0.000 0.001 0.001 0.000 0.001 0.003 0.010 0.010 0.010 0.003 0.001 0.004 0.001 0.002 0.000 0.001 0.001 0.000 0.000 0.000 0.000 0.001 0.000 0.001 0.000 0.002 0.004 0.010 0.691 0.124 0.002 0.003 0.003 0.000 0.010 0.000 0.000 0.006 0.010 0.010 0.010 0.010 0.010 0.010 0.010 0.079 0.006 0.003 0.000 0.004 0.010 0.002 0.004 0.010 0.000 0.000 0.001 0.002 0.002 0.004 0.000 0.002 0.002 0.001
0.108 0.003 0.006 0.010 0.004 0.010 0.002 0.000 0.000 0.010 0.000 0.001 0.000 0.003 0.001 0.000 0.001 0.001 0.010 0.010 0.010 0.010 0.004 0.003 0.003 0.002 0.004 0.000 0.000 0.000 0.000 0.000 0.000 0.000 0.000 0.000 0.002 0.006 0.004 0.006 0.000 0.155 0.000 0.001 0.001 0.003 0.003 0.000 0.010 0.010 0.002 0.010 0.010 0.072 0.010 0.010 0.010 0.000 0.045 0.003 0.004 0.010 0.006 0.004 0.006 0.000 0.000 0.000 0.003 0.002 0.010 0.001 0.002 0.004 0.000 0.002 0.002
0.000 0.000 0.006 0.065 0.004 0.003 0.002 0.010 0.006 0.000 0.000 0.004 0.000 0.002 0.001 0.003 0.002 0.040 0.010 0.010 0.010 0.122 0.002 0.002 0.001 0.003 0.003 0.009 0.000 0.000 0.000 0.001 0.000 0.001 0.000 0.001 0.004 0.006 0.005 0.000 0.181 0.161 0.000 0.010 0.001 0.002 0.002 0.003 0.003 0.006 0.010 0.010 0.010 0.010 0.010 0.010 0.000 0.111 0.004 0.006 0.002 0.000 0.010 0.010 0.004 0.004 0.000 0.000 0.001 0.002 0.000 0.002 0.007 0.003 0.000 0.001 0.001
0.000 0.038 0.000 0.000 0.009 0.002 0.006 0.004 0.003 0.003 0.003 0.000 0.002 0.003 0.010 0.010 0.316 0.010 0.010 0.010 0.131 0.010 0.002 0.006 0.003 0.001 0.000 0.000 0.000 0.001 0.001 0.001 0.000 0.001 0.001 0.001 0.010 0.003 0.010 0.032 0.010 0.003 0.003 0.001 0.001 0.003 0.000 0.002 0.001 0.004 0.003 0.003 0.010 0.026 0.017 0.065 0.000 0.010 0.002 0.006 0.000 0.000 0.098 0.109 0.010 0.000 0.003 0.002 0.002 0.001 0.005 0.000 0.000 0.001 0.000 0.000 0.000
0.000 0.000 0.010 0.064 0.000 0.016 0.003 0.003 0.010 0.004 0.005 0.010 0.010 0.004 0.010 0.010 0.010 0.010 0.010 0.010 0.006 0.003 0.003 0.001 0.002 0.000 0.000 0.001 0.002 0.002 0.001 0.001 0.001 0.006 0.010 0.006 0.003 0.006 0.000 0.002 0.010 0.010 0.003 0.002 0.000 0.006 0.002 0.001 0.003 0.002 0.003 0.002 0.003 0.010 0.010 0.019 0.411 0.002 0.002 0.000 0.040 0.000 0.010 0.010 0.000 0.000 0.018 0.000 0.000 0.001 0.001 0.000 0.001 0.001 0.001 0.000 0.001
0.000 0.000 0.000 0.000 0.000 0.010 0.000 0.593 0.003 0.003 0.006 0.003 0.010 0.003 0.010 0.056 0.010 0.010 0.010 0.076 0.004 0.003 0.006 0.003 0.002 0.001 0.000 0.001 0.002 0.006 0.002 0.001 0.001 0.006 0.000 0.004 0.007 0.000 0.003 0.006 0.010 0.010 0.004 0.000 0.001 0.001 0.002 0.002 0.002 0.002 0.000 0.002 0.001 0.002 0.003 0.004 0.006 0.003 0.005 0.000 0.000 0.037 0.148 0.010 0.000 0.069 0.000 0.000 0.000 0.000 0.003 0.001 0.000 0.002 0.001 0.001 0.012
0.000 0.000 0.000 0.000 0.000 0.000 0.000 0.010 0.000 0.121 0.007 0.003 0.003 0.003 0.006 0.006 0.071 0.010 0.067 0.010 0.003 0.012 0.001 0.001 0.003 0.012 0.001 0.010 0.006 0.006 0.001 0.000 0.000 0.004 0.002 0.003 0.010 0.108 0.001 0.006 0.010 0.010 0.001 0.000 0.001 0.000 0.002 0.001 0.002 0.000 0.001 0.000 0.000 0.001 0.001 0.010 0.006 0.003 0.000 0.000 0.014 0.010 0.010 0.076 0.000 0.037 0.010 0.008 0.000 0.000 0.000 0.000 0.002 0.001 0.001 0.001 0.002
0.000 0.000 0.000 0.000 0.000 0.000 0.000 0.000 0.000 0.010 0.000 0.095 0.002 0.010 0.194 0.002 0.010 0.010 0.010 0.003 0.010 0.004 0.002 0.001 0.003 0.000 0.000 0.004 0.006 0.006 0.000 0.000 0.000 0.004 0.004 0.003 0.000 0.006 0.003 0.006 0.010 0.004 0.002 0.000 0.000 0.001 0.001 0.000 0.000 0.002 0.001 0.000 0.001 0.000 0.000 0.001 0.004 0.010 0.003 0.000 0.087 0.098 0.010 0.000 0.190 0.010 0.003 0.004 0.003 0.001 0.020 0.004 0.000 0.000 0.001 0.006 0.001
0.000 0.000 0.000 0.000 0.000 0.000 0.000 0.000 0.000 0.000 0.000 0.010 0.000 0.337 0.250 0.010 0.003 0.004 0.004 0.004 0.006 0.003 0.004 0.000 0.000 0.000 0.004 0.015 0.006 0.002 0.000 0.000 0.010 0.003 0.004 0.000 0.010 0.001 0.010 0.003 0.004 0.002 0.002 0.004 0.002 0.001 0.001 0.000 0.001 0.002 0.010 0.006 0.000 0.004 0.000 0.003 0.003 0.003 0.004 0.004 0.006 0.010 0.050 0.010 0.124 0.010 0.008 0.004 0.002 0.000 0.007 0.001 0.000 0.000 0.013 0.001 0.003
0.000 0.000 0.000 0.000 0.000 0.000 0.000 0.000 0.000 0.000 0.000 0.000 0.040 0.000 0.229 0.134 0.010 0.006 0.004 0.010 0.002 0.010 0.003 0.007 0.000 0.000 0.000 0.000 0.000 0.000 0.009 0.004 0.004 0.004 0.004 0.003 0.001 0.004 0.007 0.011 0.006 0.002 0.006 0.006 0.003 0.002 0.002 0.010 0.000 0.001 0.002 0.003 0.006 0.001 0.001 0.004 0.006 0.010 0.010 0.006 0.004 0.002 0.006 0.010 0.010 0.000 0.010 0.000 0.002 0.000 0.010 0.000 0.050 0.010 0.010 0.089 0.018
0.000 0.000 0.000 0.000 0.000 0.000 0.000 0.000 0.000 0.000 0.000 0.000 0.000 0.000 0.000 0.000 0.009 0.002 0.010 0.003 0.004 0.010 0.010 0.010 0.010 0.006 0.003 0.000 0.000 0.000 0.000 0.015 0.006 0.003 0.000 0.002 0.003 0.004 0.010 0.010 0.002 0.004 0.004 0.002 0.001 0.006 0.021 0.000 0.004 0.002 0.003 0.001 0.002 0.004 0.003 0.002 0.166 0.104 0.010 0.010 0.010 0.006 0.002 0.002 0.001 0.000 0.006 0.010 0.000 0.000 0.000 0.000 0.063 0.009 0.070 0.082 0.076
0.000 0.000 0.000 0.000 0.000 0.000 0.000 0.000 0.000 0.000 0.000 0.000 0.000 0.000 0.000 0.048 0.183 0.000 0.478 0.001 0.010 0.003 0.006 0.006 0.010 0.010 0.010 0.002 0.000 0.000 0.000 0.006 0.002 0.000 0.001 0.002 0.000 0.002 0.003 0.010 0.003 0.002 0.001 0.000 0.003 0.004 0.006 0.002 0.002 0.010 0.029 0.006 0.006 0.001 0.001 0.000 0.000 0.010 0.010 0.010 0.010 0.010 0.010 0.003 0.002 0.003 0.002 0.011 0.000 0.000 0.000 0.000 0.007 0.005 0.115 0.123 0.167
0.000 0.000 0.000 0.000 0.000 0.000 0.000 0.000 0.000 0.000 0.000 0.000 0.000 0.000 0.000 0.000 0.000 0.036 0.000 0.000 0.004 0.006 0.006 0.006 0.010 0.010 0.010 0.010 0.006 0.000 0.014 0.003 0.004 0.006 0.000 0.002 0.002 0.000 0.000 0.001 0.001 0.001 0.004 0.006 0.010 0.000 0.000 0.002 0.001 0.006 0.013 0.004 0.003 0.002 0.000 0.042 0.058 0.010 0.010 0.095 0.010 0.077 0.394 0.010 0.010 0.002 0.002 0.003 0.004 0.000 0.000 0.002 0.002 0.002 0.002 0.039 0.148
0.000 0.000 0.000 0.000 0.000 0.000 0.000 0.000 0.000 0.000 0.000 0.000 0.000 0.000 0.000 0.000 0.000 0.000 0.000 0.000 0.000 0.000 0.003 0.010 0.004 0.004 0.010 0.010 0.010 0.006 0.002 0.003 0.010 0.001 0.003 0.001 0.001 0.001 0.001 0.002 0.000 0.003 0.004 0.004 0.000 0.000 0.001 0.001 0.006 0.010 0.010 0.010 0.004 0.003 0.000 0.000 0.000 0.084 0.010 0.010 0.010 0.085 0.010 0.010 0.010 0.010 0.010 0.003 0.003 0.003 0.002 0.004 0.004 0.000 0.008 0.061 0.031
0.000 0.000 0.000 0.000 0.000 0.000 0.000 0.000 0.000 0.000 0.000 0.000 0.000 0.000 0.000 0.000 0.000 0.000 0.000 0.000 0.000 0.000 0.051 0.000 0.004 0.002 0.004 0.002 0.010 0.004 0.004 0.000 0.002 0.003 0.001 0.003 0.004 0.001 0.002 0.001 0.001 0.002 0.002 0.005 0.002 0.000 0.002 0.002 0.004 0.010 0.010 0.002 0.003 0.000 0.010 0.000 0.118 0.010 0.010 0.010 0.010 0.010 0.080 0.010 0.010 0.010 0.010 0.010 0.006 0.003 0.010 0.002 0.002 0.208 0.234 0.000 0.148
0.000 0.000 0.000 0.000 0.000 0.000 0.000 0.000 0.000 0.000 0.000 0.000 0.000 0.000 0.000 0.000 0.000 0.000 0.000 0.000 0.000 0.000 0.000 0.000 0.227 0.000 0.002 0.004 0.004 0.010 0.025 0.589 0.001 0.002 0.001 0.001 0.002 0.002 0.004 0.003 0.000 0.004 0.003 0.000 0.010 0.002 0.002 0.006 0.002 0.003 0.002 0.004 0.003 0.000 0.003 0.010 0.010 0.010 0.010 0.010 0.000 0.010 0.113 0.000 0.055 0.010 0.010 0.210 0.010 0.010 0.003 0.003 0.002 0.002 0.016 0.141 0.000
0.000 0.000 0.000 0.000 0.000 0.000 0.000 0.000 0.000 0.000 0.000 0.000 0.000 0.000 0.000 0.000 0.000 0.000 0.000 0.000 0.000 0.000 0.000 0.000 0.000 0.000 0.000 0.004 0.010 0.006 0.000 0.010 0.002 0.005 0.003 0.002 0.002 0.000 0.001 0.004 0.003 0.003 0.063 0.001 0.000 0.003 0.004 0.010 0.006 0.006 0.002 0.004 0.000 0.000 0.000 0.000 0.060 0.010 0.010 0.010 0.107 0.115 0.000 0.000 0.088 0.077 0.010 0.010 0.010 0.004 0.003 0.006 0.004 0.003 0.002 0.010 0.041
0.000 0.000 0.000 0.000 0.000 0.000 0.000 0.000 0.000 0.000 0.000 0.000 0.000 0.000 0.000 0.000 0.000 0.000 0.000 0.000 0.000 0.000 0.000 0.000 0.000 0.000 0.000 0.010 0.074 0.000 0.010 0.006 0.003 0.001 0.002 0.006 0.000 0.001 0.004 0.002 0.003 0.002 0.003 0.083 0.010 0.002 0.003 0.002 0.002 0.010 0.001 0.003 0.000 0.012 0.008 0.044 0.010 0.010 0.117 0.000 0.095 0.079 0.010 0.000 0.000 0.080 0.102 0.000 0.010 0.002 0.010 0.008 0.010 0.006 0.003 0.002 0.002
0.000 0.000 0.000 0.000 0.000 0.000 0.000 0.000 0.000 0.000 0.000 0.000 0.000 0.000 0.000 0.000 0.000 0.000 0.000 0.000 0.000 0.000 0.000 0.000 0.000 0.000 0.000 0.000 0.000 0.000 0.000 0.004 0.010 0.006 0.004 0.003 0.001 0.001 0.004 0.003 0.004 0.000 0.000 0.001 0.001 0.065 0.003 0.000 0.000 0.001 0.003 0.000 0.038 0.000 0.000 0.016 0.010 0.010 0.019 0.010 0.045 0.010 0.000 0.000 0.000 0.000 0.000 0.225 0.006 0.010 0.015 0.000 0.006 0.004 0.101 0.004 0.004
0.000 0.000 0.000 0.000 0.000 0.000 0.000 0.000 0.000 0.000 0.000 0.000 0.000 0.000 0.000 0.000 0.000 0.000 0.000 0.000 0.000 0.000 0.000 0.000 0.000 0.000 0.000 0.000 0.000 0.000 0.000 0.101 0.000 0.010 0.010 0.003 0.002 0.010 0.010 0.003 0.002 0.000 0.000 0.001 0.000 0.001 0.005 0.002 0.001 0.002 0.027 0.079 0.000 0.000 0.139 0.010 0.010 0.010 0.010 0.010 0.010 0.010 0.000 0.010 0.116 0.204 0.216 0.010 0.010 0.086 0.003 0.000 0.003 0.000 0.000 0.009 0.008
0.000 0.000 0.000 0.000 0.000 0.000 0.000 0.000 0.000 0.000 0.000 0.000 0.000 0.000 0.000 0.000 0.000 0.000 0.000 0.000 0.000 0.000 0.000 0.000 0.000 0.000 0.000 0.000 0.000 0.000 0.000 0.000 0.000 0.049 0.267 0.003 0.006 0.003 0.004 0.002 0.001 0.007 0.000 0.000 0.000 0.002 0.003 0.004 0.002 0.004 0.000 0.000 0.038 0.000 0.010 0.010 0.010 0.222 0.010 0.095 0.010 0.034 0.010 0.000 0.000 0.085 0.152 0.006 0.003 0.004 0.006 0.006 0.006 0.000 0.006 0.010 0.010
0.000 0.000 0.000 0.000 0.000 0.000 0.000 0.000 0.000 0.000 0.000 0.000 0.000 0.000 0.000 0.000 0.000 0.000 0.000 0.000 0.000 0.000 0.000 0.000 0.000 0.000 0.000 0.000 0.000 0.000 0.000 0.000 0.000 0.000 0.010 0.000 0.002 0.001 0.002 0.002 0.010 0.004 0.003 0.000 0.001 0.000 0.000 0.001 0.002 0.004 0.034 0.084 0.000 0.000 0.010 0.010 0.015 0.104 0.010 0.101 0.010 0.222 0.000 0.000 0.010 0.000 0.004 0.000 0.015 0.010 0.006 0.006 0.006 0.010 0.012 0.006 0.006
0.000 0.000 0.000 0.000 0.000 0.000 0.000 0.000 0.000 0.000 0.000 0.000 0.000 0.000 0.000 0.000 0.000 0.000 0.000 0.000 0.000 0.000 0.000 0.000 0.000 0.000 0.000 0.000 0.000 0.000 0.000 0.000 0.000 0.000 0.000 0.000 0.158 0.000 0.010 0.003 0.003 0.002 0.014 0.003 0.006 0.000 0.003 0.001 0.010 0.002 0.006 0.006 0.070 0.010 0.010 0.010 0.064 0.001 0.003 0.006 0.010 0.010 0.010 0.010 0.010 0.010 0.004 0.000 0.006 0.010 0.006 0.010 0.010 0.006 0.006 0.006 0.006
0.000 0.000 0.000 0.000 0.000 0.000 0.000 0.000 0.000 0.000 0.000 0.000 0.000 0.000 0.000 0.000 0.000 0.000 0.000 0.000 0.000 0.000 0.000 0.000 0.000 0.000 0.000 0.000 0.000 0.000 0.000 0.000 0.000 0.000 0.000 0.000 0.000 0.000 0.933 0.000 0.002 0.010 0.004 0.001 0.004 0.002 0.001 0.002 0.006 0.006 0.004 0.000 0.000 0.001 0.004 0.006 0.010 0.002 0.042 0.004 0.003 0.010 0.010 0.010 0.000 0.006 0.004 0.006 0.010 0.004 0.013 0.010 0.010 0.010 0.010 0.004 0.004
0.000 0.000 0.000 0.000 0.000 0.000 0.000 0.000 0.000 0.000 0.000 0.000 0.000 0.000 0.000 0.000 0.000 0.000 0.000 0.000 0.000 0.000 0.000 0.000 0.000 0.000 0.000 0.000 0.000 0.000 0.000 0.000 0.000 0.000 0.000 0.000 0.000 0.000 0.000 0.000 0.142 0.004 0.002 0.006 0.003 0.006 0.001 0.010 0.006 0.010 0.000 0.000 0.000 0.000 0.001 0.004 0.002 0.000 0.004 0.010 0.001 0.010 0.010 0.010 0.010 0.002 0.006 0.006 0.010 0.010 0.010 0.010 0.010 0.010 0.040 0.010 0.010
0.000 0.000 0.000 0.000 0.000 0.000 0.000 0.000 0.000 0.000 0.000 0.000 0.000 0.000 0.000 0.000 0.000 0.000 0.000 0.000 0.000 0.000 0.000 0.000 0.000 0.000 0.000 0.000 0.000 0.000 0.000 0.000 0.000 0.000 0.000 0.000 0.000 0.000 0.000 0.000 0.000 0.010 0.000 0.003 0.002 0.004 0.015 0.004 0.010 0.006 0.002 0.001 0.000 0.000 0.004 0.001 0.000 0.000 0.003 0.002 0.006 0.010 0.010 0.010 0.006 0.003 0.006 0.010 0.004 0.006 0.017 0.010 0.010 0.010 0.010 0.010 0.010
0.000 0.000 0.000 0.000 0.000 0.000 0.000 0.000 0.000 0.000 0.000 0.000 0.000 0.000 0.000 0.000 0.000 0.000 0.000 0.000 0.000 0.000 0.000 0.000 0.000 0.000 0.000 0.000 0.000 0.000 0.000 0.000 0.000 0.000 0.000 0.000 0.000 0.000 0.000 0.000 0.000 0.000 0.000 0.074 0.000 0.010 0.002 0.006 0.003 0.048 0.004 0.004 0.001 0.003 0.004 0.001 0.000 0.002 0.002 0.004 0.006 0.010 0.010 0.006 0.005 0.003 0.003 0.003 0.006 0.010 0.010 0.034 0.139 0.010 0.010 0.010 0.106
0.000 0.000 0.000 0.000 0.000 0.000 0.000 0.000 0.000 0.000 0.000 0.000 0.000 0.000 0.000 0.000 0.000 0.000 0.000 0.000 0.000 0.000 0.000 0.000 0.000 0.000 0.000 0.000 0.000 0.000 0.000 0.000 0.000 0.000 0.000 0.000 0.000 0.000 0.000 0.000 0.000 0.000 0.000 0.000 0.000 0.010 0.000 0.010 0.010 0.010 0.104 0.002 0.006 0.003 0.002 0.001 0.000 0.002 0.006 0.002 0.004 0.018 0.010 0.002 0.003 0.004 0.000 0.000 0.010 0.010 0.010 0.307 0.012 0.005 0.010 0.010 0.010
0.000 0.000 0.000 0.000 0.000 0.000 0.000 0.000 0.000 0.000 0.000 0.000 0.000 0.000 0.000 0.000 0.000 0.000 0.000 0.000 0.000 0.000 0.000 0.000 0.000 0.000 0.000 0.000 0.000 0.000 0.000 0.000 0.000 0.000 0.000 0.000 0.000 0.000 0.000 0.000 0.000 0.000 0.000 0.000 0.000 0.000 0.000 0.299 0.000 0.123 0.085 0.066 0.000 0.010 0.001 0.010 0.000 0.001 0.010 0.001 0.004 0.006 0.003 0.004 0.003 0.002 0.000 0.000 0.000 0.010 0.010 0.010 0.010 0.025 0.006 0.006 0.010
0.000 0.000 0.000 0.000 0.000 0.000 0.000 0.000 0.000 0.000 0.000 0.000 0.000 0.000 0.000 0.000 0.000 0.000 0.000 0.000 0.000 0.000 0.000 0.000 0.000 0.000 0.000 0.000 0.000 0.000 0.000 0.000 0.000 0.000 0.000 0.000 0.000 0.000 0.000 0.000 0.000 0.000 0.000 0.000 0.000 0.000 0.000 0.000 0.000 0.000 0.594 0.006 0.010 0.004 0.006 0.002 0.001 0.000 0.003 0.001 0.006 0.004 0.002 0.006 0.002 0.000 0.000 0.000 0.000 0.000 0.000 0.010 0.004 0.021 0.010 0.010 0.006
0.000 0.000 0.000 0.000 0.000 0.000 0.000 0.000 0.000 0.000 0.000 0.000 0.000 0.000 0.000 0.000 0.000 0.000 0.000 0.000 0.000 0.000 0.000 0.000 0.000 0.000 0.000 0.000 0.000 0.000 0.000 0.000 0.000 0.000 0.000 0.000 0.000 0.000 0.000 0.000 0.000 0.000 0.000 0.000 0.000 0.000 0.000 0.000 0.000 0.000 0.010 0.000 0.010 0.002 0.006 0.004 0.001 0.007 0.008 0.006 0.004 0.003 0.040 0.006 0.004 0.010 0.000 0.000 0.000 0.000 0.000 0.000 0.000 0.004 0.010 0.053 0.010
0.000 0.000 0.000 0.000 0.000 0.000 0.000 0.000 0.000 0.000 0.000 0.000 0.000 0.000 0.000 0.000 0.000 0.000 0.000 0.000 0.000 0.000 0.000 0.000 0.000 0.000 0.000 0.000 0.000 0.000 0.000 0.000 0.000 0.000 0.000 0.000 0.000 0.000 0.000 0.000 0.000 0.000 0.000 0.000 0.000 0.000 0.000 0.000 0.000 0.000 0.000 0.000 0.066 0.000 0.002 0.006 0.004 0.005 0.006 0.001 0.004 0.015 0.010 0.004 0.007 0.003 0.025 0.003 0.000 0.000 0.000 0.000 0.003 0.000 0.000 0.006 0.068
0.000 0.000 0.000 0.000 0.000 0.000 0.000 0.000 0.000 0.000 0.000 0.000 0.000 0.000 0.000 0.000 0.000 0.000 0.000 0.000 0.000 0.000 0.000 0.000 0.000 0.000 0.000 0.000 0.000 0.000 0.000 0.000 0.000 0.000 0.000 0.000 0.000 0.000 0.000 0.000 0.000 0.000 0.000 0.000 0.000 0.000 0.000 0.000 0.000 0.000 0.000 0.000 0.000 0.000 0.059 0.000 0.002 0.004 0.005 0.004 0.002 0.004 0.010 0.010 0.010 0.010 0.003 0.003 0.005 0.002 0.000 0.000 0.000 0.000 0.032 0.003 0.010
0.000 0.000 0.000 0.000 0.000 0.000 0.000 0.000 0.000 0.000 0.000 0.000 0.000 0.000 0.000 0.000 0.000 0.000 0.000 0.000 0.000 0.000 0.000 0.000 0.000 0.000 0.000 0.000 0.000 0.000 0.000 0.000 0.000 0.000 0.000 0.000 0.000 0.000 0.000 0.000 0.000 0.000 0.000 0.000 0.000 0.000 0.000 0.000 0.000 0.000 0.000 0.000 0.000 0.000 0.000 0.000 0.000 0.012 0.002 0.006 0.001 0.003 0.010 0.006 0.010 0.010 0.010 0.010 0.005 0.004 0.000 0.000 0.000 0.000 0.000 0.001 0.000
