hx_30m/njhx/rain/result-0036.wd
ncols         211
nrows         286
xllcorner     660279.582600
yllcorner     3541874.325092
cellsize      30.000000
NODATA_value  -9999.000000
[rows 170 to 203 of 286, columns 77 to 153 of 211]
0.010 0.003 0.010 0.006 0.217 0.109 0.002 0.002 0.004 0.006 0.004 0.008 0.010 0.010 0.010 0.008 0.006 0.010 0.010 0.010 0.005 0.003 0.001 0.001 0.003 0.000 0.010 0.005 0.010 0.008 0.007 0.003 0.003 0.010 0.004 0.003 0.007 0.004 0.003 0.004 0.010 0.118 0.196 0.010 0.001 0.001 0.000 0.000 0.002 0.001 0.002 0.002 0.000 0.004 0.003 0.007 0.000 0.001 0.004 0.003 0.032 0.000 0.000 0.000 0.007 0.000 0.000 0.005 0.005 0.000 0.000 0.002 0.010 0.010 0.062 0.000 0.010
0.010 0.003 0.006 0.010 0.118 0.014 0.004 0.004 0.002 0.001 0.010 0.003 0.002 0.002 0.002 0.005 0.010 0.007 0.000 0.000 0.003 0.004 0.000 0.000 0.003 0.000 0.010 0.000 0.000 0.014 0.005 0.007 0.005 0.010 0.010 0.000 0.007 0.012 0.010 0.003 0.007 0.005 0.002 0.000 0.001 0.000 0.001 0.000 0.005 0.010 0.003 0.003 0.007 0.000 0.000 0.010 0.000 0.003 0.000 0.000 0.010 0.000 0.000 0.002 0.000 0.000 0.000 0.000 0.017 0.002 0.000 0.003 0.007 0.031 0.000 0.003 0.010
0.008 0.005 0.008 0.004 0.020 0.154 0.005 0.003 0.002 0.000 0.001 0.000 0.006 0.005 0.000 0.002 0.006 0.065 0.010 0.010 0.005 0.004 0.000 0.003 0.008 0.008 0.010 0.000 0.060 0.010 0.001 0.000 0.003 0.010 0.017 0.000 0.003 0.003 0.005 0.003 0.003 0.000 0.003 0.001 0.000 0.000 0.001 0.004 0.007 0.035 0.003 0.002 0.001 0.001 0.000 0.000 0.004 0.010 0.007 0.004 0.010 0.000 0.000 0.000 0.003 0.003 0.004 0.000 0.009 0.000 0.000 0.003 0.003 0.001 0.000 0.233 0.369
0.046 0.009 0.005 0.008 0.087 0.073 0.003 0.010 0.004 0.003 0.004 0.008 0.004 0.002 0.006 0.002 0.000 0.000 0.000 0.000 0.003 0.003 0.002 0.004 0.008 0.005 0.007 0.000 0.010 0.010 0.002 0.003 0.001 0.002 0.000 0.003 0.005 0.005 0.004 0.004 0.006 0.003 0.000 0.004 0.003 0.007 0.001 0.002 0.002 0.000 0.003 0.000 0.007 0.010 0.000 0.000 0.008 0.002 0.008 0.000 0.010 0.007 0.003 0.001 0.000 0.000 0.004 0.010 0.010 0.013 0.000 0.003 0.003 0.003 0.000 0.078 0.000
0.000 0.010 0.010 0.009 0.006 0.011 0.003 0.039 0.004 0.008 0.003 0.006 0.038 0.003 0.003 0.003 0.004 0.007 0.003 0.008 0.003 0.004 0.003 0.003 0.002 0.000 0.000 0.000 0.000 0.000 0.002 0.000 0.001 0.003 0.010 0.010 0.006 0.005 0.003 0.005 0.003 0.000 0.000 0.004 0.000 0.000 0.000 0.002 0.001 0.000 0.004 0.000 0.003 0.010 0.004 0.000 0.002 0.000 0.003 0.003 0.006 0.005 0.000 0.007 0.003 0.002 0.003 0.000 0.001 0.004 0.000 0.000 0.002 0.163 0.022 0.031 0.000
0.028 0.000 0.010 0.010 0.006 0.002 0.003 0.002 0.005 0.005 0.004 0.008 0.008 0.003 0.006 0.006 0.008 0.031 0.006 0.029 0.008 0.006 0.004 0.004 0.004 0.007 0.003 0.002 0.004 0.007 0.004 0.001 0.003 0.003 0.010 0.006 0.000 0.007 0.003 0.010 0.007 0.000 0.000 0.010 0.003 0.000 0.000 0.000 0.000 0.000 0.003 0.010 0.003 0.003 0.000 0.000 0.000 0.002 0.002 0.004 0.005 0.000 0.001 0.002 0.004 0.007 0.003 0.004 0.001 0.000 0.001 0.001 0.012 0.170 0.004 0.014 0.000
0.000 0.044 0.010 0.010 0.003 0.001 0.002 0.003 0.001 0.002 0.001 0.002 0.004 0.003 0.002 0.003 0.001 0.004 0.003 0.004 0.003 0.003 0.002 0.004 0.005 0.002 0.024 0.004 0.007 0.004 0.015 0.004 0.004 0.003 0.002 0.003 0.003 0.001 0.003 0.005 0.012 0.010 0.010 0.010 0.000 0.000 0.000 0.000 0.001 0.003 0.003 0.000 0.003 0.000 0.000 0.001 0.004 0.003 0.005 0.006 0.000 0.000 0.004 0.003 0.002 0.002 0.002 0.000 0.000 0.000 0.002 0.005 0.635 0.000 0.000 0.010 0.000
0.010 0.010 0.034 0.010 0.001 0.001 0.006 0.007 0.007 0.007 0.002 0.002 0.001 0.001 0.000 0.002 0.004 0.002 0.002 0.004 0.006 0.003 0.000 0.006 0.010 0.006 0.005 0.005 0.005 0.004 0.004 0.005 0.003 0.003 0.003 0.003 0.003 0.004 0.002 0.006 0.005 0.018 0.003 0.002 0.003 0.005 0.006 0.002 0.004 0.012 0.007 0.004 0.003 0.002 0.000 0.002 0.010 0.002 0.001 0.002 0.003 0.015 0.005 0.010 0.000 0.003 0.002 0.002 0.001 0.000 0.001 0.003 0.000 0.002 0.249 0.000 0.000
0.010 0.010 0.008 0.003 0.002 0.002 0.004 0.003 0.003 0.004 0.005 0.003 0.002 0.001 0.003 0.004 0.004 0.004 0.002 0.002 0.010 0.008 0.006 0.006 0.008 0.003 0.007 0.000 0.003 0.000 0.000 0.000 0.005 0.007 0.003 0.002 0.003 0.007 0.004 0.007 0.002 0.007 0.007 0.005 0.005 0.005 0.003 0.003 0.004 0.003 0.004 0.003 0.004 0.004 0.003 0.002 0.008 0.002 0.000 0.000 0.004 0.000 0.010 0.010 0.010 0.005 0.007 0.002 0.001 0.002 0.002 0.001 0.000 0.003 0.001 0.001 0.010
0.010 0.004 0.008 0.002 0.004 0.008 0.008 0.004 0.003 0.005 0.001 0.001 0.003 0.003 0.000 0.002 0.006 0.010 0.031 0.006 0.004 0.003 0.006 0.010 0.084 0.031 0.010 0.007 0.007 0.007 0.006 0.010 0.007 0.005 0.000 0.000 0.000 0.003 0.004 0.010 0.012 0.010 0.086 0.037 0.010 0.010 0.010 0.028 0.010 0.023 0.010 0.002 0.005 0.000 0.004 0.004 0.002 0.002 0.007 0.010 0.008 0.003 0.010 0.003 0.005 0.007 0.010 0.010 0.000 0.001 0.003 0.001 0.002 0.004 0.001 0.005 0.000
0.010 0.010 0.002 0.001 0.001 0.004 0.006 0.003 0.007 0.005 0.010 0.002 0.002 0.002 0.002 0.003 0.010 0.047 0.113 0.010 0.010 0.003 0.003 0.040 0.000 0.006 0.007 0.003 0.010 0.000 0.007 0.015 0.007 0.003 0.000 0.000 0.000 0.003 0.004 0.010 0.008 0.010 0.010 0.010 0.010 0.010 0.132 0.136 0.010 0.006 0.010 0.003 0.003 0.000 0.005 0.001 0.002 0.001 0.000 0.002 0.002 0.022 0.003 0.002 0.004 0.004 0.006 0.004 0.007 0.005 0.002 0.001 0.000 0.001 0.002 0.001 0.000
0.010 0.004 0.002 0.002 0.010 0.004 0.008 0.002 0.003 0.002 0.001 0.001 0.002 0.002 0.000 0.006 0.010 0.102 0.010 0.010 0.003 0.002 0.000 0.008 0.010 0.010 0.006 0.010 0.010 0.010 0.009 0.005 0.014 0.001 0.004 0.001 0.002 0.003 0.002 0.003 0.003 0.010 0.010 0.010 0.010 0.010 0.127 0.175 0.010 0.003 0.004 0.000 0.009 0.010 0.002 0.000 0.000 0.000 0.001 0.002 0.001 0.000 0.007 0.000 0.003 0.003 0.003 0.009 0.005 0.005 0.008 0.007 0.000 0.007 0.002 0.001 0.000
0.006 0.008 0.001 0.002 0.002 0.003 0.001 0.004 0.005 0.002 0.002 0.002 0.001 0.000 0.003 0.006 0.010 0.010 0.086 0.079 0.006 0.003 0.008 0.005 0.006 0.007 0.007 0.007 0.125 0.007 0.000 0.007 0.004 0.004 0.010 0.005 0.038 0.005 0.005 0.003 0.003 0.010 0.010 0.022 0.010 0.010 0.010 0.010 0.007 0.003 0.000 0.004 0.001 0.000 0.001 0.000 0.001 0.002 0.001 0.000 0.000 0.002 0.002 0.005 0.004 0.003 0.004 0.010 0.010 0.004 0.005 0.005 0.007 0.006 0.010 0.010 0.000
0.008 0.008 0.008 0.004 0.005 0.001 0.002 0.003 0.002 0.001 0.003 0.010 0.008 0.000 0.006 0.006 0.010 0.093 0.010 0.010 0.005 0.002 0.006 0.010 0.004 0.007 0.000 0.004 0.007 0.004 0.008 0.016 0.010 0.003 0.010 0.007 0.000 0.005 0.004 0.007 0.003 0.010 0.056 0.010 0.010 0.010 0.010 0.010 0.004 0.003 0.000 0.004 0.000 0.000 0.001 0.000 0.003 0.001 0.001 0.002 0.003 0.003 0.000 0.003 0.000 0.000 0.003 0.010 0.008 0.005 0.010 0.005 0.007 0.007 0.011 0.010 0.003
0.003 0.064 0.010 0.010 0.008 0.005 0.003 0.002 0.002 0.001 0.002 0.010 0.009 0.007 0.004 0.004 0.049 0.008 0.010 0.010 0.004 0.002 0.005 0.007 0.004 0.022 0.004 0.003 0.007 0.004 0.021 0.007 0.000 0.002 0.004 0.003 0.000 0.004 0.005 0.004 0.007 0.010 0.010 0.119 0.010 0.010 0.010 0.010 0.010 0.000 0.000 0.000 0.000 0.000 0.002 0.002 0.003 0.003 0.005 0.007 0.000 0.005 0.003 0.001 0.003 0.000 0.000 0.000 0.004 0.003 0.045 0.023 0.004 0.003 0.008 0.011 0.003
0.005 0.010 0.010 0.004 0.004 0.003 0.005 0.001 0.001 0.001 0.003 0.007 0.009 0.010 0.010 0.006 0.002 0.000 0.010 0.000 0.002 0.003 0.002 0.002 0.002 0.005 0.000 0.010 0.000 0.004 0.007 0.012 0.005 0.002 0.010 0.010 0.004 0.004 0.010 0.004 0.000 0.010 0.205 0.010 0.010 0.010 0.029 0.010 0.004 0.010 0.007 0.003 0.002 0.007 0.007 0.010 0.000 0.000 0.008 0.010 0.005 0.010 0.003 0.004 0.000 0.004 0.001 0.000 0.003 0.003 0.002 0.008 0.007 0.010 0.010 0.004 0.004
0.010 0.008 0.005 0.004 0.002 0.007 0.003 0.001 0.003 0.010 0.020 0.005 0.010 0.012 0.000 0.001 0.005 0.000 0.052 0.000 0.003 0.005 0.002 0.001 0.001 0.002 0.001 0.003 0.003 0.003 0.003 0.000 0.007 0.003 0.004 0.003 0.002 0.010 0.004 0.004 0.942 0.010 0.194 0.010 0.010 0.255 0.010 0.010 0.004 0.000 0.007 0.007 0.012 0.000 0.004 0.010 0.024 0.010 0.006 0.008 0.000 0.007 0.014 0.000 0.010 0.010 0.002 0.000 0.003 0.007 0.005 0.001 0.001 0.001 0.003 0.003 0.000
0.005 0.036 0.004 0.007 0.003 0.002 0.002 0.003 0.002 0.010 0.002 0.015 0.002 0.000 0.003 0.000 0.003 0.000 0.000 0.000 0.010 0.010 0.004 0.002 0.000 0.000 0.000 0.003 0.002 0.001 0.001 0.002 0.002 0.001 0.002 0.003 0.009 0.181 0.004 0.002 0.890 0.000 0.594 0.029 0.010 0.018 0.010 0.021 0.005 0.000 0.010 0.005 0.007 0.008 0.039 0.056 0.005 0.010 0.020 0.005 0.005 0.005 0.010 0.000 0.000 0.000 0.004 0.001 0.003 0.002 0.000 0.000 0.000 0.000 0.022 0.000 0.002
0.004 0.052 0.003 0.005 0.003 0.005 0.004 0.010 0.010 0.010 0.025 0.001 0.001 0.001 0.000 0.003 0.000 0.000 0.000 0.000 0.002 0.010 0.003 0.000 0.000 0.000 0.000 0.000 0.000 0.000 0.004 0.005 0.007 0.007 0.003 0.003 0.002 0.225 0.350 0.530 0.021 0.010 0.010 0.000 0.010 0.010 0.015 0.010 0.010 0.010 0.005 0.010 0.007 0.000 0.000 0.007 0.010 0.007 0.007 0.070 0.005 0.004 0.005 0.003 0.000 0.000 0.000 0.003 0.001 0.001 0.000 0.000 0.001 0.000 0.000 0.000 0.001
0.003 0.002 0.003 0.002 0.002 0.002 0.009 0.010 0.010 0.010 0.008 0.001 0.000 0.001 0.003 0.010 0.000 0.000 0.010 0.010 0.001 0.082 0.010 0.000 0.001 0.001 0.001 0.000 0.001 0.009 0.038 0.002 0.004 0.060 0.004 0.000 0.000 0.004 0.002 0.002 0.139 0.007 0.000 0.010 0.251 0.000 0.499 0.005 0.007 0.010 0.023 0.000 0.005 0.005 0.004 0.004 0.007 0.010 0.007 0.005 0.007 0.001 0.001 0.004 0.001 0.002 0.001 0.003 0.001 0.000 0.001 0.000 0.001 0.001 0.000 0.002 0.003
0.005 0.006 0.007 0.007 0.003 0.005 0.053 0.325 0.109 0.010 0.003 0.002 0.001 0.000 0.004 0.005 0.000 0.000 0.000 0.013 0.005 0.003 0.000 0.002 0.001 0.001 0.003 0.002 0.000 0.003 0.000 0.005 0.005 0.005 0.002 0.003 0.004 0.003 0.137 0.015 0.014 0.016 0.003 0.005 0.000 0.000 0.613 0.000 0.010 0.010 0.007 0.002 0.000 0.010 0.007 0.041 0.000 0.004 0.007 0.001 0.001 0.007 0.010 0.055 0.000 0.001 0.003 0.003 0.006 0.000 0.001 0.001 0.010 0.002 0.002 0.012 0.010
0.002 0.003 0.004 0.010 0.058 0.004 0.280 0.016 0.016 0.010 0.002 0.002 0.000 0.005 0.005 0.006 0.010 0.059 0.000 0.000 0.004 0.000 0.003 0.002 0.001 0.000 0.004 0.002 0.005 0.010 0.010 0.010 0.004 0.002 0.004 0.000 0.004 0.004 0.003 0.010 0.010 0.000 0.010 0.013 0.005 0.005 0.007 0.004 0.083 0.000 0.010 0.010 0.075 0.010 0.010 0.010 0.005 0.003 0.016 0.004 0.003 0.004 0.004 0.019 0.010 0.000 0.007 0.000 0.000 0.001 0.002 0.003 0.010 0.006 0.004 0.006 0.010
0.003 0.007 0.007 0.007 0.003 0.003 0.003 0.006 0.043 0.010 0.010 0.023 0.064 0.000 0.010 0.010 0.004 0.009 0.010 0.000 0.010 0.005 0.002 0.001 0.000 0.000 0.002 0.005 0.010 0.010 0.004 0.003 0.005 0.004 0.002 0.000 0.004 0.003 0.130 0.010 0.010 0.000 0.000 0.010 0.005 0.003 0.002 0.003 0.000 0.010 0.130 0.000 0.010 0.010 0.010 0.023 0.010 0.004 0.000 0.000 0.002 0.003 0.010 0.007 0.004 0.004 0.003 0.005 0.001 0.000 0.000 0.016 0.003 0.002 0.000 0.044 0.007
0.005 0.002 0.003 0.006 0.004 0.003 0.005 0.008 0.010 0.010 0.014 0.059 0.000 0.003 0.036 0.013 0.002 0.003 0.000 0.002 0.006 0.010 0.006 0.006 0.000 0.002 0.005 0.010 0.034 0.010 0.000 0.003 0.000 0.004 0.000 0.000 0.004 0.004 0.030 0.004 0.000 0.000 0.000 0.010 0.000 0.010 0.007 0.010 0.009 0.005 0.010 0.010 0.124 0.000 0.010 0.010 0.010 0.005 0.000 0.000 0.000 0.009 0.010 0.002 0.005 0.003 0.002 0.000 0.001 0.003 0.003 0.001 0.003 0.010 0.010 0.007 0.039
0.007 0.006 0.006 0.004 0.004 0.006 0.006 0.006 0.010 0.010 0.052 0.076 0.000 0.001 0.002 0.004 0.003 0.005 0.003 0.005 0.006 0.002 0.003 0.006 0.003 0.002 0.008 0.010 0.010 0.002 0.006 0.004 0.000 0.003 0.000 0.004 0.004 0.003 0.002 0.005 0.010 0.010 0.010 0.000 0.000 0.000 0.002 0.004 0.003 0.004 0.003 0.009 0.010 0.010 0.205 0.000 0.159 0.010 0.010 0.005 0.001 0.010 0.042 0.016 0.004 0.007 0.002 0.001 0.000 0.001 0.001 0.001 0.001 0.010 0.007 0.007 0.010
0.007 0.006 0.004 0.003 0.005 0.005 0.006 0.008 0.003 0.077 0.175 0.000 0.001 0.001 0.002 0.002 0.004 0.003 0.005 0.004 0.008 0.003 0.000 0.004 0.002 0.002 0.000 0.000 0.001 0.000 0.003 0.002 0.003 0.000 0.000 0.002 0.004 0.007 0.001 0.007 0.000 0.000 0.010 0.010 0.010 0.010 0.003 0.002 0.063 0.010 0.010 0.010 0.010 0.003 0.010 0.010 0.010 0.000 0.129 0.010 0.007 0.010 0.010 0.010 0.010 0.002 0.001 0.001 0.001 0.001 0.000 0.000 0.001 0.002 0.002 0.005 0.010
0.002 0.009 0.005 0.010 0.007 0.006 0.003 0.006 0.004 0.003 0.090 0.003 0.005 0.002 0.003 0.002 0.008 0.000 0.000 0.010 0.018 0.000 0.003 0.002 0.008 0.000 0.000 0.000 0.000 0.001 0.000 0.005 0.000 0.007 0.007 0.010 0.093 0.010 0.001 0.004 0.000 0.000 0.066 0.000 0.010 0.003 0.017 0.004 0.003 0.023 0.138 0.000 0.004 0.003 0.004 0.007 0.010 0.010 0.010 0.000 0.264 0.010 0.010 0.080 0.004 0.003 0.001 0.000 0.001 0.000 0.000 0.001 0.000 0.003 0.000 0.010 0.000
0.004 0.008 0.006 0.000 0.005 0.008 0.010 0.010 0.047 0.000 0.082 0.006 0.006 0.003 0.002 0.004 0.004 0.004 0.008 0.008 0.006 0.001 0.002 0.003 0.000 0.002 0.000 0.002 0.001 0.000 0.000 0.000 0.006 0.007 0.010 0.003 0.003 0.003 0.003 0.004 0.010 0.010 0.000 0.000 0.000 0.005 0.010 0.008 0.003 0.007 0.059 0.046 0.000 0.000 0.001 0.004 0.003 0.009 0.010 0.010 0.010 0.000 0.423 0.010 0.002 0.000 0.007 0.000 0.000 0.000 0.000 0.001 0.001 0.002 0.002 0.000 0.000
0.010 0.010 0.010 0.010 0.009 0.004 0.009 0.000 0.000 0.070 0.004 0.000 0.010 0.002 0.002 0.007 0.002 0.006 0.003 0.003 0.010 0.005 0.002 0.004 0.000 0.008 0.001 0.001 0.001 0.000 0.005 0.010 0.007 0.108 0.007 0.003 0.004 0.004 0.003 0.003 0.000 0.010 0.010 0.010 0.010 0.003 0.009 0.000 0.000 0.005 0.010 0.007 0.010 0.003 0.010 0.007 0.002 0.003 0.004 0.007 0.010 0.010 0.010 0.000 0.000 0.034 0.000 0.002 0.000 0.000 0.000 0.001 0.001 0.006 0.001 0.001 0.001
0.010 0.010 0.010 0.000 0.006 0.032 0.000 0.062 0.010 0.000 0.000 0.004 0.003 0.002 0.001 0.010 0.001 0.001 0.001 0.003 0.002 0.002 0.012 0.004 0.005 0.008 0.004 0.007 0.000 0.000 0.005 0.010 0.010 0.004 0.007 0.003 0.007 0.004 0.007 0.051 0.000 0.048 0.000 0.000 0.007 0.005 0.040 0.010 0.007 0.010 0.000 0.010 0.003 0.000 0.007 0.009 0.004 0.000 0.005 0.004 0.007 0.004 0.007 0.003 0.012 0.000 0.019 0.004 0.000 0.001 0.000 0.000 0.000 0.001 0.080 0.001 0.001
0.010 0.006 0.000 0.006 0.027 0.000 0.017 0.008 0.000 0.004 0.006 0.001 0.001 0.003 0.000 0.000 0.004 0.002 0.001 0.006 0.003 0.000 0.002 0.000 0.005 0.005 0.003 0.003 0.007 0.005 0.010 0.005 0.010 0.003 0.004 0.004 0.007 0.005 0.007 0.010 0.000 0.000 0.000 0.000 0.003 0.003 0.015 0.015 0.003 0.005 0.003 0.002 0.015 0.002 0.010 0.000 0.061 0.003 0.005 0.000 0.002 0.004 0.005 0.000 0.000 0.002 0.007 0.000 0.339 0.010 0.001 0.001 0.000 0.001 0.002 0.002 0.004
0.003 0.005 0.005 0.000 0.010 0.007 0.010 0.000 0.000 0.000 0.001 0.002 0.006 0.000 0.000 0.002 0.001 0.001 0.003 0.003 0.000 0.004 0.001 0.004 0.003 0.003 0.005 0.021 0.010 0.003 0.007 0.004 0.007 0.003 0.002 0.005 0.007 0.004 0.009 0.010 0.010 0.004 0.000 0.007 0.007 0.004 0.028 0.110 0.087 0.000 0.003 0.000 0.000 0.000 0.000 0.003 0.003 0.000 0.005 0.004 0.000 0.002 0.003 0.004 0.003 0.002 0.004 0.002 0.010 0.000 0.000 0.014 0.002 0.010 0.000 0.000 0.000
0.010 0.256 0.000 0.010 0.009 0.010 0.010 0.000 0.003 0.003 0.004 0.057 0.010 0.010 0.004 0.008 0.001 0.000 0.002 0.008 0.003 0.000 0.000 0.003 0.003 0.004 0.003 0.010 0.007 0.000 0.000 0.034 0.004 0.005 0.010 0.005 0.007 0.004 0.003 0.004 0.003 0.003 0.004 0.008 0.028 0.000 0.000 0.078 0.051 0.004 0.002 0.000 0.000 0.000 0.000 0.000 0.003 0.014 0.005 0.005 0.004 0.003 0.078 0.010 0.000 0.008 0.003 0.005 0.005 0.002 0.004 0.000 0.000 0.003 0.000 0.001 0.010
0.000 0.010 0.010 0.003 0.010 0.010 0.002 0.001 0.002 0.001 0.006 0.069 0.010 0.010 0.003 0.000 0.000 0.000 0.002 0.006 0.000 0.000 0.000 0.000 0.003 0.000 0.003 0.110 0.010 0.010 0.004 0.002 0.001 0.005 0.004 0.024 0.005 0.004 0.003 0.003 0.002 0.003 0.002 0.004 0.005 0.008 0.005 0.004 0.000 0.003 0.000 0.000 0.000 0.000 0.010 0.002 0.003 0.003 0.010 0.010 0.005 0.000 0.010 0.000 0.000 0.000 0.003 0.003 0.003 0.000 0.000 0.002 0.006 0.000 0.000 0.003 0.002
