hx_30m/njhx/rain/result-0039.wd
ncols         211
nrows         286
xllcorner     660279.582600
yllcorner     3541874.325092
cellsize      30.000000
NODATA_value  -9999.000000
[rows 204 to 237 of 286, columns 0 to 76 of 211]
0.000 0.000 0.000 0.000 0.000 0.000 0.000 0.000 0.000 0.000 0.000 0.000 0.000 0.000 0.000 0.010 0.207 0.010 0.000 0.003 0.006 0.003 0.005 0.008 0.010 0.010 0.010 0.029 0.002 0.010 0.010 0.106 0.000 0.005 0.008 0.004 0.006 0.006 0.010 0.010 0.133 0.000 0.010 0.509 0.005 0.010 0.003 0.005 0.004 0.010 0.000 0.005 0.000 0.003 0.006 0.004 0.006 0.004 0.000 0.000 0.002 0.002 0.001 0.001 0.000 0.001 0.001 0.001 0.000 0.051 0.007 0.003 0.010 0.010 0.010 0.010 0.000
0.000 0.000 0.000 0.000 0.000 0.000 0.000 0.000 0.000 0.000 0.000 0.000 0.000 0.000 0.118 0.010 0.010 0.003 0.001 0.004 0.003 0.010 0.005 0.010 0.008 0.008 0.010 0.010 0.002 0.008 0.010 0.063 0.000 0.010 0.010 0.006 0.008 0.010 0.010 0.008 0.003 0.000 0.010 0.010 0.010 0.010 0.010 0.004 0.005 0.003 0.007 0.010 0.004 0.004 0.009 0.003 0.002 0.002 0.000 0.001 0.000 0.000 0.000 0.001 0.009 0.004 0.007 0.000 0.004 0.021 0.000 0.008 0.010 0.007 0.000 0.319 0.026
0.000 0.000 0.000 0.000 0.000 0.000 0.000 0.000 0.000 0.000 0.000 0.000 0.000 0.000 0.010 0.127 0.004 0.004 0.006 0.004 0.010 0.010 0.005 0.010 0.006 0.085 0.010 0.006 0.010 0.006 0.010 0.010 0.000 0.008 0.010 0.010 0.004 0.008 0.010 0.004 0.000 0.070 0.010 0.010 0.010 0.010 0.010 0.007 0.007 0.002 0.003 0.003 0.002 0.003 0.003 0.003 0.002 0.002 0.001 0.000 0.000 0.001 0.001 0.002 0.010 0.010 0.010 0.010 0.007 0.031 0.010 0.011 0.010 0.000 0.356 0.258 0.400
0.000 0.000 0.000 0.000 0.000 0.000 0.000 0.000 0.000 0.000 0.000 0.000 0.000 0.000 0.010 0.010 0.006 0.010 0.004 0.004 0.010 0.006 0.010 0.005 0.010 0.004 0.003 0.006 0.006 0.004 0.004 0.008 0.011 0.010 0.010 0.010 0.008 0.006 0.002 0.004 0.010 0.088 0.010 0.010 0.010 0.010 0.010 0.005 0.002 0.000 0.002 0.002 0.003 0.005 0.003 0.002 0.010 0.000 0.000 0.000 0.000 0.001 0.001 0.002 0.010 0.010 0.010 0.010 0.003 0.015 0.010 0.000 0.041 0.010 0.151 0.000 0.007
0.000 0.000 0.000 0.000 0.000 0.000 0.000 0.000 0.000 0.000 0.000 0.000 0.000 0.000 0.010 0.010 0.004 0.006 0.006 0.066 0.022 0.008 0.010 0.008 0.010 0.006 0.006 0.004 0.010 0.006 0.008 0.000 0.006 0.010 0.007 0.003 0.003 0.005 0.006 0.010 0.010 0.071 0.010 0.010 0.010 0.010 0.007 0.004 0.000 0.010 0.002 0.003 0.010 0.000 0.001 0.002 0.003 0.001 0.007 0.001 0.001 0.002 0.002 0.010 0.007 0.010 0.010 0.006 0.004 0.021 0.000 0.010 0.010 0.009 0.000 0.003 0.000
0.000 0.000 0.000 0.000 0.000 0.000 0.000 0.000 0.000 0.000 0.000 0.000 0.000 0.010 0.008 0.004 0.010 0.010 0.010 0.006 0.010 0.010 0.008 0.008 0.002 0.010 0.008 0.010 0.004 0.012 0.057 0.000 0.010 0.010 0.006 0.003 0.000 0.002 0.006 0.010 0.010 0.010 0.010 0.010 0.010 0.010 0.005 0.004 0.005 0.003 0.000 0.100 0.012 0.000 0.000 0.001 0.008 0.013 0.126 0.217 0.001 0.001 0.002 0.010 0.010 0.010 0.062 0.000 0.000 0.333 0.219 0.056 0.003 0.005 0.000 0.003 0.003
0.000 0.000 0.000 0.000 0.000 0.000 0.000 0.000 0.000 0.000 0.000 0.000 0.169 0.010 0.008 0.006 0.075 0.010 0.010 0.005 0.010 0.010 0.008 0.006 0.005 0.010 0.010 0.005 0.000 0.010 0.000 0.073 0.010 0.008 0.008 0.001 0.000 0.002 0.002 0.010 0.006 0.010 0.010 0.010 0.010 0.010 0.003 0.003 0.007 0.004 0.002 0.010 0.000 0.000 0.000 0.039 0.000 0.004 0.004 0.076 0.296 0.169 0.021 0.002 0.010 0.079 0.014 0.010 0.010 0.189 0.127 0.005 0.002 0.000 0.002 0.001 0.002
0.000 0.000 0.000 0.000 0.000 0.000 0.000 0.000 0.000 0.000 0.000 0.000 0.010 0.010 0.004 0.026 0.010 0.010 0.004 0.010 0.010 0.010 0.010 0.010 0.004 0.010 0.002 0.006 0.000 0.000 0.000 0.006 0.010 0.006 0.003 0.000 0.001 0.001 0.002 0.006 0.043 0.008 0.010 0.010 0.010 0.005 0.004 0.005 0.010 0.004 0.000 0.003 0.000 0.000 0.001 0.010 0.000 0.000 0.000 0.004 0.037 0.002 0.109 0.022 0.266 0.010 0.000 0.010 0.010 0.255 0.007 0.005 0.004 0.004 0.004 0.002 0.010
0.000 0.000 0.000 0.000 0.000 0.000 0.000 0.000 0.000 0.000 0.000 0.000 0.010 0.010 0.004 0.010 0.010 0.051 0.006 0.006 0.010 0.010 0.010 0.010 0.004 0.010 0.003 0.008 0.000 0.000 0.000 0.010 0.010 0.010 0.006 0.003 0.001 0.010 0.004 0.002 0.000 0.002 0.002 0.009 0.008 0.008 0.002 0.010 0.010 0.010 0.006 0.001 0.000 0.000 0.001 0.003 0.002 0.002 0.005 0.005 0.004 0.000 0.003 0.151 0.010 0.010 0.010 0.046 0.004 0.000 0.007 0.002 0.005 0.001 0.002 0.002 0.000
0.000 0.000 0.000 0.000 0.000 0.000 0.000 0.000 0.000 0.000 0.000 0.000 0.054 0.004 0.010 0.010 0.416 0.140 0.006 0.010 0.010 0.010 0.008 0.010 0.003 0.010 0.004 0.006 0.000 0.010 0.000 0.008 0.006 0.010 0.004 0.001 0.001 0.002 0.000 0.000 0.002 0.000 0.000 0.000 0.003 0.009 0.000 0.002 0.006 0.004 0.000 0.002 0.002 0.001 0.010 0.006 0.002 0.003 0.002 0.001 0.003 0.006 0.000 0.558 0.010 0.010 0.010 0.010 0.010 0.074 0.072 0.000 0.000 0.007 0.004 0.000 0.000
0.000 0.000 0.000 0.000 0.000 0.000 0.000 0.000 0.000 0.000 0.000 0.010 0.004 0.003 0.010 0.010 0.010 0.010 0.005 0.010 0.010 0.006 0.008 0.005 0.092 0.010 0.008 0.003 0.010 0.964 0.229 0.010 0.113 0.010 0.001 0.006 0.004 0.008 0.003 0.000 0.003 0.003 0.012 0.002 0.002 0.002 0.003 0.001 0.007 0.003 0.003 0.000 0.003 0.016 0.001 0.000 0.003 0.002 0.004 0.007 0.007 0.000 0.041 0.010 0.010 0.010 0.016 0.000 0.010 0.098 0.344 0.119 0.010 0.000 0.000 0.000 0.010
0.000 0.000 0.000 0.000 0.000 0.000 0.000 0.000 0.000 0.000 0.000 0.069 0.010 0.003 0.014 0.010 0.010 0.004 0.010 0.010 0.010 0.006 0.004 0.008 0.010 0.010 0.064 0.010 0.010 0.000 0.006 0.010 0.010 0.006 0.003 0.002 0.006 0.003 0.008 0.002 0.008 0.000 0.000 0.002 0.003 0.002 0.004 0.003 0.003 0.003 0.005 0.000 0.007 0.005 0.004 0.010 0.010 0.010 0.007 0.000 0.164 0.010 0.010 0.069 0.000 0.008 0.035 0.005 0.004 0.000 0.006 0.005 0.030 0.002 0.004 0.010 0.010
0.000 0.000 0.000 0.000 0.000 0.000 0.000 0.000 0.000 0.000 0.272 0.010 0.010 0.010 0.010 0.010 0.010 0.005 0.010 0.010 0.010 0.006 0.001 0.004 0.010 0.010 0.010 0.010 0.004 0.000 0.088 0.010 0.006 0.003 0.002 0.004 0.003 0.002 0.000 0.002 0.008 0.075 0.010 0.003 0.002 0.000 0.000 0.002 0.004 0.002 0.075 0.004 0.007 0.005 0.001 0.003 0.005 0.005 0.000 0.057 0.010 0.010 0.000 0.000 0.007 0.032 0.000 0.000 0.002 0.004 0.005 0.003 0.007 0.002 0.002 0.003 0.005
0.000 0.000 0.000 0.000 0.000 0.000 0.000 0.000 0.000 0.000 0.015 0.010 0.010 0.010 0.010 0.010 0.010 0.004 0.010 0.010 0.010 0.010 0.005 0.003 0.010 0.010 0.004 0.002 0.000 0.299 0.075 0.008 0.008 0.000 0.000 0.002 0.104 0.010 0.010 0.003 0.001 0.003 0.001 0.002 0.003 0.003 0.010 0.010 0.001 0.003 0.000 0.002 0.006 0.001 0.005 0.007 0.000 0.128 0.010 0.073 0.010 0.000 0.000 0.010 0.008 0.005 0.005 0.005 0.005 0.005 0.003 0.003 0.005 0.002 0.000 0.004 0.026
0.000 0.000 0.000 0.000 0.000 0.000 0.000 0.000 0.000 0.000 0.010 0.010 0.010 0.010 0.010 0.010 0.010 0.007 0.010 0.041 0.000 0.010 0.095 0.010 0.005 0.006 0.002 0.000 0.087 0.004 0.010 0.006 0.010 0.003 0.003 0.009 0.010 0.010 0.096 0.008 0.006 0.001 0.001 0.005 0.005 0.004 0.007 0.005 0.004 0.006 0.001 0.001 0.004 0.005 0.010 0.000 0.007 0.010 0.000 0.010 0.010 0.000 0.010 0.008 0.003 0.004 0.000 0.001 0.000 0.003 0.005 0.005 0.002 0.002 0.004 0.010 0.098
0.000 0.000 0.000 0.000 0.000 0.000 0.000 0.000 0.000 0.000 0.000 0.010 0.099 0.025 0.010 0.010 0.010 0.010 0.041 0.000 0.000 0.000 0.010 0.071 0.000 0.000 0.218 0.006 0.006 0.008 0.010 0.010 0.010 0.000 0.000 0.006 0.006 0.000 0.003 0.003 0.005 0.001 0.003 0.002 0.005 0.010 0.008 0.006 0.003 0.003 0.002 0.001 0.002 0.000 0.103 0.004 0.002 0.001 0.002 0.000 0.010 0.010 0.010 0.008 0.005 0.004 0.005 0.002 0.006 0.011 0.005 0.007 0.005 0.000 0.000 0.010 0.040
0.000 0.000 0.000 0.000 0.000 0.000 0.000 0.000 0.000 0.000 0.000 0.000 0.000 0.000 0.202 0.010 0.010 0.010 0.000 0.000 0.000 0.000 0.000 0.010 0.000 0.010 0.008 0.006 0.010 0.003 0.010 0.006 0.010 0.000 0.009 0.010 0.000 0.005 0.003 0.002 0.000 0.001 0.005 0.004 0.005 0.010 0.010 0.003 0.004 0.002 0.002 0.002 0.000 0.014 0.010 0.003 0.010 0.000 0.001 0.001 0.004 0.006 0.005 0.004 0.010 0.002 0.003 0.005 0.004 0.003 0.007 0.000 0.002 0.000 0.003 0.294 0.000
0.000 0.000 0.000 0.000 0.000 0.000 0.000 0.000 0.000 0.000 0.000 0.000 0.010 0.010 0.010 0.010 0.010 0.010 0.000 0.000 0.000 0.000 0.000 0.000 0.000 0.225 0.004 0.005 0.004 0.006 0.010 0.006 0.010 0.004 0.004 0.002 0.000 0.010 0.004 0.002 0.001 0.001 0.001 0.000 0.003 0.007 0.004 0.007 0.003 0.001 0.000 0.010 0.010 0.009 0.000 0.000 0.005 0.000 0.007 0.000 0.000 0.002 0.004 0.004 0.003 0.000 0.002 0.004 0.000 0.000 0.004 0.005 0.005 0.005 0.002 0.300 0.003
0.000 0.000 0.000 0.000 0.000 0.000 0.000 0.000 0.000 0.000 0.000 0.000 0.000 0.000 0.000 0.010 0.010 0.010 0.010 0.000 0.000 0.000 0.032 0.000 0.000 0.000 0.000 0.062 0.010 0.004 0.010 0.004 0.010 0.004 0.004 0.010 0.004 0.006 0.000 0.000 0.001 0.003 0.003 0.007 0.003 0.001 0.006 0.002 0.004 0.000 0.004 0.006 0.005 0.002 0.004 0.007 0.004 0.003 0.000 0.000 0.001 0.000 0.001 0.002 0.001 0.005 0.005 0.000 0.002 0.003 0.002 0.005 0.003 0.005 0.003 0.002 0.002
0.000 0.000 0.000 0.000 0.000 0.000 0.000 0.000 0.000 0.000 0.000 0.000 0.000 0.000 0.000 0.000 0.010 0.010 0.010 0.010 0.010 0.100 0.000 0.000 0.000 0.000 0.000 0.000 0.000 0.091 0.010 0.150 0.019 0.002 0.005 0.010 0.003 0.004 0.003 0.005 0.002 0.002 0.000 0.004 0.000 0.000 0.010 0.000 0.144 0.010 0.001 0.003 0.003 0.004 0.007 0.005 0.010 0.010 0.002 0.002 0.002 0.008 0.002 0.010 0.000 0.000 0.003 0.008 0.002 0.003 0.004 0.007 0.000 0.004 0.005 0.004 0.000
0.000 0.000 0.000 0.000 0.000 0.000 0.000 0.000 0.000 0.000 0.000 0.000 0.000 0.000 0.000 0.000 0.000 0.010 0.010 0.126 0.000 0.000 0.000 0.043 0.000 0.120 0.010 0.010 0.069 0.000 0.000 0.000 0.000 0.000 0.000 0.005 0.003 0.010 0.010 0.003 0.006 0.003 0.007 0.010 0.010 0.010 0.000 0.069 0.010 0.010 0.001 0.002 0.001 0.004 0.007 0.010 0.010 0.004 0.002 0.004 0.004 0.010 0.003 0.004 0.002 0.009 0.005 0.003 0.003 0.002 0.012 0.003 0.000 0.005 0.004 0.000 0.000
0.000 0.000 0.000 0.000 0.000 0.000 0.000 0.000 0.000 0.000 0.000 0.000 0.000 0.000 0.000 0.000 0.000 0.000 0.000 0.207 0.000 0.000 0.000 0.010 0.000 0.010 0.010 0.000 0.000 0.000 0.000 0.078 0.010 0.010 0.038 0.000 0.010 0.004 0.005 0.003 0.005 0.010 0.005 0.007 0.010 0.477 0.010 0.010 0.010 0.005 0.004 0.002 0.006 0.007 0.002 0.001 0.003 0.005 0.003 0.004 0.010 0.010 0.008 0.005 0.005 0.000 0.000 0.003 0.003 0.000 0.000 0.003 0.002 0.004 0.005 0.000 0.003
0.000 0.000 0.000 0.000 0.000 0.000 0.000 0.000 0.000 0.000 0.000 0.000 0.000 0.000 0.000 0.000 0.000 0.000 0.000 0.000 0.027 0.000 0.000 0.000 0.000 0.010 0.000 0.000 0.000 0.000 0.000 0.000 0.000 0.000 0.000 0.010 0.075 0.000 0.000 0.010 0.010 0.003 0.005 0.003 0.000 0.010 0.004 0.004 0.004 0.002 0.007 0.010 0.000 0.005 0.002 0.004 0.005 0.002 0.004 0.002 0.002 0.114 0.010 0.004 0.005 0.010 0.010 0.007 0.004 0.002 0.001 0.003 0.002 0.002 0.007 0.002 0.003
0.000 0.000 0.000 0.000 0.000 0.000 0.000 0.000 0.000 0.000 0.000 0.000 0.000 0.000 0.000 0.000 0.000 0.000 0.000 0.000 0.000 0.026 0.000 0.000 0.031 0.000 0.000 0.000 0.000 0.000 0.000 0.000 0.000 0.000 0.000 0.000 0.000 0.010 0.010 0.147 0.000 0.000 0.000 0.010 0.000 0.004 0.003 0.005 0.010 0.007 0.129 0.012 0.007 0.007 0.010 0.000 0.000 0.000 0.000 0.000 0.074 0.206 0.010 0.002 0.002 0.000 0.007 0.006 0.003 0.001 0.002 0.003 0.002 0.004 0.002 0.001 0.002
0.000 0.000 0.000 0.000 0.000 0.000 0.000 0.000 0.000 0.000 0.000 0.000 0.000 0.000 0.000 0.000 0.000 0.000 0.000 0.000 0.000 0.000 0.000 0.031 0.000 0.000 0.000 0.000 0.000 0.000 0.000 0.000 0.000 0.000 0.000 0.000 0.000 0.000 0.000 0.010 0.059 0.010 0.010 0.104 0.000 0.000 0.000 0.021 0.004 0.003 0.005 0.089 0.216 0.196 0.097 0.004 0.010 0.004 0.000 0.004 0.003 0.007 0.001 0.001 0.002 0.004 0.005 0.005 0.002 0.000 0.068 0.010 0.008 0.007 0.002 0.007 0.000
0.000 0.000 0.000 0.000 0.000 0.000 0.000 0.000 0.000 0.000 0.000 0.000 0.000 0.000 0.000 0.000 0.000 0.000 0.000 0.000 0.000 0.000 0.000 0.000 0.000 0.000 0.000 0.000 0.000 0.000 0.000 0.000 0.000 0.000 0.000 0.000 0.000 0.000 0.000 0.000 0.000 0.000 0.000 0.000 0.000 0.000 0.000 0.105 0.000 0.000 0.259 0.059 0.148 0.005 0.007 0.010 0.005 0.002 0.004 0.002 0.005 0.139 0.000 0.000 0.000 0.001 0.004 0.008 0.004 0.000 0.002 0.008 0.010 0.181 0.113 0.010 0.010
0.000 0.000 0.000 0.000 0.000 0.000 0.000 0.000 0.000 0.000 0.000 0.000 0.000 0.000 0.000 0.000 0.000 0.000 0.000 0.000 0.000 0.000 0.000 0.000 0.000 0.000 0.000 0.000 0.000 0.000 0.000 0.000 0.000 0.000 0.000 0.000 0.000 0.000 0.000 0.000 0.000 0.000 0.000 0.000 0.000 0.000 0.000 0.000 0.000 0.037 0.000 0.000 0.010 0.005 0.004 0.007 0.004 0.010 0.007 0.004 0.003 0.003 0.018 0.005 0.005 0.000 0.000 0.002 0.000 0.004 0.018 0.010 0.005 0.000 0.002 0.002 0.001
0.000 0.000 0.000 0.000 0.000 0.000 0.000 0.000 0.000 0.000 0.000 0.000 0.000 0.000 0.000 0.000 0.000 0.000 0.000 0.000 0.000 0.000 0.000 0.000 0.000 0.000 0.000 0.000 0.000 0.000 0.000 0.000 0.000 0.000 0.000 0.000 0.000 0.000 0.000 0.000 0.000 0.000 0.000 0.000 0.000 0.000 0.000 0.000 0.000 0.000 0.000 0.036 0.000 0.000 0.000 0.010 0.010 0.002 0.008 0.005 0.007 0.010 0.005 0.004 0.002 0.005 0.005 0.010 0.000 0.007 0.000 0.003 0.002 0.008 0.001 0.000 0.001
0.000 0.000 0.000 0.000 0.000 0.000 0.000 0.000 0.000 0.000 0.000 0.000 0.000 0.000 0.000 0.000 0.000 0.000 0.000 0.000 0.000 0.000 0.000 0.000 0.000 0.000 0.000 0.000 0.000 0.000 0.000 0.000 0.000 0.000 0.000 0.000 0.000 0.000 0.000 0.000 0.000 0.000 0.000 0.000 0.000 0.000 0.000 0.000 0.000 0.000 0.000 0.000 0.000 0.000 0.010 0.010 0.000 0.000 0.000 0.000 0.016 0.004 0.004 0.004 0.010 0.008 0.002 0.004 0.007 0.005 0.005 0.054 0.000 0.000 0.002 0.002 0.000
0.000 0.000 0.000 0.000 0.000 0.000 0.000 0.000 0.000 0.000 0.000 0.000 0.000 0.000 0.000 0.000 0.000 0.000 0.000 0.000 0.000 0.000 0.000 0.000 0.000 0.000 0.000 0.000 0.000 0.000 0.000 0.000 0.000 0.000 0.000 0.000 0.000 0.000 0.000 0.000 0.000 0.000 0.000 0.000 0.000 0.000 0.000 0.000 0.000 0.000 0.000 0.000 0.000 0.000 0.000 0.000 0.000 0.000 0.000 0.035 0.000 0.000 0.000 0.000 0.005 0.004 0.004 0.008 0.005 0.004 0.010 0.008 0.005 0.008 0.000 0.005 0.004
0.000 0.000 0.000 0.000 0.000 0.000 0.000 0.000 0.000 0.000 0.000 0.000 0.000 0.000 0.000 0.000 0.000 0.000 0.000 0.000 0.000 0.000 0.000 0.000 0.000 0.000 0.000 0.000 0.000 0.000 0.000 0.000 0.000 0.000 0.000 0.000 0.000 0.000 0.000 0.000 0.000 0.000 0.000 0.000 0.000 0.000 0.000 0.000 0.000 0.000 0.000 0.000 0.000 0.000 0.000 0.000 0.000 0.000 0.000 0.000 0.000 0.000 0.010 0.061 0.000 0.000 0.000 0.005 0.004 0.004 0.005 0.008 0.008 0.004 0.008 0.004 0.000
0.000 0.000 0.000 0.000 0.000 0.000 0.000 0.000 0.000 0.000 0.000 0.000 0.000 0.000 0.000 0.000 0.000 0.000 0.000 0.000 0.000 0.000 0.000 0.000 0.000 0.000 0.000 0.000 0.000 0.000 0.000 0.000 0.000 0.000 0.000 0.000 0.000 0.000 0.000 0.000 0.000 0.000 0.000 0.000 0.000 0.000 0.000 0.000 0.000 0.000 0.000 0.000 0.000 0.000 0.000 0.000 0.000 0.000 0.000 0.000 0.000 0.000 0.000 0.000 0.000 0.010 0.064 0.000 0.000 0.077 0.008 0.002 0.010 0.008 0.002 0.008 0.008
0.000 0.000 0.000 0.000 0.000 0.000 0.000 0.000 0.000 0.000 0.000 0.000 0.000 0.000 0.000 0.000 0.000 0.000 0.000 0.000 0.000 0.000 0.000 0.000 0.000 0.000 0.000 0.000 0.000 0.000 0.000 0.000 0.000 0.000 0.000 0.000 0.000 0.000 0.000 0.000 0.000 0.000 0.000 0.000 0.000 0.000 0.000 0.000 0.000 0.000 0.000 0.000 0.000 0.000 0.000 0.000 0.000 0.000 0.000 0.000 0.000 0.000 0.000 0.000 0.000 0.000 0.000 0.000 0.000 0.000 0.000 0.000 0.005 0.002 0.010 0.004 0.005
0.000 0.000 0.000 0.000 0.000 0.000 0.000 0.000 0.000 0.000 0.000 0.000 0.000 0.000 0.000 0.000 0.000 0.000 0.000 0.000 0.000 0.000 0.000 0.000 0.000 0.000 0.000 0.000 0.000 0.000 0.000 0.000 0.000 0.000 0.000 0.000 0.000 0.000 0.000 0.000 0.000 0.000 0.000 0.000 0.000 0.000 0.000 0.000 0.000 0.000 0.000 0.000 0.000 0.000 0.000 0.000 0.000 0.000 0.000 0.000 0.000 0.000 0.000 0.000 0.000 0.000 0.000 0.000 0.000 0.000 0.000 0.000 0.000 0.000 0.004 0.005 0.008
