hx_30m/njhx/rain/result-0013.wd
ncols         211
nrows         286
xllcorner     660279.582600
yllcorner     3541874.325092
cellsize      30.000000
NODATA_value  -9999.000000
[rows 204 to 237 of 286, columns 77 to 153 of 211]
0.005 0.005 0.004 0.003 0.005 0.005 0.002 0.001 0.001 0.001 0.006 0.006 0.006 0.006 0.003 0.000 0.001 0.001 0.004 0.003 0.004 0.003 0.004 0.001 0.000 0.004 0.004 0.007 0.007 0.006 0.002 0.000 0.002 0.008 0.003 0.005 0.003 0.004 0.004 0.003 0.002 0.002 0.002 0.004 0.003 0.002 0.002 0.003 0.005 0.004 0.000 0.000 0.000 0.000 0.003 0.002 0.004 0.000 0.005 0.004 0.004 0.010 0.004 0.000 0.010 0.005 0.003 0.008 0.007 0.010 0.004 0.003 0.004 0.004 0.010 0.000 0.000
0.002 0.003 0.004 0.005 0.003 0.005 0.001 0.001 0.002 0.001 0.000 0.000 0.006 0.005 0.005 0.005 0.003 0.002 0.002 0.005 0.002 0.000 0.000 0.003 0.004 0.004 0.008 0.006 0.002 0.000 0.001 0.000 0.000 0.000 0.002 0.007 0.004 0.004 0.002 0.000 0.002 0.006 0.003 0.004 0.002 0.004 0.004 0.003 0.004 0.003 0.004 0.002 0.005 0.000 0.002 0.000 0.000 0.004 0.004 0.004 0.012 0.000 0.000 0.004 0.003 0.005 0.008 0.004 0.005 0.010 0.009 0.005 0.004 0.006 0.003 0.004 0.007
0.003 0.002 0.002 0.003 0.002 0.005 0.000 0.000 0.000 0.000 0.001 0.001 0.006 0.000 0.000 0.003 0.000 0.007 0.002 0.001 0.000 0.000 0.000 0.004 0.004 0.004 0.006 0.005 0.000 0.002 0.001 0.001 0.000 0.005 0.004 0.004 0.004 0.002 0.000 0.003 0.002 0.003 0.003 0.007 0.007 0.010 0.010 0.003 0.002 0.002 0.003 0.005 0.004 0.004 0.008 0.006 0.004 0.005 0.004 0.000 0.010 0.000 0.004 0.007 0.004 0.008 0.008 0.010 0.007 0.000 0.010 0.010 0.009 0.005 0.004 0.005 0.000
0.003 0.003 0.000 0.002 0.003 0.003 0.003 0.002 0.002 0.001 0.001 0.001 0.003 0.002 0.002 0.003 0.000 0.004 0.003 0.003 0.000 0.000 0.008 0.003 0.008 0.002 0.004 0.008 0.008 0.004 0.003 0.000 0.007 0.003 0.004 0.003 0.000 0.002 0.002 0.003 0.000 0.000 0.004 0.003 0.007 0.014 0.000 0.001 0.000 0.002 0.007 0.004 0.003 0.006 0.004 0.008 0.008 0.005 0.004 0.157 0.000 0.006 0.004 0.000 0.003 0.004 0.009 0.010 0.009 0.010 0.010 0.010 0.011 0.000 0.000 0.005 0.003
0.003 0.000 0.004 0.002 0.002 0.002 0.002 0.000 0.000 0.003 0.004 0.003 0.003 0.002 0.003 0.003 0.003 0.003 0.002 0.002 0.003 0.004 0.006 0.003 0.004 0.000 0.008 0.000 0.006 0.008 0.000 0.000 0.000 0.003 0.004 0.003 0.000 0.002 0.004 0.004 0.007 0.000 0.004 0.004 0.006 0.000 0.001 0.001 0.003 0.002 0.009 0.005 0.004 0.004 0.004 0.007 0.003 0.004 0.000 0.023 0.000 0.004 0.006 0.010 0.005 0.007 0.007 0.007 0.004 0.005 0.010 0.010 0.000 0.000 0.009 0.000 0.000
0.000 0.005 0.002 0.003 0.005 0.001 0.000 0.000 0.002 0.003 0.001 0.001 0.001 0.000 0.002 0.002 0.002 0.002 0.094 0.004 0.004 0.004 0.004 0.002 0.000 0.008 0.008 0.003 0.003 0.002 0.004 0.000 0.000 0.003 0.004 0.004 0.004 0.001 0.000 0.000 0.000 0.007 0.003 0.007 0.008 0.000 0.001 0.002 0.000 0.003 0.000 0.006 0.010 0.000 0.006 0.006 0.006 0.005 0.010 0.100 0.000 0.010 0.007 0.005 0.003 0.005 0.005 0.007 0.000 0.000 0.004 0.006 0.000 0.010 0.000 0.010 0.005
0.000 0.003 0.002 0.003 0.001 0.001 0.000 0.000 0.000 0.000 0.002 0.003 0.001 0.000 0.000 0.007 0.004 0.006 0.006 0.006 0.008 0.000 0.193 0.008 0.004 0.005 0.005 0.000 0.002 0.002 0.007 0.000 0.004 0.004 0.004 0.000 0.006 0.004 0.002 0.002 0.002 0.006 0.002 0.008 0.000 0.003 0.002 0.002 0.004 0.004 0.002 0.009 0.010 0.003 0.010 0.000 0.008 0.000 0.010 0.005 0.003 0.008 0.006 0.003 0.000 0.010 0.004 0.004 0.000 0.000 0.000 0.003 0.010 0.010 0.010 0.000 0.004
0.004 0.003 0.003 0.004 0.001 0.001 0.001 0.000 0.000 0.004 0.002 0.000 0.002 0.000 0.000 0.001 0.002 0.002 0.003 0.002 0.005 0.008 0.008 0.008 0.008 0.000 0.042 0.006 0.002 0.000 0.007 0.007 0.003 0.007 0.002 0.000 0.006 0.007 0.003 0.007 0.000 0.008 0.008 0.008 0.008 0.003 0.002 0.000 0.007 0.000 0.000 0.009 0.005 0.000 0.008 0.006 0.011 0.009 0.003 0.003 0.005 0.002 0.007 0.005 0.000 0.000 0.004 0.010 0.006 0.000 0.000 0.003 0.000 0.006 0.006 0.005 0.005
0.000 0.001 0.003 0.003 0.001 0.001 0.002 0.002 0.000 0.002 0.006 0.003 0.001 0.000 0.002 0.003 0.003 0.003 0.001 0.006 0.005 0.003 0.003 0.003 0.008 0.008 0.010 0.010 0.000 0.004 0.004 0.000 0.002 0.005 0.003 0.007 0.007 0.007 0.002 0.000 0.005 0.004 0.004 0.000 0.004 0.002 0.002 0.003 0.003 0.002 0.000 0.000 0.003 0.000 0.003 0.005 0.000 0.000 0.000 0.004 0.004 0.003 0.005 0.003 0.003 0.003 0.010 0.016 0.010 0.010 0.010 0.000 0.010 0.000 0.004 0.005 0.004
0.002 0.002 0.000 0.001 0.000 0.002 0.002 0.002 0.002 0.000 0.004 0.000 0.002 0.002 0.002 0.005 0.002 0.002 0.004 0.006 0.005 0.003 0.008 0.002 0.004 0.004 0.004 0.030 0.004 0.007 0.000 0.045 0.006 0.004 0.005 0.008 0.008 0.004 0.003 0.000 0.004 0.004 0.006 0.003 0.004 0.000 0.005 0.003 0.000 0.000 0.000 0.004 0.000 0.000 0.007 0.010 0.003 0.000 0.000 0.000 0.000 0.006 0.003 0.007 0.005 0.004 0.005 0.017 0.010 0.010 0.006 0.000 0.010 0.008 0.008 0.005 0.000
0.004 0.003 0.002 0.001 0.003 0.000 0.000 0.001 0.001 0.002 0.006 0.002 0.001 0.000 0.002 0.003 0.002 0.003 0.002 0.003 0.002 0.004 0.004 0.003 0.004 0.002 0.003 0.000 0.000 0.002 0.004 0.010 0.000 0.010 0.034 0.005 0.004 0.010 0.004 0.006 0.003 0.003 0.004 0.005 0.002 0.016 0.000 0.002 0.003 0.009 0.000 0.002 0.000 0.004 0.006 0.041 0.000 0.002 0.005 0.000 0.000 0.006 0.003 0.003 0.003 0.004 0.005 0.004 0.008 0.010 0.010 0.000 0.000 0.004 0.005 0.006 0.003
0.002 0.004 0.000 0.001 0.001 0.002 0.000 0.002 0.001 0.001 0.000 0.000 0.002 0.006 0.005 0.003 0.001 0.002 0.005 0.005 0.007 0.007 0.007 0.002 0.004 0.003 0.004 0.007 0.005 0.007 0.003 0.007 0.010 0.010 0.000 0.004 0.005 0.005 0.005 0.008 0.008 0.008 0.003 0.003 0.010 0.000 0.002 0.003 0.000 0.000 0.006 0.000 0.000 0.006 0.000 0.005 0.000 0.003 0.005 0.003 0.006 0.003 0.004 0.000 0.003 0.006 0.007 0.005 0.005 0.005 0.006 0.006 0.004 0.007 0.006 0.000 0.000
0.002 0.004 0.005 0.002 0.001 0.000 0.002 0.001 0.000 0.002 0.004 0.002 0.004 0.000 0.003 0.003 0.002 0.004 0.006 0.002 0.005 0.007 0.006 0.004 0.003 0.003 0.002 0.003 0.004 0.003 0.005 0.005 0.005 0.003 0.008 0.005 0.000 0.005 0.005 0.008 0.006 0.004 0.004 0.003 0.003 0.002 0.002 0.000 0.002 0.000 0.001 0.000 0.003 0.006 0.045 0.000 0.000 0.010 0.003 0.000 0.003 0.004 0.000 0.003 0.003 0.000 0.005 0.006 0.006 0.005 0.007 0.005 0.006 0.005 0.006 0.000 0.005
0.002 0.002 0.003 0.004 0.000 0.002 0.001 0.001 0.000 0.003 0.004 0.000 0.005 0.005 0.003 0.002 0.005 0.002 0.001 0.002 0.004 0.004 0.003 0.004 0.003 0.003 0.005 0.004 0.000 0.004 0.004 0.004 0.002 0.008 0.000 0.005 0.000 0.005 0.000 0.004 0.004 0.000 0.003 0.008 0.002 0.003 0.000 0.027 0.000 0.001 0.001 0.001 0.006 0.000 0.005 0.003 0.006 0.010 0.010 0.000 0.008 0.005 0.004 0.004 0.003 0.003 0.004 0.004 0.000 0.009 0.014 0.006 0.007 0.007 0.006 0.004 0.000
0.004 0.003 0.002 0.001 0.002 0.002 0.000 0.000 0.002 0.002 0.001 0.001 0.002 0.002 0.003 0.002 0.003 0.003 0.004 0.006 0.006 0.005 0.003 0.006 0.005 0.003 0.003 0.004 0.000 0.004 0.004 0.006 0.003 0.008 0.000 0.002 0.002 0.002 0.002 0.232 0.000 0.004 0.006 0.000 0.002 0.001 0.000 0.001 0.000 0.001 0.000 0.003 0.007 0.006 0.000 0.002 0.002 0.002 0.000 0.006 0.004 0.000 0.002 0.003 0.003 0.000 0.000 0.000 0.000 0.000 0.000 0.008 0.010 0.004 0.007 0.004 0.005
0.000 0.005 0.000 0.002 0.002 0.002 0.002 0.002 0.002 0.005 0.000 0.000 0.000 0.002 0.002 0.003 0.002 0.002 0.005 0.006 0.006 0.006 0.005 0.002 0.003 0.003 0.003 0.000 0.000 0.008 0.004 0.005 0.004 0.000 0.008 0.004 0.009 0.004 0.000 0.010 0.010 0.010 0.000 0.007 0.002 0.000 0.001 0.001 0.000 0.001 0.000 0.007 0.005 0.002 0.001 0.003 0.003 0.002 0.003 0.004 0.003 0.002 0.006 0.003 0.005 0.004 0.009 0.005 0.000 0.000 0.004 0.007 0.007 0.010 0.005 0.004 0.004
0.000 0.002 0.000 0.000 0.001 0.001 0.003 0.001 0.002 0.003 0.003 0.005 0.003 0.004 0.003 0.003 0.002 0.003 0.002 0.001 0.006 0.006 0.004 0.002 0.002 0.004 0.004 0.004 0.004 0.005 0.006 0.002 0.008 0.000 0.004 0.000 0.000 0.007 0.004 0.038 0.010 0.010 0.003 0.004 0.005 0.006 0.003 0.000 0.001 0.001 0.004 0.005 0.002 0.002 0.002 0.003 0.000 0.002 0.003 0.000 0.000 0.003 0.005 0.000 0.003 0.003 0.010 0.010 0.006 0.006 0.004 0.006 0.000 0.000 0.000 0.011 0.003
0.002 0.002 0.000 0.001 0.002 0.002 0.001 0.000 0.002 0.002 0.003 0.002 0.003 0.002 0.000 0.000 0.006 0.004 0.003 0.004 0.001 0.006 0.006 0.006 0.004 0.004 0.000 0.000 0.000 0.001 0.005 0.005 0.007 0.000 0.002 0.009 0.009 0.004 0.000 0.002 0.004 0.010 0.010 0.004 0.004 0.010 0.012 0.006 0.004 0.000 0.004 0.007 0.003 0.001 0.000 0.002 0.000 0.006 0.000 0.004 0.010 0.004 0.003 0.006 0.000 0.000 0.000 0.008 0.000 0.003 0.003 0.008 0.003 0.002 0.002 0.002 0.000
0.002 0.003 0.000 0.000 0.004 0.002 0.002 0.002 0.001 0.000 0.000 0.002 0.004 0.003 0.003 0.004 0.005 0.007 0.007 0.006 0.005 0.006 0.002 0.003 0.004 0.003 0.001 0.002 0.000 0.004 0.002 0.002 0.002 0.000 0.003 0.003 0.003 0.003 0.005 0.003 0.005 0.010 0.010 0.005 0.004 0.006 0.004 0.005 0.000 0.003 0.000 0.000 0.000 0.000 0.007 0.001 0.000 0.000 0.001 0.000 0.004 0.010 0.004 0.000 0.006 0.000 0.008 0.000 0.008 0.004 0.006 0.000 0.000 0.003 0.004 0.004 0.004
0.000 0.003 0.002 0.002 0.000 0.004 0.002 0.002 0.000 0.002 0.003 0.002 0.003 0.003 0.003 0.003 0.002 0.005 0.007 0.006 0.006 0.004 0.002 0.003 0.000 0.003 0.000 0.000 0.002 0.003 0.002 0.002 0.001 0.003 0.002 0.003 0.003 0.004 0.000 0.005 0.025 0.010 0.033 0.007 0.009 0.007 0.007 0.003 0.003 0.004 0.010 0.005 0.007 0.000 0.003 0.003 0.001 0.002 0.002 0.004 0.004 0.000 0.018 0.010 0.010 0.010 0.010 0.000 0.003 0.005 0.007 0.002 0.002 0.002 0.003 0.002 0.002
0.001 0.003 0.003 0.003 0.003 0.002 0.002 0.003 0.003 0.002 0.002 0.003 0.002 0.003 0.000 0.006 0.003 0.002 0.002 0.005 0.003 0.006 0.005 0.001 0.000 0.002 0.000 0.000 0.002 0.005 0.003 0.004 0.005 0.003 0.003 0.004 0.000 0.004 0.004 0.003 0.005 0.000 0.005 0.009 0.009 0.007 0.007 0.005 0.005 0.000 0.009 0.009 0.006 0.003 0.004 0.000 0.000 0.002 0.003 0.003 0.000 0.005 0.000 0.008 0.005 0.010 0.010 0.006 0.003 0.005 0.000 0.000 0.001 0.002 0.003 0.003 0.004
0.004 0.000 0.002 0.002 0.002 0.002 0.002 0.002 0.000 0.003 0.002 0.001 0.000 0.000 0.003 0.005 0.006 0.007 0.002 0.003 0.003 0.003 0.004 0.002 0.005 0.002 0.000 0.003 0.002 0.005 0.002 0.002 0.000 0.003 0.003 0.002 0.003 0.005 0.006 0.001 0.000 0.004 0.004 0.004 0.009 0.007 0.007 0.004 0.009 0.007 0.003 0.004 0.004 0.026 0.010 0.005 0.007 0.000 0.002 0.005 0.004 0.004 0.005 0.000 0.000 0.003 0.005 0.003 0.004 0.003 0.001 0.002 0.002 0.002 0.002 0.002 0.004
0.000 0.001 0.002 0.002 0.002 0.000 0.002 0.002 0.003 0.002 0.003 0.001 0.004 0.002 0.003 0.006 0.006 0.007 0.007 0.006 0.001 0.002 0.002 0.003 0.005 0.005 0.003 0.001 0.007 0.003 0.003 0.004 0.007 0.003 0.000 0.000 0.005 0.002 0.003 0.004 0.000 0.006 0.007 0.005 0.005 0.004 0.007 0.007 0.007 0.007 0.009 0.004 0.005 0.007 0.005 0.009 0.011 0.010 0.006 0.005 0.006 0.004 0.003 0.000 0.000 0.000 0.005 0.004 0.000 0.002 0.002 0.002 0.000 0.003 0.000 0.003 0.002
0.003 0.001 0.000 0.002 0.002 0.002 0.003 0.002 0.005 0.002 0.002 0.002 0.000 0.004 0.006 0.006 0.006 0.007 0.007 0.003 0.002 0.001 0.001 0.003 0.003 0.005 0.006 0.003 0.005 0.002 0.004 0.006 0.006 0.002 0.006 0.003 0.002 0.000 0.002 0.003 0.006 0.000 0.000 0.006 0.005 0.003 0.006 0.000 0.004 0.003 0.003 0.004 0.009 0.005 0.003 0.002 0.006 0.219 0.066 0.005 0.005 0.005 0.003 0.002 0.000 0.000 0.004 0.003 0.001 0.002 0.000 0.001 0.000 0.002 0.001 0.001 0.002
0.001 0.001 0.001 0.012 0.002 0.002 0.002 0.003 0.003 0.003 0.000 0.003 0.003 0.002 0.002 0.000 0.002 0.007 0.006 0.003 0.006 0.001 0.004 0.003 0.002 0.002 0.004 0.003 0.004 0.005 0.004 0.000 0.003 0.000 0.000 0.003 0.003 0.007 0.002 0.008 0.002 0.003 0.002 0.000 0.000 0.004 0.005 0.006 0.003 0.005 0.008 0.008 0.007 0.004 0.009 0.009 0.003 0.003 0.005 0.000 0.051 0.010 0.003 0.000 0.000 0.003 0.004 0.000 0.001 0.001 0.001 0.001 0.005 0.003 0.003 0.002 0.005
0.002 0.000 0.005 0.010 0.006 0.001 0.001 0.003 0.002 0.002 0.004 0.000 0.002 0.000 0.003 0.006 0.000 0.002 0.003 0.002 0.002 0.002 0.000 0.001 0.000 0.002 0.004 0.005 0.003 0.005 0.005 0.007 0.001 0.003 0.003 0.003 0.005 0.002 0.005 0.003 0.003 0.000 0.004 0.002 0.003 0.004 0.021 0.006 0.004 0.004 0.004 0.006 0.006 0.003 0.002 0.004 0.002 0.005 0.003 0.004 0.007 0.010 0.013 0.004 0.005 0.004 0.000 0.000 0.001 0.001 0.001 0.003 0.008 0.009 0.007 0.003 0.004
0.006 0.000 0.000 0.001 0.001 0.002 0.001 0.002 0.003 0.002 0.003 0.003 0.002 0.000 0.000 0.000 0.004 0.000 0.002 0.000 0.003 0.003 0.002 0.000 0.000 0.005 0.001 0.005 0.002 0.004 0.002 0.007 0.002 0.003 0.003 0.004 0.003 0.002 0.002 0.002 0.002 0.002 0.000 0.002 0.003 0.000 0.010 0.007 0.007 0.006 0.003 0.004 0.004 0.008 0.005 0.003 0.003 0.003 0.006 0.003 0.010 0.000 0.010 0.171 0.010 0.004 0.004 0.000 0.001 0.001 0.000 0.008 0.009 0.009 0.004 0.007 0.007
0.002 0.002 0.000 0.000 0.000 0.002 0.002 0.004 0.002 0.002 0.004 0.003 0.000 0.000 0.003 0.000 0.001 0.003 0.002 0.000 0.002 0.003 0.002 0.002 0.000 0.000 0.001 0.005 0.001 0.003 0.003 0.003 0.001 0.000 0.000 0.003 0.003 0.002 0.003 0.006 0.003 0.006 0.002 0.004 0.004 0.006 0.005 0.004 0.007 0.006 0.007 0.006 0.003 0.002 0.003 0.003 0.006 0.004 0.008 0.007 0.006 0.000 0.000 0.003 0.003 0.000 0.006 0.005 0.004 0.000 0.003 0.010 0.010 0.003 0.002 0.006 0.009
0.005 0.001 0.002 0.001 0.002 0.002 0.005 0.004 0.000 0.001 0.002 0.004 0.004 0.005 0.000 0.003 0.007 0.001 0.004 0.003 0.002 0.002 0.003 0.001 0.003 0.001 0.002 0.004 0.004 0.000 0.000 0.002 0.003 0.002 0.001 0.000 0.000 0.003 0.006 0.001 0.003 0.000 0.003 0.003 0.004 0.000 0.006 0.006 0.004 0.007 0.004 0.008 0.008 0.006 0.003 0.008 0.006 0.007 0.010 0.009 0.009 0.003 0.002 0.003 0.004 0.007 0.009 0.000 0.090 0.004 0.008 0.010 0.033 0.002 0.003 0.003 0.004
0.001 0.001 0.001 0.001 0.002 0.003 0.003 0.002 0.003 0.001 0.002 0.002 0.002 0.003 0.005 0.002 0.002 0.000 0.000 0.003 0.004 0.000 0.000 0.001 0.001 0.002 0.004 0.002 0.004 0.001 0.001 0.000 0.000 0.003 0.003 0.002 0.002 0.002 0.002 0.003 0.002 0.002 0.002 0.000 0.000 0.000 0.000 0.006 0.000 0.007 0.007 0.003 0.005 0.005 0.002 0.008 0.004 0.000 0.009 0.000 0.009 0.009 0.004 0.003 0.008 0.008 0.009 0.010 0.010 0.000 0.016 0.010 0.010 0.000 0.005 0.004 0.004
0.006 0.003 0.001 0.002 0.002 0.003 0.003 0.000 0.001 0.003 0.002 0.003 0.000 0.001 0.002 0.002 0.004 0.007 0.005 0.001 0.002 0.006 0.004 0.000 0.003 0.002 0.003 0.002 0.001 0.000 0.001 0.002 0.001 0.002 0.002 0.002 0.003 0.002 0.002 0.003 0.002 0.003 0.004 0.004 0.000 0.000 0.000 0.005 0.000 0.000 0.006 0.006 0.003 0.002 0.002 0.006 0.003 0.008 0.007 0.009 0.009 0.000 0.003 0.004 0.000 0.011 0.010 0.000 0.000 0.010 0.010 0.000 0.010 0.030 0.005 0.002 0.003
0.000 0.000 0.005 0.002 0.003 0.002 0.002 0.001 0.000 0.000 0.002 0.009 0.002 0.002 0.002 0.002 0.003 0.003 0.002 0.002 0.000 0.002 0.003 0.002 0.003 0.002 0.002 0.004 0.001 0.002 0.001 0.000 0.002 0.003 0.001 0.001 0.003 0.004 0.002 0.002 0.002 0.007 0.000 0.004 0.004 0.000 0.000 0.000 0.000 0.000 0.000 0.006 0.003 0.003 0.005 0.002 0.004 0.004 0.006 0.003 0.004 0.004 0.003 0.000 0.004 0.007 0.008 0.000 0.010 0.010 0.010 0.002 0.008 0.000 0.010 0.010 0.002
0.009 0.004 0.003 0.003 0.003 0.003 0.001 0.002 0.003 0.001 0.001 0.000 0.003 0.004 0.002 0.001 0.001 0.001 0.003 0.001 0.002 0.000 0.002 0.002 0.001 0.003 0.002 0.002 0.000 0.001 0.002 0.001 0.001 0.001 0.002 0.002 0.002 0.002 0.003 0.003 0.010 0.010 0.153 0.004 0.000 0.000 0.004 0.005 0.000 0.000 0.000 0.006 0.002 0.006 0.007 0.007 0.004 0.006 0.002 0.003 0.004 0.006 0.003 0.000 0.000 0.004 0.003 0.002 0.007 0.000 0.004 0.005 0.000 0.000 0.002 0.000 0.033
0.004 0.004 0.003 0.002 0.004 0.000 0.000 0.002 0.001 0.002 0.000 0.002 0.001 0.000 0.000 0.002 0.002 0.001 0.002 0.007 0.005 0.003 0.002 0.002 0.001 0.003 0.002 0.002 0.000 0.000 0.000 0.001 0.001 0.001 0.002 0.000 0.002 0.004 0.003 0.002 0.003 0.000 0.003 0.003 0.003 0.004 0.004 0.005 0.000 0.000 0.006 0.003 0.006 0.006 0.007 0.008 0.008 0.009 0.008 0.005 0.003 0.004 0.000 0.000 0.008 0.010 0.000 0.000 0.000 0.005 0.002 0.000 0.002 0.002 0.002 0.002 0.004
