hx_30m/njhx/rain/result-0062.wd
ncols         211
nrows         286
xllcorner     660279.582600
yllcorner     3541874.325092
cellsize      30.000000
NODATA_value  -9999.000000
[rows 170 to 203 of 286, columns 77 to 153 of 211]
0.010 0.000 0.003 0.001 0.201 0.092 0.000 0.000 0.001 0.001 0.001 0.004 0.010 0.010 0.010 0.004 0.002 0.010 0.010 0.010 0.001 0.001 0.000 0.000 0.001 0.000 0.010 0.002 0.010 0.004 0.003 0.001 0.000 0.010 0.001 0.001 0.003 0.001 0.001 0.001 0.010 0.117 0.196 0.010 0.000 0.000 0.000 0.000 0.000 0.000 0.000 0.000 0.000 0.001 0.001 0.002 0.000 0.000 0.001 0.001 0.032 0.000 0.000 0.000 0.003 0.000 0.000 0.000 0.000 0.000 0.000 0.000 0.010 0.010 0.010 0.000 0.009
0.010 0.000 0.002 0.010 0.102 0.000 0.001 0.001 0.000 0.000 0.010 0.001 0.000 0.000 0.001 0.001 0.010 0.004 0.000 0.000 0.001 0.001 0.000 0.000 0.001 0.000 0.010 0.000 0.000 0.003 0.002 0.004 0.002 0.010 0.010 0.000 0.004 0.003 0.010 0.001 0.003 0.002 0.000 0.000 0.000 0.000 0.000 0.000 0.002 0.007 0.000 0.000 0.003 0.000 0.000 0.006 0.000 0.001 0.000 0.000 0.010 0.000 0.000 0.000 0.000 0.000 0.000 0.000 0.000 0.000 0.000 0.001 0.003 0.005 0.000 0.001 0.001
0.001 0.001 0.004 0.001 0.005 0.022 0.002 0.000 0.000 0.000 0.000 0.000 0.002 0.001 0.000 0.000 0.002 0.065 0.010 0.010 0.001 0.001 0.000 0.001 0.004 0.004 0.010 0.000 0.060 0.010 0.000 0.000 0.000 0.010 0.003 0.000 0.001 0.001 0.002 0.000 0.001 0.000 0.001 0.000 0.000 0.000 0.000 0.001 0.003 0.005 0.000 0.000 0.000 0.000 0.000 0.000 0.001 0.010 0.003 0.001 0.010 0.000 0.000 0.000 0.001 0.000 0.001 0.000 0.000 0.000 0.000 0.000 0.001 0.000 0.000 0.006 0.146
0.046 0.003 0.001 0.004 0.023 0.003 0.001 0.010 0.001 0.001 0.001 0.004 0.001 0.000 0.002 0.000 0.000 0.000 0.000 0.000 0.001 0.001 0.000 0.001 0.004 0.001 0.004 0.000 0.010 0.010 0.000 0.001 0.000 0.000 0.000 0.000 0.002 0.002 0.001 0.001 0.001 0.001 0.000 0.001 0.001 0.001 0.000 0.000 0.000 0.000 0.001 0.000 0.001 0.010 0.000 0.000 0.002 0.000 0.002 0.000 0.010 0.003 0.000 0.000 0.000 0.000 0.001 0.000 0.001 0.000 0.000 0.001 0.001 0.000 0.000 0.005 0.000
0.000 0.010 0.010 0.004 0.002 0.002 0.001 0.039 0.001 0.002 0.001 0.001 0.038 0.001 0.001 0.001 0.001 0.004 0.001 0.004 0.001 0.001 0.001 0.001 0.000 0.000 0.000 0.000 0.000 0.000 0.000 0.000 0.000 0.001 0.010 0.010 0.002 0.002 0.000 0.002 0.000 0.000 0.000 0.001 0.000 0.000 0.000 0.000 0.000 0.000 0.001 0.000 0.001 0.010 0.001 0.000 0.000 0.000 0.001 0.000 0.002 0.001 0.000 0.003 0.001 0.000 0.001 0.000 0.000 0.001 0.000 0.000 0.000 0.057 0.010 0.001 0.000
0.028 0.000 0.010 0.010 0.002 0.000 0.001 0.000 0.002 0.002 0.001 0.001 0.004 0.001 0.002 0.002 0.004 0.007 0.002 0.029 0.004 0.002 0.001 0.001 0.001 0.001 0.001 0.000 0.001 0.004 0.001 0.000 0.001 0.000 0.010 0.002 0.000 0.004 0.001 0.010 0.004 0.000 0.000 0.010 0.001 0.000 0.000 0.000 0.000 0.000 0.000 0.010 0.001 0.001 0.000 0.000 0.000 0.000 0.000 0.001 0.002 0.000 0.000 0.000 0.001 0.003 0.001 0.001 0.000 0.000 0.000 0.000 0.010 0.065 0.001 0.005 0.000
0.000 0.044 0.010 0.010 0.001 0.000 0.000 0.000 0.000 0.000 0.000 0.000 0.001 0.001 0.000 0.001 0.000 0.001 0.001 0.001 0.001 0.001 0.000 0.001 0.001 0.000 0.007 0.001 0.001 0.001 0.005 0.001 0.001 0.000 0.000 0.001 0.000 0.000 0.000 0.002 0.003 0.010 0.010 0.010 0.000 0.000 0.000 0.000 0.000 0.000 0.001 0.000 0.001 0.000 0.000 0.000 0.001 0.001 0.002 0.002 0.000 0.000 0.001 0.000 0.000 0.000 0.000 0.000 0.000 0.000 0.000 0.002 0.361 0.000 0.000 0.010 0.000
0.010 0.010 0.014 0.010 0.000 0.000 0.002 0.004 0.004 0.004 0.000 0.000 0.000 0.000 0.000 0.000 0.001 0.000 0.000 0.001 0.002 0.001 0.000 0.002 0.010 0.002 0.002 0.002 0.002 0.001 0.001 0.001 0.001 0.001 0.001 0.001 0.001 0.001 0.000 0.002 0.002 0.018 0.001 0.000 0.001 0.002 0.001 0.000 0.001 0.005 0.003 0.001 0.000 0.000 0.000 0.000 0.010 0.000 0.000 0.000 0.000 0.006 0.002 0.010 0.000 0.000 0.000 0.000 0.000 0.000 0.000 0.001 0.000 0.000 0.196 0.000 0.000
0.010 0.010 0.004 0.001 0.000 0.000 0.001 0.001 0.000 0.001 0.002 0.001 0.000 0.000 0.001 0.001 0.001 0.001 0.000 0.000 0.010 0.004 0.002 0.001 0.004 0.001 0.004 0.000 0.001 0.000 0.000 0.000 0.002 0.002 0.000 0.000 0.000 0.004 0.001 0.004 0.000 0.003 0.003 0.002 0.002 0.002 0.001 0.001 0.001 0.001 0.001 0.000 0.001 0.001 0.000 0.000 0.003 0.000 0.000 0.000 0.001 0.000 0.010 0.010 0.010 0.002 0.003 0.000 0.000 0.000 0.000 0.000 0.000 0.001 0.000 0.000 0.010
0.010 0.001 0.004 0.000 0.001 0.004 0.004 0.001 0.001 0.002 0.000 0.000 0.000 0.000 0.000 0.000 0.002 0.010 0.031 0.002 0.001 0.001 0.002 0.010 0.084 0.031 0.010 0.004 0.004 0.004 0.002 0.010 0.004 0.002 0.000 0.000 0.000 0.001 0.001 0.010 0.002 0.010 0.086 0.037 0.010 0.010 0.010 0.042 0.010 0.007 0.010 0.000 0.001 0.000 0.001 0.000 0.000 0.000 0.003 0.010 0.002 0.001 0.006 0.000 0.002 0.003 0.010 0.010 0.000 0.000 0.001 0.000 0.000 0.001 0.000 0.002 0.000
0.010 0.010 0.000 0.000 0.000 0.001 0.002 0.001 0.004 0.002 0.010 0.000 0.000 0.000 0.000 0.001 0.010 0.047 0.113 0.010 0.010 0.001 0.001 0.040 0.000 0.002 0.004 0.001 0.010 0.000 0.002 0.005 0.004 0.001 0.000 0.000 0.000 0.000 0.001 0.010 0.002 0.010 0.010 0.010 0.010 0.010 0.145 0.150 0.010 0.002 0.010 0.001 0.000 0.000 0.002 0.000 0.000 0.000 0.000 0.000 0.000 0.006 0.000 0.000 0.001 0.001 0.001 0.001 0.003 0.002 0.000 0.000 0.000 0.000 0.000 0.000 0.000
0.010 0.001 0.000 0.000 0.010 0.001 0.004 0.000 0.000 0.000 0.000 0.000 0.000 0.000 0.000 0.002 0.010 0.102 0.010 0.010 0.001 0.000 0.000 0.004 0.010 0.010 0.002 0.010 0.010 0.010 0.004 0.001 0.003 0.000 0.001 0.000 0.000 0.001 0.000 0.001 0.000 0.010 0.010 0.010 0.010 0.010 0.141 0.190 0.010 0.000 0.001 0.000 0.002 0.010 0.000 0.000 0.000 0.000 0.000 0.000 0.000 0.000 0.003 0.000 0.000 0.000 0.000 0.001 0.001 0.002 0.001 0.003 0.000 0.002 0.000 0.000 0.000
0.002 0.004 0.000 0.000 0.000 0.001 0.000 0.001 0.002 0.000 0.000 0.000 0.000 0.000 0.001 0.002 0.010 0.010 0.086 0.079 0.002 0.001 0.004 0.002 0.002 0.004 0.004 0.004 0.138 0.004 0.000 0.004 0.001 0.001 0.010 0.002 0.038 0.002 0.001 0.000 0.000 0.010 0.010 0.022 0.010 0.010 0.010 0.010 0.003 0.001 0.000 0.001 0.000 0.000 0.000 0.000 0.000 0.000 0.000 0.000 0.000 0.000 0.000 0.001 0.001 0.000 0.001 0.010 0.006 0.001 0.002 0.002 0.001 0.001 0.010 0.010 0.000
0.004 0.004 0.004 0.001 0.001 0.000 0.000 0.001 0.000 0.000 0.000 0.007 0.001 0.000 0.002 0.002 0.010 0.093 0.010 0.010 0.001 0.000 0.002 0.010 0.001 0.004 0.000 0.001 0.004 0.001 0.004 0.015 0.010 0.001 0.010 0.004 0.000 0.002 0.001 0.003 0.001 0.010 0.056 0.010 0.010 0.010 0.010 0.010 0.001 0.000 0.000 0.001 0.000 0.000 0.000 0.000 0.001 0.000 0.000 0.000 0.001 0.000 0.000 0.000 0.000 0.000 0.001 0.010 0.003 0.002 0.010 0.001 0.001 0.003 0.002 0.002 0.000
0.001 0.063 0.010 0.010 0.004 0.001 0.001 0.000 0.000 0.000 0.000 0.003 0.002 0.001 0.001 0.001 0.049 0.004 0.010 0.010 0.001 0.000 0.002 0.004 0.001 0.006 0.001 0.001 0.004 0.001 0.006 0.003 0.000 0.000 0.001 0.001 0.000 0.001 0.002 0.001 0.004 0.010 0.010 0.350 0.070 0.010 0.010 0.010 0.010 0.000 0.000 0.000 0.000 0.000 0.000 0.000 0.001 0.001 0.002 0.003 0.000 0.002 0.000 0.000 0.001 0.000 0.000 0.000 0.001 0.000 0.030 0.013 0.001 0.000 0.002 0.003 0.000
0.001 0.010 0.010 0.001 0.001 0.000 0.002 0.000 0.000 0.000 0.001 0.000 0.004 0.010 0.010 0.002 0.000 0.000 0.010 0.000 0.000 0.000 0.000 0.000 0.000 0.002 0.000 0.010 0.000 0.001 0.003 0.005 0.002 0.000 0.010 0.010 0.001 0.001 0.010 0.001 0.000 0.010 0.451 0.148 0.010 0.010 0.029 0.010 0.001 0.010 0.003 0.000 0.000 0.003 0.003 0.010 0.000 0.000 0.001 0.010 0.002 0.010 0.000 0.001 0.000 0.000 0.000 0.000 0.001 0.000 0.000 0.002 0.003 0.010 0.010 0.001 0.001
0.010 0.004 0.001 0.001 0.000 0.002 0.000 0.000 0.000 0.010 0.020 0.001 0.010 0.002 0.000 0.000 0.002 0.000 0.052 0.000 0.001 0.002 0.000 0.000 0.000 0.000 0.000 0.001 0.001 0.000 0.001 0.000 0.003 0.001 0.001 0.000 0.000 0.001 0.001 0.001 0.928 0.010 0.440 0.185 0.010 0.274 0.010 0.010 0.001 0.000 0.003 0.003 0.003 0.000 0.001 0.010 0.007 0.010 0.002 0.004 0.000 0.003 0.001 0.000 0.010 0.001 0.000 0.000 0.000 0.003 0.002 0.000 0.000 0.000 0.000 0.001 0.000
0.001 0.010 0.001 0.002 0.000 0.000 0.000 0.000 0.000 0.010 0.000 0.005 0.000 0.000 0.000 0.000 0.000 0.000 0.000 0.000 0.010 0.010 0.001 0.000 0.000 0.000 0.000 0.000 0.000 0.000 0.000 0.000 0.000 0.000 0.000 0.001 0.003 0.041 0.001 0.000 0.875 0.000 0.841 0.275 0.010 0.035 0.010 0.006 0.002 0.000 0.010 0.002 0.003 0.004 0.015 0.031 0.002 0.010 0.006 0.001 0.002 0.002 0.002 0.000 0.000 0.000 0.001 0.000 0.000 0.000 0.000 0.000 0.000 0.000 0.020 0.000 0.000
0.001 0.012 0.000 0.001 0.001 0.001 0.001 0.010 0.010 0.010 0.003 0.000 0.000 0.000 0.000 0.000 0.000 0.000 0.000 0.000 0.000 0.010 0.000 0.000 0.000 0.000 0.000 0.000 0.000 0.000 0.001 0.001 0.003 0.003 0.000 0.001 0.000 0.084 0.210 0.391 0.014 0.010 0.141 0.000 0.109 0.010 0.012 0.010 0.010 0.010 0.002 0.010 0.003 0.000 0.000 0.003 0.010 0.003 0.003 0.069 0.002 0.001 0.002 0.001 0.000 0.000 0.000 0.001 0.000 0.000 0.000 0.000 0.000 0.000 0.000 0.000 0.000
0.001 0.000 0.000 0.000 0.000 0.000 0.004 0.005 0.010 0.006 0.004 0.000 0.000 0.000 0.000 0.010 0.000 0.000 0.010 0.010 0.000 0.082 0.010 0.000 0.000 0.000 0.000 0.000 0.000 0.004 0.008 0.000 0.001 0.060 0.001 0.000 0.000 0.001 0.000 0.000 0.112 0.003 0.000 0.010 0.952 0.000 0.494 0.002 0.003 0.010 0.007 0.000 0.001 0.002 0.001 0.001 0.003 0.002 0.002 0.002 0.003 0.000 0.000 0.001 0.000 0.000 0.000 0.000 0.000 0.000 0.000 0.000 0.000 0.000 0.000 0.000 0.001
0.001 0.001 0.002 0.002 0.000 0.001 0.001 0.030 0.010 0.007 0.000 0.000 0.000 0.000 0.001 0.001 0.000 0.000 0.000 0.003 0.001 0.001 0.000 0.000 0.000 0.000 0.000 0.000 0.000 0.001 0.000 0.001 0.002 0.002 0.000 0.000 0.001 0.000 0.009 0.006 0.009 0.007 0.001 0.002 0.000 0.000 0.608 0.000 0.010 0.010 0.003 0.000 0.000 0.010 0.003 0.008 0.000 0.001 0.000 0.000 0.000 0.003 0.010 0.055 0.000 0.000 0.000 0.001 0.001 0.000 0.000 0.000 0.010 0.000 0.000 0.002 0.010
0.000 0.001 0.001 0.010 0.058 0.001 0.014 0.010 0.010 0.010 0.000 0.000 0.000 0.001 0.001 0.002 0.010 0.059 0.000 0.000 0.001 0.000 0.001 0.000 0.000 0.000 0.001 0.000 0.002 0.010 0.010 0.010 0.001 0.000 0.001 0.000 0.001 0.001 0.001 0.010 0.010 0.000 0.010 0.003 0.002 0.002 0.003 0.001 0.083 0.000 0.010 0.010 0.075 0.010 0.010 0.000 0.000 0.001 0.002 0.001 0.001 0.001 0.001 0.019 0.010 0.000 0.003 0.000 0.000 0.000 0.000 0.000 0.010 0.001 0.001 0.001 0.004
0.000 0.002 0.002 0.001 0.000 0.001 0.000 0.002 0.023 0.010 0.010 0.013 0.044 0.000 0.010 0.010 0.000 0.004 0.010 0.000 0.010 0.001 0.000 0.000 0.000 0.000 0.000 0.002 0.010 0.010 0.001 0.001 0.002 0.001 0.000 0.000 0.001 0.001 0.031 0.010 0.010 0.000 0.000 0.010 0.002 0.001 0.000 0.001 0.000 0.010 0.130 0.000 0.010 0.010 0.010 0.023 0.010 0.001 0.000 0.000 0.000 0.000 0.010 0.003 0.001 0.001 0.000 0.002 0.000 0.000 0.000 0.006 0.001 0.000 0.000 0.009 0.001
0.001 0.000 0.000 0.002 0.001 0.001 0.001 0.004 0.010 0.010 0.010 0.046 0.000 0.001 0.034 0.002 0.000 0.001 0.000 0.000 0.002 0.010 0.002 0.002 0.000 0.000 0.001 0.010 0.034 0.010 0.000 0.000 0.000 0.001 0.000 0.000 0.001 0.001 0.001 0.001 0.000 0.000 0.000 0.010 0.000 0.010 0.002 0.002 0.005 0.001 0.010 0.010 0.124 0.000 0.010 0.010 0.010 0.002 0.000 0.000 0.000 0.006 0.010 0.000 0.002 0.000 0.000 0.000 0.000 0.000 0.000 0.000 0.001 0.010 0.010 0.001 0.039
0.002 0.002 0.002 0.001 0.001 0.002 0.001 0.002 0.002 0.001 0.036 0.061 0.000 0.000 0.000 0.001 0.001 0.001 0.000 0.001 0.002 0.000 0.001 0.002 0.000 0.000 0.001 0.010 0.010 0.000 0.002 0.000 0.000 0.001 0.000 0.001 0.001 0.000 0.000 0.002 0.010 0.010 0.010 0.000 0.000 0.000 0.000 0.001 0.001 0.001 0.000 0.005 0.010 0.010 0.205 0.000 0.159 0.010 0.010 0.002 0.000 0.010 0.041 0.015 0.001 0.003 0.000 0.000 0.000 0.000 0.000 0.000 0.000 0.010 0.003 0.001 0.010
0.002 0.002 0.001 0.001 0.001 0.001 0.002 0.004 0.001 0.056 0.154 0.000 0.000 0.000 0.000 0.000 0.001 0.000 0.001 0.001 0.004 0.000 0.000 0.001 0.000 0.000 0.000 0.000 0.000 0.000 0.000 0.000 0.001 0.000 0.000 0.000 0.001 0.003 0.000 0.003 0.000 0.000 0.010 0.010 0.010 0.010 0.001 0.000 0.063 0.008 0.010 0.010 0.006 0.001 0.010 0.010 0.010 0.000 0.129 0.010 0.003 0.010 0.010 0.010 0.010 0.000 0.000 0.000 0.000 0.000 0.000 0.000 0.000 0.000 0.000 0.002 0.010
0.000 0.001 0.001 0.010 0.002 0.002 0.001 0.002 0.001 0.001 0.066 0.001 0.001 0.000 0.000 0.000 0.004 0.000 0.000 0.010 0.006 0.000 0.001 0.000 0.004 0.000 0.000 0.000 0.000 0.000 0.000 0.001 0.000 0.001 0.003 0.010 0.093 0.010 0.000 0.001 0.000 0.000 0.066 0.000 0.010 0.001 0.014 0.001 0.000 0.005 0.125 0.000 0.001 0.000 0.001 0.003 0.010 0.010 0.010 0.000 0.265 0.010 0.010 0.079 0.001 0.001 0.000 0.000 0.000 0.000 0.000 0.000 0.000 0.001 0.000 0.010 0.000
0.001 0.004 0.002 0.000 0.001 0.002 0.010 0.010 0.047 0.000 0.058 0.002 0.002 0.001 0.000 0.001 0.001 0.001 0.004 0.001 0.002 0.000 0.000 0.001 0.000 0.000 0.000 0.000 0.000 0.000 0.000 0.000 0.001 0.003 0.010 0.001 0.000 0.001 0.000 0.001 0.010 0.010 0.000 0.000 0.000 0.002 0.006 0.001 0.000 0.003 0.046 0.033 0.000 0.000 0.000 0.001 0.000 0.007 0.010 0.010 0.010 0.000 0.487 0.010 0.000 0.000 0.003 0.000 0.000 0.000 0.000 0.000 0.000 0.000 0.000 0.000 0.000
0.010 0.010 0.010 0.010 0.004 0.001 0.004 0.000 0.000 0.075 0.001 0.000 0.010 0.000 0.000 0.001 0.000 0.002 0.000 0.001 0.002 0.001 0.000 0.001 0.000 0.002 0.000 0.000 0.000 0.000 0.001 0.010 0.003 0.107 0.003 0.000 0.001 0.001 0.001 0.001 0.000 0.010 0.010 0.010 0.010 0.000 0.001 0.000 0.000 0.002 0.010 0.003 0.010 0.001 0.002 0.004 0.000 0.001 0.001 0.003 0.010 0.010 0.010 0.000 0.000 0.034 0.000 0.000 0.000 0.000 0.000 0.000 0.000 0.002 0.000 0.000 0.000
0.010 0.010 0.010 0.000 0.001 0.007 0.000 0.062 0.010 0.000 0.000 0.000 0.000 0.000 0.000 0.010 0.000 0.000 0.000 0.000 0.000 0.000 0.003 0.001 0.001 0.001 0.001 0.003 0.000 0.000 0.002 0.010 0.010 0.001 0.003 0.001 0.003 0.001 0.003 0.050 0.000 0.048 0.000 0.000 0.003 0.002 0.032 0.010 0.003 0.010 0.000 0.010 0.001 0.000 0.004 0.002 0.001 0.000 0.002 0.001 0.002 0.001 0.004 0.000 0.005 0.000 0.006 0.001 0.000 0.000 0.000 0.000 0.000 0.000 0.080 0.000 0.000
0.010 0.001 0.000 0.002 0.003 0.000 0.006 0.004 0.000 0.001 0.002 0.000 0.000 0.000 0.000 0.000 0.001 0.000 0.000 0.002 0.000 0.000 0.000 0.000 0.001 0.002 0.001 0.000 0.003 0.002 0.010 0.002 0.010 0.001 0.001 0.001 0.003 0.001 0.003 0.010 0.000 0.000 0.000 0.000 0.001 0.001 0.010 0.010 0.001 0.002 0.001 0.000 0.005 0.000 0.010 0.000 0.060 0.000 0.002 0.000 0.000 0.001 0.001 0.000 0.000 0.000 0.003 0.000 0.364 0.010 0.000 0.000 0.000 0.000 0.000 0.000 0.001
0.000 0.001 0.001 0.000 0.010 0.002 0.010 0.000 0.000 0.000 0.000 0.000 0.001 0.000 0.000 0.000 0.000 0.000 0.001 0.000 0.000 0.001 0.000 0.001 0.001 0.001 0.002 0.004 0.010 0.000 0.003 0.001 0.003 0.001 0.000 0.001 0.003 0.001 0.001 0.010 0.010 0.001 0.000 0.003 0.003 0.001 0.011 0.077 0.054 0.000 0.000 0.000 0.000 0.000 0.000 0.000 0.001 0.000 0.002 0.001 0.000 0.000 0.001 0.001 0.001 0.000 0.001 0.000 0.010 0.000 0.000 0.014 0.000 0.010 0.000 0.000 0.000
0.003 0.040 0.000 0.010 0.004 0.010 0.010 0.000 0.001 0.000 0.001 0.057 0.010 0.010 0.001 0.004 0.000 0.000 0.000 0.004 0.000 0.000 0.000 0.000 0.000 0.001 0.001 0.010 0.003 0.000 0.000 0.008 0.001 0.002 0.010 0.002 0.003 0.001 0.001 0.001 0.000 0.001 0.001 0.002 0.003 0.000 0.000 0.045 0.018 0.001 0.000 0.000 0.000 0.000 0.000 0.000 0.000 0.005 0.002 0.001 0.001 0.001 0.078 0.010 0.000 0.002 0.001 0.002 0.002 0.000 0.001 0.000 0.000 0.001 0.000 0.000 0.010
0.000 0.010 0.010 0.000 0.010 0.010 0.000 0.000 0.000 0.000 0.001 0.069 0.010 0.010 0.001 0.000 0.000 0.000 0.000 0.002 0.000 0.000 0.000 0.000 0.001 0.000 0.000 0.110 0.010 0.010 0.001 0.000 0.000 0.002 0.001 0.007 0.002 0.001 0.001 0.001 0.000 0.000 0.000 0.000 0.001 0.001 0.002 0.001 0.000 0.001 0.000 0.000 0.000 0.000 0.010 0.000 0.001 0.000 0.010 0.007 0.001 0.000 0.010 0.000 0.000 0.000 0.000 0.001 0.000 0.000 0.000 0.000 0.001 0.000 0.000 0.001 0.000
