hx_30m/njhx/rain/result-0015.wd
ncols         211
nrows         286
xllcorner     660279.582600
yllcorner     3541874.325092
cellsize      30.000000
NODATA_value  -9999.000000
[rows 204 to 237 of 286, columns 0 to 76 of 211]
0.000 0.000 0.000 0.000 0.000 0.000 0.000 0.000 0.000 0.000 0.000 0.000 0.000 0.000 0.000 0.010 0.012 0.010 0.000 0.003 0.005 0.004 0.004 0.008 0.010 0.010 0.010 0.022 0.004 0.010 0.010 0.024 0.000 0.008 0.010 0.006 0.007 0.007 0.010 0.010 0.026 0.000 0.010 0.088 0.009 0.010 0.008 0.008 0.008 0.010 0.000 0.008 0.000 0.007 0.010 0.008 0.010 0.007 0.000 0.000 0.006 0.006 0.006 0.005 0.000 0.004 0.005 0.004 0.000 0.009 0.009 0.006 0.006 0.006 0.010 0.010 0.000
0.000 0.000 0.000 0.000 0.000 0.000 0.000 0.000 0.000 0.000 0.000 0.000 0.000 0.000 0.024 0.010 0.010 0.005 0.002 0.005 0.006 0.010 0.006 0.010 0.009 0.009 0.010 0.010 0.004 0.010 0.010 0.010 0.000 0.010 0.010 0.008 0.009 0.011 0.010 0.010 0.006 0.000 0.010 0.010 0.010 0.010 0.010 0.008 0.008 0.008 0.010 0.010 0.009 0.008 0.013 0.006 0.005 0.005 0.000 0.005 0.000 0.000 0.000 0.005 0.011 0.007 0.009 0.000 0.007 0.008 0.000 0.009 0.008 0.009 0.000 0.047 0.006
0.000 0.000 0.000 0.000 0.000 0.000 0.000 0.000 0.000 0.000 0.000 0.000 0.000 0.000 0.010 0.023 0.005 0.005 0.007 0.005 0.010 0.010 0.006 0.010 0.008 0.017 0.010 0.009 0.010 0.009 0.010 0.010 0.000 0.009 0.010 0.009 0.006 0.009 0.010 0.007 0.000 0.036 0.010 0.010 0.010 0.010 0.010 0.010 0.010 0.006 0.006 0.007 0.005 0.006 0.006 0.006 0.005 0.006 0.005 0.000 0.000 0.005 0.006 0.008 0.010 0.010 0.010 0.010 0.010 0.009 0.010 0.008 0.010 0.000 0.010 0.007 0.010
0.000 0.000 0.000 0.000 0.000 0.000 0.000 0.000 0.000 0.000 0.000 0.000 0.000 0.000 0.010 0.010 0.007 0.010 0.005 0.005 0.010 0.007 0.010 0.007 0.008 0.005 0.004 0.007 0.007 0.006 0.006 0.010 0.011 0.010 0.010 0.010 0.009 0.007 0.004 0.006 0.010 0.054 0.010 0.010 0.010 0.010 0.010 0.009 0.005 0.000 0.005 0.006 0.008 0.010 0.007 0.005 0.012 0.000 0.000 0.000 0.000 0.004 0.004 0.006 0.010 0.010 0.010 0.010 0.008 0.010 0.010 0.000 0.010 0.007 0.008 0.000 0.008
0.000 0.000 0.000 0.000 0.000 0.000 0.000 0.000 0.000 0.000 0.000 0.000 0.000 0.000 0.010 0.010 0.005 0.009 0.009 0.020 0.009 0.009 0.010 0.008 0.010 0.008 0.007 0.006 0.010 0.008 0.010 0.000 0.008 0.010 0.012 0.005 0.005 0.006 0.008 0.010 0.010 0.038 0.010 0.010 0.010 0.010 0.010 0.009 0.000 0.010 0.006 0.007 0.010 0.000 0.005 0.006 0.008 0.006 0.010 0.005 0.005 0.007 0.008 0.010 0.010 0.010 0.010 0.009 0.009 0.010 0.000 0.010 0.010 0.004 0.000 0.006 0.000
0.000 0.000 0.000 0.000 0.000 0.000 0.000 0.000 0.000 0.000 0.000 0.000 0.000 0.010 0.009 0.005 0.010 0.010 0.010 0.008 0.010 0.010 0.009 0.009 0.004 0.010 0.010 0.010 0.007 0.009 0.013 0.000 0.011 0.010 0.008 0.005 0.000 0.004 0.008 0.010 0.010 0.010 0.010 0.010 0.010 0.010 0.009 0.008 0.009 0.009 0.000 0.052 0.010 0.000 0.000 0.004 0.007 0.008 0.008 0.008 0.005 0.006 0.008 0.010 0.010 0.010 0.015 0.000 0.000 0.171 0.057 0.006 0.006 0.007 0.000 0.006 0.006
0.000 0.000 0.000 0.000 0.000 0.000 0.000 0.000 0.000 0.000 0.000 0.000 0.030 0.010 0.009 0.007 0.016 0.010 0.010 0.008 0.010 0.010 0.010 0.007 0.008 0.010 0.010 0.008 0.000 0.010 0.000 0.017 0.010 0.010 0.010 0.003 0.000 0.004 0.005 0.010 0.009 0.010 0.010 0.010 0.010 0.010 0.018 0.007 0.010 0.009 0.006 0.010 0.000 0.000 0.000 0.022 0.000 0.009 0.009 0.007 0.041 0.010 0.010 0.007 0.010 0.016 0.010 0.010 0.010 0.021 0.007 0.008 0.005 0.000 0.005 0.004 0.005
0.000 0.000 0.000 0.000 0.000 0.000 0.000 0.000 0.000 0.000 0.000 0.000 0.010 0.010 0.006 0.015 0.010 0.010 0.006 0.010 0.010 0.010 0.010 0.010 0.007 0.010 0.004 0.008 0.000 0.000 0.000 0.008 0.010 0.009 0.006 0.000 0.003 0.003 0.005 0.009 0.018 0.010 0.010 0.010 0.010 0.009 0.009 0.009 0.010 0.009 0.000 0.008 0.000 0.000 0.004 0.010 0.000 0.000 0.000 0.009 0.009 0.006 0.085 0.010 0.251 0.010 0.000 0.010 0.010 0.078 0.009 0.007 0.007 0.006 0.006 0.005 0.010
0.000 0.000 0.000 0.000 0.000 0.000 0.000 0.000 0.000 0.000 0.000 0.000 0.010 0.010 0.006 0.010 0.010 0.010 0.008 0.008 0.010 0.010 0.010 0.019 0.006 0.010 0.005 0.010 0.000 0.000 0.000 0.012 0.010 0.010 0.008 0.005 0.003 0.010 0.009 0.007 0.000 0.007 0.008 0.017 0.010 0.018 0.008 0.010 0.010 0.010 0.010 0.007 0.000 0.000 0.004 0.008 0.007 0.007 0.009 0.009 0.009 0.000 0.007 0.010 0.010 0.010 0.010 0.027 0.009 0.000 0.009 0.005 0.008 0.004 0.005 0.005 0.000
0.000 0.000 0.000 0.000 0.000 0.000 0.000 0.000 0.000 0.000 0.000 0.000 0.016 0.006 0.010 0.010 0.106 0.010 0.009 0.010 0.010 0.010 0.010 0.010 0.005 0.010 0.009 0.009 0.000 0.010 0.000 0.010 0.009 0.010 0.007 0.004 0.004 0.006 0.000 0.000 0.007 0.000 0.000 0.000 0.008 0.010 0.000 0.007 0.009 0.009 0.000 0.006 0.007 0.005 0.014 0.010 0.007 0.008 0.008 0.006 0.008 0.010 0.000 0.336 0.010 0.010 0.010 0.010 0.010 0.009 0.008 0.000 0.000 0.008 0.006 0.000 0.000
0.000 0.000 0.000 0.000 0.000 0.000 0.000 0.000 0.000 0.000 0.000 0.010 0.006 0.005 0.010 0.010 0.010 0.010 0.009 0.010 0.010 0.009 0.010 0.008 0.025 0.010 0.010 0.006 0.010 0.188 0.010 0.010 0.030 0.010 0.004 0.009 0.008 0.009 0.008 0.000 0.009 0.008 0.014 0.006 0.006 0.007 0.008 0.005 0.010 0.007 0.008 0.000 0.008 0.025 0.006 0.000 0.009 0.007 0.009 0.010 0.010 0.000 0.015 0.010 0.010 0.010 0.010 0.000 0.010 0.009 0.046 0.010 0.010 0.000 0.000 0.000 0.010
0.000 0.000 0.000 0.000 0.000 0.000 0.000 0.000 0.000 0.000 0.000 0.021 0.010 0.005 0.014 0.010 0.010 0.009 0.010 0.010 0.010 0.009 0.007 0.010 0.010 0.010 0.023 0.010 0.010 0.000 0.009 0.010 0.009 0.009 0.006 0.005 0.009 0.008 0.010 0.008 0.010 0.000 0.000 0.007 0.007 0.006 0.008 0.008 0.013 0.007 0.009 0.000 0.010 0.009 0.009 0.010 0.010 0.010 0.010 0.000 0.037 0.010 0.010 0.020 0.000 0.008 0.020 0.009 0.009 0.000 0.009 0.007 0.008 0.005 0.006 0.010 0.010
0.000 0.000 0.000 0.000 0.000 0.000 0.000 0.000 0.000 0.000 0.062 0.010 0.010 0.010 0.010 0.010 0.010 0.009 0.010 0.010 0.010 0.009 0.004 0.007 0.010 0.010 0.010 0.010 0.009 0.000 0.023 0.010 0.009 0.007 0.004 0.008 0.006 0.007 0.000 0.006 0.010 0.023 0.010 0.008 0.007 0.000 0.000 0.008 0.009 0.009 0.075 0.009 0.010 0.009 0.004 0.007 0.009 0.009 0.000 0.014 0.010 0.010 0.000 0.000 0.009 0.014 0.000 0.000 0.007 0.008 0.009 0.006 0.009 0.005 0.005 0.006 0.007
0.000 0.000 0.000 0.000 0.000 0.000 0.000 0.000 0.000 0.000 0.010 0.010 0.010 0.010 0.010 0.010 0.010 0.007 0.010 0.010 0.010 0.010 0.009 0.008 0.010 0.010 0.009 0.006 0.000 0.117 0.009 0.010 0.010 0.000 0.000 0.006 0.033 0.010 0.010 0.008 0.006 0.008 0.004 0.009 0.008 0.007 0.010 0.010 0.005 0.007 0.000 0.006 0.011 0.007 0.009 0.010 0.000 0.034 0.010 0.030 0.010 0.000 0.000 0.010 0.010 0.009 0.009 0.008 0.009 0.009 0.007 0.006 0.007 0.005 0.000 0.006 0.005
0.000 0.000 0.000 0.000 0.000 0.000 0.000 0.000 0.000 0.000 0.010 0.010 0.010 0.010 0.010 0.010 0.010 0.010 0.010 0.018 0.000 0.010 0.029 0.010 0.009 0.009 0.007 0.000 0.025 0.009 0.010 0.009 0.010 0.006 0.007 0.015 0.010 0.010 0.029 0.010 0.009 0.006 0.005 0.009 0.009 0.009 0.010 0.009 0.009 0.013 0.005 0.004 0.009 0.009 0.010 0.000 0.012 0.010 0.000 0.010 0.010 0.000 0.010 0.010 0.007 0.008 0.000 0.006 0.000 0.007 0.009 0.007 0.006 0.005 0.006 0.009 0.006
0.000 0.000 0.000 0.000 0.000 0.000 0.000 0.000 0.000 0.000 0.000 0.010 0.036 0.010 0.010 0.010 0.010 0.010 0.018 0.000 0.000 0.000 0.010 0.025 0.000 0.000 0.027 0.009 0.009 0.010 0.010 0.010 0.010 0.000 0.000 0.009 0.009 0.000 0.007 0.007 0.009 0.004 0.006 0.006 0.009 0.010 0.010 0.022 0.007 0.007 0.006 0.004 0.006 0.000 0.032 0.009 0.008 0.007 0.006 0.000 0.010 0.010 0.010 0.010 0.014 0.008 0.009 0.006 0.008 0.010 0.009 0.009 0.008 0.000 0.000 0.006 0.005
0.000 0.000 0.000 0.000 0.000 0.000 0.000 0.000 0.000 0.000 0.000 0.000 0.000 0.000 0.084 0.010 0.010 0.010 0.000 0.000 0.000 0.000 0.000 0.010 0.000 0.010 0.010 0.009 0.010 0.008 0.010 0.009 0.010 0.000 0.013 0.010 0.000 0.009 0.007 0.006 0.000 0.002 0.006 0.007 0.009 0.010 0.010 0.007 0.008 0.006 0.005 0.007 0.000 0.017 0.010 0.007 0.010 0.000 0.007 0.005 0.014 0.009 0.009 0.009 0.010 0.007 0.007 0.008 0.008 0.008 0.010 0.000 0.006 0.000 0.005 0.004 0.000
0.000 0.000 0.000 0.000 0.000 0.000 0.000 0.000 0.000 0.000 0.000 0.000 0.010 0.010 0.010 0.010 0.010 0.010 0.000 0.000 0.000 0.000 0.000 0.000 0.000 0.074 0.008 0.009 0.009 0.013 0.010 0.009 0.010 0.009 0.009 0.006 0.000 0.010 0.008 0.005 0.003 0.002 0.003 0.000 0.007 0.010 0.009 0.010 0.008 0.005 0.000 0.010 0.010 0.013 0.000 0.000 0.009 0.000 0.010 0.000 0.000 0.006 0.009 0.009 0.007 0.000 0.006 0.008 0.000 0.000 0.008 0.008 0.008 0.007 0.005 0.004 0.006
0.000 0.000 0.000 0.000 0.000 0.000 0.000 0.000 0.000 0.000 0.000 0.000 0.000 0.000 0.000 0.010 0.010 0.010 0.010 0.000 0.000 0.000 0.017 0.000 0.000 0.000 0.000 0.028 0.010 0.009 0.010 0.009 0.010 0.008 0.012 0.010 0.009 0.009 0.000 0.000 0.004 0.006 0.006 0.009 0.008 0.005 0.017 0.005 0.008 0.000 0.008 0.018 0.009 0.008 0.009 0.010 0.008 0.007 0.000 0.000 0.005 0.000 0.007 0.008 0.004 0.009 0.009 0.000 0.007 0.007 0.006 0.009 0.006 0.008 0.006 0.005 0.005
0.000 0.000 0.000 0.000 0.000 0.000 0.000 0.000 0.000 0.000 0.000 0.000 0.000 0.000 0.000 0.000 0.010 0.010 0.010 0.010 0.010 0.044 0.000 0.000 0.000 0.000 0.000 0.000 0.000 0.038 0.010 0.075 0.009 0.006 0.009 0.010 0.009 0.009 0.009 0.009 0.006 0.006 0.000 0.008 0.000 0.000 0.010 0.000 0.083 0.010 0.006 0.007 0.007 0.009 0.010 0.009 0.010 0.010 0.007 0.007 0.006 0.010 0.008 0.010 0.000 0.000 0.008 0.011 0.007 0.007 0.008 0.010 0.000 0.007 0.007 0.006 0.000
0.000 0.000 0.000 0.000 0.000 0.000 0.000 0.000 0.000 0.000 0.000 0.000 0.000 0.000 0.000 0.000 0.000 0.010 0.010 0.042 0.000 0.000 0.000 0.021 0.000 0.054 0.010 0.010 0.035 0.000 0.000 0.000 0.000 0.000 0.000 0.009 0.012 0.010 0.010 0.009 0.018 0.009 0.010 0.010 0.010 0.010 0.000 0.038 0.010 0.010 0.007 0.007 0.005 0.009 0.010 0.010 0.010 0.009 0.008 0.008 0.008 0.007 0.007 0.008 0.006 0.010 0.009 0.008 0.008 0.005 0.007 0.007 0.000 0.008 0.007 0.000 0.000
0.000 0.000 0.000 0.000 0.000 0.000 0.000 0.000 0.000 0.000 0.000 0.000 0.000 0.000 0.000 0.000 0.000 0.000 0.000 0.121 0.000 0.000 0.000 0.010 0.000 0.010 0.010 0.000 0.000 0.000 0.000 0.038 0.010 0.010 0.022 0.000 0.010 0.008 0.010 0.008 0.009 0.010 0.009 0.016 0.010 0.122 0.010 0.010 0.010 0.009 0.009 0.006 0.013 0.010 0.008 0.007 0.009 0.009 0.007 0.008 0.010 0.007 0.010 0.009 0.009 0.000 0.000 0.007 0.007 0.000 0.000 0.007 0.005 0.007 0.008 0.000 0.006
0.000 0.000 0.000 0.000 0.000 0.000 0.000 0.000 0.000 0.000 0.000 0.000 0.000 0.000 0.000 0.000 0.000 0.000 0.000 0.000 0.015 0.000 0.000 0.000 0.000 0.010 0.000 0.000 0.000 0.000 0.000 0.000 0.000 0.000 0.000 0.010 0.034 0.000 0.000 0.010 0.010 0.009 0.014 0.009 0.000 0.010 0.009 0.009 0.009 0.012 0.010 0.010 0.000 0.009 0.007 0.008 0.010 0.006 0.008 0.006 0.007 0.008 0.010 0.008 0.009 0.010 0.010 0.010 0.009 0.006 0.005 0.007 0.005 0.006 0.009 0.005 0.005
0.000 0.000 0.000 0.000 0.000 0.000 0.000 0.000 0.000 0.000 0.000 0.000 0.000 0.000 0.000 0.000 0.000 0.000 0.000 0.000 0.000 0.012 0.000 0.000 0.018 0.000 0.000 0.000 0.000 0.000 0.000 0.000 0.000 0.000 0.000 0.000 0.000 0.010 0.010 0.051 0.000 0.000 0.000 0.010 0.000 0.009 0.008 0.009 0.010 0.010 0.014 0.009 0.010 0.010 0.010 0.000 0.000 0.000 0.000 0.000 0.008 0.009 0.010 0.006 0.006 0.000 0.010 0.009 0.011 0.005 0.006 0.008 0.006 0.007 0.005 0.004 0.005
0.000 0.000 0.000 0.000 0.000 0.000 0.000 0.000 0.000 0.000 0.000 0.000 0.000 0.000 0.000 0.000 0.000 0.000 0.000 0.000 0.000 0.000 0.000 0.016 0.000 0.000 0.000 0.000 0.000 0.000 0.000 0.000 0.000 0.000 0.000 0.000 0.000 0.000 0.000 0.010 0.024 0.010 0.010 0.036 0.000 0.000 0.000 0.010 0.009 0.007 0.009 0.010 0.019 0.009 0.009 0.009 0.010 0.008 0.000 0.008 0.007 0.010 0.005 0.004 0.006 0.008 0.009 0.009 0.008 0.000 0.017 0.010 0.010 0.010 0.005 0.009 0.000
0.000 0.000 0.000 0.000 0.000 0.000 0.000 0.000 0.000 0.000 0.000 0.000 0.000 0.000 0.000 0.000 0.000 0.000 0.000 0.000 0.000 0.000 0.000 0.000 0.000 0.000 0.000 0.000 0.000 0.000 0.000 0.000 0.000 0.000 0.000 0.000 0.000 0.000 0.000 0.000 0.000 0.000 0.000 0.000 0.000 0.000 0.000 0.067 0.000 0.000 0.169 0.007 0.009 0.009 0.010 0.010 0.011 0.007 0.008 0.006 0.009 0.015 0.000 0.000 0.000 0.005 0.009 0.008 0.008 0.000 0.007 0.010 0.010 0.014 0.010 0.010 0.010
0.000 0.000 0.000 0.000 0.000 0.000 0.000 0.000 0.000 0.000 0.000 0.000 0.000 0.000 0.000 0.000 0.000 0.000 0.000 0.000 0.000 0.000 0.000 0.000 0.000 0.000 0.000 0.000 0.000 0.000 0.000 0.000 0.000 0.000 0.000 0.000 0.000 0.000 0.000 0.000 0.000 0.000 0.000 0.000 0.000 0.000 0.000 0.000 0.000 0.017 0.000 0.000 0.010 0.009 0.008 0.018 0.009 0.010 0.010 0.009 0.007 0.007 0.011 0.009 0.009 0.000 0.000 0.007 0.000 0.009 0.026 0.010 0.009 0.000 0.005 0.005 0.004
0.000 0.000 0.000 0.000 0.000 0.000 0.000 0.000 0.000 0.000 0.000 0.000 0.000 0.000 0.000 0.000 0.000 0.000 0.000 0.000 0.000 0.000 0.000 0.000 0.000 0.000 0.000 0.000 0.000 0.000 0.000 0.000 0.000 0.000 0.000 0.000 0.000 0.000 0.000 0.000 0.000 0.000 0.000 0.000 0.000 0.000 0.000 0.000 0.000 0.000 0.000 0.016 0.000 0.000 0.000 0.010 0.010 0.007 0.010 0.009 0.010 0.010 0.009 0.008 0.008 0.009 0.009 0.010 0.000 0.010 0.000 0.007 0.006 0.010 0.004 0.000 0.005
0.000 0.000 0.000 0.000 0.000 0.000 0.000 0.000 0.000 0.000 0.000 0.000 0.000 0.000 0.000 0.000 0.000 0.000 0.000 0.000 0.000 0.000 0.000 0.000 0.000 0.000 0.000 0.000 0.000 0.000 0.000 0.000 0.000 0.000 0.000 0.000 0.000 0.000 0.000 0.000 0.000 0.000 0.000 0.000 0.000 0.000 0.000 0.000 0.000 0.000 0.000 0.000 0.000 0.000 0.010 0.010 0.000 0.000 0.000 0.000 0.012 0.008 0.008 0.009 0.010 0.010 0.013 0.009 0.010 0.009 0.009 0.016 0.000 0.000 0.006 0.005 0.000
0.000 0.000 0.000 0.000 0.000 0.000 0.000 0.000 0.000 0.000 0.000 0.000 0.000 0.000 0.000 0.000 0.000 0.000 0.000 0.000 0.000 0.000 0.000 0.000 0.000 0.000 0.000 0.000 0.000 0.000 0.000 0.000 0.000 0.000 0.000 0.000 0.000 0.000 0.000 0.000 0.000 0.000 0.000 0.000 0.000 0.000 0.000 0.000 0.000 0.000 0.000 0.000 0.000 0.000 0.000 0.000 0.000 0.000 0.000 0.014 0.000 0.000 0.000 0.000 0.009 0.009 0.009 0.010 0.009 0.009 0.016 0.010 0.009 0.010 0.000 0.007 0.007
0.000 0.000 0.000 0.000 0.000 0.000 0.000 0.000 0.000 0.000 0.000 0.000 0.000 0.000 0.000 0.000 0.000 0.000 0.000 0.000 0.000 0.000 0.000 0.000 0.000 0.000 0.000 0.000 0.000 0.000 0.000 0.000 0.000 0.000 0.000 0.000 0.000 0.000 0.000 0.000 0.000 0.000 0.000 0.000 0.000 0.000 0.000 0.000 0.000 0.000 0.000 0.000 0.000 0.000 0.000 0.000 0.000 0.000 0.000 0.000 0.000 0.000 0.010 0.019 0.000 0.000 0.000 0.010 0.009 0.009 0.009 0.010 0.011 0.009 0.010 0.008 0.000
0.000 0.000 0.000 0.000 0.000 0.000 0.000 0.000 0.000 0.000 0.000 0.000 0.000 0.000 0.000 0.000 0.000 0.000 0.000 0.000 0.000 0.000 0.000 0.000 0.000 0.000 0.000 0.000 0.000 0.000 0.000 0.000 0.000 0.000 0.000 0.000 0.000 0.000 0.000 0.000 0.000 0.000 0.000 0.000 0.000 0.000 0.000 0.000 0.000 0.000 0.000 0.000 0.000 0.000 0.000 0.000 0.000 0.000 0.000 0.000 0.000 0.000 0.000 0.000 0.000 0.010 0.021 0.000 0.000 0.020 0.010 0.008 0.010 0.010 0.008 0.010 0.010
0.000 0.000 0.000 0.000 0.000 0.000 0.000 0.000 0.000 0.000 0.000 0.000 0.000 0.000 0.000 0.000 0.000 0.000 0.000 0.000 0.000 0.000 0.000 0.000 0.000 0.000 0.000 0.000 0.000 0.000 0.000 0.000 0.000 0.000 0.000 0.000 0.000 0.000 0.000 0.000 0.000 0.000 0.000 0.000 0.000 0.000 0.000 0.000 0.000 0.000 0.000 0.000 0.000 0.000 0.000 0.000 0.000 0.000 0.000 0.000 0.000 0.000 0.000 0.000 0.000 0.000 0.000 0.000 0.000 0.000 0.000 0.000 0.010 0.008 0.010 0.009 0.011
0.000 0.000 0.000 0.000 0.000 0.000 0.000 0.000 0.000 0.000 0.000 0.000 0.000 0.000 0.000 0.000 0.000 0.000 0.000 0.000 0.000 0.000 0.000 0.000 0.000 0.000 0.000 0.000 0.000 0.000 0.000 0.000 0.000 0.000 0.000 0.000 0.000 0.000 0.000 0.000 0.000 0.000 0.000 0.000 0.000 0.000 0.000 0.000 0.000 0.000 0.000 0.000 0.000 0.000 0.000 0.000 0.000 0.000 0.000 0.000 0.000 0.000 0.000 0.000 0.000 0.000 0.000 0.000 0.000 0.000 0.000 0.000 0.000 0.000 0.009 0.009 0.010
