hx_30m/njhx/rain/result-0024.wd
ncols         211
nrows         286
xllcorner     660279.582600
yllcorner     3541874.325092
cellsize      30.000000
NODATA_value  -9999.000000
[rows 204 to 237 of 286, columns 0 to 76 of 211]
0.000 0.000 0.000 0.000 0.000 0.000 0.000 0.000 0.000 0.000 0.000 0.000 0.000 0.000 0.000 0.010 0.050 0.010 0.000 0.009 0.024 0.010 0.020 0.010 0.010 0.010 0.014 0.070 0.008 0.010 0.010 0.064 0.000 0.010 0.010 0.009 0.010 0.010 0.010 0.010 0.056 0.000 0.010 0.197 0.010 0.010 0.010 0.010 0.010 0.010 0.000 0.010 0.000 0.010 0.010 0.010 0.010 0.010 0.000 0.000 0.006 0.006 0.006 0.006 0.000 0.008 0.010 0.008 0.000 0.033 0.010 0.010 0.012 0.010 0.010 0.010 0.000
0.000 0.000 0.000 0.000 0.000 0.000 0.000 0.000 0.000 0.000 0.000 0.000 0.000 0.000 0.074 0.010 0.010 0.010 0.008 0.010 0.010 0.010 0.010 0.010 0.010 0.010 0.010 0.010 0.007 0.010 0.010 0.020 0.000 0.010 0.010 0.010 0.010 0.018 0.010 0.010 0.007 0.000 0.010 0.010 0.010 0.010 0.010 0.009 0.009 0.010 0.010 0.010 0.012 0.010 0.022 0.009 0.007 0.007 0.000 0.005 0.000 0.000 0.000 0.005 0.036 0.010 0.010 0.000 0.010 0.010 0.000 0.010 0.010 0.010 0.000 0.096 0.010
0.000 0.000 0.000 0.000 0.000 0.000 0.000 0.000 0.000 0.000 0.000 0.000 0.000 0.000 0.010 0.087 0.010 0.010 0.010 0.010 0.010 0.010 0.010 0.010 0.010 0.046 0.010 0.024 0.010 0.022 0.010 0.010 0.000 0.012 0.010 0.015 0.008 0.010 0.010 0.008 0.000 0.076 0.010 0.010 0.010 0.010 0.010 0.010 0.010 0.008 0.007 0.008 0.006 0.007 0.008 0.009 0.007 0.007 0.006 0.000 0.000 0.005 0.006 0.010 0.010 0.010 0.010 0.010 0.010 0.012 0.010 0.029 0.010 0.000 0.127 0.030 0.171
0.000 0.000 0.000 0.000 0.000 0.000 0.000 0.000 0.000 0.000 0.000 0.000 0.000 0.000 0.010 0.010 0.010 0.010 0.010 0.010 0.010 0.019 0.010 0.010 0.023 0.010 0.008 0.010 0.010 0.009 0.009 0.010 0.023 0.010 0.010 0.010 0.010 0.009 0.005 0.007 0.010 0.093 0.010 0.010 0.010 0.010 0.010 0.010 0.005 0.000 0.006 0.007 0.010 0.010 0.009 0.007 0.014 0.000 0.000 0.000 0.000 0.005 0.005 0.010 0.010 0.010 0.010 0.010 0.010 0.010 0.010 0.000 0.044 0.010 0.010 0.000 0.010
0.000 0.000 0.000 0.000 0.000 0.000 0.000 0.000 0.000 0.000 0.000 0.000 0.000 0.000 0.010 0.010 0.010 0.012 0.011 0.076 0.033 0.010 0.010 0.032 0.010 0.010 0.010 0.010 0.010 0.010 0.010 0.000 0.010 0.010 0.019 0.006 0.006 0.007 0.010 0.010 0.010 0.077 0.010 0.010 0.010 0.010 0.010 0.011 0.000 0.010 0.007 0.008 0.010 0.000 0.006 0.007 0.009 0.008 0.010 0.006 0.006 0.009 0.010 0.010 0.010 0.010 0.010 0.010 0.010 0.010 0.000 0.010 0.010 0.010 0.000 0.010 0.000
0.000 0.000 0.000 0.000 0.000 0.000 0.000 0.000 0.000 0.000 0.000 0.000 0.000 0.010 0.010 0.010 0.010 0.010 0.010 0.010 0.010 0.010 0.010 0.010 0.008 0.010 0.010 0.010 0.010 0.010 0.038 0.000 0.018 0.010 0.010 0.006 0.000 0.005 0.009 0.010 0.010 0.010 0.010 0.010 0.010 0.010 0.010 0.010 0.010 0.010 0.000 0.074 0.010 0.000 0.000 0.005 0.008 0.010 0.010 0.013 0.008 0.010 0.010 0.010 0.010 0.010 0.050 0.000 0.000 0.248 0.134 0.010 0.010 0.010 0.000 0.017 0.010
0.000 0.000 0.000 0.000 0.000 0.000 0.000 0.000 0.000 0.000 0.000 0.000 0.120 0.010 0.010 0.010 0.048 0.010 0.010 0.029 0.010 0.010 0.010 0.010 0.010 0.010 0.010 0.023 0.000 0.010 0.000 0.035 0.010 0.010 0.010 0.004 0.000 0.005 0.006 0.010 0.010 0.010 0.010 0.010 0.010 0.010 0.026 0.007 0.010 0.010 0.007 0.010 0.000 0.000 0.000 0.035 0.000 0.010 0.010 0.010 0.159 0.041 0.017 0.009 0.010 0.053 0.010 0.010 0.010 0.103 0.042 0.010 0.010 0.000 0.009 0.008 0.010
0.000 0.000 0.000 0.000 0.000 0.000 0.000 0.000 0.000 0.000 0.000 0.000 0.010 0.010 0.010 0.026 0.010 0.010 0.010 0.010 0.010 0.010 0.010 0.034 0.010 0.010 0.007 0.010 0.000 0.000 0.000 0.010 0.010 0.010 0.008 0.000 0.004 0.004 0.006 0.010 0.026 0.010 0.010 0.010 0.010 0.010 0.011 0.010 0.010 0.010 0.000 0.009 0.000 0.000 0.006 0.010 0.000 0.000 0.000 0.010 0.010 0.008 0.106 0.022 0.265 0.010 0.000 0.010 0.010 0.170 0.010 0.021 0.010 0.010 0.010 0.010 0.010
0.000 0.000 0.000 0.000 0.000 0.000 0.000 0.000 0.000 0.000 0.000 0.000 0.010 0.010 0.010 0.010 0.010 0.010 0.010 0.010 0.010 0.010 0.010 0.081 0.010 0.010 0.010 0.010 0.000 0.000 0.000 0.023 0.010 0.018 0.010 0.007 0.004 0.010 0.010 0.008 0.000 0.007 0.008 0.020 0.010 0.023 0.010 0.010 0.010 0.010 0.010 0.010 0.000 0.000 0.005 0.010 0.009 0.012 0.010 0.010 0.010 0.000 0.010 0.150 0.010 0.010 0.010 0.060 0.010 0.000 0.010 0.010 0.010 0.012 0.009 0.011 0.000
0.000 0.000 0.000 0.000 0.000 0.000 0.000 0.000 0.000 0.000 0.000 0.000 0.041 0.010 0.010 0.010 0.326 0.051 0.010 0.010 0.010 0.010 0.010 0.011 0.009 0.010 0.010 0.010 0.000 0.010 0.000 0.010 0.010 0.010 0.009 0.005 0.005 0.006 0.000 0.000 0.007 0.000 0.000 0.000 0.010 0.010 0.000 0.009 0.010 0.010 0.000 0.008 0.009 0.007 0.024 0.010 0.010 0.010 0.010 0.008 0.010 0.014 0.000 0.558 0.010 0.010 0.010 0.010 0.010 0.061 0.059 0.000 0.000 0.010 0.010 0.000 0.000
0.000 0.000 0.000 0.000 0.000 0.000 0.000 0.000 0.000 0.000 0.000 0.010 0.010 0.010 0.010 0.010 0.010 0.010 0.010 0.010 0.010 0.010 0.010 0.010 0.061 0.010 0.010 0.025 0.010 0.397 0.010 0.010 0.061 0.010 0.006 0.010 0.009 0.011 0.009 0.000 0.010 0.008 0.015 0.007 0.007 0.008 0.010 0.007 0.010 0.010 0.010 0.000 0.010 0.037 0.010 0.000 0.010 0.009 0.010 0.010 0.010 0.000 0.032 0.010 0.010 0.011 0.031 0.000 0.010 0.084 0.331 0.106 0.010 0.000 0.000 0.000 0.010
0.000 0.000 0.000 0.000 0.000 0.000 0.000 0.000 0.000 0.000 0.000 0.054 0.010 0.010 0.031 0.010 0.010 0.010 0.010 0.010 0.010 0.010 0.010 0.010 0.010 0.010 0.042 0.010 0.010 0.000 0.010 0.010 0.010 0.010 0.007 0.005 0.010 0.010 0.010 0.009 0.010 0.000 0.000 0.007 0.008 0.007 0.010 0.010 0.020 0.009 0.010 0.000 0.010 0.010 0.010 0.010 0.010 0.010 0.010 0.000 0.115 0.010 0.010 0.051 0.000 0.010 0.052 0.010 0.010 0.000 0.010 0.010 0.046 0.012 0.010 0.010 0.010
0.000 0.000 0.000 0.000 0.000 0.000 0.000 0.000 0.000 0.000 0.210 0.010 0.010 0.010 0.010 0.010 0.010 0.010 0.010 0.010 0.010 0.010 0.010 0.010 0.010 0.010 0.010 0.010 0.015 0.000 0.029 0.010 0.010 0.008 0.006 0.009 0.007 0.008 0.000 0.007 0.010 0.039 0.010 0.010 0.008 0.000 0.000 0.010 0.010 0.014 0.080 0.010 0.010 0.010 0.007 0.011 0.010 0.010 0.000 0.041 0.010 0.010 0.000 0.000 0.010 0.084 0.000 0.000 0.010 0.010 0.010 0.010 0.010 0.009 0.009 0.010 0.010
0.000 0.000 0.000 0.000 0.000 0.000 0.000 0.000 0.000 0.000 0.010 0.010 0.010 0.010 0.010 0.010 0.010 0.010 0.010 0.010 0.010 0.010 0.010 0.024 0.010 0.010 0.010 0.010 0.000 0.241 0.016 0.010 0.010 0.000 0.000 0.008 0.060 0.010 0.010 0.009 0.008 0.009 0.005 0.012 0.009 0.009 0.010 0.010 0.006 0.009 0.000 0.008 0.019 0.010 0.010 0.010 0.000 0.085 0.010 0.057 0.010 0.000 0.000 0.010 0.010 0.010 0.010 0.022 0.010 0.010 0.010 0.010 0.010 0.009 0.000 0.010 0.010
0.000 0.000 0.000 0.000 0.000 0.000 0.000 0.000 0.000 0.000 0.010 0.010 0.010 0.010 0.010 0.010 0.010 0.010 0.010 0.033 0.000 0.010 0.072 0.010 0.010 0.010 0.010 0.000 0.051 0.010 0.010 0.010 0.010 0.009 0.009 0.023 0.010 0.010 0.053 0.010 0.010 0.007 0.006 0.010 0.010 0.010 0.010 0.010 0.010 0.015 0.006 0.005 0.010 0.010 0.010 0.000 0.019 0.010 0.000 0.010 0.010 0.000 0.010 0.010 0.010 0.010 0.000 0.009 0.000 0.010 0.010 0.023 0.010 0.009 0.010 0.010 0.045
0.000 0.000 0.000 0.000 0.000 0.000 0.000 0.000 0.000 0.000 0.000 0.010 0.087 0.013 0.010 0.010 0.010 0.010 0.033 0.000 0.000 0.000 0.010 0.057 0.000 0.000 0.077 0.010 0.010 0.010 0.010 0.010 0.010 0.000 0.000 0.010 0.010 0.000 0.009 0.010 0.010 0.006 0.011 0.009 0.010 0.010 0.011 0.029 0.009 0.008 0.007 0.005 0.008 0.000 0.064 0.010 0.010 0.009 0.010 0.000 0.010 0.010 0.010 0.010 0.027 0.010 0.010 0.010 0.025 0.029 0.010 0.010 0.010 0.000 0.000 0.016 0.018
0.000 0.000 0.000 0.000 0.000 0.000 0.000 0.000 0.000 0.000 0.000 0.000 0.000 0.000 0.158 0.010 0.010 0.010 0.000 0.000 0.000 0.000 0.000 0.010 0.000 0.010 0.010 0.010 0.010 0.010 0.010 0.010 0.010 0.000 0.014 0.010 0.000 0.010 0.009 0.008 0.000 0.006 0.010 0.010 0.010 0.010 0.010 0.009 0.010 0.008 0.007 0.008 0.000 0.022 0.010 0.010 0.010 0.000 0.010 0.009 0.027 0.010 0.010 0.010 0.010 0.010 0.010 0.020 0.010 0.010 0.010 0.000 0.010 0.000 0.010 0.308 0.000
0.000 0.000 0.000 0.000 0.000 0.000 0.000 0.000 0.000 0.000 0.000 0.000 0.010 0.010 0.010 0.010 0.010 0.010 0.000 0.000 0.000 0.000 0.000 0.000 0.000 0.131 0.010 0.010 0.010 0.023 0.010 0.010 0.010 0.010 0.010 0.007 0.000 0.010 0.011 0.007 0.006 0.006 0.007 0.000 0.009 0.010 0.010 0.010 0.010 0.006 0.000 0.010 0.010 0.018 0.000 0.000 0.014 0.000 0.010 0.000 0.000 0.009 0.010 0.010 0.010 0.000 0.010 0.010 0.000 0.000 0.010 0.010 0.010 0.010 0.010 0.313 0.010
0.000 0.000 0.000 0.000 0.000 0.000 0.000 0.000 0.000 0.000 0.000 0.000 0.000 0.000 0.000 0.010 0.010 0.010 0.010 0.000 0.000 0.000 0.029 0.000 0.000 0.000 0.000 0.044 0.010 0.010 0.010 0.010 0.010 0.010 0.022 0.010 0.010 0.010 0.000 0.000 0.007 0.009 0.009 0.014 0.010 0.008 0.022 0.007 0.010 0.000 0.010 0.023 0.010 0.010 0.010 0.010 0.010 0.010 0.000 0.000 0.007 0.000 0.010 0.010 0.006 0.010 0.020 0.000 0.010 0.010 0.010 0.010 0.010 0.010 0.010 0.010 0.010
0.000 0.000 0.000 0.000 0.000 0.000 0.000 0.000 0.000 0.000 0.000 0.000 0.000 0.000 0.000 0.000 0.010 0.010 0.010 0.010 0.010 0.082 0.000 0.000 0.000 0.000 0.000 0.000 0.000 0.063 0.010 0.138 0.010 0.010 0.010 0.010 0.010 0.010 0.013 0.010 0.009 0.008 0.000 0.010 0.000 0.000 0.010 0.000 0.103 0.010 0.008 0.009 0.010 0.010 0.010 0.010 0.010 0.010 0.010 0.010 0.008 0.010 0.012 0.010 0.000 0.000 0.010 0.029 0.010 0.010 0.010 0.010 0.000 0.010 0.010 0.010 0.000
0.000 0.000 0.000 0.000 0.000 0.000 0.000 0.000 0.000 0.000 0.000 0.000 0.000 0.000 0.000 0.000 0.000 0.010 0.010 0.097 0.000 0.000 0.000 0.036 0.000 0.094 0.010 0.010 0.053 0.000 0.000 0.000 0.000 0.000 0.000 0.010 0.023 0.010 0.010 0.010 0.025 0.010 0.010 0.010 0.010 0.010 0.000 0.053 0.010 0.010 0.010 0.008 0.007 0.010 0.010 0.010 0.010 0.010 0.010 0.010 0.010 0.010 0.010 0.010 0.010 0.021 0.010 0.010 0.010 0.023 0.102 0.010 0.000 0.010 0.010 0.000 0.000
0.000 0.000 0.000 0.000 0.000 0.000 0.000 0.000 0.000 0.000 0.000 0.000 0.000 0.000 0.000 0.000 0.000 0.000 0.000 0.179 0.000 0.000 0.000 0.010 0.000 0.010 0.010 0.000 0.000 0.000 0.000 0.058 0.010 0.010 0.031 0.000 0.010 0.010 0.012 0.010 0.010 0.010 0.010 0.022 0.010 0.252 0.010 0.010 0.010 0.010 0.010 0.008 0.029 0.010 0.010 0.010 0.010 0.010 0.010 0.010 0.010 0.016 0.010 0.010 0.010 0.000 0.000 0.010 0.014 0.000 0.000 0.010 0.010 0.010 0.010 0.000 0.010
0.000 0.000 0.000 0.000 0.000 0.000 0.000 0.000 0.000 0.000 0.000 0.000 0.000 0.000 0.000 0.000 0.000 0.000 0.000 0.000 0.024 0.000 0.000 0.000 0.000 0.010 0.000 0.000 0.000 0.000 0.000 0.000 0.000 0.000 0.000 0.010 0.054 0.000 0.000 0.010 0.010 0.010 0.017 0.010 0.000 0.010 0.010 0.010 0.010 0.019 0.010 0.010 0.000 0.010 0.010 0.010 0.016 0.009 0.010 0.010 0.010 0.134 0.010 0.010 0.010 0.010 0.010 0.010 0.010 0.010 0.009 0.010 0.040 0.010 0.010 0.010 0.015
0.000 0.000 0.000 0.000 0.000 0.000 0.000 0.000 0.000 0.000 0.000 0.000 0.000 0.000 0.000 0.000 0.000 0.000 0.000 0.000 0.000 0.022 0.000 0.000 0.026 0.000 0.000 0.000 0.000 0.000 0.000 0.000 0.000 0.000 0.000 0.000 0.000 0.010 0.010 0.096 0.000 0.000 0.000 0.010 0.000 0.010 0.010 0.010 0.010 0.010 0.024 0.010 0.010 0.010 0.010 0.000 0.000 0.000 0.000 0.000 0.094 0.225 0.010 0.010 0.010 0.000 0.010 0.010 0.059 0.009 0.010 0.010 0.010 0.010 0.010 0.009 0.010
0.000 0.000 0.000 0.000 0.000 0.000 0.000 0.000 0.000 0.000 0.000 0.000 0.000 0.000 0.000 0.000 0.000 0.000 0.000 0.000 0.000 0.000 0.000 0.026 0.000 0.000 0.000 0.000 0.000 0.000 0.000 0.000 0.000 0.000 0.000 0.000 0.000 0.000 0.000 0.010 0.042 0.010 0.010 0.072 0.000 0.000 0.000 0.014 0.010 0.010 0.010 0.013 0.105 0.085 0.010 0.010 0.010 0.010 0.000 0.010 0.010 0.010 0.008 0.007 0.014 0.010 0.010 0.010 0.010 0.000 0.051 0.010 0.010 0.010 0.010 0.010 0.000
0.000 0.000 0.000 0.000 0.000 0.000 0.000 0.000 0.000 0.000 0.000 0.000 0.000 0.000 0.000 0.000 0.000 0.000 0.000 0.000 0.000 0.000 0.000 0.000 0.000 0.000 0.000 0.000 0.000 0.000 0.000 0.000 0.000 0.000 0.000 0.000 0.000 0.000 0.000 0.000 0.000 0.000 0.000 0.000 0.000 0.000 0.000 0.098 0.000 0.000 0.224 0.015 0.039 0.010 0.010 0.010 0.020 0.010 0.010 0.010 0.010 0.080 0.000 0.000 0.000 0.010 0.010 0.010 0.010 0.000 0.010 0.010 0.010 0.120 0.051 0.010 0.010
0.000 0.000 0.000 0.000 0.000 0.000 0.000 0.000 0.000 0.000 0.000 0.000 0.000 0.000 0.000 0.000 0.000 0.000 0.000 0.000 0.000 0.000 0.000 0.000 0.000 0.000 0.000 0.000 0.000 0.000 0.000 0.000 0.000 0.000 0.000 0.000 0.000 0.000 0.000 0.000 0.000 0.000 0.000 0.000 0.000 0.000 0.000 0.000 0.000 0.028 0.000 0.000 0.010 0.010 0.010 0.037 0.010 0.010 0.010 0.010 0.010 0.010 0.041 0.010 0.010 0.000 0.000 0.010 0.000 0.010 0.052 0.010 0.010 0.000 0.010 0.010 0.009
0.000 0.000 0.000 0.000 0.000 0.000 0.000 0.000 0.000 0.000 0.000 0.000 0.000 0.000 0.000 0.000 0.000 0.000 0.000 0.000 0.000 0.000 0.000 0.000 0.000 0.000 0.000 0.000 0.000 0.000 0.000 0.000 0.000 0.000 0.000 0.000 0.000 0.000 0.000 0.000 0.000 0.000 0.000 0.000 0.000 0.000 0.000 0.000 0.000 0.000 0.000 0.027 0.000 0.000 0.000 0.010 0.010 0.010 0.020 0.010 0.010 0.010 0.010 0.010 0.028 0.010 0.010 0.010 0.000 0.010 0.000 0.010 0.017 0.010 0.009 0.000 0.010
0.000 0.000 0.000 0.000 0.000 0.000 0.000 0.000 0.000 0.000 0.000 0.000 0.000 0.000 0.000 0.000 0.000 0.000 0.000 0.000 0.000 0.000 0.000 0.000 0.000 0.000 0.000 0.000 0.000 0.000 0.000 0.000 0.000 0.000 0.000 0.000 0.000 0.000 0.000 0.000 0.000 0.000 0.000 0.000 0.000 0.000 0.000 0.000 0.000 0.000 0.000 0.000 0.000 0.000 0.010 0.010 0.000 0.000 0.000 0.000 0.034 0.010 0.010 0.010 0.010 0.010 0.031 0.010 0.010 0.010 0.010 0.041 0.000 0.000 0.012 0.010 0.000
0.000 0.000 0.000 0.000 0.000 0.000 0.000 0.000 0.000 0.000 0.000 0.000 0.000 0.000 0.000 0.000 0.000 0.000 0.000 0.000 0.000 0.000 0.000 0.000 0.000 0.000 0.000 0.000 0.000 0.000 0.000 0.000 0.000 0.000 0.000 0.000 0.000 0.000 0.000 0.000 0.000 0.000 0.000 0.000 0.000 0.000 0.000 0.000 0.000 0.000 0.000 0.000 0.000 0.000 0.000 0.000 0.000 0.000 0.000 0.027 0.000 0.000 0.000 0.000 0.023 0.010 0.010 0.010 0.010 0.010 0.055 0.010 0.010 0.010 0.000 0.019 0.010
0.000 0.000 0.000 0.000 0.000 0.000 0.000 0.000 0.000 0.000 0.000 0.000 0.000 0.000 0.000 0.000 0.000 0.000 0.000 0.000 0.000 0.000 0.000 0.000 0.000 0.000 0.000 0.000 0.000 0.000 0.000 0.000 0.000 0.000 0.000 0.000 0.000 0.000 0.000 0.000 0.000 0.000 0.000 0.000 0.000 0.000 0.000 0.000 0.000 0.000 0.000 0.000 0.000 0.000 0.000 0.000 0.000 0.000 0.000 0.000 0.000 0.000 0.010 0.046 0.000 0.000 0.000 0.020 0.010 0.010 0.010 0.010 0.033 0.010 0.010 0.010 0.000
0.000 0.000 0.000 0.000 0.000 0.000 0.000 0.000 0.000 0.000 0.000 0.000 0.000 0.000 0.000 0.000 0.000 0.000 0.000 0.000 0.000 0.000 0.000 0.000 0.000 0.000 0.000 0.000 0.000 0.000 0.000 0.000 0.000 0.000 0.000 0.000 0.000 0.000 0.000 0.000 0.000 0.000 0.000 0.000 0.000 0.000 0.000 0.000 0.000 0.000 0.000 0.000 0.000 0.000 0.000 0.000 0.000 0.000 0.000 0.000 0.000 0.000 0.000 0.000 0.000 0.010 0.049 0.000 0.000 0.056 0.010 0.014 0.010 0.010 0.016 0.010 0.010
0.000 0.000 0.000 0.000 0.000 0.000 0.000 0.000 0.000 0.000 0.000 0.000 0.000 0.000 0.000 0.000 0.000 0.000 0.000 0.000 0.000 0.000 0.000 0.000 0.000 0.000 0.000 0.000 0.000 0.000 0.000 0.000 0.000 0.000 0.000 0.000 0.000 0.000 0.000 0.000 0.000 0.000 0.000 0.000 0.000 0.000 0.000 0.000 0.000 0.000 0.000 0.000 0.000 0.000 0.000 0.000 0.000 0.000 0.000 0.000 0.000 0.000 0.000 0.000 0.000 0.000 0.000 0.000 0.000 0.000 0.000 0.000 0.021 0.010 0.010 0.010 0.024
0.000 0.000 0.000 0.000 0.000 0.000 0.000 0.000 0.000 0.000 0.000 0.000 0.000 0.000 0.000 0.000 0.000 0.000 0.000 0.000 0.000 0.000 0.000 0.000 0.000 0.000 0.000 0.000 0.000 0.000 0.000 0.000 0.000 0.000 0.000 0.000 0.000 0.000 0.000 0.000 0.000 0.000 0.000 0.000 0.000 0.000 0.000 0.000 0.000 0.000 0.000 0.000 0.000 0.000 0.000 0.000 0.000 0.000 0.000 0.000 0.000 0.000 0.000 0.000 0.000 0.000 0.000 0.000 0.000 0.000 0.000 0.000 0.000 0.000 0.010 0.010 0.010
