hx_30m/njhx/rain/result-0044.wd
ncols         211
nrows         286
xllcorner     660279.582600
yllcorner     3541874.325092
cellsize      30.000000
NODATA_value  -9999.000000
[rows 204 to 237 of 286, columns 0 to 76 of 211]
0.000 0.000 0.000 0.000 0.000 0.000 0.000 0.000 0.000 0.000 0.000 0.000 0.000 0.000 0.000 0.010 0.210 0.010 0.000 0.002 0.004 0.002 0.003 0.007 0.010 0.010 0.010 0.020 0.001 0.010 0.010 0.107 0.000 0.003 0.007 0.003 0.004 0.004 0.010 0.010 0.133 0.000 0.010 0.499 0.003 0.010 0.002 0.004 0.003 0.010 0.000 0.004 0.000 0.002 0.005 0.003 0.005 0.003 0.000 0.000 0.001 0.001 0.001 0.001 0.000 0.000 0.001 0.001 0.000 0.039 0.006 0.002 0.010 0.010 0.010 0.010 0.000
0.000 0.000 0.000 0.000 0.000 0.000 0.000 0.000 0.000 0.000 0.000 0.000 0.000 0.000 0.118 0.010 0.010 0.002 0.001 0.003 0.002 0.010 0.003 0.010 0.007 0.007 0.010 0.010 0.001 0.007 0.010 0.062 0.000 0.010 0.010 0.005 0.007 0.007 0.010 0.007 0.002 0.000 0.010 0.010 0.010 0.010 0.010 0.003 0.004 0.002 0.006 0.010 0.002 0.003 0.007 0.002 0.001 0.001 0.000 0.001 0.000 0.000 0.000 0.001 0.007 0.003 0.006 0.000 0.003 0.012 0.000 0.007 0.007 0.006 0.000 0.332 0.039
0.000 0.000 0.000 0.000 0.000 0.000 0.000 0.000 0.000 0.000 0.000 0.000 0.000 0.000 0.010 0.127 0.003 0.003 0.004 0.003 0.010 0.010 0.003 0.010 0.005 0.085 0.010 0.004 0.010 0.004 0.010 0.010 0.000 0.005 0.010 0.007 0.003 0.007 0.010 0.003 0.000 0.070 0.010 0.010 0.010 0.010 0.010 0.006 0.006 0.001 0.002 0.002 0.001 0.002 0.002 0.002 0.001 0.001 0.001 0.000 0.000 0.001 0.001 0.001 0.010 0.010 0.010 0.010 0.006 0.019 0.010 0.006 0.010 0.000 0.369 0.270 0.413
0.000 0.000 0.000 0.000 0.000 0.000 0.000 0.000 0.000 0.000 0.000 0.000 0.000 0.000 0.010 0.010 0.005 0.010 0.003 0.002 0.010 0.004 0.010 0.003 0.007 0.002 0.002 0.005 0.004 0.002 0.002 0.007 0.007 0.010 0.010 0.010 0.007 0.004 0.001 0.003 0.010 0.088 0.010 0.010 0.010 0.010 0.010 0.004 0.001 0.000 0.001 0.002 0.002 0.004 0.002 0.001 0.008 0.000 0.000 0.000 0.000 0.000 0.000 0.001 0.010 0.010 0.010 0.010 0.002 0.010 0.010 0.000 0.041 0.007 0.164 0.000 0.006
0.000 0.000 0.000 0.000 0.000 0.000 0.000 0.000 0.000 0.000 0.000 0.000 0.000 0.000 0.010 0.010 0.003 0.005 0.005 0.059 0.016 0.007 0.010 0.005 0.010 0.005 0.005 0.002 0.010 0.004 0.007 0.000 0.005 0.010 0.005 0.002 0.002 0.003 0.004 0.010 0.010 0.071 0.010 0.010 0.010 0.010 0.006 0.002 0.000 0.010 0.001 0.002 0.010 0.000 0.001 0.001 0.002 0.001 0.006 0.001 0.000 0.001 0.001 0.010 0.006 0.010 0.010 0.004 0.003 0.013 0.000 0.010 0.010 0.003 0.000 0.002 0.000
0.000 0.000 0.000 0.000 0.000 0.000 0.000 0.000 0.000 0.000 0.000 0.000 0.000 0.010 0.007 0.003 0.010 0.010 0.010 0.005 0.010 0.010 0.007 0.007 0.001 0.010 0.007 0.010 0.003 0.007 0.055 0.000 0.007 0.010 0.005 0.002 0.000 0.001 0.004 0.010 0.010 0.010 0.010 0.010 0.010 0.010 0.003 0.003 0.004 0.002 0.000 0.100 0.012 0.000 0.000 0.001 0.004 0.006 0.097 0.188 0.001 0.001 0.001 0.010 0.010 0.010 0.062 0.000 0.000 0.321 0.207 0.044 0.002 0.004 0.000 0.002 0.002
0.000 0.000 0.000 0.000 0.000 0.000 0.000 0.000 0.000 0.000 0.000 0.000 0.169 0.010 0.007 0.005 0.075 0.010 0.010 0.003 0.010 0.010 0.007 0.005 0.003 0.010 0.010 0.003 0.000 0.010 0.000 0.073 0.010 0.007 0.007 0.000 0.000 0.001 0.001 0.010 0.004 0.010 0.010 0.010 0.010 0.010 0.002 0.002 0.006 0.003 0.001 0.010 0.000 0.000 0.000 0.031 0.000 0.003 0.003 0.047 0.268 0.141 0.017 0.001 0.010 0.079 0.014 0.010 0.010 0.176 0.115 0.004 0.001 0.000 0.001 0.001 0.002
0.000 0.000 0.000 0.000 0.000 0.000 0.000 0.000 0.000 0.000 0.000 0.000 0.010 0.010 0.003 0.026 0.010 0.010 0.002 0.010 0.010 0.010 0.010 0.010 0.003 0.010 0.001 0.005 0.000 0.000 0.000 0.005 0.010 0.005 0.002 0.000 0.000 0.000 0.001 0.004 0.043 0.007 0.010 0.010 0.010 0.003 0.003 0.004 0.010 0.003 0.000 0.002 0.000 0.000 0.001 0.010 0.000 0.000 0.000 0.003 0.012 0.001 0.103 0.019 0.261 0.010 0.000 0.010 0.010 0.243 0.006 0.003 0.003 0.003 0.003 0.002 0.010
0.000 0.000 0.000 0.000 0.000 0.000 0.000 0.000 0.000 0.000 0.000 0.000 0.010 0.010 0.003 0.010 0.010 0.051 0.005 0.005 0.010 0.010 0.010 0.005 0.003 0.010 0.002 0.007 0.000 0.000 0.000 0.007 0.010 0.007 0.004 0.002 0.000 0.010 0.003 0.001 0.000 0.001 0.001 0.007 0.007 0.005 0.001 0.010 0.010 0.010 0.005 0.001 0.000 0.000 0.000 0.002 0.002 0.002 0.004 0.004 0.003 0.000 0.002 0.147 0.010 0.010 0.010 0.037 0.003 0.000 0.006 0.001 0.004 0.001 0.001 0.001 0.000
0.000 0.000 0.000 0.000 0.000 0.000 0.000 0.000 0.000 0.000 0.000 0.000 0.054 0.003 0.010 0.010 0.416 0.140 0.005 0.010 0.010 0.010 0.007 0.010 0.002 0.010 0.003 0.005 0.000 0.010 0.000 0.007 0.005 0.010 0.002 0.001 0.001 0.001 0.000 0.000 0.001 0.000 0.000 0.000 0.002 0.007 0.000 0.002 0.005 0.003 0.000 0.001 0.002 0.001 0.007 0.005 0.001 0.002 0.001 0.001 0.002 0.005 0.000 0.554 0.010 0.010 0.010 0.010 0.010 0.065 0.062 0.000 0.000 0.006 0.003 0.000 0.000
0.000 0.000 0.000 0.000 0.000 0.000 0.000 0.000 0.000 0.000 0.000 0.010 0.003 0.002 0.010 0.010 0.010 0.010 0.003 0.010 0.010 0.005 0.007 0.003 0.092 0.010 0.007 0.002 0.010 1.000 0.266 0.010 0.113 0.010 0.001 0.004 0.003 0.006 0.002 0.000 0.002 0.002 0.009 0.001 0.001 0.001 0.003 0.001 0.006 0.002 0.002 0.000 0.002 0.012 0.001 0.000 0.002 0.001 0.003 0.006 0.006 0.000 0.041 0.010 0.010 0.010 0.012 0.000 0.010 0.088 0.335 0.110 0.010 0.000 0.000 0.000 0.010
0.000 0.000 0.000 0.000 0.000 0.000 0.000 0.000 0.000 0.000 0.000 0.069 0.010 0.002 0.011 0.010 0.010 0.003 0.010 0.010 0.010 0.005 0.002 0.007 0.010 0.010 0.064 0.010 0.010 0.000 0.005 0.010 0.007 0.005 0.002 0.001 0.004 0.002 0.007 0.001 0.007 0.000 0.000 0.001 0.002 0.001 0.003 0.002 0.002 0.002 0.004 0.000 0.006 0.004 0.003 0.010 0.010 0.010 0.006 0.000 0.164 0.010 0.010 0.069 0.000 0.005 0.029 0.004 0.003 0.000 0.004 0.003 0.029 0.001 0.003 0.010 0.010
0.000 0.000 0.000 0.000 0.000 0.000 0.000 0.000 0.000 0.000 0.272 0.010 0.010 0.010 0.010 0.010 0.010 0.003 0.010 0.010 0.010 0.005 0.001 0.003 0.010 0.010 0.010 0.010 0.002 0.000 0.088 0.010 0.005 0.002 0.001 0.003 0.002 0.001 0.000 0.001 0.007 0.075 0.010 0.002 0.001 0.000 0.000 0.001 0.003 0.001 0.075 0.003 0.006 0.004 0.001 0.002 0.004 0.004 0.000 0.057 0.010 0.010 0.000 0.000 0.005 0.020 0.000 0.000 0.002 0.003 0.004 0.002 0.006 0.002 0.002 0.002 0.004
0.000 0.000 0.000 0.000 0.000 0.000 0.000 0.000 0.000 0.000 0.015 0.010 0.010 0.010 0.010 0.010 0.010 0.003 0.010 0.010 0.010 0.010 0.003 0.002 0.010 0.010 0.003 0.001 0.000 0.299 0.075 0.007 0.007 0.000 0.000 0.001 0.104 0.010 0.010 0.002 0.001 0.002 0.000 0.001 0.002 0.002 0.010 0.010 0.001 0.002 0.000 0.001 0.004 0.001 0.004 0.006 0.000 0.128 0.010 0.073 0.010 0.000 0.000 0.010 0.007 0.004 0.004 0.003 0.004 0.004 0.002 0.002 0.004 0.001 0.000 0.003 0.006
0.000 0.000 0.000 0.000 0.000 0.000 0.000 0.000 0.000 0.000 0.010 0.010 0.010 0.010 0.010 0.010 0.010 0.006 0.010 0.041 0.000 0.010 0.095 0.010 0.003 0.005 0.001 0.000 0.087 0.003 0.010 0.005 0.010 0.002 0.002 0.007 0.010 0.010 0.096 0.007 0.004 0.001 0.001 0.004 0.004 0.003 0.006 0.004 0.003 0.004 0.001 0.000 0.003 0.004 0.010 0.000 0.005 0.010 0.000 0.010 0.010 0.000 0.010 0.007 0.002 0.003 0.000 0.001 0.000 0.002 0.004 0.003 0.002 0.001 0.003 0.010 0.055
0.000 0.000 0.000 0.000 0.000 0.000 0.000 0.000 0.000 0.000 0.000 0.010 0.099 0.025 0.010 0.010 0.010 0.010 0.041 0.000 0.000 0.000 0.010 0.071 0.000 0.000 0.218 0.004 0.004 0.007 0.010 0.010 0.010 0.000 0.000 0.004 0.004 0.000 0.002 0.002 0.004 0.001 0.002 0.001 0.004 0.010 0.007 0.004 0.002 0.002 0.001 0.000 0.001 0.000 0.103 0.003 0.001 0.001 0.001 0.000 0.010 0.010 0.010 0.007 0.004 0.003 0.004 0.001 0.004 0.009 0.004 0.006 0.004 0.000 0.000 0.009 0.008
0.000 0.000 0.000 0.000 0.000 0.000 0.000 0.000 0.000 0.000 0.000 0.000 0.000 0.000 0.202 0.010 0.010 0.010 0.000 0.000 0.000 0.000 0.000 0.010 0.000 0.010 0.006 0.004 0.010 0.002 0.010 0.005 0.010 0.000 0.008 0.010 0.000 0.004 0.002 0.002 0.000 0.001 0.004 0.003 0.004 0.010 0.010 0.002 0.003 0.001 0.001 0.001 0.000 0.014 0.010 0.002 0.010 0.000 0.001 0.001 0.003 0.004 0.004 0.003 0.010 0.002 0.002 0.003 0.003 0.002 0.006 0.000 0.001 0.000 0.002 0.283 0.000
0.000 0.000 0.000 0.000 0.000 0.000 0.000 0.000 0.000 0.000 0.000 0.000 0.010 0.010 0.010 0.010 0.010 0.010 0.000 0.000 0.000 0.000 0.000 0.000 0.000 0.232 0.003 0.004 0.003 0.004 0.010 0.004 0.010 0.003 0.003 0.002 0.000 0.010 0.002 0.001 0.001 0.001 0.001 0.000 0.002 0.006 0.003 0.006 0.002 0.001 0.000 0.010 0.010 0.006 0.000 0.000 0.003 0.000 0.006 0.000 0.000 0.001 0.003 0.003 0.002 0.000 0.001 0.003 0.000 0.000 0.003 0.004 0.004 0.004 0.001 0.289 0.002
0.000 0.000 0.000 0.000 0.000 0.000 0.000 0.000 0.000 0.000 0.000 0.000 0.000 0.000 0.000 0.010 0.010 0.010 0.010 0.000 0.000 0.000 0.032 0.000 0.000 0.000 0.000 0.062 0.010 0.003 0.010 0.003 0.010 0.003 0.003 0.010 0.003 0.004 0.000 0.000 0.001 0.002 0.002 0.005 0.003 0.001 0.004 0.001 0.003 0.000 0.003 0.004 0.004 0.001 0.003 0.006 0.003 0.002 0.000 0.000 0.001 0.000 0.001 0.002 0.000 0.004 0.003 0.000 0.001 0.002 0.001 0.004 0.002 0.004 0.002 0.002 0.002
0.000 0.000 0.000 0.000 0.000 0.000 0.000 0.000 0.000 0.000 0.000 0.000 0.000 0.000 0.000 0.000 0.010 0.010 0.010 0.010 0.010 0.100 0.000 0.000 0.000 0.000 0.000 0.000 0.000 0.091 0.010 0.146 0.015 0.001 0.004 0.010 0.002 0.003 0.002 0.004 0.001 0.001 0.000 0.003 0.000 0.000 0.010 0.000 0.144 0.010 0.001 0.002 0.002 0.003 0.006 0.004 0.010 0.010 0.001 0.002 0.001 0.006 0.001 0.010 0.000 0.000 0.002 0.006 0.002 0.002 0.003 0.006 0.000 0.003 0.004 0.003 0.000
0.000 0.000 0.000 0.000 0.000 0.000 0.000 0.000 0.000 0.000 0.000 0.000 0.000 0.000 0.000 0.000 0.000 0.010 0.010 0.126 0.000 0.000 0.000 0.043 0.000 0.120 0.010 0.010 0.069 0.000 0.000 0.000 0.000 0.000 0.000 0.004 0.002 0.010 0.010 0.002 0.004 0.002 0.006 0.010 0.010 0.010 0.000 0.069 0.010 0.010 0.001 0.001 0.001 0.003 0.006 0.010 0.010 0.003 0.001 0.003 0.003 0.010 0.002 0.003 0.001 0.007 0.004 0.002 0.002 0.001 0.005 0.002 0.000 0.004 0.003 0.000 0.000
0.000 0.000 0.000 0.000 0.000 0.000 0.000 0.000 0.000 0.000 0.000 0.000 0.000 0.000 0.000 0.000 0.000 0.000 0.000 0.207 0.000 0.000 0.000 0.010 0.000 0.010 0.010 0.000 0.000 0.000 0.000 0.078 0.010 0.010 0.038 0.000 0.010 0.003 0.003 0.002 0.004 0.010 0.004 0.005 0.010 0.486 0.010 0.010 0.010 0.004 0.003 0.001 0.004 0.006 0.001 0.001 0.002 0.004 0.002 0.003 0.010 0.010 0.007 0.004 0.004 0.000 0.000 0.002 0.002 0.000 0.000 0.002 0.001 0.003 0.004 0.000 0.002
0.000 0.000 0.000 0.000 0.000 0.000 0.000 0.000 0.000 0.000 0.000 0.000 0.000 0.000 0.000 0.000 0.000 0.000 0.000 0.000 0.027 0.000 0.000 0.000 0.000 0.010 0.000 0.000 0.000 0.000 0.000 0.000 0.000 0.000 0.000 0.010 0.075 0.000 0.000 0.010 0.010 0.002 0.003 0.003 0.000 0.010 0.003 0.003 0.003 0.001 0.006 0.010 0.000 0.004 0.001 0.003 0.003 0.001 0.003 0.001 0.001 0.072 0.010 0.003 0.004 0.010 0.010 0.006 0.003 0.001 0.001 0.002 0.001 0.001 0.006 0.001 0.002
0.000 0.000 0.000 0.000 0.000 0.000 0.000 0.000 0.000 0.000 0.000 0.000 0.000 0.000 0.000 0.000 0.000 0.000 0.000 0.000 0.000 0.026 0.000 0.000 0.031 0.000 0.000 0.000 0.000 0.000 0.000 0.000 0.000 0.000 0.000 0.000 0.000 0.010 0.010 0.146 0.000 0.000 0.000 0.010 0.000 0.003 0.003 0.004 0.010 0.006 0.217 0.012 0.006 0.006 0.010 0.000 0.000 0.000 0.000 0.000 0.032 0.163 0.010 0.002 0.002 0.000 0.006 0.005 0.002 0.001 0.001 0.002 0.001 0.003 0.001 0.001 0.001
0.000 0.000 0.000 0.000 0.000 0.000 0.000 0.000 0.000 0.000 0.000 0.000 0.000 0.000 0.000 0.000 0.000 0.000 0.000 0.000 0.000 0.000 0.000 0.031 0.000 0.000 0.000 0.000 0.000 0.000 0.000 0.000 0.000 0.000 0.000 0.000 0.000 0.000 0.000 0.010 0.059 0.010 0.010 0.104 0.000 0.000 0.000 0.018 0.003 0.002 0.004 0.085 0.211 0.191 0.092 0.003 0.010 0.003 0.000 0.003 0.002 0.006 0.001 0.001 0.001 0.003 0.004 0.004 0.002 0.000 0.068 0.010 0.006 0.006 0.001 0.006 0.000
0.000 0.000 0.000 0.000 0.000 0.000 0.000 0.000 0.000 0.000 0.000 0.000 0.000 0.000 0.000 0.000 0.000 0.000 0.000 0.000 0.000 0.000 0.000 0.000 0.000 0.000 0.000 0.000 0.000 0.000 0.000 0.000 0.000 0.000 0.000 0.000 0.000 0.000 0.000 0.000 0.000 0.000 0.000 0.000 0.000 0.000 0.000 0.102 0.000 0.000 0.253 0.055 0.143 0.004 0.006 0.010 0.004 0.001 0.003 0.001 0.004 0.139 0.000 0.000 0.000 0.001 0.003 0.006 0.003 0.000 0.002 0.007 0.010 0.182 0.115 0.010 0.010
0.000 0.000 0.000 0.000 0.000 0.000 0.000 0.000 0.000 0.000 0.000 0.000 0.000 0.000 0.000 0.000 0.000 0.000 0.000 0.000 0.000 0.000 0.000 0.000 0.000 0.000 0.000 0.000 0.000 0.000 0.000 0.000 0.000 0.000 0.000 0.000 0.000 0.000 0.000 0.000 0.000 0.000 0.000 0.000 0.000 0.000 0.000 0.000 0.000 0.037 0.000 0.000 0.010 0.004 0.003 0.004 0.003 0.010 0.006 0.003 0.002 0.002 0.013 0.004 0.004 0.000 0.000 0.001 0.000 0.003 0.014 0.010 0.004 0.000 0.001 0.001 0.001
0.000 0.000 0.000 0.000 0.000 0.000 0.000 0.000 0.000 0.000 0.000 0.000 0.000 0.000 0.000 0.000 0.000 0.000 0.000 0.000 0.000 0.000 0.000 0.000 0.000 0.000 0.000 0.000 0.000 0.000 0.000 0.000 0.000 0.000 0.000 0.000 0.000 0.000 0.000 0.000 0.000 0.000 0.000 0.000 0.000 0.000 0.000 0.000 0.000 0.000 0.000 0.036 0.000 0.000 0.000 0.010 0.010 0.001 0.006 0.004 0.006 0.010 0.004 0.003 0.001 0.004 0.004 0.010 0.000 0.006 0.000 0.002 0.001 0.006 0.001 0.000 0.001
0.000 0.000 0.000 0.000 0.000 0.000 0.000 0.000 0.000 0.000 0.000 0.000 0.000 0.000 0.000 0.000 0.000 0.000 0.000 0.000 0.000 0.000 0.000 0.000 0.000 0.000 0.000 0.000 0.000 0.000 0.000 0.000 0.000 0.000 0.000 0.000 0.000 0.000 0.000 0.000 0.000 0.000 0.000 0.000 0.000 0.000 0.000 0.000 0.000 0.000 0.000 0.000 0.000 0.000 0.010 0.010 0.000 0.000 0.000 0.000 0.012 0.003 0.003 0.003 0.010 0.006 0.001 0.003 0.006 0.004 0.004 0.054 0.000 0.000 0.002 0.001 0.000
0.000 0.000 0.000 0.000 0.000 0.000 0.000 0.000 0.000 0.000 0.000 0.000 0.000 0.000 0.000 0.000 0.000 0.000 0.000 0.000 0.000 0.000 0.000 0.000 0.000 0.000 0.000 0.000 0.000 0.000 0.000 0.000 0.000 0.000 0.000 0.000 0.000 0.000 0.000 0.000 0.000 0.000 0.000 0.000 0.000 0.000 0.000 0.000 0.000 0.000 0.000 0.000 0.000 0.000 0.000 0.000 0.000 0.000 0.000 0.035 0.000 0.000 0.000 0.000 0.003 0.003 0.003 0.006 0.004 0.003 0.007 0.006 0.004 0.006 0.000 0.003 0.003
0.000 0.000 0.000 0.000 0.000 0.000 0.000 0.000 0.000 0.000 0.000 0.000 0.000 0.000 0.000 0.000 0.000 0.000 0.000 0.000 0.000 0.000 0.000 0.000 0.000 0.000 0.000 0.000 0.000 0.000 0.000 0.000 0.000 0.000 0.000 0.000 0.000 0.000 0.000 0.000 0.000 0.000 0.000 0.000 0.000 0.000 0.000 0.000 0.000 0.000 0.000 0.000 0.000 0.000 0.000 0.000 0.000 0.000 0.000 0.000 0.000 0.000 0.010 0.061 0.000 0.000 0.000 0.003 0.003 0.003 0.004 0.006 0.006 0.003 0.007 0.003 0.000
0.000 0.000 0.000 0.000 0.000 0.000 0.000 0.000 0.000 0.000 0.000 0.000 0.000 0.000 0.000 0.000 0.000 0.000 0.000 0.000 0.000 0.000 0.000 0.000 0.000 0.000 0.000 0.000 0.000 0.000 0.000 0.000 0.000 0.000 0.000 0.000 0.000 0.000 0.000 0.000 0.000 0.000 0.000 0.000 0.000 0.000 0.000 0.000 0.000 0.000 0.000 0.000 0.000 0.000 0.000 0.000 0.000 0.000 0.000 0.000 0.000 0.000 0.000 0.000 0.000 0.010 0.064 0.000 0.000 0.077 0.006 0.001 0.010 0.007 0.001 0.007 0.007
0.000 0.000 0.000 0.000 0.000 0.000 0.000 0.000 0.000 0.000 0.000 0.000 0.000 0.000 0.000 0.000 0.000 0.000 0.000 0.000 0.000 0.000 0.000 0.000 0.000 0.000 0.000 0.000 0.000 0.000 0.000 0.000 0.000 0.000 0.000 0.000 0.000 0.000 0.000 0.000 0.000 0.000 0.000 0.000 0.000 0.000 0.000 0.000 0.000 0.000 0.000 0.000 0.000 0.000 0.000 0.000 0.000 0.000 0.000 0.000 0.000 0.000 0.000 0.000 0.000 0.000 0.000 0.000 0.000 0.000 0.000 0.000 0.003 0.001 0.010 0.003 0.004
0.000 0.000 0.000 0.000 0.000 0.000 0.000 0.000 0.000 0.000 0.000 0.000 0.000 0.000 0.000 0.000 0.000 0.000 0.000 0.000 0.000 0.000 0.000 0.000 0.000 0.000 0.000 0.000 0.000 0.000 0.000 0.000 0.000 0.000 0.000 0.000 0.000 0.000 0.000 0.000 0.000 0.000 0.000 0.000 0.000 0.000 0.000 0.000 0.000 0.000 0.000 0.000 0.000 0.000 0.000 0.000 0.000 0.000 0.000 0.000 0.000 0.000 0.000 0.000 0.000 0.000 0.000 0.000 0.000 0.000 0.000 0.000 0.000 0.000 0.003 0.004 0.007
