hx_30m/njhx/rain/result-0048.wd
ncols         211
nrows         286
xllcorner     660279.582600
yllcorner     3541874.325092
cellsize      30.000000
NODATA_value  -9999.000000
[rows 170 to 203 of 286, columns 77 to 153 of 211]
0.010 0.001 0.006 0.002 0.206 0.097 0.001 0.001 0.002 0.002 0.002 0.005 0.010 0.010 0.010 0.005 0.003 0.010 0.010 0.010 0.002 0.001 0.000 0.000 0.001 0.000 0.010 0.003 0.010 0.006 0.005 0.001 0.001 0.010 0.002 0.001 0.005 0.001 0.001 0.002 0.010 0.118 0.196 0.010 0.000 0.000 0.000 0.000 0.001 0.000 0.001 0.001 0.000 0.002 0.001 0.003 0.000 0.000 0.002 0.001 0.032 0.000 0.000 0.000 0.005 0.000 0.000 0.000 0.000 0.000 0.000 0.001 0.010 0.010 0.021 0.000 0.010
0.010 0.001 0.003 0.010 0.107 0.002 0.001 0.001 0.001 0.000 0.010 0.001 0.001 0.001 0.001 0.002 0.010 0.005 0.000 0.000 0.001 0.002 0.000 0.000 0.001 0.000 0.010 0.000 0.000 0.006 0.003 0.005 0.003 0.010 0.010 0.000 0.005 0.005 0.010 0.001 0.005 0.003 0.001 0.000 0.000 0.000 0.000 0.000 0.003 0.010 0.001 0.001 0.005 0.000 0.000 0.009 0.000 0.002 0.000 0.000 0.010 0.000 0.000 0.001 0.000 0.000 0.000 0.000 0.000 0.001 0.000 0.001 0.005 0.010 0.000 0.001 0.004
0.003 0.002 0.005 0.002 0.010 0.086 0.003 0.001 0.001 0.000 0.000 0.000 0.003 0.002 0.000 0.001 0.003 0.065 0.010 0.010 0.002 0.002 0.000 0.001 0.005 0.005 0.010 0.000 0.060 0.010 0.000 0.000 0.001 0.010 0.006 0.000 0.001 0.001 0.003 0.001 0.001 0.000 0.001 0.000 0.000 0.000 0.000 0.001 0.004 0.012 0.001 0.001 0.000 0.000 0.000 0.000 0.002 0.010 0.005 0.002 0.010 0.000 0.000 0.000 0.001 0.001 0.002 0.000 0.000 0.000 0.000 0.001 0.001 0.000 0.000 0.099 0.233
0.046 0.005 0.002 0.005 0.023 0.010 0.001 0.010 0.002 0.001 0.001 0.005 0.002 0.001 0.003 0.001 0.000 0.000 0.000 0.000 0.001 0.001 0.001 0.002 0.005 0.001 0.005 0.000 0.010 0.010 0.001 0.001 0.000 0.001 0.000 0.001 0.003 0.003 0.002 0.002 0.002 0.001 0.000 0.001 0.001 0.003 0.000 0.000 0.001 0.000 0.001 0.000 0.003 0.010 0.000 0.000 0.004 0.000 0.004 0.000 0.010 0.005 0.001 0.000 0.000 0.000 0.002 0.001 0.003 0.001 0.000 0.001 0.001 0.001 0.000 0.010 0.000
0.000 0.010 0.010 0.006 0.003 0.004 0.001 0.039 0.002 0.004 0.001 0.002 0.038 0.001 0.001 0.001 0.002 0.005 0.001 0.005 0.001 0.002 0.001 0.001 0.001 0.000 0.000 0.000 0.000 0.000 0.001 0.000 0.000 0.001 0.010 0.010 0.003 0.003 0.001 0.003 0.001 0.000 0.000 0.002 0.000 0.000 0.000 0.001 0.000 0.000 0.002 0.000 0.001 0.010 0.001 0.000 0.001 0.000 0.001 0.001 0.003 0.002 0.000 0.005 0.001 0.001 0.001 0.000 0.000 0.002 0.000 0.000 0.001 0.151 0.012 0.011 0.000
0.028 0.000 0.010 0.010 0.003 0.001 0.001 0.001 0.003 0.003 0.002 0.003 0.005 0.001 0.003 0.003 0.005 0.013 0.003 0.029 0.005 0.003 0.002 0.002 0.002 0.003 0.001 0.001 0.002 0.005 0.002 0.000 0.001 0.001 0.010 0.003 0.000 0.005 0.001 0.010 0.005 0.000 0.000 0.010 0.001 0.000 0.000 0.000 0.000 0.000 0.001 0.010 0.001 0.001 0.000 0.000 0.000 0.001 0.001 0.002 0.003 0.000 0.000 0.001 0.002 0.005 0.001 0.002 0.000 0.000 0.000 0.000 0.010 0.158 0.002 0.007 0.000
0.000 0.044 0.010 0.010 0.001 0.000 0.001 0.001 0.000 0.001 0.000 0.001 0.002 0.001 0.001 0.001 0.000 0.001 0.001 0.002 0.001 0.001 0.001 0.002 0.002 0.001 0.011 0.002 0.003 0.002 0.008 0.002 0.002 0.001 0.001 0.001 0.001 0.000 0.001 0.003 0.005 0.010 0.010 0.010 0.000 0.000 0.000 0.000 0.000 0.001 0.001 0.000 0.001 0.000 0.000 0.000 0.002 0.001 0.003 0.003 0.000 0.000 0.002 0.001 0.001 0.001 0.001 0.000 0.000 0.000 0.001 0.003 0.543 0.000 0.000 0.010 0.000
0.010 0.010 0.023 0.010 0.000 0.000 0.003 0.005 0.005 0.005 0.001 0.001 0.000 0.000 0.000 0.001 0.001 0.001 0.001 0.002 0.003 0.001 0.000 0.003 0.010 0.003 0.003 0.003 0.003 0.002 0.002 0.002 0.001 0.001 0.001 0.001 0.001 0.002 0.001 0.003 0.003 0.018 0.001 0.001 0.001 0.003 0.003 0.001 0.002 0.008 0.005 0.002 0.001 0.001 0.000 0.001 0.010 0.001 0.000 0.001 0.001 0.011 0.003 0.010 0.000 0.001 0.001 0.001 0.000 0.000 0.000 0.001 0.000 0.001 0.229 0.000 0.000
0.010 0.010 0.005 0.001 0.001 0.001 0.001 0.001 0.001 0.002 0.003 0.001 0.001 0.000 0.001 0.001 0.001 0.001 0.001 0.000 0.010 0.005 0.003 0.002 0.005 0.001 0.005 0.000 0.001 0.000 0.000 0.000 0.003 0.003 0.001 0.001 0.001 0.005 0.002 0.005 0.001 0.005 0.005 0.003 0.003 0.003 0.001 0.001 0.002 0.001 0.002 0.001 0.001 0.002 0.001 0.001 0.005 0.001 0.000 0.000 0.002 0.000 0.010 0.010 0.010 0.003 0.005 0.000 0.000 0.001 0.001 0.000 0.000 0.001 0.000 0.000 0.010
0.010 0.002 0.005 0.001 0.001 0.005 0.005 0.002 0.001 0.003 0.000 0.000 0.001 0.001 0.000 0.001 0.003 0.010 0.031 0.003 0.001 0.001 0.003 0.010 0.084 0.031 0.010 0.005 0.005 0.005 0.003 0.010 0.005 0.003 0.000 0.000 0.000 0.001 0.001 0.010 0.004 0.010 0.086 0.037 0.010 0.010 0.010 0.033 0.010 0.011 0.010 0.001 0.002 0.000 0.002 0.001 0.000 0.001 0.005 0.010 0.004 0.001 0.008 0.001 0.003 0.005 0.010 0.010 0.000 0.000 0.001 0.000 0.001 0.002 0.000 0.003 0.000
0.010 0.010 0.001 0.000 0.000 0.002 0.003 0.001 0.005 0.003 0.010 0.001 0.001 0.001 0.001 0.001 0.010 0.047 0.113 0.010 0.010 0.001 0.001 0.040 0.000 0.003 0.005 0.001 0.010 0.000 0.003 0.009 0.005 0.001 0.000 0.000 0.000 0.001 0.002 0.010 0.004 0.010 0.010 0.010 0.010 0.010 0.137 0.141 0.010 0.003 0.010 0.001 0.001 0.000 0.003 0.000 0.001 0.000 0.000 0.001 0.001 0.011 0.001 0.001 0.002 0.002 0.002 0.002 0.005 0.003 0.001 0.000 0.000 0.000 0.001 0.000 0.000
0.010 0.002 0.001 0.001 0.010 0.002 0.005 0.001 0.001 0.001 0.000 0.000 0.001 0.001 0.000 0.003 0.010 0.103 0.010 0.010 0.001 0.001 0.000 0.005 0.010 0.010 0.003 0.010 0.010 0.010 0.006 0.002 0.006 0.000 0.002 0.000 0.001 0.001 0.001 0.001 0.001 0.010 0.010 0.010 0.010 0.010 0.133 0.181 0.010 0.001 0.002 0.000 0.004 0.010 0.001 0.000 0.000 0.000 0.000 0.001 0.000 0.000 0.005 0.000 0.001 0.001 0.001 0.003 0.002 0.003 0.003 0.005 0.000 0.004 0.001 0.000 0.000
0.003 0.005 0.000 0.001 0.001 0.001 0.000 0.002 0.003 0.001 0.001 0.001 0.000 0.000 0.001 0.003 0.010 0.010 0.086 0.079 0.003 0.001 0.005 0.003 0.003 0.005 0.005 0.005 0.133 0.005 0.000 0.005 0.002 0.002 0.010 0.003 0.038 0.003 0.002 0.001 0.001 0.010 0.010 0.022 0.010 0.010 0.010 0.010 0.005 0.001 0.000 0.002 0.000 0.000 0.000 0.000 0.000 0.001 0.000 0.000 0.000 0.001 0.001 0.002 0.002 0.001 0.002 0.010 0.008 0.002 0.003 0.003 0.002 0.003 0.010 0.010 0.000
0.005 0.005 0.005 0.001 0.002 0.000 0.000 0.001 0.001 0.000 0.001 0.010 0.003 0.000 0.003 0.003 0.010 0.093 0.010 0.010 0.002 0.001 0.003 0.010 0.002 0.005 0.000 0.002 0.005 0.002 0.005 0.015 0.010 0.001 0.010 0.005 0.000 0.003 0.002 0.005 0.001 0.010 0.056 0.010 0.010 0.010 0.010 0.010 0.002 0.001 0.000 0.002 0.000 0.000 0.000 0.000 0.001 0.000 0.000 0.001 0.001 0.001 0.000 0.001 0.000 0.000 0.001 0.010 0.005 0.003 0.010 0.002 0.003 0.005 0.004 0.005 0.001
0.001 0.064 0.010 0.010 0.006 0.002 0.001 0.001 0.001 0.000 0.001 0.007 0.003 0.003 0.001 0.002 0.049 0.005 0.010 0.010 0.002 0.001 0.003 0.005 0.002 0.011 0.002 0.001 0.005 0.002 0.010 0.005 0.000 0.001 0.002 0.001 0.000 0.002 0.003 0.002 0.005 0.010 0.010 0.244 0.010 0.010 0.010 0.010 0.010 0.000 0.000 0.000 0.000 0.000 0.001 0.001 0.001 0.001 0.003 0.005 0.000 0.003 0.001 0.000 0.001 0.000 0.000 0.000 0.002 0.001 0.039 0.018 0.002 0.001 0.005 0.005 0.001
0.002 0.010 0.010 0.001 0.002 0.001 0.003 0.000 0.000 0.000 0.001 0.001 0.006 0.010 0.010 0.003 0.000 0.000 0.010 0.000 0.001 0.001 0.001 0.001 0.001 0.003 0.000 0.010 0.000 0.002 0.005 0.008 0.003 0.001 0.010 0.010 0.002 0.005 0.010 0.002 0.000 0.010 0.344 0.042 0.010 0.010 0.029 0.010 0.002 0.010 0.005 0.001 0.001 0.005 0.005 0.010 0.000 0.000 0.003 0.010 0.003 0.010 0.001 0.002 0.000 0.001 0.000 0.000 0.001 0.001 0.001 0.004 0.005 0.010 0.010 0.002 0.001
0.010 0.006 0.002 0.001 0.001 0.003 0.001 0.000 0.001 0.010 0.020 0.002 0.010 0.004 0.000 0.000 0.003 0.000 0.052 0.000 0.001 0.003 0.001 0.000 0.000 0.001 0.000 0.001 0.001 0.001 0.001 0.000 0.005 0.001 0.002 0.001 0.001 0.005 0.002 0.002 0.934 0.010 0.333 0.078 0.010 0.273 0.010 0.010 0.002 0.000 0.005 0.005 0.005 0.000 0.002 0.010 0.011 0.010 0.003 0.005 0.000 0.005 0.002 0.000 0.010 0.004 0.000 0.000 0.001 0.005 0.003 0.000 0.000 0.000 0.001 0.001 0.000
0.002 0.013 0.002 0.003 0.001 0.001 0.001 0.001 0.001 0.010 0.001 0.008 0.000 0.000 0.001 0.000 0.001 0.000 0.000 0.000 0.010 0.010 0.002 0.001 0.000 0.000 0.000 0.001 0.001 0.000 0.000 0.001 0.001 0.000 0.001 0.001 0.005 0.161 0.002 0.001 0.881 0.000 0.734 0.169 0.010 0.035 0.010 0.010 0.003 0.000 0.010 0.003 0.005 0.006 0.024 0.040 0.003 0.010 0.010 0.002 0.003 0.003 0.004 0.000 0.000 0.000 0.002 0.000 0.001 0.001 0.000 0.000 0.000 0.000 0.021 0.000 0.001
0.002 0.029 0.001 0.002 0.001 0.002 0.002 0.010 0.010 0.010 0.007 0.000 0.000 0.000 0.000 0.001 0.000 0.000 0.000 0.000 0.001 0.010 0.001 0.000 0.000 0.000 0.000 0.000 0.000 0.000 0.002 0.002 0.005 0.005 0.001 0.001 0.001 0.205 0.330 0.512 0.017 0.010 0.035 0.000 0.017 0.010 0.014 0.010 0.010 0.010 0.003 0.010 0.005 0.000 0.000 0.005 0.010 0.005 0.005 0.070 0.003 0.002 0.003 0.001 0.000 0.000 0.000 0.001 0.000 0.000 0.000 0.000 0.000 0.000 0.000 0.000 0.000
0.001 0.000 0.001 0.000 0.001 0.001 0.006 0.007 0.010 0.010 0.006 0.000 0.000 0.000 0.001 0.010 0.000 0.000 0.010 0.010 0.000 0.082 0.010 0.000 0.000 0.000 0.000 0.000 0.000 0.006 0.015 0.001 0.002 0.060 0.002 0.000 0.000 0.002 0.001 0.001 0.130 0.005 0.000 0.010 0.853 0.000 0.497 0.003 0.005 0.010 0.011 0.000 0.002 0.003 0.002 0.002 0.005 0.003 0.004 0.003 0.005 0.000 0.000 0.002 0.000 0.001 0.000 0.001 0.000 0.000 0.000 0.000 0.000 0.000 0.000 0.001 0.001
0.002 0.002 0.003 0.003 0.001 0.002 0.004 0.176 0.011 0.010 0.001 0.001 0.000 0.000 0.002 0.002 0.000 0.000 0.000 0.005 0.002 0.001 0.000 0.001 0.000 0.000 0.001 0.001 0.000 0.001 0.000 0.002 0.003 0.003 0.001 0.001 0.002 0.001 0.048 0.010 0.010 0.010 0.001 0.003 0.000 0.000 0.611 0.000 0.010 0.010 0.005 0.001 0.000 0.010 0.005 0.016 0.000 0.002 0.001 0.000 0.000 0.005 0.010 0.055 0.000 0.000 0.001 0.001 0.002 0.000 0.000 0.000 0.010 0.001 0.000 0.008 0.010
0.001 0.001 0.002 0.010 0.058 0.002 0.047 0.010 0.010 0.010 0.001 0.000 0.000 0.002 0.002 0.003 0.010 0.059 0.000 0.000 0.002 0.000 0.001 0.000 0.000 0.000 0.002 0.001 0.003 0.010 0.010 0.010 0.002 0.001 0.002 0.000 0.001 0.002 0.001 0.010 0.010 0.000 0.010 0.005 0.003 0.003 0.005 0.002 0.083 0.000 0.010 0.010 0.075 0.010 0.010 0.001 0.001 0.001 0.008 0.002 0.001 0.002 0.002 0.019 0.010 0.000 0.005 0.000 0.000 0.000 0.001 0.001 0.010 0.002 0.002 0.002 0.008
0.001 0.003 0.003 0.002 0.001 0.001 0.001 0.003 0.030 0.010 0.010 0.016 0.050 0.000 0.010 0.010 0.001 0.006 0.010 0.000 0.010 0.002 0.000 0.000 0.000 0.000 0.001 0.003 0.010 0.010 0.002 0.001 0.003 0.002 0.001 0.000 0.002 0.001 0.057 0.010 0.010 0.000 0.000 0.010 0.003 0.001 0.001 0.001 0.000 0.010 0.130 0.000 0.010 0.010 0.010 0.023 0.010 0.002 0.000 0.000 0.001 0.001 0.010 0.005 0.002 0.002 0.001 0.003 0.000 0.000 0.000 0.009 0.001 0.001 0.000 0.020 0.002
0.002 0.001 0.001 0.003 0.002 0.001 0.002 0.006 0.010 0.010 0.010 0.050 0.000 0.001 0.034 0.004 0.000 0.001 0.000 0.001 0.003 0.010 0.003 0.003 0.000 0.001 0.002 0.010 0.034 0.010 0.000 0.001 0.000 0.001 0.000 0.000 0.002 0.002 0.002 0.002 0.000 0.000 0.000 0.010 0.000 0.010 0.003 0.005 0.007 0.002 0.010 0.010 0.124 0.000 0.010 0.010 0.010 0.003 0.000 0.000 0.000 0.008 0.010 0.001 0.003 0.001 0.001 0.000 0.000 0.001 0.001 0.000 0.001 0.010 0.010 0.002 0.039
0.003 0.003 0.003 0.002 0.002 0.003 0.003 0.003 0.007 0.010 0.041 0.066 0.000 0.000 0.001 0.002 0.001 0.002 0.001 0.002 0.003 0.001 0.001 0.003 0.001 0.001 0.003 0.010 0.010 0.001 0.003 0.001 0.000 0.001 0.000 0.001 0.002 0.001 0.001 0.003 0.010 0.010 0.010 0.000 0.000 0.000 0.001 0.002 0.001 0.002 0.001 0.007 0.010 0.010 0.205 0.000 0.159 0.010 0.010 0.003 0.000 0.010 0.042 0.016 0.002 0.005 0.001 0.000 0.000 0.000 0.000 0.000 0.000 0.010 0.005 0.002 0.010
0.003 0.003 0.002 0.001 0.002 0.002 0.003 0.006 0.001 0.063 0.160 0.000 0.000 0.000 0.000 0.001 0.002 0.001 0.002 0.002 0.005 0.001 0.000 0.002 0.001 0.001 0.000 0.000 0.000 0.000 0.001 0.001 0.001 0.000 0.000 0.001 0.002 0.005 0.000 0.005 0.000 0.000 0.010 0.010 0.010 0.010 0.001 0.001 0.063 0.010 0.010 0.010 0.008 0.001 0.010 0.010 0.010 0.000 0.129 0.010 0.005 0.010 0.010 0.010 0.010 0.001 0.000 0.000 0.000 0.000 0.000 0.000 0.000 0.001 0.001 0.003 0.010
0.001 0.003 0.002 0.010 0.003 0.003 0.001 0.003 0.002 0.001 0.074 0.001 0.002 0.000 0.001 0.000 0.005 0.000 0.000 0.010 0.009 0.000 0.001 0.001 0.005 0.000 0.000 0.000 0.000 0.000 0.000 0.002 0.000 0.003 0.005 0.010 0.093 0.010 0.000 0.002 0.000 0.000 0.066 0.000 0.010 0.001 0.016 0.002 0.001 0.013 0.128 0.000 0.002 0.001 0.002 0.005 0.010 0.010 0.010 0.000 0.265 0.010 0.010 0.080 0.002 0.001 0.000 0.000 0.000 0.000 0.000 0.000 0.000 0.001 0.000 0.010 0.000
0.002 0.006 0.003 0.000 0.002 0.004 0.010 0.010 0.047 0.000 0.066 0.003 0.003 0.001 0.001 0.001 0.002 0.002 0.005 0.003 0.003 0.000 0.000 0.001 0.000 0.001 0.000 0.001 0.000 0.000 0.000 0.000 0.003 0.005 0.010 0.001 0.001 0.001 0.001 0.002 0.010 0.010 0.000 0.000 0.000 0.003 0.010 0.003 0.001 0.005 0.049 0.036 0.000 0.000 0.000 0.002 0.001 0.008 0.010 0.010 0.010 0.000 0.464 0.010 0.001 0.000 0.005 0.000 0.000 0.000 0.000 0.000 0.000 0.001 0.001 0.000 0.000
0.010 0.010 0.010 0.010 0.006 0.001 0.006 0.000 0.000 0.074 0.002 0.000 0.010 0.001 0.000 0.003 0.001 0.003 0.001 0.001 0.005 0.002 0.001 0.002 0.000 0.004 0.000 0.000 0.000 0.000 0.002 0.010 0.005 0.107 0.005 0.001 0.002 0.002 0.001 0.001 0.000 0.010 0.010 0.010 0.010 0.001 0.003 0.000 0.000 0.003 0.010 0.005 0.010 0.001 0.005 0.005 0.001 0.001 0.002 0.004 0.010 0.010 0.010 0.000 0.000 0.034 0.000 0.001 0.000 0.000 0.000 0.000 0.000 0.003 0.000 0.000 0.000
0.010 0.010 0.010 0.000 0.002 0.014 0.000 0.062 0.010 0.000 0.000 0.001 0.001 0.000 0.000 0.010 0.000 0.000 0.000 0.001 0.001 0.000 0.005 0.002 0.002 0.003 0.002 0.005 0.000 0.000 0.003 0.010 0.010 0.002 0.005 0.001 0.005 0.002 0.005 0.051 0.000 0.048 0.000 0.000 0.005 0.003 0.035 0.010 0.005 0.010 0.000 0.010 0.001 0.000 0.005 0.004 0.002 0.000 0.003 0.002 0.004 0.002 0.005 0.001 0.007 0.000 0.010 0.002 0.000 0.000 0.000 0.000 0.000 0.000 0.080 0.000 0.000
0.010 0.002 0.000 0.003 0.007 0.000 0.009 0.005 0.000 0.001 0.003 0.000 0.000 0.001 0.000 0.000 0.002 0.000 0.000 0.003 0.001 0.000 0.000 0.000 0.002 0.003 0.001 0.001 0.005 0.003 0.010 0.003 0.010 0.001 0.002 0.002 0.005 0.002 0.005 0.010 0.000 0.000 0.000 0.000 0.001 0.001 0.012 0.010 0.001 0.003 0.001 0.001 0.009 0.001 0.010 0.000 0.060 0.001 0.003 0.000 0.001 0.002 0.002 0.000 0.000 0.001 0.005 0.000 0.357 0.010 0.000 0.000 0.000 0.000 0.001 0.001 0.002
0.001 0.002 0.002 0.000 0.010 0.004 0.010 0.000 0.000 0.000 0.000 0.001 0.002 0.000 0.000 0.001 0.000 0.000 0.001 0.001 0.000 0.002 0.000 0.002 0.001 0.001 0.003 0.009 0.010 0.001 0.005 0.002 0.005 0.001 0.001 0.002 0.005 0.002 0.003 0.010 0.010 0.002 0.000 0.005 0.005 0.002 0.017 0.093 0.070 0.000 0.001 0.000 0.000 0.000 0.000 0.001 0.001 0.000 0.003 0.002 0.000 0.001 0.001 0.002 0.001 0.001 0.002 0.001 0.010 0.000 0.000 0.014 0.001 0.010 0.000 0.000 0.000
0.007 0.178 0.000 0.010 0.006 0.010 0.010 0.000 0.001 0.001 0.002 0.057 0.010 0.010 0.001 0.006 0.000 0.000 0.000 0.006 0.001 0.000 0.000 0.001 0.001 0.002 0.001 0.010 0.005 0.000 0.000 0.014 0.002 0.003 0.010 0.003 0.005 0.002 0.001 0.002 0.001 0.001 0.002 0.004 0.008 0.000 0.000 0.062 0.034 0.002 0.001 0.000 0.000 0.000 0.000 0.000 0.001 0.008 0.003 0.002 0.002 0.001 0.078 0.010 0.000 0.004 0.001 0.003 0.003 0.001 0.001 0.000 0.000 0.001 0.000 0.000 0.010
0.000 0.010 0.010 0.001 0.010 0.010 0.001 0.000 0.000 0.000 0.002 0.069 0.010 0.010 0.001 0.000 0.000 0.000 0.001 0.003 0.000 0.000 0.000 0.000 0.001 0.000 0.001 0.110 0.010 0.010 0.002 0.001 0.000 0.003 0.002 0.011 0.003 0.002 0.001 0.001 0.001 0.001 0.000 0.001 0.002 0.002 0.003 0.002 0.000 0.001 0.000 0.000 0.000 0.000 0.010 0.001 0.001 0.001 0.010 0.009 0.002 0.000 0.010 0.000 0.000 0.000 0.001 0.001 0.001 0.000 0.000 0.001 0.002 0.000 0.000 0.001 0.000
