hx_30m/njhx/rain/result-0032.wd
ncols         211
nrows         286
xllcorner     660279.582600
yllcorner     3541874.325092
cellsize      30.000000
NODATA_value  -9999.000000
[rows 102 to 135 of 286, columns 77 to 153 of 211]
0.000 0.057 0.010 0.006 0.009 0.006 0.004 0.002 0.002 0.003 0.008 0.006 0.004 0.000 0.003 0.002 0.000 0.009 0.030 0.006 0.010 0.047 0.144 0.010 0.010 0.010 0.018 0.004 0.007 0.007 0.000 0.000 0.000 0.005 0.039 0.000 0.005 0.005 0.007 0.003 0.006 0.003 0.010 0.025 0.000 0.005 0.006 0.004 0.000 0.004 0.010 0.010 0.010 0.000 0.072 0.000 0.000 0.007 0.008 0.003 0.000 0.000 0.000 0.009 0.003 0.005 0.004 0.002 0.003 0.009 0.005 0.003 0.000 0.005 0.008 0.010 0.000
0.010 0.010 0.007 0.005 0.008 0.002 0.001 0.002 0.002 0.010 0.007 0.003 0.000 0.002 0.002 0.007 0.006 0.006 0.007 0.010 0.027 0.010 0.010 0.010 0.010 0.010 0.010 0.003 0.003 0.004 0.000 0.000 0.000 0.010 0.012 0.000 0.004 0.003 0.004 0.002 0.008 0.009 0.083 0.000 0.000 0.000 0.003 0.005 0.003 0.004 0.019 0.008 0.009 0.000 0.000 0.000 0.000 0.004 0.006 0.004 0.000 0.000 0.000 0.004 0.008 0.003 0.004 0.002 0.003 0.003 0.000 0.004 0.005 0.004 0.003 0.007 0.000
0.010 0.010 0.007 0.006 0.010 0.004 0.005 0.004 0.002 0.003 0.010 0.006 0.000 0.003 0.003 0.003 0.003 0.003 0.002 0.005 0.010 0.022 0.010 0.010 0.010 0.010 0.010 0.009 0.005 0.006 0.010 0.007 0.006 0.010 0.004 0.007 0.007 0.007 0.006 0.004 0.000 0.018 0.000 0.000 0.000 0.005 0.003 0.000 0.000 0.000 0.004 0.016 0.004 0.002 0.013 0.043 0.010 0.039 0.007 0.005 0.003 0.010 0.010 0.005 0.003 0.003 0.007 0.005 0.008 0.010 0.010 0.000 0.000 0.004 0.008 0.010 0.009
0.010 0.010 0.007 0.008 0.008 0.029 0.008 0.003 0.003 0.002 0.010 0.004 0.000 0.003 0.003 0.002 0.004 0.006 0.006 0.003 0.096 0.108 0.010 0.010 0.010 0.010 0.010 0.166 0.010 0.010 0.010 0.010 0.010 0.010 0.145 0.010 0.007 0.007 0.005 0.004 0.000 0.142 0.010 0.004 0.004 0.003 0.003 0.004 0.000 0.003 0.002 0.007 0.002 0.003 0.003 0.005 0.006 0.000 0.004 0.002 0.003 0.000 0.000 0.005 0.004 0.004 0.005 0.007 0.000 0.007 0.000 0.000 0.000 0.010 0.010 0.010 0.010
0.010 0.010 0.005 0.008 0.007 0.000 0.002 0.003 0.000 0.002 0.000 0.003 0.000 0.002 0.003 0.002 0.005 0.003 0.002 0.006 0.010 0.010 0.010 0.010 0.010 0.010 0.010 0.010 0.010 0.010 0.010 0.010 0.010 0.010 0.010 0.010 0.007 0.007 0.005 0.005 0.010 0.010 0.010 0.010 0.010 0.003 0.002 0.005 0.004 0.005 0.004 0.029 0.010 0.000 0.000 0.000 0.000 0.000 0.000 0.002 0.003 0.000 0.000 0.003 0.004 0.035 0.000 0.000 0.038 0.000 0.000 0.004 0.010 0.010 0.000 0.010 0.007
0.010 0.010 0.007 0.008 0.007 0.004 0.000 0.000 0.000 0.002 0.001 0.000 0.001 0.002 0.000 0.000 0.000 0.000 0.004 0.010 0.010 0.023 0.205 0.131 0.010 0.010 0.010 0.010 0.189 0.076 0.010 0.010 0.000 0.146 0.000 0.010 0.007 0.007 0.004 0.010 0.010 0.010 0.010 0.010 0.006 0.000 0.003 0.000 0.003 0.000 0.000 0.010 0.010 0.002 0.003 0.002 0.002 0.004 0.005 0.002 0.003 0.000 0.000 0.000 0.000 0.010 0.000 0.004 0.003 0.003 0.003 0.009 0.005 0.010 0.000 0.000 0.010
0.287 0.030 0.006 0.008 0.011 0.000 0.000 0.000 0.000 0.000 0.002 0.000 0.002 0.002 0.011 0.000 0.002 0.004 0.004 0.008 0.010 0.595 0.010 0.010 0.010 0.010 0.010 0.010 0.010 0.010 0.010 0.010 0.117 0.010 0.024 0.000 0.007 0.263 0.010 0.000 0.010 0.110 0.005 0.005 0.006 0.000 0.005 0.004 0.005 0.003 0.004 0.008 0.010 0.000 0.007 0.007 0.003 0.002 0.003 0.004 0.005 0.004 0.000 0.006 0.000 0.015 0.000 0.004 0.004 0.002 0.006 0.010 0.000 0.000 0.000 0.032 0.009
0.071 0.010 0.004 0.010 0.009 0.010 0.005 0.003 0.002 0.005 0.004 0.004 0.002 0.001 0.006 0.005 0.010 0.006 0.004 0.008 0.006 0.006 0.008 0.010 0.010 0.010 0.007 0.009 0.010 0.035 0.007 0.009 0.005 0.009 0.009 0.010 0.006 0.010 0.005 0.010 0.011 0.010 0.009 0.003 0.008 0.000 0.005 0.000 0.000 0.000 0.000 0.005 0.011 0.000 0.000 0.000 0.004 0.003 0.000 0.000 0.000 0.007 0.003 0.000 0.000 0.003 0.000 0.000 0.004 0.003 0.057 0.010 0.000 0.000 0.000 0.010 0.006
0.010 0.010 0.004 0.010 0.003 0.000 0.000 0.000 0.000 0.004 0.006 0.010 0.006 0.010 0.010 0.047 0.010 0.010 0.010 0.016 0.005 0.006 0.010 0.005 0.047 0.010 0.010 0.012 0.010 0.010 0.006 0.004 0.005 0.005 0.006 0.010 0.003 0.062 0.007 0.010 0.010 0.009 0.004 0.010 0.011 0.005 0.009 0.005 0.007 0.006 0.006 0.005 0.010 0.017 0.010 0.018 0.006 0.006 0.006 0.006 0.005 0.004 0.005 0.002 0.002 0.007 0.005 0.007 0.006 0.006 0.008 0.010 0.009 0.010 0.010 0.010 0.010
0.010 0.007 0.007 0.007 0.005 0.000 0.000 0.002 0.003 0.002 0.017 0.000 0.005 0.010 0.053 0.000 0.000 0.000 0.010 0.010 0.010 0.010 0.010 0.010 0.010 0.009 0.057 0.007 0.009 0.010 0.008 0.003 0.003 0.006 0.005 0.009 0.010 0.052 0.006 0.007 0.008 0.008 0.005 0.006 0.005 0.004 0.004 0.005 0.007 0.004 0.009 0.005 0.005 0.006 0.006 0.010 0.010 0.002 0.007 0.005 0.007 0.010 0.010 0.005 0.006 0.004 0.005 0.005 0.005 0.005 0.004 0.006 0.003 0.003 0.005 0.031 0.010
0.010 0.007 0.007 0.007 0.003 0.000 0.003 0.003 0.002 0.003 0.010 0.010 0.010 0.048 0.010 0.067 0.002 0.007 0.010 0.003 0.004 0.004 0.002 0.002 0.005 0.010 0.010 0.010 0.010 0.010 0.007 0.000 0.018 0.001 0.000 0.000 0.005 0.273 0.007 0.010 0.000 0.000 0.010 0.010 0.010 0.004 0.005 0.006 0.010 0.010 0.010 0.007 0.043 0.010 0.140 0.010 0.006 0.004 0.003 0.004 0.004 0.004 0.010 0.004 0.000 0.005 0.002 0.000 0.005 0.010 0.010 0.003 0.003 0.000 0.000 0.000 0.015
0.010 0.005 0.010 0.006 0.002 0.002 0.006 0.006 0.003 0.003 0.010 0.007 0.066 0.053 0.010 0.004 0.003 0.004 0.040 0.010 0.010 0.056 0.010 0.002 0.005 0.010 0.014 0.010 0.010 0.010 0.080 0.002 0.010 0.001 0.005 0.000 0.005 0.010 0.010 0.010 0.010 0.010 0.103 0.010 0.010 0.004 0.000 0.003 0.010 0.010 0.010 0.005 0.000 0.010 0.010 0.010 0.004 0.005 0.004 0.002 0.002 0.006 0.000 0.002 0.006 0.007 0.005 0.010 0.010 0.010 0.031 0.005 0.003 0.000 0.000 0.000 0.006
0.008 0.006 0.010 0.005 0.003 0.010 0.003 0.003 0.003 0.005 0.038 0.010 0.010 0.000 0.014 0.002 0.010 0.007 0.004 0.005 0.002 0.002 0.002 0.002 0.007 0.005 0.010 0.010 0.058 0.010 0.005 0.010 0.010 0.002 0.001 0.000 0.002 0.010 0.008 0.005 0.005 0.002 0.002 0.002 0.004 0.083 0.000 0.002 0.010 0.007 0.005 0.020 0.010 0.007 0.006 0.010 0.000 0.002 0.002 0.002 0.003 0.003 0.002 0.000 0.000 0.005 0.003 0.000 0.010 0.049 0.010 0.000 0.003 0.022 0.000 0.000 0.008
0.005 0.007 0.007 0.004 0.003 0.010 0.010 0.007 0.003 0.005 0.010 0.000 0.000 0.000 0.000 0.000 0.005 0.002 0.043 0.003 0.005 0.004 0.002 0.002 0.005 0.007 0.010 0.010 0.010 0.034 0.004 0.010 0.010 0.002 0.002 0.000 0.004 0.067 0.004 0.005 0.010 0.006 0.000 0.000 0.005 0.288 0.000 0.003 0.010 0.015 0.000 0.005 0.008 0.000 0.009 0.009 0.006 0.007 0.010 0.010 0.007 0.002 0.003 0.000 0.005 0.006 0.000 0.004 0.005 0.003 0.007 0.006 0.000 0.000 0.000 0.000 0.006
0.007 0.007 0.006 0.000 0.000 0.011 0.000 0.000 0.000 0.000 0.069 0.000 0.007 0.007 0.005 0.000 0.000 0.005 0.005 0.000 0.000 0.000 0.000 0.000 0.004 0.047 0.010 0.010 0.010 0.008 0.007 0.010 0.020 0.004 0.002 0.008 0.005 0.008 0.004 0.010 0.009 0.006 0.000 0.000 0.010 0.010 0.004 0.005 0.005 0.003 0.000 0.002 0.003 0.000 0.002 0.002 0.007 0.009 0.008 0.010 0.007 0.000 0.000 0.005 0.005 0.010 0.000 0.000 0.002 0.003 0.007 0.009 0.002 0.000 0.004 0.000 0.003
0.004 0.010 0.005 0.006 0.003 0.003 0.000 0.000 0.000 0.000 0.089 0.000 0.005 0.005 0.005 0.000 0.019 0.000 0.003 0.001 0.000 0.000 0.000 0.000 0.005 0.004 0.005 0.015 0.008 0.008 0.000 0.000 0.010 0.010 0.004 0.007 0.006 0.010 0.004 0.007 0.008 0.007 0.000 0.000 0.007 0.004 0.005 0.002 0.007 0.000 0.000 0.006 0.000 0.000 0.007 0.000 0.004 0.007 0.008 0.010 0.003 0.002 0.000 0.000 0.007 0.107 0.000 0.029 0.058 0.000 0.005 0.010 0.006 0.007 0.010 0.000 0.000
0.007 0.010 0.012 0.008 0.004 0.000 0.005 0.000 0.000 0.005 0.236 0.000 0.000 0.000 0.130 0.000 0.295 0.000 0.001 0.000 0.000 0.000 0.000 0.001 0.004 0.005 0.000 0.002 0.008 0.010 0.000 0.010 0.001 0.010 0.043 0.000 0.003 0.010 0.007 0.010 0.010 0.010 0.000 0.000 0.002 0.008 0.017 0.007 0.008 0.005 0.006 0.010 0.000 0.000 0.000 0.002 0.000 0.001 0.003 0.003 0.003 0.003 0.000 0.002 0.004 0.141 0.151 0.010 0.010 0.010 0.112 0.218 0.050 0.246 0.000 0.005 0.010
0.007 0.007 0.000 0.000 0.000 0.003 0.002 0.005 0.007 0.003 0.419 0.083 0.053 0.013 0.077 0.367 0.153 0.003 0.008 0.007 0.009 0.006 0.003 0.002 0.005 0.005 0.013 0.004 0.005 0.005 0.025 0.215 0.331 0.436 0.017 0.000 0.007 0.010 0.005 0.005 0.008 0.010 0.000 0.000 0.063 0.007 0.000 0.008 0.005 0.010 0.010 0.007 0.003 0.005 0.000 0.004 0.004 0.001 0.004 0.003 0.004 0.003 0.002 0.002 0.005 0.063 0.131 0.000 0.000 0.000 0.010 0.037 0.054 0.066 0.008 0.008 0.038
0.010 0.006 0.009 0.007 0.005 0.004 0.000 0.002 0.004 0.000 0.382 0.008 0.586 0.010 0.173 0.320 0.142 0.101 0.007 0.010 0.010 0.010 0.007 0.005 0.007 0.008 0.010 0.003 0.007 0.007 0.111 0.464 0.437 0.365 0.033 0.000 0.010 0.010 0.010 0.004 0.004 0.008 0.016 0.003 0.004 0.004 0.002 0.004 0.005 0.003 0.008 0.003 0.002 0.000 0.000 0.003 0.003 0.003 0.003 0.004 0.002 0.000 0.001 0.002 0.005 0.126 0.082 0.003 0.000 0.000 0.010 0.024 0.061 0.068 0.004 0.010 0.000
0.010 0.007 0.003 0.004 0.003 0.003 0.009 0.003 0.000 0.000 0.452 0.008 0.010 0.010 0.010 0.010 0.302 0.152 0.008 0.010 0.010 0.000 0.007 0.008 0.000 0.008 0.000 0.002 0.000 0.000 0.010 0.482 0.460 0.068 0.004 0.000 0.035 0.008 0.010 0.000 0.000 0.007 0.010 0.012 0.002 0.004 0.005 0.005 0.004 0.004 0.005 0.003 0.005 0.003 0.002 0.003 0.003 0.002 0.005 0.003 0.000 0.004 0.002 0.002 0.010 0.000 0.010 0.010 0.000 0.000 0.021 0.010 0.028 0.010 0.005 0.004 0.000
0.005 0.006 0.005 0.005 0.000 0.000 0.004 0.010 0.010 0.010 0.335 0.010 0.008 0.010 0.010 0.010 0.124 0.092 0.005 0.000 0.000 0.010 0.007 0.006 0.000 0.007 0.000 0.008 0.000 0.000 0.004 0.204 0.393 0.004 0.003 0.004 0.009 0.005 0.008 0.000 0.005 0.007 0.004 0.006 0.003 0.003 0.005 0.004 0.007 0.002 0.005 0.004 0.007 0.005 0.035 0.005 0.010 0.002 0.001 0.001 0.001 0.003 0.003 0.003 0.007 0.024 0.007 0.008 0.045 0.000 0.274 0.037 0.099 0.049 0.380 0.002 0.000
0.006 0.007 0.003 0.005 0.002 0.005 0.003 0.006 0.007 0.007 0.026 0.010 0.010 0.010 0.010 0.005 0.010 0.010 0.004 0.005 0.005 0.010 0.009 0.004 0.005 0.008 0.005 0.147 0.059 0.041 0.024 0.033 0.015 0.005 0.004 0.046 0.007 0.009 0.010 0.000 0.010 0.010 0.007 0.002 0.002 0.005 0.005 0.005 0.007 0.008 0.010 0.004 0.010 0.010 0.010 0.000 0.000 0.002 0.001 0.001 0.002 0.003 0.008 0.005 0.003 0.000 0.000 0.000 0.000 0.000 0.000 0.000 0.010 0.005 0.000 0.005 0.000
0.004 0.002 0.003 0.002 0.002 0.002 0.002 0.006 0.006 0.000 0.282 0.000 0.010 0.000 0.010 0.000 0.000 0.012 0.000 0.000 0.000 0.000 0.027 0.065 0.061 0.043 0.068 0.000 0.000 0.000 0.000 0.053 0.008 0.010 0.005 0.370 0.008 0.008 0.005 0.000 0.008 0.010 0.004 0.002 0.002 0.001 0.000 0.005 0.024 0.010 0.005 0.003 0.009 0.000 0.000 0.000 0.000 0.003 0.002 0.001 0.002 0.000 0.000 0.006 0.004 0.000 0.001 0.000 0.002 0.003 0.002 0.002 0.003 0.000 0.000 0.008 0.000
0.008 0.002 0.004 0.004 0.005 0.002 0.004 0.005 0.006 0.000 0.328 0.000 0.023 0.000 0.036 0.004 0.004 0.061 0.000 0.000 0.001 0.000 0.030 0.020 0.119 0.107 0.004 0.005 0.005 0.007 0.004 0.003 0.047 0.000 0.000 0.056 0.010 0.005 0.000 0.006 0.004 0.010 0.004 0.003 0.002 0.004 0.000 0.000 0.005 0.004 0.008 0.002 0.009 0.010 0.028 0.000 0.000 0.004 0.002 0.001 0.001 0.000 0.002 0.002 0.002 0.000 0.005 0.010 0.007 0.005 0.001 0.002 0.002 0.008 0.000 0.007 0.000
0.009 0.000 0.000 0.000 0.000 0.002 0.000 0.002 0.000 0.000 0.225 0.000 0.000 0.000 0.004 0.010 0.010 0.005 0.005 0.005 0.001 0.000 0.065 0.139 0.099 0.004 0.008 0.030 0.006 0.004 0.004 0.010 0.000 0.001 0.000 0.007 0.007 0.003 0.000 0.004 0.000 0.000 0.008 0.005 0.002 0.003 0.003 0.000 0.000 0.000 0.004 0.003 0.003 0.004 0.003 0.000 0.000 0.001 0.001 0.002 0.001 0.000 0.003 0.000 0.005 0.007 0.007 0.032 0.000 0.005 0.002 0.005 0.001 0.000 0.016 0.005 0.000
0.004 0.007 0.000 0.000 0.000 0.004 0.000 0.000 0.000 0.000 0.227 0.000 0.000 0.001 0.003 0.003 0.000 0.009 0.000 0.006 0.001 0.002 0.042 0.003 0.002 0.002 0.000 0.000 0.002 0.001 0.002 0.004 0.000 0.000 0.000 0.002 0.008 0.004 0.000 0.000 0.000 0.005 0.008 0.007 0.004 0.005 0.005 0.008 0.002 0.003 0.003 0.003 0.003 0.008 0.000 0.000 0.000 0.001 0.001 0.001 0.001 0.000 0.000 0.000 0.003 0.000 0.004 0.010 0.000 0.000 0.002 0.007 0.002 0.002 0.003 0.009 0.005
0.005 0.004 0.008 0.003 0.007 0.003 0.003 0.002 0.000 0.007 0.010 0.018 0.002 0.001 0.002 0.000 0.000 0.003 0.003 0.002 0.001 0.002 0.113 0.000 0.000 0.003 0.000 0.000 0.001 0.002 0.002 0.001 0.001 0.002 0.000 0.004 0.010 0.007 0.000 0.000 0.000 0.002 0.002 0.004 0.006 0.009 0.007 0.010 0.005 0.004 0.002 0.004 0.000 0.000 0.005 0.003 0.001 0.001 0.001 0.000 0.001 0.000 0.000 0.000 0.005 0.000 0.000 0.000 0.000 0.001 0.002 0.001 0.008 0.008 0.005 0.010 0.000
0.007 0.000 0.000 0.004 0.004 0.003 0.002 0.003 0.003 0.007 0.008 0.006 0.003 0.002 0.000 0.004 0.002 0.003 0.003 0.003 0.000 0.000 0.275 0.000 0.000 0.003 0.000 0.000 0.005 0.010 0.005 0.002 0.002 0.002 0.008 0.003 0.008 0.005 0.000 0.001 0.010 0.010 0.001 0.007 0.010 0.009 0.000 0.000 0.000 0.000 0.000 0.004 0.000 0.000 0.003 0.001 0.001 0.001 0.000 0.000 0.003 0.004 0.002 0.000 0.004 0.041 0.000 0.001 0.000 0.001 0.001 0.002 0.000 0.007 0.005 0.003 0.006
0.003 0.006 0.005 0.007 0.008 0.003 0.002 0.003 0.007 0.009 0.005 0.003 0.003 0.006 0.000 0.000 0.000 0.005 0.010 0.010 0.000 0.000 0.346 0.000 0.000 0.000 0.002 0.002 0.002 0.010 0.005 0.000 0.000 0.004 0.000 0.005 0.010 0.008 0.000 0.000 0.007 0.005 0.000 0.000 0.009 0.010 0.004 0.008 0.004 0.004 0.005 0.004 0.008 0.007 0.005 0.008 0.004 0.004 0.000 0.000 0.002 0.000 0.000 0.010 0.005 0.005 0.002 0.000 0.002 0.002 0.004 0.005 0.002 0.001 0.003 0.000 0.005
0.004 0.003 0.008 0.002 0.003 0.006 0.004 0.003 0.005 0.010 0.008 0.010 0.009 0.010 0.010 0.075 0.006 0.003 0.003 0.003 0.000 0.000 0.312 0.004 0.003 0.004 0.002 0.001 0.002 0.010 0.003 0.004 0.002 0.002 0.000 0.002 0.008 0.007 0.007 0.007 0.095 0.003 0.002 0.003 0.006 0.005 0.000 0.000 0.004 0.002 0.004 0.005 0.000 0.000 0.000 0.000 0.004 0.007 0.002 0.002 0.007 0.004 0.003 0.004 0.010 0.002 0.002 0.003 0.003 0.003 0.000 0.000 0.002 0.010 0.046 0.005 0.003
0.000 0.000 0.006 0.000 0.000 0.000 0.003 0.004 0.005 0.010 0.003 0.074 0.000 0.000 0.000 0.000 0.000 0.003 0.000 0.000 0.000 0.000 0.438 0.004 0.004 0.005 0.002 0.002 0.002 0.004 0.001 0.000 0.002 0.007 0.000 0.007 0.010 0.003 0.000 0.001 0.000 0.000 0.000 0.000 0.000 0.005 0.002 0.000 0.001 0.001 0.001 0.007 0.000 0.000 0.000 0.001 0.002 0.001 0.000 0.000 0.000 0.003 0.001 0.005 0.005 0.000 0.001 0.002 0.000 0.004 0.008 0.002 0.000 0.000 0.000 0.018 0.000
0.003 0.004 0.009 0.005 0.003 0.003 0.004 0.006 0.000 0.011 0.007 0.173 0.007 0.007 0.007 0.007 0.010 0.009 0.005 0.007 0.000 0.000 0.272 0.004 0.003 0.002 0.002 0.002 0.001 0.002 0.001 0.002 0.004 0.007 0.000 0.002 0.438 0.004 0.000 0.003 0.010 0.036 0.000 0.000 0.000 0.003 0.004 0.001 0.001 0.001 0.001 0.000 0.005 0.009 0.001 0.001 0.001 0.001 0.003 0.005 0.003 0.000 0.000 0.000 0.005 0.001 0.001 0.053 0.000 0.002 0.003 0.003 0.000 0.000 0.000 0.000 0.000
0.000 0.009 0.000 0.004 0.005 0.003 0.003 0.004 0.000 0.018 0.006 0.010 0.000 0.000 0.010 0.000 0.000 0.006 0.000 0.000 0.007 0.000 0.136 0.005 0.003 0.003 0.003 0.004 0.004 0.004 0.001 0.003 0.010 0.006 0.009 0.007 0.010 0.003 0.010 0.000 0.007 0.000 0.010 0.000 0.000 0.007 0.003 0.008 0.015 0.002 0.001 0.000 0.010 0.005 0.002 0.002 0.003 0.003 0.003 0.000 0.000 0.000 0.000 0.000 0.002 0.037 0.000 0.000 0.009 0.000 0.001 0.003 0.003 0.003 0.000 0.003 0.002
0.007 0.010 0.004 0.004 0.144 0.049 0.007 0.007 0.006 0.007 0.009 0.030 0.010 0.010 0.009 0.009 0.010 0.006 0.000 0.000 0.007 0.005 0.007 0.006 0.005 0.004 0.004 0.005 0.006 0.004 0.002 0.004 0.005 0.003 0.004 0.004 0.010 0.010 0.004 0.004 0.003 0.003 0.002 0.008 0.004 0.005 0.002 0.000 0.000 0.001 0.010 0.000 0.007 0.007 0.000 0.001 0.002 0.000 0.000 0.003 0.000 0.003 0.010 0.000 0.005 0.000 0.010 0.004 0.000 0.000 0.002 0.000 0.008 0.002 0.000 0.000 0.007
