hx_30m/njhx/rain/result-0022.wd
ncols         211
nrows         286
xllcorner     660279.582600
yllcorner     3541874.325092
cellsize      30.000000
NODATA_value  -9999.000000
[rows 102 to 135 of 286, columns 77 to 153 of 211]
0.000 0.033 0.010 0.006 0.009 0.008 0.004 0.002 0.003 0.004 0.009 0.007 0.004 0.000 0.003 0.002 0.000 0.009 0.016 0.007 0.010 0.010 0.070 0.010 0.010 0.010 0.010 0.006 0.009 0.009 0.000 0.000 0.000 0.007 0.008 0.000 0.007 0.007 0.009 0.004 0.008 0.005 0.010 0.020 0.000 0.007 0.007 0.005 0.000 0.005 0.010 0.010 0.007 0.000 0.012 0.000 0.000 0.008 0.009 0.004 0.000 0.000 0.000 0.007 0.003 0.005 0.005 0.003 0.003 0.008 0.004 0.003 0.000 0.005 0.008 0.009 0.000
0.010 0.010 0.008 0.005 0.009 0.003 0.002 0.002 0.003 0.010 0.009 0.003 0.000 0.002 0.003 0.007 0.006 0.006 0.006 0.010 0.026 0.010 0.010 0.010 0.010 0.010 0.010 0.006 0.005 0.006 0.000 0.000 0.000 0.009 0.004 0.000 0.006 0.005 0.006 0.004 0.009 0.010 0.053 0.000 0.000 0.000 0.005 0.007 0.005 0.005 0.007 0.009 0.009 0.000 0.000 0.000 0.000 0.006 0.008 0.005 0.000 0.000 0.000 0.005 0.008 0.004 0.004 0.003 0.003 0.003 0.000 0.004 0.005 0.004 0.003 0.007 0.000
0.010 0.010 0.008 0.006 0.010 0.006 0.005 0.004 0.002 0.005 0.010 0.007 0.000 0.003 0.003 0.003 0.003 0.003 0.003 0.005 0.010 0.010 0.010 0.010 0.010 0.010 0.010 0.009 0.007 0.008 0.010 0.009 0.008 0.009 0.006 0.009 0.009 0.009 0.008 0.005 0.000 0.010 0.000 0.000 0.000 0.007 0.005 0.000 0.000 0.000 0.005 0.014 0.006 0.004 0.012 0.040 0.008 0.006 0.009 0.006 0.005 0.010 0.010 0.006 0.004 0.004 0.004 0.005 0.008 0.010 0.007 0.000 0.000 0.004 0.009 0.010 0.009
0.010 0.010 0.008 0.009 0.009 0.013 0.009 0.003 0.003 0.003 0.010 0.007 0.000 0.005 0.005 0.004 0.006 0.008 0.008 0.005 0.039 0.049 0.010 0.010 0.010 0.010 0.010 0.090 0.010 0.010 0.010 0.010 0.010 0.010 0.058 0.010 0.009 0.009 0.007 0.006 0.000 0.102 0.010 0.006 0.006 0.005 0.005 0.006 0.000 0.005 0.004 0.009 0.004 0.005 0.006 0.008 0.009 0.000 0.005 0.004 0.005 0.000 0.000 0.006 0.006 0.005 0.005 0.007 0.000 0.006 0.000 0.000 0.000 0.010 0.010 0.010 0.010
0.010 0.010 0.005 0.009 0.008 0.000 0.002 0.003 0.000 0.003 0.000 0.006 0.000 0.005 0.006 0.005 0.007 0.005 0.005 0.008 0.010 0.010 0.010 0.010 0.010 0.010 0.010 0.010 0.010 0.010 0.010 0.010 0.010 0.010 0.010 0.010 0.009 0.009 0.007 0.008 0.010 0.010 0.010 0.010 0.009 0.005 0.006 0.007 0.006 0.008 0.007 0.031 0.010 0.000 0.000 0.000 0.000 0.000 0.000 0.004 0.005 0.000 0.000 0.004 0.006 0.017 0.000 0.000 0.031 0.000 0.000 0.004 0.008 0.010 0.000 0.010 0.008
0.010 0.010 0.008 0.009 0.008 0.004 0.000 0.000 0.000 0.005 0.004 0.000 0.004 0.005 0.000 0.000 0.000 0.000 0.006 0.010 0.010 0.010 0.134 0.060 0.010 0.010 0.010 0.010 0.140 0.028 0.010 0.010 0.000 0.053 0.000 0.010 0.009 0.009 0.007 0.010 0.010 0.010 0.010 0.010 0.007 0.000 0.006 0.000 0.006 0.000 0.000 0.010 0.010 0.004 0.005 0.004 0.004 0.006 0.006 0.004 0.004 0.000 0.000 0.000 0.000 0.010 0.000 0.005 0.003 0.003 0.003 0.009 0.006 0.010 0.000 0.000 0.010
0.131 0.010 0.008 0.009 0.010 0.000 0.000 0.000 0.000 0.000 0.005 0.000 0.005 0.005 0.015 0.000 0.005 0.007 0.006 0.010 0.010 0.059 0.010 0.010 0.010 0.010 0.010 0.010 0.010 0.010 0.010 0.010 0.042 0.010 0.024 0.000 0.009 0.100 0.010 0.000 0.010 0.053 0.008 0.007 0.007 0.000 0.008 0.007 0.008 0.005 0.007 0.007 0.010 0.000 0.008 0.009 0.005 0.004 0.004 0.006 0.006 0.006 0.000 0.007 0.000 0.010 0.000 0.005 0.005 0.003 0.006 0.010 0.000 0.000 0.000 0.015 0.009
0.010 0.010 0.006 0.010 0.010 0.010 0.007 0.005 0.005 0.008 0.007 0.007 0.006 0.004 0.009 0.008 0.010 0.009 0.006 0.010 0.009 0.010 0.010 0.010 0.009 0.010 0.010 0.010 0.010 0.026 0.009 0.009 0.007 0.009 0.009 0.010 0.008 0.010 0.006 0.010 0.011 0.010 0.009 0.006 0.010 0.000 0.008 0.000 0.000 0.000 0.000 0.008 0.011 0.000 0.000 0.000 0.006 0.005 0.000 0.000 0.000 0.007 0.005 0.000 0.000 0.005 0.000 0.000 0.005 0.004 0.016 0.010 0.000 0.000 0.000 0.010 0.007
0.010 0.010 0.007 0.010 0.008 0.000 0.000 0.000 0.000 0.007 0.010 0.010 0.010 0.010 0.010 0.048 0.010 0.010 0.010 0.014 0.010 0.009 0.010 0.010 0.012 0.010 0.010 0.014 0.010 0.010 0.008 0.007 0.007 0.007 0.008 0.010 0.005 0.019 0.009 0.010 0.010 0.009 0.007 0.010 0.024 0.009 0.013 0.009 0.011 0.008 0.009 0.008 0.010 0.018 0.010 0.017 0.009 0.009 0.009 0.008 0.007 0.006 0.006 0.004 0.003 0.009 0.007 0.008 0.007 0.007 0.009 0.010 0.009 0.010 0.010 0.010 0.008
0.010 0.010 0.010 0.010 0.007 0.000 0.000 0.004 0.006 0.006 0.015 0.000 0.010 0.010 0.051 0.000 0.000 0.000 0.010 0.010 0.010 0.010 0.010 0.010 0.010 0.010 0.043 0.010 0.010 0.010 0.006 0.004 0.004 0.008 0.007 0.009 0.004 0.009 0.008 0.009 0.009 0.009 0.008 0.010 0.008 0.008 0.007 0.009 0.009 0.008 0.010 0.008 0.007 0.009 0.009 0.010 0.010 0.004 0.009 0.008 0.010 0.010 0.010 0.007 0.009 0.007 0.008 0.006 0.006 0.007 0.006 0.006 0.004 0.004 0.006 0.011 0.009
0.010 0.010 0.010 0.010 0.006 0.000 0.005 0.006 0.005 0.007 0.010 0.010 0.009 0.030 0.010 0.042 0.006 0.010 0.010 0.006 0.008 0.006 0.006 0.005 0.008 0.010 0.010 0.010 0.010 0.010 0.010 0.000 0.015 0.001 0.000 0.000 0.007 0.078 0.009 0.010 0.000 0.000 0.010 0.010 0.010 0.008 0.008 0.022 0.010 0.010 0.010 0.009 0.041 0.010 0.063 0.010 0.009 0.006 0.005 0.006 0.006 0.006 0.010 0.006 0.000 0.008 0.004 0.000 0.007 0.010 0.010 0.004 0.003 0.000 0.000 0.000 0.006
0.010 0.008 0.010 0.010 0.005 0.004 0.006 0.009 0.007 0.007 0.010 0.009 0.046 0.033 0.010 0.008 0.007 0.008 0.042 0.010 0.010 0.033 0.010 0.006 0.009 0.010 0.014 0.010 0.011 0.010 0.091 0.009 0.010 0.002 0.006 0.000 0.006 0.010 0.010 0.010 0.010 0.010 0.057 0.010 0.010 0.008 0.000 0.009 0.010 0.010 0.010 0.008 0.000 0.010 0.010 0.010 0.007 0.008 0.007 0.005 0.004 0.009 0.000 0.004 0.008 0.009 0.007 0.010 0.010 0.010 0.016 0.007 0.004 0.000 0.000 0.000 0.006
0.010 0.009 0.010 0.010 0.005 0.012 0.004 0.005 0.006 0.009 0.040 0.010 0.010 0.000 0.011 0.007 0.010 0.010 0.010 0.008 0.006 0.005 0.007 0.005 0.010 0.010 0.010 0.010 0.063 0.010 0.009 0.010 0.010 0.004 0.003 0.000 0.004 0.010 0.009 0.008 0.008 0.005 0.005 0.004 0.007 0.010 0.000 0.006 0.010 0.009 0.009 0.026 0.015 0.009 0.009 0.010 0.000 0.004 0.005 0.005 0.005 0.005 0.004 0.000 0.000 0.006 0.005 0.000 0.010 0.024 0.009 0.000 0.003 0.012 0.000 0.000 0.007
0.008 0.010 0.010 0.008 0.006 0.010 0.010 0.011 0.006 0.009 0.010 0.000 0.000 0.000 0.000 0.000 0.009 0.006 0.021 0.006 0.007 0.007 0.005 0.006 0.009 0.010 0.010 0.010 0.010 0.031 0.008 0.010 0.010 0.004 0.003 0.000 0.007 0.057 0.007 0.008 0.010 0.009 0.000 0.000 0.008 0.173 0.000 0.007 0.010 0.021 0.000 0.008 0.010 0.000 0.010 0.010 0.010 0.009 0.010 0.010 0.009 0.004 0.004 0.000 0.006 0.006 0.000 0.006 0.006 0.004 0.006 0.007 0.000 0.000 0.000 0.000 0.005
0.010 0.010 0.009 0.000 0.000 0.012 0.000 0.000 0.000 0.000 0.012 0.000 0.010 0.010 0.008 0.000 0.000 0.008 0.008 0.000 0.000 0.000 0.000 0.000 0.006 0.046 0.010 0.010 0.010 0.010 0.028 0.010 0.021 0.006 0.004 0.009 0.007 0.009 0.007 0.010 0.010 0.018 0.000 0.000 0.010 0.010 0.007 0.008 0.008 0.007 0.000 0.005 0.007 0.000 0.005 0.005 0.009 0.010 0.009 0.010 0.009 0.000 0.000 0.007 0.007 0.006 0.000 0.000 0.003 0.004 0.007 0.010 0.002 0.000 0.003 0.000 0.004
0.006 0.010 0.010 0.009 0.005 0.005 0.000 0.000 0.000 0.000 0.010 0.000 0.008 0.009 0.008 0.000 0.010 0.000 0.006 0.004 0.000 0.000 0.000 0.000 0.010 0.009 0.010 0.021 0.010 0.010 0.000 0.000 0.010 0.010 0.004 0.009 0.008 0.010 0.007 0.009 0.010 0.010 0.000 0.000 0.014 0.007 0.009 0.006 0.009 0.000 0.000 0.018 0.000 0.000 0.015 0.000 0.007 0.021 0.010 0.010 0.006 0.004 0.000 0.000 0.009 0.009 0.000 0.015 0.041 0.000 0.006 0.010 0.006 0.003 0.010 0.000 0.000
0.009 0.010 0.013 0.010 0.007 0.000 0.007 0.000 0.000 0.009 0.017 0.000 0.000 0.000 0.025 0.000 0.164 0.000 0.004 0.000 0.000 0.000 0.000 0.005 0.010 0.010 0.000 0.009 0.010 0.010 0.000 0.007 0.007 0.010 0.004 0.000 0.004 0.010 0.009 0.010 0.010 0.010 0.000 0.000 0.005 0.010 0.023 0.009 0.010 0.008 0.009 0.010 0.000 0.000 0.000 0.005 0.000 0.005 0.006 0.005 0.005 0.005 0.000 0.003 0.006 0.009 0.007 0.010 0.010 0.010 0.010 0.010 0.004 0.004 0.000 0.005 0.010
0.008 0.010 0.000 0.000 0.000 0.005 0.004 0.008 0.010 0.007 0.197 0.010 0.010 0.010 0.010 0.217 0.018 0.008 0.010 0.010 0.010 0.017 0.007 0.010 0.010 0.010 0.017 0.010 0.010 0.010 0.009 0.008 0.005 0.014 0.004 0.000 0.006 0.010 0.008 0.008 0.010 0.010 0.000 0.000 0.040 0.009 0.000 0.010 0.009 0.010 0.010 0.010 0.011 0.009 0.000 0.009 0.008 0.005 0.008 0.007 0.006 0.005 0.002 0.003 0.006 0.005 0.005 0.000 0.000 0.000 0.010 0.007 0.006 0.008 0.006 0.007 0.017
0.010 0.010 0.010 0.010 0.007 0.005 0.000 0.004 0.007 0.000 0.159 0.010 0.071 0.010 0.019 0.170 0.014 0.010 0.010 0.010 0.010 0.010 0.010 0.010 0.010 0.010 0.010 0.010 0.010 0.010 0.010 0.103 0.075 0.006 0.003 0.000 0.006 0.010 0.015 0.006 0.007 0.010 0.022 0.006 0.008 0.008 0.007 0.008 0.016 0.007 0.010 0.007 0.006 0.000 0.000 0.009 0.007 0.007 0.006 0.008 0.005 0.000 0.004 0.005 0.008 0.004 0.005 0.005 0.000 0.000 0.010 0.010 0.010 0.007 0.004 0.010 0.000
0.010 0.010 0.005 0.007 0.005 0.005 0.010 0.007 0.000 0.000 0.231 0.010 0.010 0.010 0.010 0.010 0.183 0.034 0.010 0.010 0.010 0.000 0.010 0.012 0.000 0.010 0.000 0.006 0.000 0.000 0.009 0.121 0.099 0.006 0.007 0.000 0.012 0.009 0.010 0.000 0.000 0.009 0.010 0.018 0.005 0.008 0.009 0.009 0.008 0.008 0.009 0.009 0.021 0.007 0.006 0.007 0.007 0.005 0.009 0.007 0.000 0.007 0.005 0.005 0.010 0.000 0.010 0.010 0.000 0.000 0.010 0.005 0.006 0.010 0.006 0.005 0.000
0.009 0.008 0.007 0.007 0.000 0.000 0.007 0.010 0.010 0.010 0.114 0.010 0.010 0.010 0.010 0.010 0.015 0.011 0.008 0.000 0.000 0.010 0.010 0.010 0.000 0.010 0.000 0.010 0.000 0.000 0.009 0.010 0.032 0.007 0.006 0.006 0.008 0.008 0.009 0.000 0.008 0.009 0.008 0.009 0.007 0.007 0.018 0.013 0.010 0.006 0.009 0.008 0.010 0.009 0.036 0.009 0.010 0.007 0.003 0.004 0.005 0.007 0.008 0.006 0.010 0.015 0.009 0.010 0.009 0.000 0.009 0.006 0.004 0.010 0.067 0.004 0.000
0.010 0.010 0.004 0.006 0.004 0.007 0.006 0.010 0.010 0.010 0.016 0.010 0.010 0.010 0.010 0.009 0.010 0.010 0.008 0.009 0.009 0.010 0.011 0.007 0.010 0.010 0.010 0.031 0.010 0.010 0.010 0.012 0.010 0.010 0.007 0.010 0.009 0.013 0.010 0.000 0.010 0.010 0.010 0.006 0.006 0.009 0.009 0.010 0.010 0.010 0.010 0.008 0.010 0.010 0.010 0.000 0.000 0.006 0.004 0.003 0.006 0.007 0.010 0.009 0.007 0.000 0.000 0.000 0.000 0.000 0.000 0.000 0.006 0.007 0.000 0.007 0.000
0.009 0.004 0.004 0.004 0.004 0.005 0.004 0.012 0.010 0.000 0.272 0.000 0.010 0.000 0.010 0.000 0.000 0.017 0.000 0.000 0.000 0.000 0.015 0.041 0.039 0.031 0.056 0.000 0.000 0.000 0.000 0.026 0.010 0.010 0.009 0.201 0.009 0.009 0.008 0.000 0.012 0.010 0.008 0.006 0.006 0.005 0.000 0.009 0.036 0.010 0.009 0.010 0.010 0.000 0.000 0.000 0.000 0.007 0.006 0.004 0.006 0.000 0.000 0.009 0.008 0.000 0.004 0.000 0.005 0.006 0.004 0.005 0.006 0.000 0.000 0.010 0.000
0.007 0.004 0.005 0.005 0.007 0.004 0.006 0.008 0.009 0.000 0.317 0.000 0.016 0.000 0.044 0.010 0.010 0.073 0.000 0.000 0.004 0.000 0.016 0.010 0.092 0.080 0.010 0.010 0.010 0.010 0.010 0.009 0.028 0.000 0.000 0.007 0.010 0.008 0.000 0.006 0.007 0.010 0.008 0.007 0.006 0.011 0.000 0.000 0.012 0.008 0.010 0.006 0.010 0.010 0.027 0.000 0.000 0.009 0.006 0.004 0.004 0.000 0.006 0.006 0.007 0.000 0.009 0.010 0.010 0.009 0.004 0.005 0.005 0.010 0.000 0.010 0.000
0.010 0.000 0.000 0.000 0.000 0.004 0.000 0.004 0.000 0.000 0.214 0.000 0.000 0.000 0.009 0.010 0.010 0.010 0.010 0.010 0.005 0.000 0.041 0.113 0.073 0.010 0.010 0.029 0.010 0.010 0.010 0.010 0.000 0.005 0.000 0.008 0.008 0.004 0.000 0.004 0.000 0.000 0.010 0.008 0.005 0.007 0.008 0.000 0.000 0.000 0.008 0.007 0.007 0.008 0.007 0.000 0.000 0.004 0.003 0.005 0.004 0.000 0.008 0.000 0.009 0.010 0.010 0.026 0.000 0.009 0.005 0.008 0.004 0.000 0.009 0.010 0.000
0.006 0.007 0.000 0.000 0.000 0.006 0.000 0.000 0.000 0.000 0.216 0.000 0.000 0.005 0.007 0.008 0.000 0.014 0.000 0.010 0.006 0.006 0.022 0.008 0.007 0.008 0.000 0.000 0.009 0.009 0.008 0.015 0.000 0.000 0.000 0.005 0.009 0.006 0.000 0.000 0.000 0.007 0.010 0.009 0.008 0.010 0.010 0.010 0.006 0.008 0.007 0.007 0.007 0.014 0.000 0.000 0.000 0.004 0.005 0.005 0.004 0.000 0.000 0.000 0.007 0.000 0.008 0.010 0.000 0.000 0.006 0.009 0.006 0.005 0.006 0.010 0.007
0.007 0.007 0.010 0.006 0.010 0.005 0.006 0.005 0.000 0.010 0.010 0.009 0.005 0.005 0.006 0.000 0.000 0.008 0.007 0.008 0.005 0.007 0.023 0.000 0.000 0.009 0.000 0.000 0.010 0.011 0.010 0.006 0.005 0.006 0.000 0.009 0.010 0.010 0.000 0.000 0.000 0.004 0.004 0.007 0.009 0.010 0.010 0.010 0.009 0.008 0.007 0.008 0.000 0.000 0.012 0.007 0.004 0.004 0.004 0.000 0.005 0.000 0.000 0.000 0.009 0.000 0.000 0.000 0.000 0.004 0.005 0.004 0.010 0.010 0.007 0.010 0.000
0.009 0.000 0.000 0.006 0.007 0.006 0.004 0.005 0.010 0.010 0.010 0.010 0.007 0.005 0.000 0.009 0.006 0.008 0.010 0.009 0.000 0.000 0.046 0.000 0.000 0.009 0.000 0.000 0.010 0.010 0.010 0.009 0.007 0.007 0.010 0.010 0.010 0.010 0.000 0.002 0.010 0.010 0.003 0.010 0.010 0.010 0.000 0.000 0.000 0.000 0.000 0.008 0.000 0.000 0.007 0.005 0.004 0.003 0.002 0.000 0.007 0.008 0.005 0.000 0.009 0.020 0.000 0.004 0.000 0.004 0.003 0.005 0.000 0.010 0.008 0.006 0.009
0.009 0.008 0.007 0.010 0.010 0.006 0.005 0.007 0.010 0.010 0.010 0.009 0.012 0.010 0.000 0.000 0.000 0.013 0.010 0.010 0.000 0.000 0.105 0.000 0.000 0.000 0.006 0.006 0.010 0.010 0.010 0.000 0.000 0.010 0.000 0.009 0.010 0.010 0.000 0.000 0.010 0.010 0.000 0.000 0.010 0.010 0.009 0.010 0.009 0.009 0.009 0.009 0.013 0.010 0.009 0.010 0.008 0.008 0.000 0.000 0.006 0.000 0.000 0.010 0.010 0.010 0.005 0.000 0.006 0.005 0.008 0.008 0.005 0.004 0.006 0.000 0.007
0.005 0.004 0.007 0.005 0.006 0.009 0.006 0.006 0.009 0.010 0.010 0.010 0.010 0.010 0.010 0.046 0.010 0.007 0.008 0.009 0.000 0.000 0.070 0.009 0.008 0.009 0.007 0.005 0.008 0.010 0.010 0.008 0.008 0.010 0.000 0.007 0.010 0.010 0.010 0.010 0.033 0.008 0.005 0.007 0.010 0.009 0.000 0.000 0.008 0.007 0.009 0.009 0.000 0.000 0.000 0.000 0.008 0.010 0.006 0.005 0.010 0.008 0.008 0.009 0.010 0.007 0.005 0.007 0.007 0.007 0.000 0.000 0.005 0.010 0.017 0.008 0.006
0.000 0.000 0.009 0.000 0.000 0.000 0.006 0.007 0.008 0.010 0.007 0.010 0.000 0.000 0.000 0.000 0.000 0.008 0.000 0.000 0.000 0.000 0.196 0.009 0.009 0.010 0.007 0.006 0.007 0.010 0.006 0.000 0.006 0.010 0.000 0.010 0.010 0.008 0.000 0.005 0.000 0.000 0.000 0.000 0.000 0.012 0.006 0.000 0.004 0.005 0.006 0.010 0.000 0.000 0.000 0.005 0.006 0.005 0.000 0.000 0.000 0.008 0.005 0.010 0.010 0.000 0.005 0.006 0.000 0.008 0.010 0.006 0.000 0.000 0.000 0.010 0.000
0.005 0.007 0.010 0.008 0.006 0.006 0.007 0.009 0.000 0.016 0.010 0.071 0.010 0.010 0.010 0.010 0.010 0.037 0.010 0.010 0.000 0.000 0.030 0.010 0.008 0.006 0.006 0.006 0.005 0.006 0.005 0.007 0.009 0.010 0.000 0.008 0.127 0.009 0.000 0.010 0.010 0.021 0.000 0.000 0.000 0.010 0.008 0.004 0.005 0.006 0.004 0.000 0.010 0.010 0.004 0.004 0.005 0.004 0.008 0.009 0.008 0.000 0.000 0.000 0.010 0.004 0.005 0.022 0.000 0.006 0.009 0.007 0.000 0.000 0.000 0.000 0.000
0.000 0.010 0.000 0.006 0.007 0.005 0.006 0.007 0.000 0.023 0.010 0.010 0.000 0.000 0.010 0.000 0.000 0.010 0.000 0.000 0.013 0.000 0.010 0.010 0.007 0.007 0.007 0.009 0.008 0.008 0.005 0.008 0.010 0.010 0.010 0.010 0.010 0.010 0.010 0.000 0.010 0.000 0.010 0.000 0.000 0.010 0.008 0.010 0.017 0.006 0.005 0.000 0.010 0.010 0.007 0.007 0.008 0.008 0.008 0.000 0.000 0.000 0.000 0.000 0.007 0.019 0.000 0.000 0.013 0.000 0.005 0.007 0.008 0.006 0.000 0.005 0.006
0.009 0.010 0.008 0.006 0.053 0.010 0.008 0.010 0.010 0.010 0.010 0.043 0.010 0.010 0.010 0.010 0.010 0.010 0.000 0.000 0.010 0.010 0.010 0.010 0.009 0.009 0.009 0.009 0.009 0.007 0.006 0.008 0.010 0.010 0.010 0.010 0.010 0.010 0.010 0.010 0.010 0.008 0.010 0.010 0.010 0.010 0.010 0.000 0.000 0.005 0.010 0.000 0.010 0.010 0.000 0.004 0.007 0.000 0.000 0.008 0.000 0.009 0.010 0.000 0.009 0.000 0.010 0.010 0.000 0.000 0.006 0.000 0.010 0.008 0.000 0.000 0.009
