hx_30m/njhx/rain/result.mxe
ncols         211
nrows         286
xllcorner     660279.582600
yllcorner     3541874.325092
cellsize      30.000000
NODATA_value  -9999.000000
[rows 150 to 179 of 286, columns 134 to 200 of 211]
8.860 8.742 8.787 8.885 8.436 -9999.000 8.254 8.356 8.421 8.131 8.186 -9999.000 7.652 7.996 -9999.000 -9999.000 7.760 7.659 -9999.000 7.745 7.672 7.558 -9999.000 7.611 7.395 7.308 7.452 7.564 6.897 7.032 6.871 7.230 7.289 -9999.000 7.234 -9999.000 -9999.000 7.060 6.698 6.695 6.694 -9999.000 -9999.000 -9999.000 -9999.000 -9999.000 -9999.000 -9999.000 -9999.000 -9999.000 -9999.000 -9999.000 -9999.000 -9999.000 -9999.000 -9999.000 -9999.000 -9999.000 -9999.000 -9999.000 -9999.000 -9999.000 -9999.000 -9999.000 -9999.000 -9999.000 9.294
8.984 9.056 9.083 8.938 8.646 8.466 8.870 8.636 8.353 8.480 -9999.000 -9999.000 -9999.000 -9999.000 -9999.000 7.980 7.988 7.959 7.640 7.600 -9999.000 7.674 7.579 7.595 7.587 7.524 7.496 7.631 -9999.000 10.100 10.342 9.273 7.195 7.445 7.898 7.165 7.196 7.466 6.842 6.813 -9999.000 -9999.000 -9999.000 -9999.000 -9999.000 -9999.000 -9999.000 -9999.000 -9999.000 -9999.000 -9999.000 -9999.000 -9999.000 -9999.000 -9999.000 -9999.000 -9999.000 -9999.000 -9999.000 -9999.000 -9999.000 -9999.000 -9999.000 -9999.000 -9999.000 9.745 10.961
8.900 8.894 8.816 8.814 8.726 8.437 8.437 8.504 8.394 8.373 8.257 8.201 7.850 -9999.000 7.967 8.061 8.139 -9999.000 7.085 -9999.000 7.852 7.900 7.643 7.664 -9999.000 8.086 8.020 8.034 7.954 10.812 9.200 9.514 -9999.000 8.381 7.101 7.170 7.637 -9999.000 6.844 6.841 -9999.000 -9999.000 -9999.000 -9999.000 -9999.000 -9999.000 -9999.000 -9999.000 -9999.000 -9999.000 -9999.000 -9999.000 -9999.000 -9999.000 -9999.000 -9999.000 -9999.000 -9999.000 -9999.000 -9999.000 -9999.000 -9999.000 -9999.000 -9999.000 -9999.000 5.930 -9999.000
8.524 8.727 8.613 8.676 8.619 8.652 8.625 8.426 8.510 8.611 8.403 8.382 8.179 8.030 8.050 8.639 8.810 -9999.000 8.359 8.277 8.080 8.260 7.903 -9999.000 7.796 7.917 8.291 8.321 8.386 10.345 -9999.000 8.606 8.236 7.751 -9999.000 7.311 7.603 7.117 6.848 6.930 -9999.000 -9999.000 -9999.000 -9999.000 -9999.000 -9999.000 -9999.000 -9999.000 -9999.000 -9999.000 -9999.000 -9999.000 -9999.000 -9999.000 -9999.000 -9999.000 -9999.000 -9999.000 -9999.000 -9999.000 -9999.000 -9999.000 -9999.000 -9999.000 -9999.000 -9999.000 -9999.000
8.465 8.668 8.963 8.698 8.645 8.458 -9999.000 8.667 8.283 -9999.000 -9999.000 -9999.000 8.221 8.281 8.319 8.229 8.268 8.479 -9999.000 -9999.000 -9999.000 8.088 7.881 7.712 -9999.000 8.003 8.299 8.299 -9999.000 8.159 8.165 -9999.000 8.104 8.203 -9999.000 7.581 -9999.000 7.209 6.848 7.130 6.814 -9999.000 6.414 6.414 -9999.000 -9999.000 -9999.000 -9999.000 -9999.000 -9999.000 -9999.000 -9999.000 -9999.000 -9999.000 -9999.000 -9999.000 -9999.000 -9999.000 -9999.000 -9999.000 -9999.000 -9999.000 -9999.000 -9999.000 -9999.000 -9999.000 7.720
8.427 8.532 8.630 -9999.000 8.514 8.264 -9999.000 -9999.000 8.191 8.097 -9999.000 8.065 7.979 -9999.000 -9999.000 8.231 8.156 8.188 8.294 8.290 8.304 8.233 -9999.000 -9999.000 8.126 8.085 8.378 8.125 8.128 8.179 8.268 8.459 7.962 -9999.000 8.194 7.843 7.999 7.691 7.397 7.878 7.392 7.435 6.769 6.785 6.338 -9999.000 -9999.000 -9999.000 -9999.000 -9999.000 -9999.000 -9999.000 -9999.000 -9999.000 -9999.000 -9999.000 -9999.000 -9999.000 -9999.000 -9999.000 -9999.000 -9999.000 -9999.000 -9999.000 -9999.000 -9999.000 8.307
-9999.000 -9999.000 -9999.000 -9999.000 8.116 7.912 7.961 -9999.000 8.077 7.988 8.131 -9999.000 8.035 7.902 8.320 8.374 8.300 -9999.000 -9999.000 8.360 8.294 8.311 8.390 8.432 8.352 8.398 -9999.000 8.184 -9999.000 8.283 -9999.000 -9999.000 8.153 -9999.000 8.242 7.994 7.901 -9999.000 7.798 7.758 7.641 8.075 8.165 9.537 7.318 6.790 6.470 -9999.000 -9999.000 -9999.000 -9999.000 -9999.000 -9999.000 -9999.000 -9999.000 -9999.000 -9999.000 -9999.000 -9999.000 -9999.000 -9999.000 -9999.000 -9999.000 -9999.000 -9999.000 -9999.000 7.110
-9999.000 8.662 -9999.000 8.647 8.349 7.860 -9999.000 -9999.000 8.002 -9999.000 7.820 7.920 7.803 7.873 -9999.000 8.354 8.192 8.114 -9999.000 8.328 8.294 8.451 8.662 8.367 8.413 8.358 8.354 8.224 8.181 8.218 -9999.000 -9999.000 -9999.000 8.614 8.588 8.008 8.015 -9999.000 7.944 7.968 7.836 7.310 7.294 7.293 7.285 7.438 8.078 8.485 7.641 7.206 6.741 6.654 6.654 -9999.000 -9999.000 -9999.000 6.565 6.565 -9999.000 -9999.000 -9999.000 -9999.000 -9999.000 -9999.000 -9999.000 6.690 7.456
7.651 8.166 8.355 8.302 -9999.000 -9999.000 -9999.000 -9999.000 7.902 -9999.000 7.769 7.603 7.765 7.828 7.875 -9999.000 8.025 8.103 8.117 -9999.000 8.294 8.425 8.449 -9999.000 8.845 8.483 8.465 8.300 8.262 8.179 8.105 8.020 8.104 -9999.000 8.257 8.657 -9999.000 -9999.000 -9999.000 8.043 8.290 7.681 7.294 7.537 7.145 7.145 7.359 7.500 8.236 7.685 6.742 7.332 6.837 6.814 5.506 6.360 -9999.000 6.564 6.592 7.049 7.004 6.143 -9999.000 5.453 6.683 6.991 8.830
7.038 7.094 -9999.000 7.201 7.112 7.132 7.484 -9999.000 7.698 -9999.000 -9999.000 7.470 7.526 7.745 7.785 7.814 7.925 8.054 -9999.000 -9999.000 8.422 -9999.000 -9999.000 8.553 8.530 8.481 -9999.000 8.424 8.350 -9999.000 8.154 8.172 8.164 8.187 8.211 8.396 8.447 -9999.000 -9999.000 8.097 8.152 7.768 -9999.000 -9999.000 7.145 7.220 7.232 7.402 6.698 6.698 6.745 8.788 7.209 -9999.000 6.860 6.563 6.575 6.684 -9999.000 7.846 -9999.000 -9999.000 -9999.000 8.032 7.811 7.609 9.290
7.038 7.039 -9999.000 -9999.000 7.229 -9999.000 7.183 7.283 7.332 -9999.000 -9999.000 7.509 7.628 7.570 -9999.000 7.799 7.926 -9999.000 8.019 8.079 8.554 -9999.000 -9999.000 8.450 8.649 8.479 -9999.000 8.346 8.396 8.219 -9999.000 8.197 8.116 -9999.000 8.292 8.293 8.324 8.350 8.340 8.391 8.669 8.542 8.112 7.819 7.447 -9999.000 -9999.000 -9999.000 7.012 6.796 6.810 6.814 7.050 7.752 8.430 9.623 7.000 7.204 7.934 7.978 -9999.000 8.320 7.975 7.900 -9999.000 9.864 -9999.000
7.192 7.118 7.061 7.233 7.101 -9999.000 6.935 7.025 7.099 7.331 7.315 7.650 7.347 7.346 7.514 7.827 -9999.000 -9999.000 7.675 8.179 8.212 -9999.000 8.346 8.377 -9999.000 8.446 -9999.000 8.165 8.006 8.138 -9999.000 7.861 7.757 -9999.000 8.049 8.308 8.364 -9999.000 8.082 8.418 8.468 8.409 8.361 8.248 8.301 8.497 8.457 7.657 7.292 -9999.000 -9999.000 -9999.000 -9999.000 -9999.000 6.225 7.512 7.403 7.981 8.638 8.377 8.248 -9999.000 7.970 7.895 9.625 9.842 9.857
7.442 -9999.000 7.011 7.114 7.072 -9999.000 -9999.000 6.974 7.128 -9999.000 -9999.000 -9999.000 -9999.000 -9999.000 7.176 7.269 7.413 -9999.000 -9999.000 7.827 -9999.000 8.014 8.201 -9999.000 8.422 8.433 -9999.000 -9999.000 8.013 8.091 7.963 7.705 7.680 7.700 8.169 -9999.000 -9999.000 -9999.000 7.816 -9999.000 -9999.000 -9999.000 8.418 8.405 8.287 8.248 8.181 8.127 8.218 8.292 8.178 8.178 8.642 7.548 -9999.000 -9999.000 7.499 -9999.000 8.820 8.686 -9999.000 7.958 7.826 -9999.000 7.782 8.389 8.927
7.282 7.008 7.017 7.027 6.985 6.975 6.946 7.324 7.035 -9999.000 -9999.000 -9999.000 -9999.000 7.263 7.135 7.330 -9999.000 7.445 7.437 7.453 7.521 -9999.000 -9999.000 -9999.000 8.264 8.315 8.085 -9999.000 7.805 7.764 7.595 -9999.000 7.863 8.026 -9999.000 -9999.000 -9999.000 -9999.000 7.782 8.495 8.473 -9999.000 8.388 -9999.000 -9999.000 -9999.000 8.389 8.320 8.210 8.153 8.255 8.281 8.455 8.053 7.978 7.978 8.022 -9999.000 -9999.000 -9999.000 -9999.000 8.136 7.944 8.054 -9999.000 8.187 -9999.000
-9999.000 -9999.000 7.104 -9999.000 7.055 7.098 6.942 6.871 7.078 -9999.000 7.049 7.285 7.104 7.198 7.240 7.488 7.353 7.233 7.303 7.311 -9999.000 6.596 -9999.000 6.510 -9999.000 8.071 7.675 7.614 -9999.000 7.751 -9999.000 -9999.000 7.775 7.781 -9999.000 -9999.000 -9999.000 7.866 7.791 -9999.000 8.758 8.340 -9999.000 8.185 -9999.000 -9999.000 -9999.000 8.641 -9999.000 -9999.000 8.329 8.260 8.315 8.429 8.393 8.459 8.557 8.906 8.981 8.793 -9999.000 8.088 7.976 -9999.000 -9999.000 9.835 -9999.000
-9999.000 7.175 7.085 -9999.000 -9999.000 7.028 6.915 6.857 7.078 -9999.000 7.212 7.071 7.111 7.080 7.038 7.147 7.290 7.211 7.157 -9999.000 6.925 6.934 -9999.000 6.851 6.722 -9999.000 5.650 -9999.000 7.425 7.298 7.227 -9999.000 7.835 -9999.000 -9999.000 -9999.000 8.079 7.595 8.054 8.148 8.097 8.246 -9999.000 8.216 -9999.000 -9999.000 -9999.000 -9999.000 8.144 -9999.000 -9999.000 8.411 8.493 -9999.000 8.593 8.672 8.617 8.622 8.694 8.752 8.794 8.641 8.346 8.828 -9999.000 10.010 -9999.000
7.335 -9999.000 7.243 -9999.000 -9999.000 7.021 7.014 6.857 7.051 -9999.000 7.214 -9999.000 -9999.000 6.891 6.951 -9999.000 -9999.000 -9999.000 7.146 -9999.000 6.966 6.961 -9999.000 -9999.000 6.772 6.603 6.806 6.282 -9999.000 -9999.000 6.623 7.089 -9999.000 -9999.000 -9999.000 -9999.000 8.027 7.419 -9999.000 -9999.000 8.017 8.011 7.985 -9999.000 8.183 -9999.000 8.528 -9999.000 8.203 8.068 -9999.000 8.702 -9999.000 -9999.000 -9999.000 -9999.000 -9999.000 -9999.000 -9999.000 8.791 8.758 8.899 8.966 9.294 9.357 9.498 9.746
-9999.000 -9999.000 7.446 7.307 7.206 -9999.000 7.093 6.961 7.057 6.924 6.923 7.013 -9999.000 6.814 6.807 6.878 -9999.000 7.071 6.986 6.978 7.041 -9999.000 -9999.000 -9999.000 6.794 6.498 6.653 6.662 -9999.000 6.705 6.508 6.243 -9999.000 5.995 -9999.000 -9999.000 6.889 7.256 -9999.000 -9999.000 -9999.000 7.766 7.764 -9999.000 7.799 8.061 8.561 8.264 -9999.000 8.052 8.065 -9999.000 8.084 8.475 9.152 8.883 8.637 8.663 8.753 -9999.000 -9999.000 -9999.000 -9999.000 9.050 9.252 9.266 9.521
-9999.000 -9999.000 8.334 7.157 7.062 -9999.000 7.247 7.183 7.123 6.974 -9999.000 -9999.000 -9999.000 6.807 6.748 -9999.000 6.784 6.915 -9999.000 6.976 7.014 -9999.000 6.428 6.276 -9999.000 6.262 -9999.000 6.575 6.685 6.725 6.743 -9999.000 -9999.000 6.483 6.081 -9999.000 6.791 7.129 -9999.000 7.070 -9999.000 -9999.000 7.502 -9999.000 -9999.000 8.160 8.406 8.082 -9999.000 7.722 -9999.000 8.006 7.910 8.141 8.136 8.791 8.637 8.650 8.672 8.666 -9999.000 9.127 8.898 -9999.000 -9999.000 -9999.000 -9999.000
-9999.000 7.550 8.956 -9999.000 7.307 -9999.000 7.128 6.965 -9999.000 -9999.000 6.886 6.825 6.935 6.983 6.728 -9999.000 -9999.000 6.991 -9999.000 6.862 6.806 6.266 6.450 6.636 6.367 6.257 6.257 6.257 6.317 6.719 6.745 6.536 -9999.000 -9999.000 6.457 -9999.000 6.791 6.791 -9999.000 6.999 6.999 -9999.000 7.023 7.103 -9999.000 7.724 7.558 7.677 -9999.000 7.715 7.673 7.710 -9999.000 7.652 8.130 -9999.000 -9999.000 8.343 8.428 8.481 8.420 8.521 8.966 -9999.000 9.114 9.326 -9999.000
7.477 7.483 8.960 8.637 -9999.000 -9999.000 7.024 6.987 -9999.000 -9999.000 6.516 6.542 -9999.000 -9999.000 6.990 6.928 6.772 6.623 -9999.000 6.755 6.710 6.347 -9999.000 6.746 6.263 6.257 6.257 6.257 6.257 6.257 6.256 6.549 6.678 6.810 6.453 6.453 6.953 6.791 6.791 -9999.000 6.380 6.123 5.803 6.209 7.005 6.873 7.021 7.223 -9999.000 7.621 7.590 7.649 7.803 7.746 7.883 -9999.000 -9999.000 8.112 -9999.000 8.119 8.485 8.550 9.024 9.120 8.960 -9999.000 -9999.000
7.555 -9999.000 -9999.000 8.861 -9999.000 -9999.000 6.992 -9999.000 -9999.000 -9999.000 -9999.000 6.512 6.525 -9999.000 7.207 7.230 6.640 -9999.000 6.798 6.679 6.583 6.338 -9999.000 6.800 6.374 6.257 6.257 6.257 6.256 6.257 6.301 -9999.000 6.471 6.486 -9999.000 6.453 6.558 -9999.000 -9999.000 6.443 -9999.000 6.328 -9999.000 6.667 6.903 -9999.000 6.342 -9999.000 6.709 7.041 6.966 7.698 7.688 7.434 7.707 7.903 7.899 7.607 7.896 7.903 -9999.000 8.556 8.611 8.716 8.820 -9999.000 -9999.000
7.705 8.599 8.518 8.810 -9999.000 -9999.000 -9999.000 7.187 7.026 6.701 -9999.000 6.512 -9999.000 -9999.000 6.570 7.129 6.734 -9999.000 6.430 6.430 -9999.000 6.600 6.708 6.650 6.848 6.777 6.470 6.276 6.290 -9999.000 6.379 -9999.000 -9999.000 6.425 -9999.000 -9999.000 6.519 -9999.000 6.402 6.397 6.395 6.394 -9999.000 6.615 -9999.000 -9999.000 -9999.000 6.369 -9999.000 6.045 7.363 7.366 -9999.000 7.101 8.225 -9999.000 -9999.000 -9999.000 7.838 7.840 -9999.000 8.556 8.698 8.794 8.597 8.597 -9999.000
7.867 8.559 -9999.000 8.448 8.836 8.619 8.094 -9999.000 -9999.000 7.014 6.890 6.699 6.462 -9999.000 6.488 6.883 6.777 -9999.000 6.430 -9999.000 6.193 6.879 6.790 6.793 6.927 6.731 6.678 -9999.000 6.402 6.404 6.501 6.544 -9999.000 6.370 6.368 6.477 6.492 6.357 -9999.000 6.368 -9999.000 6.234 -9999.000 6.704 -9999.000 7.097 7.018 7.059 -9999.000 7.253 7.225 -9999.000 6.934 6.934 7.484 -9999.000 -9999.000 -9999.000 7.854 7.899 -9999.000 -9999.000 8.633 8.558 8.665 8.696 -9999.000
-9999.000 7.679 8.393 8.184 8.183 -9999.000 7.980 7.495 7.128 7.115 -9999.000 6.899 7.056 -9999.000 -9999.000 7.128 6.490 6.476 6.436 -9999.000 6.542 6.870 -9999.000 7.036 6.880 -9999.000 6.786 6.674 6.620 6.694 -9999.000 6.633 -9999.000 6.433 6.408 6.579 6.424 6.343 -9999.000 6.411 6.365 -9999.000 6.446 6.645 6.906 6.998 7.100 7.109 7.159 7.383 6.934 -9999.000 -9999.000 -9999.000 -9999.000 7.073 7.578 7.832 7.925 7.827 8.011 8.176 -9999.000 -9999.000 8.358 8.693 8.673
7.498 7.726 7.988 8.216 -9999.000 8.102 7.802 7.548 7.281 7.286 7.187 6.949 -9999.000 6.893 7.135 7.075 6.490 6.514 6.436 -9999.000 6.985 -9999.000 7.015 7.038 -9999.000 6.783 6.747 6.761 -9999.000 6.677 -9999.000 6.534 6.562 -9999.000 6.436 6.708 6.453 6.532 6.503 6.416 6.231 -9999.000 6.515 -9999.000 6.863 6.987 7.110 7.023 7.301 7.261 6.934 -9999.000 -9999.000 -9999.000 -9999.000 -9999.000 -9999.000 -9999.000 -9999.000 7.407 7.713 7.661 -9999.000 -9999.000 8.234 -9999.000 -9999.000
7.338 7.581 7.888 -9999.000 -9999.000 8.108 7.993 7.546 7.251 7.255 -9999.000 7.122 -9999.000 6.989 7.109 7.096 -9999.000 -9999.000 6.465 -9999.000 7.006 6.952 7.069 7.140 -9999.000 7.081 7.114 6.795 6.730 6.640 6.556 -9999.000 6.473 -9999.000 6.454 6.732 6.553 6.553 -9999.000 -9999.000 6.596 -9999.000 6.406 6.374 -9999.000 7.037 7.053 7.015 7.101 7.024 6.934 -9999.000 -9999.000 -9999.000 -9999.000 -9999.000 -9999.000 -9999.000 -9999.000 -9999.000 7.950 7.664 -9999.000 -9999.000 8.153 -9999.000 -9999.000
7.443 7.628 7.647 8.655 8.470 8.572 8.388 -9999.000 7.677 7.052 6.795 7.013 -9999.000 7.179 7.334 -9999.000 6.842 6.538 -9999.000 -9999.000 -9999.000 -9999.000 -9999.000 7.085 7.084 7.080 -9999.000 -9999.000 -9999.000 6.734 6.620 6.549 -9999.000 6.388 6.537 6.584 6.551 -9999.000 -9999.000 6.678 6.724 -9999.000 -9999.000 6.302 7.027 7.034 7.022 6.934 6.934 6.934 6.934 -9999.000 -9999.000 -9999.000 -9999.000 -9999.000 -9999.000 -9999.000 -9999.000 -9999.000 4.065 7.789 -9999.000 -9999.000 -9999.000 -9999.000 -9999.000
7.105 -9999.000 -9999.000 8.256 -9999.000 8.300 8.499 8.418 8.238 7.119 6.774 6.855 6.926 7.303 7.221 -9999.000 7.326 7.068 6.910 6.685 5.694 6.871 6.740 -9999.000 -9999.000 7.042 6.981 6.654 -9999.000 6.676 -9999.000 6.803 6.809 6.679 6.567 6.613 6.542 6.878 6.432 6.598 6.578 6.539 6.646 -9999.000 6.375 6.920 7.029 7.061 7.267 6.934 -9999.000 -9999.000 -9999.000 -9999.000 -9999.000 -9999.000 -9999.000 -9999.000 -9999.000 -9999.000 -9999.000 7.786 7.878 -9999.000 -9999.000 -9999.000 7.661
6.982 7.134 7.389 7.268 7.353 7.686 8.034 8.363 8.177 7.126 6.867 -9999.000 6.879 7.286 7.032 7.193 7.471 7.349 7.318 -9999.000 6.891 7.016 5.854 -9999.000 -9999.000 -9999.000 6.703 6.532 6.787 -9999.000 6.586 6.544 7.227 6.607 6.806 6.877 6.411 6.438 -9999.000 -9999.000 6.407 6.508 6.336 -9999.000 -9999.000 6.489 6.489 6.886 6.378 -9999.000 4.952 -9999.000 -9999.000 4.089 4.089 4.089 6.329 7.570 6.715 6.725 6.865 7.479 7.803 -9999.000 -9999.000 7.111 -9999.000
