hx_30m/njhx/rain/result-0017.wd
ncols         211
nrows         286
xllcorner     660279.582600
yllcorner     3541874.325092
cellsize      30.000000
NODATA_value  -9999.000000
[rows 34 to 67 of 286, columns 77 to 153 of 211]
0.000 0.000 0.000 0.000 0.000 0.000 0.000 0.006 0.009 0.010 0.006 0.008 0.009 0.006 0.006 0.003 0.003 0.006 0.005 0.005 0.008 0.002 0.003 0.003 0.000 0.000 0.000 0.009 0.000 0.000 0.007 0.017 0.007 0.009 0.007 0.007 0.010 0.010 0.070 0.000 0.000 0.025 0.043 0.001 0.001 0.004 0.002 0.008 0.002 0.001 0.001 0.004 0.000 0.005 0.004 0.000 0.000 0.000 0.000 0.000 0.000 0.000 0.000 0.000 0.000 0.000 0.000 0.000 0.000 0.000 0.000 0.000 0.000 0.000 0.000 0.000 0.000
0.000 0.000 0.000 0.000 0.000 0.000 0.010 0.009 0.010 0.008 0.010 0.010 0.010 0.010 0.005 0.002 0.002 0.000 0.006 0.000 0.000 0.000 0.001 0.003 0.007 0.008 0.007 0.010 0.009 0.000 0.000 0.000 0.006 0.008 0.008 0.000 0.047 0.008 0.010 0.010 0.000 0.000 0.034 0.025 0.003 0.002 0.000 0.001 0.000 0.000 0.001 0.006 0.010 0.003 0.002 0.005 0.000 0.000 0.000 0.020 0.000 0.000 0.000 0.000 0.000 0.000 0.000 0.000 0.000 0.000 0.000 0.000 0.000 0.000 0.000 0.000 0.000
0.000 0.000 0.000 0.000 0.000 0.000 0.010 0.006 0.009 0.007 0.010 0.010 0.024 0.010 0.003 0.000 0.002 0.002 0.004 0.005 0.000 0.002 0.002 0.007 0.005 0.004 0.007 0.000 0.000 0.007 0.000 0.000 0.007 0.008 0.007 0.000 0.010 0.007 0.009 0.009 0.008 0.000 0.000 0.000 0.000 0.000 0.000 0.000 0.000 0.001 0.001 0.001 0.003 0.003 0.006 0.006 0.009 0.000 0.000 0.000 0.019 0.000 0.000 0.000 0.000 0.000 0.000 0.000 0.000 0.000 0.000 0.000 0.000 0.000 0.000 0.000 0.000
0.000 0.000 0.000 0.000 0.000 0.000 0.010 0.006 0.005 0.010 0.010 0.010 0.010 0.010 0.005 0.000 0.002 0.002 0.000 0.002 0.000 0.003 0.005 0.006 0.008 0.000 0.003 0.007 0.006 0.005 0.000 0.010 0.007 0.009 0.006 0.000 0.009 0.008 0.007 0.024 0.000 0.002 0.000 0.001 0.005 0.008 0.001 0.000 0.032 0.000 0.003 0.004 0.004 0.007 0.005 0.004 0.008 0.000 0.000 0.000 0.000 0.010 0.000 0.000 0.000 0.000 0.000 0.000 0.000 0.000 0.000 0.000 0.000 0.000 0.000 0.000 0.000
0.000 0.000 0.000 0.000 0.000 0.000 0.010 0.007 0.007 0.008 0.010 0.010 0.010 0.010 0.006 0.000 0.002 0.002 0.002 0.002 0.000 0.006 0.002 0.003 0.010 0.005 0.005 0.004 0.010 0.004 0.000 0.000 0.007 0.010 0.006 0.010 0.056 0.007 0.005 0.000 0.000 0.003 0.001 0.000 0.002 0.007 0.001 0.000 0.000 0.001 0.010 0.010 0.008 0.007 0.007 0.007 0.003 0.010 0.000 0.000 0.000 0.019 0.000 0.000 0.000 0.000 0.000 0.000 0.000 0.000 0.000 0.000 0.000 0.000 0.000 0.000 0.000
0.000 0.000 0.000 0.000 0.000 0.000 0.010 0.010 0.005 0.008 0.010 0.010 0.010 0.010 0.009 0.000 0.002 0.000 0.002 0.003 0.002 0.003 0.001 0.001 0.005 0.000 0.002 0.002 0.009 0.000 0.010 0.010 0.014 0.009 0.009 0.005 0.000 0.000 0.000 0.014 0.009 0.000 0.000 0.000 0.003 0.003 0.005 0.002 0.002 0.010 0.010 0.009 0.008 0.007 0.006 0.000 0.003 0.004 0.010 0.000 0.000 0.000 0.012 0.000 0.000 0.000 0.000 0.000 0.000 0.000 0.000 0.000 0.000 0.000 0.000 0.000 0.000
0.000 0.000 0.000 0.000 0.000 0.000 0.008 0.007 0.007 0.006 0.010 0.024 0.010 0.010 0.015 0.008 0.010 0.013 0.004 0.000 0.002 0.003 0.003 0.008 0.004 0.003 0.009 0.003 0.006 0.000 0.000 0.010 0.000 0.007 0.009 0.008 0.000 0.007 0.005 0.005 0.008 0.007 0.002 0.002 0.005 0.005 0.003 0.003 0.004 0.009 0.000 0.008 0.000 0.000 0.000 0.006 0.005 0.003 0.006 0.000 0.000 0.000 0.000 0.010 0.000 0.000 0.000 0.000 0.000 0.000 0.000 0.000 0.000 0.000 0.000 0.000 0.000
0.000 0.000 0.000 0.000 0.000 0.000 0.006 0.009 0.003 0.007 0.009 0.009 0.010 0.010 0.010 0.010 0.008 0.000 0.002 0.003 0.002 0.002 0.000 0.003 0.000 0.002 0.000 0.004 0.003 0.002 0.002 0.000 0.006 0.005 0.008 0.007 0.008 0.100 0.008 0.033 0.009 0.004 0.009 0.003 0.003 0.002 0.000 0.000 0.003 0.003 0.008 0.002 0.005 0.002 0.000 0.006 0.006 0.003 0.003 0.010 0.000 0.000 0.000 0.012 0.000 0.000 0.000 0.000 0.000 0.000 0.000 0.000 0.000 0.000 0.000 0.000 0.000
0.000 0.000 0.000 0.000 0.000 0.000 0.004 0.005 0.005 0.007 0.009 0.009 0.010 0.010 0.010 0.010 0.008 0.002 0.000 0.004 0.000 0.000 0.000 0.002 0.003 0.004 0.008 0.003 0.010 0.003 0.007 0.006 0.009 0.009 0.010 0.007 0.127 0.021 0.012 0.000 0.000 0.014 0.008 0.002 0.000 0.007 0.005 0.000 0.003 0.000 0.000 0.000 0.003 0.001 0.000 0.001 0.002 0.001 0.006 0.004 0.000 0.000 0.000 0.000 0.009 0.000 0.000 0.000 0.000 0.000 0.000 0.000 0.000 0.000 0.000 0.000 0.000
0.000 0.000 0.000 0.000 0.000 0.000 0.009 0.007 0.006 0.009 0.006 0.007 0.008 0.006 0.006 0.006 0.008 0.006 0.005 0.005 0.010 0.004 0.004 0.005 0.006 0.003 0.005 0.005 0.008 0.005 0.002 0.004 0.003 0.006 0.010 0.006 0.005 0.000 0.005 0.005 0.003 0.000 0.008 0.005 0.008 0.007 0.002 0.001 0.000 0.001 0.000 0.000 0.000 0.000 0.001 0.001 0.001 0.000 0.001 0.003 0.010 0.000 0.000 0.000 0.008 0.007 0.000 0.000 0.000 0.000 0.000 0.000 0.000 0.000 0.000 0.000 0.000
0.000 0.000 0.000 0.000 0.000 0.000 0.004 0.007 0.009 0.009 0.003 0.004 0.004 0.008 0.006 0.005 0.008 0.005 0.003 0.006 0.008 0.005 0.003 0.004 0.005 0.005 0.000 0.000 0.002 0.002 0.002 0.000 0.000 0.006 0.008 0.007 0.005 0.000 0.000 0.002 0.002 0.010 0.010 0.004 0.000 0.007 0.002 0.001 0.000 0.002 0.001 0.002 0.001 0.000 0.000 0.001 0.002 0.001 0.001 0.002 0.004 0.000 0.000 0.000 0.000 0.006 0.000 0.000 0.000 0.000 0.000 0.000 0.000 0.000 0.000 0.000 0.000
0.000 0.000 0.000 0.000 0.000 0.008 0.008 0.009 0.005 0.009 0.008 0.010 0.003 0.003 0.004 0.006 0.008 0.007 0.004 0.003 0.003 0.003 0.000 0.000 0.000 0.009 0.000 0.002 0.002 0.002 0.000 0.002 0.000 0.004 0.007 0.009 0.005 0.000 0.000 0.000 0.000 0.001 0.090 0.003 0.001 0.001 0.001 0.000 0.002 0.000 0.005 0.002 0.003 0.001 0.001 0.001 0.001 0.000 0.000 0.004 0.004 0.006 0.000 0.000 0.000 0.000 0.006 0.000 0.000 0.000 0.000 0.000 0.000 0.000 0.000 0.000 0.000
0.000 0.000 0.000 0.000 0.000 0.008 0.008 0.009 0.005 0.009 0.004 0.005 0.002 0.006 0.005 0.004 0.004 0.005 0.000 0.003 0.004 0.003 0.010 0.010 0.009 0.010 0.010 0.000 0.000 0.000 0.001 0.000 0.003 0.003 0.006 0.006 0.004 0.003 0.001 0.000 0.000 0.000 0.000 0.002 0.000 0.001 0.001 0.001 0.002 0.002 0.005 0.008 0.002 0.000 0.000 0.001 0.001 0.001 0.001 0.001 0.001 0.004 0.008 0.000 0.000 0.000 0.000 0.006 0.000 0.000 0.000 0.000 0.000 0.000 0.000 0.000 0.000
0.000 0.000 0.000 0.000 0.000 0.008 0.008 0.009 0.004 0.006 0.005 0.004 0.010 0.004 0.003 0.003 0.004 0.000 0.005 0.009 0.009 0.008 0.009 0.010 0.010 0.010 0.006 0.002 0.002 0.000 0.002 0.000 0.002 0.003 0.005 0.008 0.005 0.003 0.000 0.000 0.000 0.000 0.000 0.003 0.000 0.001 0.000 0.000 0.001 0.005 0.005 0.003 0.001 0.000 0.000 0.000 0.001 0.001 0.001 0.002 0.007 0.003 0.008 0.000 0.000 0.000 0.000 0.006 0.000 0.000 0.000 0.000 0.000 0.000 0.000 0.000 0.000
0.000 0.000 0.000 0.000 0.000 0.008 0.008 0.009 0.005 0.006 0.004 0.010 0.003 0.003 0.003 0.004 0.004 0.010 0.012 0.008 0.000 0.004 0.004 0.007 0.008 0.009 0.006 0.003 0.000 0.001 0.000 0.001 0.003 0.005 0.003 0.009 0.009 0.003 0.000 0.000 0.000 0.000 0.001 0.003 0.002 0.001 0.002 0.001 0.001 0.001 0.001 0.001 0.005 0.000 0.000 0.000 0.000 0.001 0.001 0.000 0.007 0.007 0.000 0.000 0.000 0.000 0.000 0.000 0.006 0.000 0.000 0.000 0.000 0.000 0.000 0.000 0.000
0.000 0.000 0.000 0.000 0.000 0.008 0.009 0.007 0.007 0.007 0.004 0.010 0.004 0.003 0.003 0.004 0.005 0.005 0.003 0.007 0.004 0.005 0.008 0.010 0.010 0.010 0.007 0.003 0.003 0.000 0.000 0.002 0.000 0.009 0.000 0.004 0.010 0.005 0.001 0.001 0.000 0.002 0.004 0.004 0.002 0.000 0.000 0.000 0.001 0.000 0.000 0.002 0.010 0.002 0.007 0.000 0.000 0.003 0.003 0.000 0.008 0.001 0.003 0.007 0.000 0.000 0.000 0.000 0.006 0.000 0.000 0.000 0.000 0.000 0.000 0.000 0.000
0.000 0.000 0.000 0.000 0.000 0.008 0.006 0.009 0.006 0.010 0.006 0.008 0.003 0.003 0.005 0.004 0.004 0.005 0.010 0.010 0.000 0.010 0.010 0.063 0.010 0.010 0.008 0.000 0.005 0.002 0.001 0.002 0.002 0.006 0.009 0.005 0.008 0.007 0.000 0.000 0.003 0.000 0.005 0.010 0.002 0.001 0.000 0.001 0.001 0.000 0.000 0.000 0.010 0.010 0.000 0.004 0.004 0.001 0.002 0.002 0.000 0.002 0.007 0.004 0.000 0.000 0.000 0.000 0.006 0.000 0.000 0.000 0.000 0.000 0.000 0.000 0.000
0.000 0.000 0.000 0.000 0.000 0.000 0.009 0.007 0.006 0.006 0.006 0.000 0.003 0.003 0.004 0.004 0.003 0.013 0.000 0.010 0.000 0.010 0.010 0.010 0.000 0.010 0.008 0.000 0.000 0.002 0.002 0.004 0.004 0.005 0.007 0.005 0.007 0.004 0.004 0.000 0.002 0.001 0.005 0.050 0.002 0.002 0.000 0.000 0.001 0.000 0.000 0.421 0.127 0.010 0.001 0.001 0.000 0.001 0.000 0.001 0.002 0.006 0.001 0.002 0.007 0.000 0.000 0.000 0.006 0.006 0.000 0.000 0.000 0.000 0.000 0.000 0.000
0.000 0.000 0.000 0.000 0.000 0.000 0.009 0.005 0.009 0.006 0.004 0.007 0.006 0.003 0.004 0.005 0.006 0.000 0.010 0.036 0.010 0.048 0.010 0.010 0.000 0.010 0.009 0.014 0.000 0.005 0.007 0.005 0.008 0.010 0.010 0.005 0.011 0.007 0.005 0.000 0.000 0.002 0.000 0.000 0.002 0.000 0.002 0.005 0.002 0.002 0.003 0.000 0.000 0.010 0.003 0.003 0.001 0.000 0.000 0.000 0.001 0.000 0.002 0.001 0.005 0.000 0.000 0.000 0.007 0.007 0.000 0.000 0.000 0.000 0.000 0.000 0.000
0.000 0.000 0.000 0.000 0.000 0.000 0.009 0.005 0.007 0.005 0.003 0.003 0.002 0.004 0.005 0.000 0.010 0.010 0.010 0.010 0.010 0.010 0.010 0.058 0.010 0.010 0.009 0.008 0.010 0.006 0.009 0.010 0.010 0.010 0.035 0.006 0.006 0.009 0.005 0.000 0.000 0.003 0.001 0.010 0.008 0.002 0.001 0.001 0.001 0.003 0.001 0.001 0.000 0.010 0.007 0.007 0.001 0.001 0.001 0.000 0.001 0.000 0.000 0.002 0.003 0.007 0.000 0.000 0.000 0.007 0.000 0.000 0.000 0.000 0.000 0.000 0.000
0.000 0.000 0.000 0.000 0.000 0.000 0.009 0.004 0.007 0.009 0.004 0.002 0.004 0.000 0.009 0.010 0.014 0.010 0.010 0.010 0.010 0.010 0.010 0.010 0.010 0.010 0.009 0.007 0.009 0.009 0.010 0.009 0.010 0.010 0.010 0.017 0.007 0.009 0.008 0.007 0.005 0.002 0.000 0.009 0.007 0.000 0.001 0.001 0.000 0.000 0.001 0.001 0.010 0.010 0.003 0.001 0.001 0.002 0.001 0.001 0.000 0.001 0.002 0.000 0.002 0.007 0.000 0.000 0.000 0.008 0.000 0.000 0.000 0.000 0.000 0.000 0.000
0.000 0.000 0.000 0.000 0.000 0.000 0.009 0.005 0.006 0.005 0.005 0.000 0.010 0.010 0.010 0.060 0.010 0.010 0.010 0.010 0.010 0.058 0.010 0.010 0.010 0.010 0.010 0.005 0.000 0.000 0.000 0.000 0.000 0.000 0.000 0.008 0.005 0.010 0.010 0.000 0.002 0.005 0.007 0.007 0.003 0.002 0.001 0.000 0.000 0.001 0.000 0.001 0.036 0.010 0.001 0.000 0.000 0.001 0.001 0.001 0.001 0.000 0.003 0.000 0.007 0.007 0.000 0.000 0.000 0.008 0.000 0.000 0.000 0.000 0.000 0.000 0.000
0.000 0.000 0.000 0.000 0.000 0.000 0.008 0.006 0.006 0.003 0.007 0.010 0.010 0.010 0.010 0.012 0.010 0.010 0.010 0.010 0.010 0.010 0.010 0.010 0.051 0.010 0.010 0.007 0.010 0.008 0.005 0.003 0.000 0.022 0.000 0.010 0.003 0.007 0.010 0.000 0.005 0.005 0.002 0.007 0.005 0.004 0.000 0.000 0.001 0.001 0.000 0.001 0.000 0.003 0.002 0.000 0.001 0.000 0.001 0.001 0.000 0.000 0.003 0.007 0.003 0.005 0.008 0.000 0.000 0.000 0.008 0.000 0.000 0.000 0.000 0.000 0.000
0.000 0.000 0.000 0.000 0.000 0.000 0.008 0.006 0.007 0.005 0.009 0.000 0.010 0.012 0.010 0.010 0.010 0.010 0.051 0.010 0.010 0.010 0.047 0.010 0.009 0.008 0.009 0.008 0.000 0.008 0.006 0.006 0.003 0.010 0.000 0.000 0.014 0.010 0.010 0.000 0.005 0.008 0.004 0.005 0.000 0.002 0.000 0.000 0.001 0.001 0.001 0.000 0.000 0.000 0.003 0.001 0.000 0.000 0.001 0.001 0.002 0.003 0.001 0.000 0.001 0.003 0.008 0.000 0.000 0.000 0.009 0.000 0.000 0.000 0.000 0.000 0.000
0.000 0.000 0.000 0.000 0.000 0.000 0.008 0.006 0.008 0.005 0.009 0.000 0.033 0.010 0.010 0.010 0.010 0.010 0.010 0.010 0.010 0.010 0.000 0.011 0.000 0.040 0.008 0.007 0.000 0.009 0.007 0.006 0.004 0.000 0.000 0.000 0.010 0.010 0.004 0.004 0.003 0.008 0.004 0.005 0.000 0.002 0.000 0.001 0.002 0.002 0.001 0.000 0.000 0.000 0.003 0.005 0.001 0.007 0.000 0.001 0.005 0.001 0.000 0.001 0.002 0.002 0.008 0.000 0.000 0.000 0.008 0.000 0.000 0.000 0.000 0.000 0.000
0.000 0.000 0.000 0.000 0.000 0.000 0.008 0.005 0.008 0.005 0.006 0.010 0.010 0.010 0.016 0.038 0.010 0.010 0.010 0.010 0.010 0.008 0.010 0.000 0.000 0.010 0.008 0.005 0.009 0.010 0.006 0.007 0.007 0.004 0.000 0.000 0.008 0.010 0.007 0.003 0.003 0.000 0.000 0.000 0.051 0.004 0.000 0.000 0.003 0.003 0.004 0.001 0.003 0.003 0.002 0.001 0.001 0.001 0.001 0.001 0.002 0.002 0.003 0.001 0.001 0.002 0.008 0.000 0.000 0.000 0.008 0.000 0.000 0.000 0.000 0.000 0.000
0.000 0.000 0.000 0.000 0.000 0.000 0.000 0.006 0.008 0.005 0.002 0.006 0.010 0.010 0.010 0.010 0.010 0.010 0.067 0.010 0.008 0.000 0.009 0.008 0.007 0.007 0.008 0.007 0.010 0.010 0.010 0.010 0.000 0.012 0.006 0.000 0.007 0.010 0.007 0.004 0.003 0.002 0.000 0.000 0.010 0.003 0.007 0.002 0.002 0.000 0.000 0.002 0.000 0.001 0.001 0.000 0.000 0.000 0.003 0.001 0.002 0.001 0.000 0.003 0.005 0.002 0.008 0.000 0.000 0.000 0.008 0.000 0.000 0.000 0.000 0.000 0.000
0.000 0.000 0.000 0.000 0.000 0.000 0.008 0.008 0.008 0.006 0.003 0.007 0.000 0.010 0.010 0.010 0.022 0.010 0.008 0.008 0.006 0.010 0.028 0.010 0.053 0.010 0.033 0.010 0.079 0.068 0.011 0.010 0.010 0.010 0.005 0.006 0.004 0.004 0.003 0.000 0.002 0.000 0.000 0.002 0.002 0.005 0.002 0.001 0.001 0.000 0.000 0.005 0.002 0.001 0.001 0.001 0.001 0.001 0.000 0.000 0.001 0.000 0.000 0.000 0.000 0.002 0.005 0.008 0.000 0.000 0.008 0.000 0.000 0.000 0.000 0.000 0.000
0.000 0.000 0.000 0.000 0.000 0.000 0.009 0.005 0.008 0.006 0.010 0.010 0.000 0.010 0.010 0.022 0.009 0.000 0.009 0.006 0.000 0.000 0.000 0.010 0.010 0.010 0.010 0.007 0.033 0.033 0.010 0.010 0.010 0.009 0.000 0.000 0.000 0.005 0.008 0.004 0.004 0.000 0.004 0.002 0.014 0.005 0.002 0.002 0.001 0.000 0.000 0.007 0.010 0.010 0.012 0.009 0.005 0.001 0.001 0.001 0.001 0.001 0.000 0.000 0.001 0.007 0.007 0.007 0.000 0.000 0.000 0.007 0.000 0.000 0.000 0.000 0.000
0.000 0.000 0.000 0.000 0.000 0.000 0.009 0.005 0.009 0.006 0.008 0.010 0.010 0.063 0.009 0.007 0.008 0.006 0.008 0.000 0.000 0.000 0.000 0.000 0.000 0.010 0.010 0.007 0.000 0.051 0.010 0.010 0.010 0.008 0.005 0.008 0.003 0.005 0.008 0.004 0.009 0.005 0.000 0.003 0.002 0.000 0.002 0.000 0.014 0.010 0.010 0.003 0.010 0.000 0.010 0.010 0.009 0.008 0.001 0.000 0.001 0.001 0.000 0.000 0.001 0.007 0.002 0.007 0.000 0.000 0.000 0.007 0.000 0.000 0.000 0.000 0.000
0.000 0.000 0.000 0.000 0.000 0.000 0.009 0.005 0.009 0.006 0.010 0.006 0.040 0.010 0.000 0.008 0.007 0.006 0.000 0.000 0.008 0.009 0.023 0.000 0.000 0.000 0.000 0.007 0.000 0.000 0.000 0.000 0.000 0.000 0.004 0.000 0.005 0.006 0.010 0.010 0.000 0.003 0.000 0.000 0.010 0.003 0.005 0.010 0.010 0.006 0.000 0.003 0.010 0.000 0.010 0.010 0.011 0.009 0.004 0.001 0.001 0.001 0.003 0.007 0.002 0.007 0.002 0.007 0.000 0.000 0.000 0.000 0.000 0.000 0.000 0.000 0.000
0.000 0.000 0.000 0.000 0.000 0.000 0.010 0.006 0.010 0.006 0.008 0.000 0.000 0.000 0.007 0.007 0.005 0.000 0.005 0.004 0.010 0.000 0.010 0.010 0.010 0.000 0.000 0.009 0.000 0.000 0.000 0.000 0.000 0.000 0.008 0.010 0.009 0.010 0.010 0.004 0.009 0.003 0.002 0.005 0.010 0.005 0.010 0.000 0.006 0.004 0.010 0.003 0.002 0.003 0.010 0.010 0.005 0.003 0.001 0.003 0.005 0.000 0.003 0.007 0.007 0.003 0.001 0.007 0.000 0.000 0.000 0.000 0.000 0.000 0.000 0.000 0.000
0.000 0.000 0.000 0.000 0.000 0.000 0.010 0.006 0.010 0.007 0.000 0.000 0.004 0.000 0.006 0.000 0.006 0.009 0.026 0.010 0.010 0.010 0.010 0.010 0.010 0.010 0.010 0.007 0.000 0.000 0.020 0.010 0.000 0.000 0.000 0.009 0.010 0.007 0.010 0.004 0.006 0.002 0.004 0.003 0.004 0.003 0.010 0.003 0.002 0.003 0.004 0.003 0.002 0.004 0.004 0.003 0.004 0.004 0.004 0.008 0.007 0.001 0.005 0.003 0.003 0.003 0.002 0.007 0.000 0.000 0.000 0.007 0.000 0.000 0.000 0.000 0.000
0.000 0.000 0.000 0.000 0.000 0.000 0.010 0.007 0.010 0.008 0.005 0.003 0.000 0.004 0.009 0.006 0.000 0.010 0.010 0.000 0.000 0.026 0.074 0.022 0.010 0.010 0.010 0.008 0.000 0.000 0.000 0.000 0.009 0.008 0.004 0.005 0.004 0.009 0.010 0.005 0.009 0.007 0.003 0.005 0.005 0.010 0.010 0.003 0.010 0.003 0.004 0.003 0.003 0.005 0.004 0.005 0.010 0.007 0.006 0.002 0.005 0.001 0.000 0.000 0.002 0.001 0.002 0.007 0.000 0.000 0.000 0.007 0.000 0.000 0.000 0.000 0.000
