hx_30m/njhx/rain/result-0048.wd
ncols         211
nrows         286
xllcorner     660279.582600
yllcorner     3541874.325092
cellsize      30.000000
NODATA_value  -9999.000000
[rows 136 to 169 of 286, columns 77 to 153 of 211]
0.002 0.001 0.003 0.003 0.003 0.005 0.001 0.003 0.003 0.005 0.003 0.003 0.010 0.002 0.002 0.002 0.002 0.002 0.001 0.002 0.001 0.005 0.001 0.001 0.002 0.010 0.002 0.003 0.003 0.003 0.002 0.002 0.006 0.006 0.000 0.001 0.011 0.001 0.003 0.001 0.010 0.001 0.001 0.000 0.005 0.001 0.003 0.001 0.001 0.001 0.005 0.000 0.002 0.001 0.000 0.000 0.001 0.000 0.000 0.000 0.000 0.001 0.000 0.000 0.002 0.010 0.000 0.010 0.001 0.000 0.000 0.000 0.000 0.010 0.003 0.008 0.000
0.001 0.001 0.003 0.003 0.003 0.001 0.005 0.003 0.001 0.001 0.003 0.001 0.002 0.001 0.008 0.002 0.001 0.001 0.001 0.001 0.003 0.001 0.003 0.003 0.002 0.002 0.002 0.002 0.001 0.000 0.000 0.000 0.000 0.000 0.002 0.001 0.079 0.002 0.010 0.000 0.000 0.001 0.000 0.000 0.000 0.005 0.000 0.001 0.000 0.003 0.001 0.001 0.003 0.001 0.005 0.000 0.000 0.003 0.000 0.000 0.000 0.000 0.003 0.005 0.001 0.005 0.000 0.000 0.007 0.001 0.000 0.000 0.001 0.000 0.000 0.000 0.000
0.000 0.000 0.000 0.000 0.000 0.000 0.000 0.000 0.002 0.003 0.001 0.000 0.000 0.000 0.000 0.000 0.003 0.001 0.001 0.000 0.000 0.001 0.002 0.001 0.010 0.006 0.010 0.010 0.000 0.000 0.000 0.000 0.000 0.000 0.000 0.003 0.692 0.001 0.000 0.010 0.001 0.000 0.010 0.010 0.010 0.035 0.000 0.000 0.000 0.000 0.000 0.000 0.000 0.000 0.000 0.001 0.001 0.000 0.001 0.001 0.000 0.000 0.002 0.001 0.001 0.005 0.001 0.002 0.002 0.001 0.002 0.002 0.010 0.001 0.000 0.000 0.000
0.001 0.001 0.005 0.001 0.001 0.001 0.005 0.002 0.001 0.003 0.000 0.000 0.001 0.002 0.000 0.000 0.000 0.030 0.042 0.010 0.003 0.003 0.002 0.001 0.010 0.010 0.010 0.001 0.000 0.000 0.001 0.002 0.000 0.000 0.000 0.001 0.010 0.001 0.046 0.000 0.000 0.000 0.003 0.010 0.000 0.005 0.000 0.001 0.000 0.000 0.000 0.000 0.002 0.000 0.000 0.000 0.000 0.000 0.000 0.001 0.001 0.002 0.002 0.001 0.005 0.005 0.000 0.001 0.001 0.000 0.003 0.001 0.001 0.010 0.001 0.001 0.001
0.004 0.001 0.000 0.001 0.001 0.001 0.000 0.001 0.004 0.006 0.003 0.002 0.001 0.003 0.002 0.001 0.001 0.001 0.000 0.001 0.001 0.001 0.003 0.001 0.010 0.010 0.010 0.002 0.000 0.000 0.000 0.001 0.000 0.000 0.000 0.003 0.010 0.001 0.009 0.002 0.000 0.000 0.000 0.010 0.010 0.002 0.000 0.003 0.001 0.003 0.010 0.010 0.003 0.000 0.000 0.000 0.000 0.000 0.000 0.000 0.000 0.000 0.000 0.000 0.002 0.000 0.000 0.010 0.005 0.019 0.128 0.117 0.000 0.031 0.005 0.002 0.001
0.005 0.000 0.000 0.005 0.000 0.000 0.001 0.000 0.002 0.003 0.010 0.032 0.099 0.010 0.010 0.010 0.000 0.000 0.053 0.010 0.010 0.010 0.001 0.001 0.010 0.010 0.010 0.017 0.000 0.000 0.000 0.005 0.000 0.000 0.000 0.001 0.010 0.001 0.001 0.002 0.001 0.000 0.000 0.010 0.000 0.000 0.006 0.001 0.000 0.000 0.000 0.000 0.000 0.000 0.001 0.000 0.000 0.000 0.000 0.000 0.000 0.000 0.000 0.000 0.001 0.001 0.000 0.000 0.010 0.138 0.065 0.124 0.005 0.000 0.035 0.010 0.010
0.011 0.001 0.005 0.010 0.006 0.010 0.010 0.010 0.002 0.001 0.073 0.010 0.078 0.010 0.096 0.010 0.084 0.010 0.010 0.010 0.138 0.005 0.001 0.002 0.010 0.010 0.010 0.006 0.000 0.001 0.000 0.001 0.000 0.001 0.000 0.001 0.003 0.002 0.001 0.000 0.001 0.010 0.000 0.000 0.000 0.000 0.000 0.001 0.000 0.000 0.001 0.002 0.000 0.001 0.000 0.000 0.000 0.000 0.000 0.002 0.010 0.010 0.000 0.000 0.000 0.000 0.000 0.003 0.010 0.144 0.080 0.010 0.010 0.036 0.010 0.000 0.010
0.010 0.010 0.002 0.003 0.002 0.001 0.001 0.001 0.001 0.003 0.010 0.010 0.010 0.119 0.010 0.010 0.010 0.010 0.117 0.010 0.044 0.010 0.001 0.006 0.010 0.010 0.010 0.002 0.005 0.000 0.000 0.000 0.000 0.000 0.005 0.001 0.003 0.001 0.000 0.000 0.010 0.000 0.047 0.000 0.000 0.000 0.000 0.000 0.000 0.000 0.001 0.010 0.010 0.004 0.000 0.000 0.000 0.001 0.000 0.001 0.000 0.003 0.001 0.003 0.001 0.000 0.000 0.010 0.010 0.029 0.010 0.010 0.000 0.000 0.052 0.010 0.010
0.010 0.010 0.010 0.010 0.010 0.010 0.000 0.003 0.010 0.010 0.010 0.010 0.010 0.010 0.000 0.000 0.000 0.000 0.010 0.010 0.095 0.010 0.001 0.006 0.010 0.109 0.010 0.010 0.002 0.010 0.003 0.005 0.002 0.010 0.007 0.002 0.002 0.001 0.001 0.010 0.010 0.046 0.010 0.056 0.000 0.002 0.001 0.059 0.010 0.092 0.010 0.010 0.010 0.002 0.010 0.010 0.010 0.050 0.010 0.077 0.000 0.000 0.000 0.000 0.001 0.000 0.000 0.000 0.010 0.047 0.010 0.010 0.000 0.010 0.000 0.010 0.000
0.006 0.010 0.010 0.010 0.010 0.010 0.000 0.000 0.002 0.006 0.010 0.010 0.010 0.010 0.010 0.010 0.010 0.010 0.010 0.010 0.010 0.005 0.001 0.003 0.010 0.010 0.010 0.103 0.002 0.002 0.003 0.001 0.007 0.002 0.003 0.005 0.010 0.000 0.010 0.010 0.010 0.010 0.152 0.003 0.000 0.001 0.010 0.010 0.010 0.010 0.010 0.007 0.006 0.001 0.014 0.010 0.010 0.010 0.010 0.062 0.010 0.000 0.000 0.000 0.003 0.000 0.000 0.000 0.001 0.010 0.010 0.000 0.022 0.037 0.011 0.010 0.010
0.003 0.002 0.006 0.006 0.005 0.003 0.000 0.000 0.002 0.010 0.010 0.010 0.010 0.010 0.010 0.010 0.010 0.010 0.010 0.010 0.089 0.002 0.001 0.002 0.003 0.001 0.000 0.001 0.001 0.001 0.002 0.005 0.011 0.005 0.002 0.002 0.001 0.000 0.001 0.001 0.001 0.005 0.001 0.001 0.005 0.001 0.002 0.000 0.000 0.000 0.010 0.000 0.000 0.001 0.032 0.000 0.000 0.066 0.010 0.017 0.000 0.000 0.000 0.000 0.003 0.002 0.000 0.000 0.000 0.010 0.010 0.000 0.001 0.003 0.002 0.000 0.000
0.010 0.010 0.010 0.005 0.003 0.002 0.003 0.006 0.003 0.010 0.060 0.010 0.010 0.010 0.010 0.010 0.010 0.010 0.010 0.010 0.010 0.010 0.003 0.005 0.004 0.000 0.001 0.001 0.001 0.003 0.005 0.002 0.010 0.003 0.002 0.005 0.001 0.003 0.010 0.010 0.022 0.010 0.010 0.010 0.010 0.005 0.010 0.002 0.001 0.001 0.010 0.001 0.000 0.000 0.000 0.000 0.000 0.010 0.175 0.000 0.000 0.097 0.045 0.000 0.002 0.000 0.001 0.000 0.000 0.000 0.000 0.000 0.001 0.000 0.007 0.000 0.000
0.116 0.010 0.010 0.010 0.010 0.030 0.010 0.001 0.001 0.010 0.010 0.010 0.010 0.010 0.010 0.010 0.010 0.010 0.010 0.010 0.010 0.002 0.005 0.000 0.001 0.001 0.001 0.001 0.001 0.002 0.002 0.002 0.001 0.001 0.001 0.001 0.001 0.005 0.010 0.010 0.010 0.010 0.010 0.055 0.010 0.001 0.000 0.002 0.001 0.000 0.064 0.000 0.000 0.000 0.060 0.010 0.010 0.010 0.010 0.000 0.070 0.010 0.010 0.000 0.003 0.000 0.000 0.000 0.000 0.000 0.000 0.000 0.000 0.000 0.002 0.000 0.000
0.000 0.017 0.010 0.010 0.010 0.010 0.010 0.001 0.002 0.010 0.010 0.455 0.010 0.010 0.010 0.010 0.010 0.010 0.010 0.010 0.010 0.002 0.004 0.003 0.005 0.004 0.003 0.003 0.002 0.010 0.006 0.010 0.010 0.005 0.001 0.000 0.001 0.005 0.010 0.030 0.010 0.010 0.010 0.000 0.000 0.001 0.003 0.000 0.000 0.001 0.001 0.005 0.001 0.001 0.000 0.002 0.005 0.010 0.010 0.000 0.010 0.004 0.010 0.004 0.010 0.010 0.000 0.000 0.000 0.000 0.007 0.011 0.000 0.000 0.000 0.000 0.000
0.010 0.010 0.010 0.010 0.010 0.010 0.010 0.010 0.005 0.010 0.028 0.156 0.152 0.010 0.010 0.010 0.010 0.010 0.010 0.024 0.010 0.002 0.001 0.006 0.010 0.010 0.010 0.010 0.010 0.010 0.010 0.050 0.010 0.001 0.001 0.005 0.001 0.000 0.006 0.003 0.009 0.008 0.001 0.000 0.000 0.000 0.000 0.000 0.000 0.001 0.000 0.010 0.005 0.005 0.001 0.005 0.002 0.001 0.001 0.001 0.010 0.001 0.000 0.000 0.002 0.001 0.001 0.000 0.000 0.000 0.001 0.000 0.000 0.000 0.000 0.000 0.000
0.010 0.010 0.010 0.010 0.010 0.010 0.010 0.003 0.002 0.010 0.010 0.010 0.098 0.010 0.010 0.010 0.010 0.010 0.010 0.010 0.062 0.010 0.010 0.002 0.002 0.000 0.000 0.000 0.000 0.000 0.002 0.005 0.010 0.005 0.001 0.010 0.002 0.005 0.010 0.010 0.010 0.010 0.000 0.000 0.000 0.004 0.001 0.000 0.000 0.010 0.010 0.010 0.020 0.105 0.057 0.010 0.010 0.010 0.010 0.003 0.003 0.001 0.005 0.001 0.001 0.000 0.005 0.000 0.000 0.000 0.000 0.000 0.002 0.001 0.000 0.000 0.000
0.130 0.091 0.010 0.010 0.010 0.010 0.003 0.004 0.001 0.010 0.010 0.010 0.010 0.010 0.010 0.010 0.010 0.010 0.010 0.010 0.010 0.002 0.002 0.005 0.001 0.000 0.000 0.000 0.000 0.000 0.000 0.002 0.010 0.003 0.001 0.003 0.000 0.010 0.010 0.010 0.010 0.010 0.013 0.006 0.003 0.001 0.001 0.000 0.010 0.010 0.010 0.065 0.000 0.025 0.002 0.002 0.005 0.002 0.001 0.001 0.001 0.002 0.003 0.001 0.005 0.003 0.001 0.000 0.001 0.001 0.000 0.000 0.000 0.001 0.000 0.005 0.000
0.010 0.556 0.010 0.010 0.010 0.206 0.005 0.005 0.010 0.010 0.010 0.010 0.010 0.010 0.010 0.010 0.010 0.010 0.010 0.010 0.010 0.002 0.002 0.005 0.002 0.000 0.000 0.000 0.000 0.000 0.000 0.003 0.010 0.002 0.001 0.006 0.000 0.010 0.010 0.005 0.005 0.002 0.010 0.010 0.010 0.010 0.010 0.005 0.004 0.009 0.012 0.001 0.001 0.001 0.005 0.001 0.001 0.002 0.001 0.004 0.001 0.001 0.001 0.001 0.004 0.003 0.001 0.001 0.001 0.002 0.001 0.000 0.000 0.002 0.000 0.001 0.002
0.010 0.010 0.010 0.010 0.010 0.057 0.005 0.003 0.003 0.010 0.010 0.010 0.010 0.010 0.010 0.010 0.054 0.010 0.010 0.010 0.010 0.003 0.002 0.002 0.001 0.005 0.005 0.010 0.010 0.000 0.003 0.003 0.005 0.010 0.002 0.001 0.001 0.010 0.010 0.002 0.007 0.010 0.002 0.003 0.003 0.003 0.001 0.001 0.001 0.001 0.001 0.001 0.001 0.005 0.005 0.001 0.003 0.002 0.005 0.010 0.001 0.001 0.000 0.000 0.000 0.002 0.000 0.000 0.000 0.002 0.001 0.000 0.007 0.001 0.003 0.000 0.000
0.010 0.010 0.010 0.010 0.010 0.010 0.010 0.010 0.010 0.010 0.010 0.010 0.010 0.010 0.010 0.278 0.134 0.086 0.010 0.010 0.010 0.010 0.010 0.002 0.003 0.003 0.003 0.002 0.002 0.005 0.001 0.001 0.005 0.001 0.002 0.167 0.010 0.001 0.002 0.003 0.003 0.005 0.002 0.002 0.002 0.003 0.001 0.005 0.001 0.005 0.010 0.010 0.010 0.005 0.003 0.010 0.010 0.016 0.010 0.005 0.000 0.000 0.000 0.000 0.000 0.001 0.000 0.000 0.000 0.000 0.000 0.000 0.002 0.004 0.001 0.001 0.007
0.000 0.010 0.020 0.101 0.116 0.010 0.003 0.010 0.010 0.010 0.010 0.195 0.048 0.078 0.153 0.247 0.233 0.179 0.010 0.010 0.266 0.002 0.002 0.001 0.001 0.003 0.005 0.001 0.001 0.010 0.001 0.002 0.001 0.001 0.001 0.001 0.010 0.001 0.001 0.003 0.003 0.001 0.005 0.010 0.005 0.010 0.010 0.010 0.056 0.091 0.045 0.000 0.000 0.003 0.002 0.000 0.000 0.000 0.000 0.000 0.000 0.000 0.000 0.000 0.000 0.001 0.000 0.000 0.000 0.000 0.000 0.000 0.001 0.000 0.000 0.000 0.002
0.186 0.192 0.040 0.010 0.010 0.005 0.001 0.002 0.124 0.143 0.141 0.134 0.082 0.010 0.140 0.257 0.238 0.010 0.010 0.010 0.240 0.002 0.001 0.001 0.001 0.001 0.002 0.001 0.005 0.005 0.005 0.005 0.006 0.002 0.001 0.002 0.010 0.005 0.005 0.003 0.000 0.005 0.003 0.141 0.010 0.000 0.000 0.000 0.000 0.000 0.000 0.000 0.000 0.003 0.003 0.010 0.010 0.000 0.010 0.000 0.001 0.001 0.001 0.000 0.000 0.003 0.000 0.000 0.000 0.000 0.000 0.000 0.001 0.004 0.001 0.000 0.010
0.010 0.010 0.010 0.010 0.010 0.010 0.006 0.010 0.098 0.122 0.087 0.103 0.081 0.039 0.193 0.188 0.051 0.010 0.010 0.028 0.074 0.002 0.001 0.005 0.005 0.000 0.000 0.000 0.000 0.000 0.000 0.002 0.002 0.012 0.003 0.003 0.217 0.001 0.000 0.000 0.000 0.003 0.010 0.000 0.000 0.010 0.010 0.010 0.000 0.000 0.000 0.000 0.001 0.001 0.002 0.000 0.003 0.001 0.001 0.003 0.006 0.000 0.000 0.000 0.000 0.001 0.000 0.003 0.001 0.000 0.001 0.000 0.000 0.000 0.002 0.001 0.000
0.010 0.010 0.010 0.010 0.010 0.006 0.002 0.010 0.040 0.085 0.129 0.010 0.010 0.010 0.010 0.010 0.010 0.010 0.174 0.010 0.010 0.002 0.001 0.000 0.000 0.000 0.000 0.000 0.000 0.000 0.003 0.005 0.010 0.010 0.002 0.001 0.242 0.001 0.010 0.000 0.005 0.005 0.010 0.000 0.010 0.010 0.010 0.010 0.010 0.000 0.000 0.010 0.000 0.001 0.000 0.010 0.001 0.021 0.010 0.000 0.002 0.003 0.001 0.001 0.000 0.010 0.000 0.000 0.003 0.001 0.000 0.000 0.000 0.000 0.000 0.000 0.000
0.010 0.010 0.010 0.010 0.010 0.003 0.002 0.010 0.010 0.128 0.542 0.010 0.010 0.010 0.010 0.010 0.010 0.010 0.010 0.010 0.010 0.003 0.002 0.000 0.000 0.000 0.000 0.000 0.000 0.000 0.000 0.002 0.003 0.002 0.002 0.001 0.002 0.001 0.073 0.010 0.010 0.010 0.010 0.000 0.241 0.000 0.010 0.055 0.085 0.010 0.010 0.010 0.010 0.001 0.000 0.003 0.000 0.045 0.015 0.000 0.000 0.010 0.000 0.010 0.002 0.001 0.000 0.000 0.000 0.000 0.000 0.000 0.000 0.001 0.000 0.000 0.000
0.010 0.010 0.010 0.010 0.010 0.010 0.005 0.010 0.010 0.086 0.010 0.010 0.273 0.010 0.010 0.010 0.010 0.010 0.010 0.010 0.010 0.003 0.001 0.000 0.000 0.000 0.000 0.000 0.000 0.000 0.000 0.000 0.000 0.002 0.010 0.001 0.002 0.001 0.005 0.114 0.035 0.010 0.159 0.010 0.120 0.000 0.000 0.000 0.010 0.010 0.010 0.010 0.002 0.001 0.005 0.010 0.000 0.000 0.004 0.000 0.005 0.010 0.000 0.061 0.010 0.001 0.001 0.000 0.001 0.000 0.000 0.000 0.000 0.000 0.000 0.000 0.001
0.010 0.000 0.010 0.010 0.010 0.001 0.001 0.010 0.010 0.120 0.118 0.010 0.144 0.131 0.010 0.010 0.171 0.051 0.010 0.010 0.010 0.002 0.001 0.000 0.000 0.000 0.000 0.000 0.000 0.000 0.000 0.000 0.000 0.002 0.005 0.003 0.002 0.000 0.005 0.096 0.074 0.010 0.000 0.000 0.049 0.010 0.010 0.010 0.010 0.000 0.000 0.000 0.003 0.001 0.063 0.000 0.000 0.000 0.000 0.000 0.003 0.001 0.000 0.000 0.040 0.001 0.000 0.000 0.000 0.000 0.000 0.001 0.001 0.000 0.000 0.000 0.002
0.010 0.003 0.006 0.006 0.005 0.003 0.002 0.010 0.010 0.010 0.162 0.010 0.010 0.005 0.010 0.153 0.204 0.010 0.010 0.010 0.022 0.001 0.010 0.005 0.010 0.010 0.000 0.000 0.000 0.000 0.000 0.000 0.000 0.003 0.010 0.002 0.000 0.001 0.003 0.220 0.065 0.000 0.000 0.005 0.010 0.000 0.000 0.000 0.010 0.010 0.010 0.000 0.002 0.004 0.000 0.000 0.000 0.000 0.000 0.000 0.000 0.000 0.001 0.000 0.001 0.001 0.000 0.000 0.000 0.000 0.001 0.001 0.000 0.000 0.000 0.010 0.010
0.002 0.001 0.031 0.003 0.001 0.010 0.010 0.003 0.002 0.010 0.003 0.005 0.002 0.003 0.010 0.003 0.003 0.003 0.003 0.010 0.003 0.001 0.001 0.005 0.001 0.001 0.001 0.001 0.003 0.000 0.003 0.002 0.005 0.001 0.010 0.003 0.003 0.002 0.001 0.010 0.161 0.003 0.002 0.005 0.003 0.001 0.001 0.002 0.002 0.003 0.009 0.000 0.003 0.001 0.010 0.000 0.000 0.000 0.000 0.000 0.000 0.000 0.000 0.000 0.002 0.003 0.000 0.006 0.001 0.001 0.010 0.002 0.000 0.010 0.010 0.010 0.056
0.008 0.000 0.000 0.000 0.011 0.010 0.009 0.000 0.001 0.001 0.001 0.001 0.001 0.001 0.001 0.001 0.001 0.001 0.001 0.002 0.001 0.003 0.001 0.001 0.001 0.001 0.003 0.003 0.002 0.005 0.001 0.024 0.005 0.003 0.010 0.003 0.001 0.005 0.002 0.002 0.002 0.002 0.010 0.010 0.010 0.000 0.000 0.000 0.001 0.002 0.001 0.001 0.005 0.003 0.001 0.001 0.000 0.000 0.000 0.001 0.000 0.000 0.000 0.000 0.004 0.003 0.000 0.000 0.000 0.000 0.001 0.000 0.000 0.000 0.010 0.043 0.000
0.010 0.003 0.001 0.002 0.001 0.010 0.001 0.001 0.001 0.003 0.001 0.001 0.001 0.001 0.001 0.001 0.001 0.001 0.001 0.001 0.002 0.001 0.001 0.000 0.000 0.001 0.001 0.001 0.001 0.001 0.001 0.001 0.001 0.000 0.000 0.003 0.001 0.003 0.001 0.010 0.010 0.010 0.010 0.010 0.010 0.001 0.002 0.005 0.006 0.010 0.000 0.000 0.001 0.000 0.000 0.001 0.009 0.001 0.000 0.001 0.000 0.000 0.000 0.000 0.003 0.001 0.000 0.001 0.000 0.000 0.000 0.000 0.000 0.000 0.000 0.010 0.000
0.001 0.001 0.001 0.000 0.001 0.010 0.003 0.001 0.000 0.001 0.005 0.001 0.001 0.001 0.001 0.005 0.012 0.005 0.005 0.010 0.001 0.001 0.001 0.005 0.010 0.010 0.010 0.001 0.000 0.001 0.001 0.000 0.001 0.010 0.000 0.005 0.001 0.005 0.001 0.002 0.010 0.010 0.010 0.010 0.010 0.003 0.002 0.010 0.001 0.005 0.002 0.001 0.001 0.000 0.000 0.000 0.006 0.000 0.000 0.003 0.001 0.000 0.000 0.001 0.001 0.001 0.001 0.000 0.000 0.000 0.000 0.000 0.000 0.000 0.003 0.010 0.001
0.002 0.010 0.008 0.002 0.003 0.066 0.001 0.002 0.001 0.001 0.001 0.003 0.001 0.005 0.003 0.010 0.005 0.010 0.000 0.000 0.001 0.001 0.000 0.000 0.002 0.010 0.000 0.010 0.010 0.001 0.003 0.009 0.001 0.010 0.010 0.005 0.005 0.002 0.002 0.001 0.010 0.010 0.010 0.010 0.010 0.010 0.010 0.010 0.005 0.010 0.000 0.001 0.010 0.005 0.000 0.002 0.000 0.000 0.000 0.010 0.001 0.000 0.000 0.001 0.001 0.001 0.003 0.000 0.000 0.000 0.000 0.000 0.000 0.000 0.002 0.000 0.000
0.000 0.002 0.000 0.000 0.001 0.012 0.001 0.002 0.002 0.004 0.010 0.001 0.096 0.005 0.010 0.004 0.010 0.010 0.005 0.005 0.003 0.001 0.000 0.003 0.000 0.000 0.000 0.002 0.000 0.000 0.000 0.000 0.000 0.034 0.005 0.000 0.010 0.001 0.002 0.001 0.010 0.010 0.010 0.010 0.022 0.177 0.005 0.000 0.001 0.000 0.001 0.030 0.000 0.003 0.000 0.001 0.000 0.000 0.000 0.001 0.000 0.001 0.000 0.000 0.000 0.000 0.000 0.001 0.001 0.000 0.003 0.000 0.000 0.000 0.001 0.000 0.000
