hx_30m/njhx/rain/result-0021.wd
ncols         211
nrows         286
xllcorner     660279.582600
yllcorner     3541874.325092
cellsize      30.000000
NODATA_value  -9999.000000
[rows 136 to 169 of 286, columns 77 to 153 of 211]
0.006 0.005 0.007 0.007 0.007 0.009 0.005 0.008 0.008 0.010 0.009 0.009 0.010 0.009 0.010 0.022 0.009 0.008 0.006 0.007 0.007 0.010 0.007 0.005 0.007 0.010 0.009 0.009 0.009 0.009 0.008 0.009 0.015 0.010 0.005 0.006 0.010 0.008 0.009 0.009 0.010 0.008 0.007 0.006 0.010 0.009 0.010 0.009 0.008 0.032 0.023 0.000 0.033 0.008 0.007 0.005 0.008 0.000 0.000 0.000 0.000 0.009 0.000 0.000 0.009 0.010 0.000 0.010 0.012 0.000 0.004 0.005 0.000 0.010 0.009 0.012 0.003
0.004 0.004 0.007 0.007 0.007 0.005 0.009 0.008 0.005 0.005 0.008 0.006 0.009 0.007 0.010 0.007 0.005 0.004 0.005 0.005 0.009 0.006 0.009 0.031 0.009 0.019 0.009 0.009 0.006 0.000 0.000 0.004 0.000 0.000 0.009 0.007 0.010 0.009 0.010 0.000 0.000 0.008 0.000 0.000 0.007 0.010 0.000 0.009 0.000 0.009 0.009 0.009 0.009 0.009 0.010 0.007 0.007 0.009 0.000 0.000 0.000 0.007 0.009 0.010 0.008 0.010 0.000 0.000 0.010 0.008 0.006 0.000 0.008 0.000 0.000 0.000 0.005
0.002 0.002 0.000 0.000 0.000 0.000 0.000 0.000 0.006 0.008 0.005 0.000 0.000 0.000 0.004 0.000 0.008 0.005 0.004 0.000 0.000 0.007 0.009 0.008 0.010 0.010 0.010 0.010 0.006 0.000 0.000 0.005 0.000 0.000 0.000 0.009 0.103 0.008 0.000 0.010 0.006 0.006 0.010 0.010 0.010 0.035 0.000 0.006 0.000 0.006 0.006 0.007 0.006 0.000 0.000 0.008 0.012 0.007 0.008 0.010 0.000 0.005 0.009 0.009 0.008 0.010 0.009 0.009 0.009 0.009 0.009 0.009 0.010 0.009 0.005 0.000 0.005
0.003 0.004 0.009 0.005 0.005 0.003 0.009 0.006 0.003 0.008 0.002 0.002 0.003 0.006 0.003 0.000 0.000 0.011 0.024 0.010 0.012 0.009 0.009 0.007 0.010 0.010 0.010 0.008 0.000 0.000 0.006 0.009 0.000 0.000 0.000 0.008 0.010 0.007 0.020 0.007 0.000 0.000 0.009 0.010 0.000 0.010 0.000 0.008 0.005 0.006 0.007 0.006 0.009 0.007 0.000 0.004 0.003 0.005 0.006 0.008 0.008 0.009 0.011 0.008 0.023 0.010 0.006 0.008 0.007 0.006 0.007 0.007 0.007 0.010 0.008 0.006 0.006
0.007 0.002 0.002 0.005 0.005 0.003 0.002 0.004 0.008 0.009 0.008 0.006 0.003 0.008 0.007 0.003 0.003 0.003 0.002 0.005 0.007 0.007 0.009 0.008 0.010 0.010 0.010 0.029 0.000 0.000 0.000 0.009 0.000 0.000 0.000 0.009 0.010 0.009 0.010 0.010 0.004 0.000 0.005 0.010 0.010 0.009 0.000 0.009 0.008 0.009 0.010 0.010 0.009 0.007 0.007 0.000 0.006 0.000 0.000 0.000 0.000 0.000 0.000 0.000 0.006 0.006 0.000 0.010 0.010 0.010 0.027 0.015 0.000 0.015 0.010 0.009 0.008
0.009 0.000 0.000 0.009 0.000 0.000 0.005 0.002 0.006 0.008 0.010 0.010 0.052 0.010 0.010 0.010 0.000 0.000 0.024 0.010 0.010 0.010 0.008 0.008 0.010 0.010 0.010 0.081 0.000 0.000 0.000 0.010 0.000 0.000 0.000 0.009 0.010 0.006 0.006 0.009 0.006 0.005 0.000 0.010 0.000 0.007 0.010 0.008 0.005 0.006 0.000 0.000 0.006 0.000 0.009 0.000 0.006 0.000 0.005 0.000 0.000 0.000 0.000 0.000 0.007 0.007 0.000 0.000 0.010 0.062 0.010 0.021 0.010 0.000 0.018 0.010 0.010
0.013 0.004 0.009 0.010 0.012 0.010 0.010 0.010 0.007 0.005 0.030 0.010 0.031 0.010 0.040 0.010 0.035 0.010 0.010 0.010 0.056 0.010 0.008 0.009 0.010 0.010 0.010 0.010 0.000 0.006 0.005 0.008 0.005 0.006 0.000 0.009 0.009 0.009 0.007 0.000 0.011 0.010 0.000 0.000 0.000 0.000 0.000 0.008 0.000 0.007 0.007 0.009 0.000 0.030 0.005 0.000 0.004 0.005 0.005 0.019 0.010 0.010 0.000 0.000 0.006 0.005 0.005 0.010 0.010 0.067 0.010 0.010 0.010 0.017 0.010 0.000 0.010
0.010 0.010 0.008 0.008 0.008 0.005 0.004 0.003 0.005 0.009 0.010 0.010 0.010 0.044 0.010 0.010 0.010 0.010 0.047 0.010 0.010 0.010 0.008 0.010 0.010 0.010 0.010 0.009 0.010 0.000 0.000 0.000 0.000 0.000 0.010 0.009 0.009 0.008 0.000 0.008 0.010 0.000 0.021 0.000 0.000 0.000 0.006 0.006 0.000 0.000 0.008 0.010 0.010 0.010 0.005 0.007 0.006 0.008 0.007 0.009 0.000 0.009 0.007 0.009 0.008 0.000 0.005 0.010 0.010 0.010 0.010 0.010 0.000 0.000 0.020 0.010 0.010
0.010 0.010 0.010 0.010 0.010 0.010 0.000 0.007 0.010 0.010 0.010 0.010 0.010 0.010 0.000 0.000 0.000 0.000 0.010 0.010 0.055 0.010 0.014 0.010 0.010 0.050 0.010 0.010 0.009 0.010 0.009 0.010 0.010 0.010 0.010 0.010 0.009 0.008 0.016 0.010 0.010 0.021 0.010 0.023 0.000 0.010 0.008 0.031 0.010 0.033 0.010 0.010 0.010 0.009 0.010 0.010 0.010 0.025 0.010 0.039 0.000 0.000 0.000 0.000 0.008 0.000 0.005 0.006 0.010 0.032 0.010 0.010 0.000 0.010 0.000 0.010 0.000
0.010 0.010 0.010 0.010 0.010 0.010 0.000 0.002 0.011 0.010 0.010 0.010 0.010 0.010 0.010 0.010 0.010 0.010 0.010 0.010 0.010 0.010 0.007 0.009 0.010 0.010 0.010 0.037 0.009 0.009 0.009 0.008 0.013 0.009 0.009 0.010 0.010 0.000 0.010 0.010 0.010 0.010 0.042 0.009 0.000 0.008 0.010 0.010 0.010 0.010 0.010 0.010 0.010 0.008 0.034 0.010 0.010 0.010 0.010 0.025 0.010 0.000 0.000 0.000 0.009 0.000 0.006 0.005 0.008 0.010 0.010 0.000 0.015 0.029 0.010 0.010 0.010
0.009 0.009 0.010 0.010 0.010 0.008 0.000 0.002 0.007 0.010 0.010 0.010 0.010 0.010 0.010 0.010 0.010 0.010 0.010 0.010 0.040 0.008 0.006 0.007 0.009 0.005 0.005 0.006 0.009 0.008 0.009 0.010 0.014 0.010 0.009 0.009 0.008 0.008 0.007 0.008 0.007 0.010 0.007 0.009 0.010 0.007 0.009 0.000 0.000 0.000 0.010 0.007 0.004 0.008 0.050 0.000 0.000 0.029 0.010 0.010 0.000 0.000 0.000 0.000 0.009 0.009 0.000 0.005 0.000 0.010 0.010 0.000 0.010 0.007 0.010 0.000 0.000
0.010 0.010 0.010 0.009 0.008 0.006 0.008 0.008 0.008 0.010 0.031 0.010 0.010 0.010 0.010 0.010 0.010 0.010 0.010 0.010 0.010 0.010 0.009 0.010 0.011 0.000 0.007 0.007 0.008 0.009 0.010 0.009 0.010 0.009 0.009 0.010 0.018 0.009 0.010 0.010 0.022 0.010 0.010 0.010 0.010 0.010 0.010 0.009 0.007 0.007 0.010 0.007 0.005 0.006 0.000 0.000 0.000 0.010 0.060 0.000 0.000 0.037 0.010 0.000 0.009 0.000 0.007 0.005 0.000 0.005 0.005 0.000 0.010 0.000 0.010 0.000 0.003
0.027 0.010 0.010 0.010 0.010 0.023 0.010 0.005 0.006 0.010 0.010 0.010 0.010 0.010 0.010 0.010 0.010 0.010 0.010 0.010 0.010 0.009 0.010 0.004 0.004 0.006 0.005 0.006 0.006 0.009 0.028 0.009 0.008 0.008 0.006 0.006 0.006 0.010 0.010 0.010 0.010 0.010 0.010 0.023 0.010 0.009 0.000 0.009 0.006 0.000 0.032 0.000 0.006 0.000 0.024 0.010 0.010 0.010 0.010 0.000 0.027 0.010 0.010 0.000 0.009 0.000 0.000 0.003 0.005 0.000 0.004 0.003 0.005 0.006 0.010 0.000 0.003
0.000 0.016 0.010 0.010 0.010 0.010 0.010 0.006 0.005 0.010 0.010 0.226 0.010 0.010 0.010 0.010 0.010 0.010 0.010 0.010 0.010 0.008 0.007 0.009 0.010 0.013 0.009 0.009 0.009 0.010 0.010 0.010 0.010 0.010 0.008 0.005 0.008 0.010 0.010 0.030 0.010 0.010 0.010 0.000 0.000 0.008 0.009 0.000 0.000 0.008 0.008 0.010 0.009 0.009 0.007 0.009 0.010 0.010 0.010 0.000 0.010 0.010 0.010 0.010 0.010 0.010 0.000 0.003 0.004 0.000 0.010 0.012 0.005 0.005 0.004 0.000 0.004
0.010 0.010 0.010 0.010 0.010 0.010 0.010 0.010 0.009 0.010 0.010 0.010 0.010 0.010 0.010 0.010 0.010 0.010 0.010 0.024 0.010 0.008 0.005 0.030 0.010 0.010 0.010 0.010 0.010 0.010 0.010 0.034 0.010 0.008 0.007 0.010 0.009 0.008 0.010 0.009 0.010 0.009 0.007 0.004 0.005 0.004 0.004 0.000 0.000 0.006 0.000 0.010 0.010 0.010 0.008 0.010 0.009 0.008 0.008 0.008 0.010 0.008 0.000 0.005 0.008 0.007 0.005 0.003 0.000 0.003 0.006 0.000 0.000 0.006 0.005 0.000 0.004
0.010 0.010 0.010 0.010 0.010 0.010 0.010 0.007 0.005 0.010 0.010 0.010 0.010 0.010 0.010 0.010 0.010 0.010 0.010 0.010 0.053 0.010 0.010 0.009 0.008 0.000 0.000 0.000 0.000 0.000 0.009 0.010 0.010 0.010 0.009 0.010 0.009 0.010 0.010 0.010 0.010 0.006 0.000 0.000 0.000 0.011 0.008 0.000 0.000 0.010 0.010 0.010 0.009 0.069 0.021 0.010 0.010 0.010 0.010 0.009 0.009 0.007 0.006 0.008 0.006 0.005 0.009 0.000 0.000 0.000 0.000 0.000 0.011 0.007 0.004 0.003 0.004
0.045 0.010 0.010 0.010 0.010 0.010 0.008 0.006 0.004 0.010 0.010 0.010 0.010 0.010 0.010 0.010 0.010 0.010 0.010 0.010 0.010 0.009 0.009 0.010 0.008 0.000 0.000 0.000 0.000 0.000 0.000 0.008 0.010 0.009 0.008 0.010 0.007 0.010 0.010 0.010 0.010 0.010 0.027 0.010 0.009 0.009 0.009 0.000 0.010 0.010 0.010 0.025 0.000 0.010 0.009 0.009 0.010 0.009 0.008 0.008 0.008 0.008 0.009 0.007 0.010 0.009 0.006 0.005 0.006 0.007 0.000 0.003 0.004 0.008 0.000 0.013 0.000
0.010 0.092 0.010 0.010 0.010 0.048 0.009 0.009 0.010 0.010 0.010 0.010 0.010 0.010 0.010 0.010 0.010 0.010 0.010 0.010 0.010 0.009 0.009 0.010 0.009 0.000 0.000 0.000 0.000 0.000 0.000 0.009 0.010 0.008 0.005 0.054 0.006 0.010 0.010 0.010 0.010 0.009 0.010 0.010 0.010 0.010 0.010 0.010 0.010 0.010 0.042 0.009 0.008 0.008 0.018 0.008 0.008 0.009 0.006 0.010 0.006 0.007 0.007 0.007 0.008 0.009 0.005 0.006 0.007 0.008 0.006 0.005 0.005 0.009 0.000 0.006 0.007
0.010 0.010 0.010 0.010 0.010 0.010 0.010 0.008 0.008 0.010 0.010 0.010 0.010 0.010 0.010 0.010 0.010 0.010 0.010 0.010 0.010 0.009 0.009 0.009 0.009 0.010 0.010 0.010 0.010 0.000 0.009 0.009 0.010 0.010 0.009 0.009 0.007 0.010 0.010 0.009 0.017 0.010 0.009 0.009 0.017 0.009 0.009 0.008 0.007 0.008 0.009 0.007 0.009 0.010 0.010 0.009 0.010 0.009 0.010 0.010 0.007 0.007 0.004 0.000 0.005 0.008 0.000 0.000 0.000 0.008 0.007 0.005 0.012 0.008 0.009 0.000 0.000
0.010 0.010 0.010 0.010 0.010 0.010 0.010 0.010 0.010 0.010 0.010 0.010 0.010 0.010 0.010 0.137 0.010 0.010 0.010 0.010 0.010 0.010 0.010 0.009 0.009 0.009 0.009 0.009 0.009 0.010 0.009 0.009 0.010 0.007 0.008 0.123 0.009 0.009 0.009 0.010 0.009 0.010 0.009 0.009 0.008 0.009 0.007 0.010 0.007 0.010 0.010 0.010 0.010 0.010 0.025 0.010 0.010 0.016 0.010 0.010 0.000 0.005 0.004 0.000 0.000 0.006 0.004 0.000 0.003 0.004 0.000 0.000 0.009 0.008 0.009 0.007 0.010
0.000 0.010 0.010 0.014 0.030 0.010 0.007 0.010 0.010 0.010 0.010 0.085 0.010 0.010 0.013 0.106 0.091 0.038 0.010 0.010 0.063 0.010 0.009 0.006 0.009 0.037 0.010 0.009 0.009 0.010 0.009 0.009 0.006 0.006 0.007 0.006 0.009 0.007 0.007 0.009 0.009 0.009 0.010 0.010 0.010 0.010 0.010 0.010 0.010 0.045 0.010 0.000 0.000 0.009 0.009 0.000 0.000 0.000 0.000 0.000 0.000 0.004 0.005 0.004 0.000 0.006 0.004 0.003 0.000 0.004 0.004 0.006 0.007 0.006 0.000 0.000 0.008
0.024 0.031 0.010 0.010 0.010 0.010 0.005 0.007 0.013 0.032 0.030 0.024 0.010 0.010 0.010 0.116 0.097 0.010 0.010 0.010 0.034 0.008 0.006 0.006 0.009 0.008 0.009 0.007 0.010 0.010 0.010 0.010 0.010 0.008 0.005 0.007 0.009 0.010 0.010 0.009 0.000 0.010 0.009 0.040 0.010 0.000 0.000 0.000 0.000 0.000 0.000 0.000 0.000 0.019 0.009 0.010 0.010 0.000 0.010 0.000 0.006 0.006 0.007 0.000 0.000 0.008 0.000 0.004 0.003 0.005 0.006 0.000 0.008 0.010 0.008 0.000 0.010
0.010 0.010 0.010 0.010 0.010 0.010 0.010 0.006 0.010 0.011 0.010 0.010 0.010 0.010 0.053 0.048 0.010 0.010 0.010 0.010 0.010 0.007 0.008 0.010 0.010 0.000 0.000 0.000 0.000 0.000 0.000 0.009 0.009 0.017 0.009 0.009 0.009 0.006 0.000 0.000 0.000 0.009 0.010 0.000 0.000 0.010 0.010 0.010 0.000 0.000 0.000 0.000 0.007 0.007 0.008 0.000 0.009 0.006 0.008 0.010 0.007 0.000 0.000 0.000 0.000 0.007 0.000 0.008 0.006 0.004 0.006 0.003 0.000 0.004 0.009 0.009 0.000
0.010 0.010 0.010 0.010 0.010 0.010 0.008 0.007 0.010 0.010 0.010 0.010 0.010 0.010 0.010 0.010 0.010 0.010 0.031 0.010 0.010 0.007 0.005 0.000 0.000 0.000 0.000 0.000 0.000 0.000 0.009 0.010 0.010 0.010 0.007 0.006 0.010 0.004 0.010 0.000 0.010 0.010 0.010 0.000 0.010 0.010 0.010 0.010 0.010 0.000 0.000 0.010 0.000 0.007 0.000 0.010 0.007 0.008 0.010 0.000 0.008 0.009 0.006 0.006 0.000 0.010 0.000 0.000 0.007 0.007 0.004 0.004 0.004 0.007 0.005 0.000 0.000
0.010 0.010 0.010 0.010 0.010 0.009 0.007 0.010 0.010 0.010 0.044 0.010 0.010 0.010 0.010 0.010 0.010 0.010 0.010 0.010 0.010 0.008 0.006 0.000 0.000 0.000 0.000 0.000 0.000 0.000 0.000 0.006 0.008 0.007 0.007 0.004 0.007 0.004 0.021 0.010 0.010 0.010 0.010 0.000 0.095 0.000 0.010 0.017 0.047 0.010 0.010 0.010 0.010 0.009 0.000 0.009 0.008 0.026 0.005 0.000 0.000 0.010 0.000 0.010 0.008 0.008 0.000 0.000 0.004 0.005 0.004 0.000 0.005 0.007 0.000 0.004 0.005
0.010 0.010 0.010 0.010 0.010 0.010 0.009 0.010 0.010 0.010 0.010 0.010 0.062 0.010 0.010 0.010 0.010 0.010 0.010 0.010 0.010 0.010 0.010 0.000 0.000 0.000 0.000 0.000 0.000 0.000 0.000 0.000 0.000 0.008 0.010 0.006 0.006 0.003 0.009 0.027 0.010 0.010 0.061 0.010 0.010 0.000 0.000 0.000 0.010 0.010 0.010 0.010 0.008 0.009 0.010 0.010 0.008 0.005 0.008 0.005 0.010 0.010 0.000 0.017 0.010 0.006 0.006 0.003 0.006 0.005 0.006 0.005 0.006 0.000 0.000 0.005 0.008
0.010 0.000 0.010 0.010 0.010 0.005 0.005 0.010 0.010 0.012 0.010 0.010 0.010 0.010 0.010 0.010 0.046 0.010 0.010 0.010 0.010 0.007 0.005 0.000 0.000 0.000 0.000 0.000 0.000 0.000 0.000 0.000 0.000 0.006 0.010 0.009 0.006 0.002 0.008 0.010 0.010 0.010 0.000 0.000 0.010 0.010 0.010 0.010 0.010 0.000 0.000 0.000 0.009 0.009 0.020 0.000 0.003 0.004 0.000 0.005 0.008 0.009 0.000 0.000 0.014 0.007 0.000 0.000 0.000 0.000 0.000 0.006 0.006 0.007 0.000 0.000 0.009
0.010 0.007 0.010 0.010 0.009 0.007 0.005 0.010 0.010 0.010 0.036 0.010 0.010 0.009 0.010 0.025 0.078 0.010 0.010 0.010 0.022 0.007 0.010 0.010 0.010 0.010 0.000 0.000 0.000 0.000 0.000 0.000 0.000 0.007 0.010 0.007 0.003 0.003 0.007 0.035 0.010 0.000 0.000 0.010 0.010 0.000 0.000 0.000 0.010 0.010 0.010 0.000 0.007 0.010 0.000 0.000 0.004 0.004 0.005 0.005 0.004 0.004 0.005 0.004 0.006 0.005 0.000 0.000 0.000 0.000 0.006 0.006 0.005 0.000 0.005 0.010 0.010
0.012 0.003 0.008 0.006 0.003 0.010 0.010 0.007 0.004 0.003 0.004 0.009 0.006 0.007 0.010 0.008 0.008 0.008 0.008 0.010 0.008 0.004 0.007 0.010 0.008 0.007 0.006 0.005 0.008 0.000 0.007 0.006 0.008 0.005 0.010 0.009 0.007 0.006 0.005 0.010 0.051 0.009 0.009 0.010 0.008 0.006 0.008 0.009 0.009 0.008 0.009 0.000 0.007 0.006 0.010 0.005 0.003 0.000 0.000 0.004 0.000 0.003 0.004 0.004 0.007 0.008 0.000 0.009 0.005 0.009 0.010 0.009 0.004 0.010 0.012 0.010 0.057
0.010 0.000 0.000 0.000 0.008 0.010 0.006 0.000 0.004 0.004 0.003 0.004 0.003 0.004 0.004 0.005 0.004 0.004 0.005 0.006 0.005 0.008 0.005 0.005 0.004 0.005 0.006 0.008 0.006 0.010 0.004 0.010 0.007 0.009 0.010 0.009 0.004 0.009 0.006 0.007 0.009 0.007 0.010 0.010 0.010 0.000 0.000 0.000 0.005 0.007 0.005 0.005 0.010 0.009 0.007 0.006 0.000 0.000 0.004 0.006 0.000 0.000 0.004 0.004 0.006 0.008 0.000 0.004 0.004 0.004 0.009 0.005 0.005 0.005 0.010 0.047 0.000
0.010 0.005 0.003 0.005 0.004 0.010 0.004 0.003 0.003 0.006 0.002 0.004 0.003 0.005 0.005 0.004 0.004 0.007 0.005 0.004 0.006 0.003 0.005 0.000 0.000 0.004 0.005 0.003 0.004 0.003 0.003 0.003 0.004 0.000 0.000 0.007 0.005 0.007 0.004 0.010 0.010 0.010 0.010 0.010 0.010 0.006 0.007 0.010 0.013 0.010 0.000 0.005 0.005 0.005 0.000 0.007 0.005 0.006 0.000 0.007 0.000 0.000 0.003 0.003 0.008 0.006 0.000 0.005 0.000 0.000 0.004 0.004 0.000 0.000 0.000 0.010 0.000
0.003 0.002 0.003 0.001 0.004 0.010 0.002 0.004 0.002 0.003 0.008 0.003 0.003 0.003 0.004 0.009 0.016 0.010 0.009 0.010 0.004 0.004 0.005 0.009 0.010 0.010 0.010 0.003 0.002 0.004 0.005 0.000 0.005 0.010 0.000 0.009 0.005 0.009 0.005 0.007 0.010 0.010 0.010 0.010 0.010 0.009 0.007 0.010 0.008 0.010 0.007 0.006 0.008 0.000 0.000 0.000 0.005 0.000 0.000 0.009 0.006 0.004 0.000 0.005 0.005 0.005 0.005 0.003 0.003 0.000 0.004 0.004 0.004 0.000 0.010 0.012 0.027
0.004 0.010 0.010 0.008 0.006 0.027 0.002 0.004 0.002 0.003 0.003 0.007 0.005 0.009 0.007 0.010 0.010 0.010 0.000 0.000 0.004 0.004 0.003 0.002 0.008 0.010 0.000 0.010 0.010 0.006 0.007 0.007 0.004 0.010 0.010 0.009 0.007 0.006 0.006 0.005 0.010 0.010 0.010 0.010 0.010 0.010 0.010 0.010 0.010 0.010 0.000 0.006 0.010 0.010 0.000 0.007 0.000 0.000 0.000 0.010 0.006 0.004 0.000 0.006 0.005 0.006 0.008 0.000 0.000 0.000 0.005 0.005 0.000 0.006 0.009 0.000 0.004
0.002 0.004 0.000 0.000 0.004 0.010 0.002 0.003 0.005 0.010 0.010 0.004 0.027 0.005 0.007 0.011 0.010 0.010 0.010 0.009 0.007 0.005 0.000 0.009 0.000 0.000 0.000 0.005 0.000 0.000 0.003 0.000 0.000 0.017 0.009 0.000 0.010 0.004 0.006 0.005 0.010 0.010 0.010 0.010 0.010 0.046 0.010 0.007 0.007 0.000 0.005 0.014 0.000 0.009 0.000 0.005 0.000 0.000 0.005 0.006 0.000 0.006 0.000 0.003 0.004 0.000 0.000 0.005 0.005 0.004 0.009 0.004 0.000 0.000 0.007 0.000 0.005
