hx_30m/njhx/rain/result-0043.wd
ncols         211
nrows         286
xllcorner     660279.582600
yllcorner     3541874.325092
cellsize      30.000000
NODATA_value  -9999.000000
[rows 68 to 101 of 286, columns 77 to 153 of 211]
0.000 0.000 0.000 0.000 0.000 0.000 0.010 0.010 0.010 0.000 0.000 0.004 0.006 0.010 0.675 0.000 0.029 0.065 0.065 0.000 0.000 0.000 0.000 0.004 0.001 0.001 0.001 0.002 0.002 0.010 0.001 0.001 0.001 0.003 0.001 0.001 0.001 0.004 0.373 0.007 0.001 0.002 0.002 0.003 0.001 0.006 0.010 0.010 0.012 0.000 0.000 0.004 0.002 0.000 0.010 0.046 0.010 0.010 0.002 0.001 0.000 0.001 0.000 0.000 0.000 0.000 0.005 0.010 0.000 0.000 0.000 0.010 0.000 0.000 0.000 0.000 0.000
0.000 0.000 0.000 0.000 0.000 0.010 0.010 0.003 0.004 0.010 0.064 0.039 0.004 0.006 0.000 0.017 0.003 0.003 0.003 0.010 0.003 0.002 0.001 0.000 0.003 0.002 0.002 0.001 0.001 0.001 0.001 0.008 0.010 0.047 0.043 0.010 0.010 0.001 0.372 0.000 0.000 0.000 0.000 0.000 0.000 0.002 0.019 0.002 0.000 0.018 0.004 0.001 0.001 0.000 0.010 0.003 0.008 0.010 0.002 0.002 0.001 0.001 0.000 0.000 0.001 0.001 0.001 0.010 0.000 0.000 0.000 0.010 0.000 0.000 0.000 0.000 0.000
0.000 0.000 0.000 0.000 0.000 0.084 0.010 0.002 0.007 0.004 0.003 0.001 0.002 0.002 0.010 0.010 0.003 0.001 0.001 0.001 0.005 0.001 0.000 0.000 0.010 0.000 0.000 0.002 0.000 0.000 0.002 0.002 0.000 0.000 0.000 0.009 0.000 0.002 0.055 0.001 0.000 0.000 0.000 0.000 0.000 0.003 0.002 0.000 0.000 0.000 0.000 0.000 0.001 0.001 0.005 0.002 0.004 0.003 0.000 0.000 0.003 0.000 0.000 0.000 0.000 0.000 0.004 0.010 0.000 0.000 0.000 0.010 0.000 0.000 0.000 0.000 0.000
0.000 0.000 0.000 0.000 0.000 0.010 0.004 0.010 0.007 0.002 0.000 0.000 0.001 0.000 0.001 0.010 0.001 0.001 0.001 0.002 0.010 0.001 0.000 0.001 0.000 0.000 0.001 0.002 0.000 0.001 0.001 0.000 0.000 0.000 0.004 0.002 0.000 0.004 0.650 0.001 0.000 0.000 0.000 0.000 0.002 0.002 0.001 0.000 0.000 0.000 0.000 0.000 0.002 0.000 0.010 0.003 0.010 0.001 0.001 0.001 0.001 0.000 0.000 0.000 0.000 0.000 0.010 0.010 0.000 0.000 0.000 0.136 0.000 0.000 0.000 0.000 0.000
0.000 0.000 0.000 0.000 0.000 0.076 0.007 0.004 0.010 0.001 0.000 0.000 0.000 0.000 0.000 0.023 0.000 0.000 0.001 0.000 0.000 0.001 0.001 0.001 0.000 0.011 0.010 0.001 0.000 0.000 0.002 0.001 0.000 0.001 0.000 0.000 0.000 0.001 0.190 0.001 0.000 0.034 0.000 0.000 0.000 0.000 0.001 0.000 0.000 0.001 0.000 0.000 0.001 0.002 0.001 0.003 0.002 0.000 0.001 0.001 0.001 0.000 0.000 0.000 0.000 0.000 0.006 0.010 0.000 0.000 0.000 0.010 0.000 0.000 0.000 0.000 0.000
0.000 0.000 0.000 0.000 0.000 0.010 0.004 0.004 0.003 0.000 0.000 0.000 0.000 0.001 0.000 0.000 0.001 0.001 0.000 0.000 0.010 0.000 0.000 0.001 0.000 0.002 0.000 0.001 0.001 0.000 0.001 0.001 0.000 0.000 0.001 0.000 0.000 0.003 0.005 0.006 0.010 0.010 0.000 0.000 0.000 0.000 0.001 0.001 0.000 0.000 0.000 0.000 0.002 0.000 0.000 0.001 0.001 0.001 0.001 0.000 0.000 0.000 0.001 0.000 0.001 0.001 0.004 0.010 0.000 0.000 0.000 0.010 0.000 0.000 0.000 0.000 0.000
0.000 0.000 0.000 0.000 0.000 0.007 0.007 0.004 0.004 0.001 0.000 0.001 0.000 0.000 0.000 0.247 0.001 0.000 0.000 0.003 0.030 0.011 0.000 0.000 0.001 0.005 0.000 0.001 0.000 0.001 0.000 0.000 0.000 0.000 0.001 0.001 0.002 0.001 0.004 0.001 0.000 0.003 0.000 0.000 0.001 0.000 0.002 0.001 0.000 0.000 0.000 0.000 0.001 0.000 0.002 0.001 0.000 0.001 0.001 0.000 0.000 0.000 0.000 0.000 0.000 0.002 0.004 0.010 0.000 0.000 0.000 0.010 0.000 0.000 0.000 0.000 0.000
0.000 0.000 0.000 0.000 0.096 0.007 0.007 0.004 0.004 0.001 0.009 0.003 0.001 0.000 0.001 0.010 0.010 0.000 0.000 0.000 0.002 0.001 0.000 0.000 0.000 0.007 0.001 0.001 0.002 0.001 0.003 0.001 0.001 0.002 0.003 0.001 0.002 0.001 0.004 0.002 0.010 0.005 0.000 0.000 0.000 0.001 0.001 0.002 0.001 0.001 0.001 0.001 0.003 0.000 0.000 0.000 0.001 0.001 0.000 0.000 0.000 0.000 0.000 0.001 0.000 0.004 0.005 0.010 0.000 0.000 0.000 0.000 0.000 0.000 0.000 0.000 0.000
0.000 0.000 0.000 0.000 0.010 0.004 0.007 0.007 0.004 0.010 0.001 0.002 0.031 0.003 0.000 0.000 0.050 0.000 0.000 0.000 0.001 0.000 0.000 0.001 0.000 0.000 0.000 0.004 0.000 0.010 0.002 0.001 0.001 0.000 0.001 0.000 0.004 0.001 0.002 0.001 0.010 0.010 0.000 0.000 0.000 0.000 0.003 0.002 0.001 0.001 0.001 0.000 0.001 0.006 0.002 0.000 0.002 0.000 0.000 0.000 0.000 0.001 0.001 0.000 0.000 0.001 0.010 0.010 0.000 0.000 0.000 0.000 0.000 0.000 0.000 0.000 0.000
0.000 0.000 0.000 0.000 0.010 0.006 0.007 0.010 0.005 0.000 0.001 0.000 0.001 0.000 0.000 0.000 0.000 0.001 0.001 0.001 0.001 0.003 0.010 0.001 0.001 0.000 0.000 0.007 0.002 0.001 0.001 0.001 0.005 0.004 0.003 0.000 0.010 0.001 0.001 0.002 0.010 0.010 0.000 0.000 0.000 0.000 0.000 0.000 0.001 0.000 0.001 0.000 0.000 0.000 0.000 0.002 0.001 0.000 0.000 0.000 0.000 0.000 0.001 0.001 0.001 0.001 0.005 0.077 0.000 0.000 0.000 0.000 0.000 0.000 0.000 0.000 0.000
0.000 0.000 0.000 0.000 0.010 0.010 0.010 0.010 0.002 0.000 0.000 0.000 0.000 0.001 0.002 0.000 0.003 0.005 0.000 0.000 0.001 0.003 0.000 0.001 0.001 0.000 0.000 0.007 0.000 0.000 0.001 0.001 0.001 0.003 0.004 0.000 0.010 0.002 0.010 0.002 0.010 0.010 0.000 0.000 0.000 0.000 0.000 0.002 0.000 0.000 0.000 0.000 0.000 0.001 0.001 0.002 0.002 0.000 0.001 0.000 0.000 0.001 0.000 0.000 0.001 0.005 0.005 0.010 0.000 0.000 0.000 0.041 0.000 0.000 0.000 0.000 0.000
0.000 0.000 0.000 0.000 0.010 0.004 0.010 0.005 0.002 0.000 0.000 0.000 0.000 0.001 0.000 0.000 0.001 0.004 0.010 0.000 0.016 0.011 0.010 0.001 0.001 0.000 0.000 0.002 0.000 0.001 0.001 0.001 0.001 0.000 0.000 0.000 0.000 0.001 0.004 0.001 0.048 0.010 0.000 0.000 0.001 0.006 0.000 0.010 0.001 0.000 0.000 0.000 0.000 0.003 0.002 0.000 0.000 0.000 0.002 0.000 0.000 0.001 0.000 0.001 0.000 0.002 0.005 0.010 0.000 0.000 0.105 0.000 0.000 0.000 0.000 0.000 0.000
0.000 0.000 0.000 0.096 0.010 0.004 0.010 0.010 0.005 0.000 0.000 0.000 0.000 0.001 0.000 0.000 0.000 0.004 0.000 0.000 0.002 0.010 0.000 0.002 0.010 0.010 0.000 0.002 0.000 0.000 0.001 0.001 0.000 0.000 0.000 0.000 0.010 0.001 0.004 0.001 0.010 0.010 0.000 0.000 0.001 0.002 0.000 0.010 0.002 0.004 0.003 0.004 0.001 0.002 0.000 0.000 0.000 0.000 0.007 0.002 0.000 0.001 0.003 0.001 0.001 0.003 0.005 0.127 0.000 0.000 0.010 0.000 0.000 0.000 0.000 0.000 0.000
0.000 0.000 0.000 0.010 0.044 0.005 0.010 0.007 0.002 0.000 0.000 0.000 0.003 0.001 0.000 0.000 0.000 0.000 0.002 0.000 0.003 0.010 0.082 0.010 0.010 0.010 0.002 0.010 0.000 0.012 0.000 0.001 0.001 0.000 0.000 0.000 0.000 0.001 0.004 0.002 0.010 0.010 0.000 0.000 0.000 0.007 0.000 0.009 0.000 0.007 0.000 0.000 0.000 0.003 0.000 0.000 0.000 0.000 0.000 0.001 0.000 0.000 0.000 0.000 0.000 0.002 0.007 0.000 0.000 0.000 0.010 0.000 0.000 0.000 0.000 0.000 0.000
0.000 0.000 0.087 0.010 0.010 0.004 0.010 0.005 0.042 0.000 0.000 0.000 0.000 0.000 0.000 0.000 0.000 0.002 0.030 0.000 0.000 0.000 0.352 0.286 0.000 0.000 0.000 0.006 0.000 0.020 0.008 0.010 0.016 0.000 0.000 0.010 0.002 0.001 0.007 0.002 0.004 0.007 0.005 0.008 0.002 0.009 0.000 0.007 0.000 0.009 0.010 0.000 0.001 0.003 0.000 0.000 0.000 0.000 0.001 0.001 0.000 0.000 0.000 0.000 0.000 0.002 0.007 0.000 0.000 0.000 0.010 0.000 0.000 0.000 0.000 0.000 0.000
0.000 0.000 0.010 0.010 0.010 0.004 0.010 0.005 0.134 0.237 0.000 0.000 0.000 0.000 0.000 0.000 0.000 0.001 0.078 0.007 0.124 0.058 0.002 0.020 0.001 0.005 0.001 0.072 0.010 0.207 0.010 0.010 0.002 0.002 0.001 0.010 0.001 0.001 0.002 0.001 0.002 0.003 0.004 0.002 0.000 0.000 0.000 0.007 0.036 0.010 0.001 0.001 0.001 0.004 0.001 0.000 0.001 0.002 0.004 0.000 0.000 0.002 0.000 0.001 0.000 0.002 0.010 0.000 0.000 0.000 0.113 0.000 0.000 0.000 0.000 0.000 0.000
0.000 0.000 0.007 0.007 0.007 0.003 0.007 0.003 0.227 0.000 0.000 0.000 0.337 0.022 0.483 0.016 0.094 0.257 0.036 0.010 0.010 0.010 0.095 0.083 0.027 0.010 0.040 0.019 0.000 0.000 0.000 0.000 0.001 0.000 0.001 0.008 0.343 0.001 0.004 0.002 0.010 0.000 0.003 0.003 0.001 0.000 0.007 0.010 0.013 0.010 0.000 0.000 0.000 0.001 0.001 0.001 0.002 0.000 0.000 0.001 0.010 0.001 0.000 0.000 0.000 0.001 0.010 0.000 0.000 0.000 0.010 0.000 0.000 0.000 0.000 0.000 0.000
0.000 0.061 0.010 0.118 0.115 0.001 0.010 0.022 0.000 0.000 0.000 0.000 0.000 0.000 0.000 0.000 0.001 0.001 0.000 0.002 0.000 0.000 0.000 0.000 0.001 0.000 0.000 0.025 0.001 0.000 0.001 0.003 0.007 0.010 0.001 0.004 0.010 0.003 0.002 0.001 0.000 0.002 0.001 0.007 0.002 0.000 0.003 0.010 0.013 0.010 0.018 0.045 0.000 0.007 0.010 0.010 0.006 0.010 0.000 0.001 0.000 0.000 0.000 0.000 0.001 0.010 0.010 0.000 0.000 0.000 0.000 0.000 0.000 0.000 0.000 0.000 0.000
0.074 0.010 0.010 0.010 0.007 0.004 0.010 0.000 0.000 0.000 0.000 0.000 0.000 0.000 0.000 0.000 0.002 0.003 0.001 0.005 0.001 0.002 0.003 0.001 0.001 0.009 0.001 0.004 0.001 0.001 0.001 0.001 0.004 0.000 0.006 0.010 0.011 0.002 0.004 0.002 0.000 0.003 0.004 0.000 0.001 0.000 0.002 0.010 0.014 0.020 0.000 0.000 0.000 0.003 0.010 0.010 0.007 0.010 0.010 0.001 0.000 0.000 0.000 0.000 0.010 0.010 0.007 0.000 0.000 0.000 0.000 0.000 0.000 0.000 0.000 0.000 0.000
0.010 0.010 0.010 0.010 0.005 0.007 0.053 0.000 0.000 0.000 0.000 0.000 0.000 0.000 0.000 0.000 0.005 0.000 0.000 0.009 0.004 0.001 0.010 0.058 0.002 0.001 0.000 0.001 0.001 0.001 0.001 0.002 0.002 0.008 0.010 0.010 0.004 0.001 0.002 0.002 0.000 0.005 0.010 0.000 0.001 0.001 0.003 0.059 0.013 0.104 0.110 0.000 0.173 0.004 0.010 0.010 0.010 0.004 0.004 0.010 0.009 0.001 0.003 0.007 0.000 0.010 0.005 0.000 0.000 0.000 0.000 0.000 0.000 0.000 0.000 0.000 0.000
0.010 0.010 0.010 0.010 0.004 0.007 0.010 0.002 0.001 0.000 0.000 0.000 0.000 0.000 0.000 0.000 0.000 0.007 0.001 0.010 0.001 0.001 0.000 0.001 0.001 0.002 0.000 0.002 0.000 0.000 0.001 0.005 0.001 0.002 0.009 0.000 0.000 0.001 0.002 0.005 0.000 0.000 0.003 0.000 0.001 0.003 0.000 0.020 0.014 0.072 0.090 0.236 0.213 0.001 0.002 0.007 0.002 0.000 0.000 0.002 0.000 0.000 0.010 0.010 0.010 0.010 0.003 0.005 0.000 0.000 0.000 0.038 0.000 0.000 0.000 0.000 0.000
0.010 0.173 0.010 0.058 0.004 0.007 0.002 0.000 0.000 0.000 0.001 0.010 0.000 0.000 0.000 0.000 0.001 0.001 0.002 0.003 0.000 0.000 0.003 0.002 0.001 0.001 0.003 0.003 0.000 0.000 0.007 0.007 0.010 0.000 0.000 0.002 0.010 0.001 0.003 0.003 0.004 0.002 0.003 0.001 0.001 0.002 0.001 0.012 0.002 0.000 0.000 0.000 0.000 0.229 0.002 0.002 0.007 0.007 0.005 0.003 0.001 0.018 0.007 0.008 0.009 0.007 0.007 0.001 0.000 0.000 0.000 0.000 0.037 0.000 0.000 0.000 0.000
0.010 0.030 0.115 0.010 0.003 0.010 0.001 0.000 0.000 0.002 0.001 0.001 0.001 0.001 0.000 0.000 0.001 0.006 0.003 0.001 0.002 0.003 0.002 0.002 0.003 0.001 0.004 0.004 0.003 0.007 0.002 0.004 0.010 0.002 0.002 0.002 0.001 0.002 0.001 0.009 0.006 0.007 0.004 0.003 0.003 0.004 0.002 0.010 0.012 0.015 0.179 0.013 0.096 0.142 0.010 0.031 0.160 0.010 0.012 0.226 0.176 0.128 0.218 0.107 0.100 0.010 0.010 0.010 0.010 0.000 0.000 0.000 0.000 0.035 0.000 0.000 0.000
0.010 0.010 0.010 0.010 0.002 0.010 0.001 0.001 0.000 0.000 0.000 0.010 0.000 0.000 0.000 0.000 0.000 0.000 0.003 0.010 0.000 0.003 0.003 0.004 0.001 0.001 0.000 0.004 0.003 0.003 0.000 0.001 0.008 0.000 0.000 0.000 0.000 0.001 0.001 0.010 0.000 0.000 0.000 0.000 0.000 0.000 0.000 0.000 0.014 0.000 0.000 0.000 0.000 0.000 0.007 0.010 0.010 0.010 0.005 0.003 0.002 0.003 0.005 0.010 0.007 0.000 0.369 0.007 0.002 0.006 0.000 0.000 0.000 0.000 0.031 0.000 0.000
0.010 0.010 0.010 0.010 0.003 0.010 0.000 0.000 0.000 0.003 0.000 0.000 0.001 0.001 0.000 0.001 0.001 0.001 0.001 0.001 0.002 0.000 0.002 0.000 0.001 0.000 0.002 0.006 0.000 0.000 0.005 0.005 0.003 0.000 0.000 0.006 0.000 0.001 0.003 0.006 0.000 0.000 0.013 0.000 0.000 0.000 0.000 0.001 0.002 0.002 0.001 0.001 0.002 0.000 0.001 0.000 0.000 0.001 0.000 0.000 0.000 0.001 0.010 0.000 0.002 0.000 0.092 0.002 0.002 0.003 0.006 0.000 0.000 0.000 0.000 0.032 0.000
0.010 0.010 0.010 0.010 0.003 0.089 0.000 0.003 0.005 0.000 0.000 0.000 0.000 0.001 0.002 0.002 0.001 0.001 0.000 0.000 0.002 0.002 0.000 0.000 0.004 0.004 0.002 0.002 0.000 0.000 0.005 0.073 0.040 0.007 0.004 0.004 0.002 0.002 0.006 0.006 0.010 0.000 0.004 0.002 0.003 0.000 0.001 0.000 0.001 0.000 0.001 0.000 0.004 0.000 0.000 0.015 0.001 0.003 0.000 0.001 0.001 0.000 0.000 0.010 0.005 0.001 0.045 0.000 0.001 0.002 0.003 0.003 0.000 0.000 0.000 0.000 0.034
0.010 0.010 0.010 0.047 0.002 0.010 0.001 0.001 0.001 0.000 0.000 0.000 0.007 0.000 0.000 0.000 0.006 0.001 0.000 0.000 0.006 0.007 0.010 0.010 0.003 0.001 0.002 0.001 0.000 0.000 0.000 0.000 0.010 0.016 0.080 0.000 0.015 0.002 0.010 0.006 0.149 0.010 0.003 0.001 0.001 0.001 0.001 0.001 0.002 0.000 0.001 0.001 0.001 0.000 0.001 0.000 0.002 0.003 0.004 0.004 0.001 0.000 0.000 0.000 0.001 0.000 0.030 0.001 0.010 0.003 0.001 0.005 0.007 0.000 0.000 0.000 0.000
0.010 0.010 0.010 0.004 0.006 0.004 0.001 0.000 0.005 0.004 0.010 0.010 0.003 0.010 0.010 0.007 0.001 0.001 0.000 0.000 0.002 0.010 0.010 0.010 0.001 0.000 0.000 0.004 0.002 0.000 0.001 0.000 0.010 0.010 0.010 0.010 0.019 0.002 0.003 0.010 0.000 0.000 0.010 0.010 0.000 0.002 0.001 0.000 0.002 0.000 0.001 0.001 0.004 0.000 0.001 0.000 0.001 0.002 0.001 0.003 0.000 0.000 0.000 0.007 0.901 0.001 0.019 0.010 0.002 0.001 0.017 0.010 0.003 0.010 0.000 0.000 0.000
0.000 0.000 0.010 0.003 0.006 0.004 0.004 0.003 0.006 0.002 0.000 0.000 0.001 0.010 0.041 0.010 0.002 0.001 0.001 0.001 0.004 0.010 0.003 0.003 0.002 0.000 0.000 0.002 0.005 0.010 0.005 0.003 0.008 0.001 0.000 0.000 0.005 0.009 0.002 0.016 0.000 0.000 0.005 0.002 0.001 0.001 0.000 0.001 0.002 0.001 0.001 0.001 0.002 0.000 0.001 0.000 0.000 0.000 0.000 0.000 0.000 0.000 0.000 0.064 0.010 0.010 0.010 0.000 0.004 0.004 0.003 0.000 0.001 0.002 0.005 0.000 0.000
0.010 0.010 0.010 0.004 0.006 0.010 0.005 0.064 0.002 0.001 0.001 0.006 0.001 0.002 0.006 0.000 0.002 0.000 0.002 0.000 0.000 0.000 0.001 0.000 0.001 0.000 0.000 0.003 0.000 0.009 0.010 0.010 0.004 0.001 0.000 0.010 0.000 0.002 0.004 0.010 0.000 0.000 0.010 0.000 0.000 0.001 0.000 0.000 0.001 0.186 0.010 0.001 0.002 0.000 0.002 0.000 0.000 0.000 0.000 0.000 0.000 0.000 0.000 0.007 0.033 0.000 0.199 0.007 0.003 0.001 0.010 0.008 0.001 0.000 0.002 0.004 0.000
0.000 0.000 0.007 0.003 0.007 0.010 0.010 0.000 0.010 0.000 0.000 0.004 0.000 0.000 0.002 0.000 0.001 0.006 0.004 0.000 0.001 0.001 0.001 0.000 0.001 0.002 0.000 0.002 0.000 0.026 0.010 0.030 0.010 0.002 0.000 0.010 0.000 0.002 0.002 0.010 0.000 0.000 0.010 0.002 0.002 0.003 0.007 0.007 0.006 0.635 0.000 0.001 0.000 0.000 0.001 0.000 0.000 0.000 0.000 0.000 0.000 0.001 0.000 0.000 0.001 0.001 0.010 0.002 0.002 0.000 0.000 0.001 0.003 0.001 0.000 0.001 0.007
0.000 0.010 0.046 0.010 0.010 0.010 0.039 0.002 0.002 0.010 0.002 0.001 0.004 0.003 0.002 0.001 0.001 0.002 0.001 0.001 0.001 0.002 0.002 0.001 0.001 0.001 0.001 0.003 0.003 0.002 0.001 0.001 0.001 0.001 0.005 0.004 0.030 0.002 0.003 0.008 0.001 0.000 0.004 0.001 0.007 0.005 0.004 0.007 0.003 0.281 0.000 0.000 0.000 0.000 0.001 0.000 0.000 0.000 0.000 0.001 0.000 0.001 0.000 0.001 0.002 0.007 0.073 0.004 0.001 0.001 0.004 0.010 0.009 0.001 0.001 0.000 0.001
0.000 0.000 0.010 0.004 0.010 0.010 0.004 0.000 0.000 0.000 0.000 0.000 0.001 0.006 0.001 0.000 0.000 0.010 0.003 0.000 0.001 0.010 0.010 0.010 0.010 0.010 0.010 0.002 0.006 0.010 0.000 0.000 0.000 0.001 0.001 0.002 0.003 0.006 0.004 0.003 0.001 0.001 0.001 0.010 0.002 0.001 0.001 0.002 0.134 0.148 0.221 0.058 0.066 0.013 0.015 0.021 0.030 0.057 0.118 0.002 0.001 0.001 0.004 0.002 0.001 0.003 0.005 0.001 0.001 0.001 0.001 0.002 0.002 0.001 0.001 0.001 0.001
0.036 0.043 0.010 0.004 0.010 0.006 0.000 0.000 0.000 0.001 0.001 0.002 0.001 0.001 0.000 0.000 0.000 0.010 0.004 0.003 0.002 0.010 0.010 0.010 0.010 0.010 0.208 0.001 0.001 0.001 0.000 0.001 0.000 0.002 0.001 0.002 0.002 0.004 0.004 0.010 0.000 0.003 0.003 0.010 0.000 0.001 0.001 0.000 0.002 0.010 0.330 0.000 0.010 0.019 0.017 0.015 0.003 0.010 0.004 0.001 0.001 0.001 0.001 0.004 0.002 0.001 0.001 0.000 0.001 0.006 0.001 0.004 0.010 0.002 0.001 0.005 0.000
