hx_30m/njhx/rain/result-0023.wd
ncols         211
nrows         286
xllcorner     660279.582600
yllcorner     3541874.325092
cellsize      30.000000
NODATA_value  -9999.000000
[rows 136 to 169 of 286, columns 77 to 153 of 211]
0.010 0.010 0.010 0.010 0.010 0.010 0.010 0.010 0.010 0.010 0.010 0.010 0.010 0.010 0.010 0.038 0.010 0.010 0.009 0.011 0.010 0.010 0.010 0.009 0.010 0.010 0.010 0.017 0.010 0.010 0.010 0.010 0.029 0.013 0.010 0.009 0.010 0.010 0.010 0.010 0.010 0.010 0.010 0.007 0.010 0.010 0.010 0.010 0.010 0.035 0.025 0.000 0.022 0.008 0.006 0.004 0.007 0.000 0.000 0.000 0.000 0.007 0.000 0.000 0.009 0.010 0.000 0.010 0.014 0.000 0.004 0.004 0.000 0.010 0.010 0.013 0.003
0.007 0.007 0.010 0.010 0.010 0.009 0.010 0.010 0.010 0.010 0.013 0.007 0.010 0.009 0.010 0.010 0.008 0.007 0.009 0.008 0.010 0.009 0.010 0.052 0.010 0.032 0.010 0.010 0.008 0.000 0.000 0.006 0.000 0.000 0.010 0.010 0.010 0.010 0.010 0.000 0.000 0.010 0.000 0.000 0.010 0.010 0.000 0.010 0.000 0.010 0.009 0.009 0.010 0.009 0.010 0.007 0.007 0.010 0.000 0.000 0.000 0.006 0.010 0.010 0.007 0.010 0.000 0.000 0.010 0.008 0.006 0.000 0.008 0.000 0.000 0.000 0.004
0.005 0.005 0.000 0.000 0.000 0.000 0.000 0.000 0.010 0.010 0.008 0.000 0.000 0.000 0.006 0.000 0.011 0.009 0.007 0.000 0.000 0.010 0.010 0.009 0.010 0.010 0.010 0.010 0.008 0.000 0.000 0.006 0.000 0.000 0.000 0.010 0.272 0.010 0.000 0.010 0.009 0.010 0.010 0.010 0.010 0.037 0.000 0.005 0.000 0.005 0.004 0.006 0.005 0.000 0.000 0.008 0.009 0.006 0.007 0.010 0.000 0.004 0.010 0.009 0.010 0.010 0.009 0.009 0.009 0.009 0.009 0.009 0.010 0.009 0.004 0.000 0.003
0.007 0.007 0.010 0.009 0.009 0.008 0.010 0.010 0.007 0.010 0.005 0.005 0.006 0.010 0.005 0.000 0.000 0.017 0.030 0.010 0.022 0.010 0.010 0.009 0.010 0.010 0.010 0.010 0.000 0.000 0.008 0.010 0.000 0.000 0.000 0.010 0.010 0.010 0.027 0.009 0.000 0.000 0.010 0.010 0.000 0.010 0.000 0.009 0.004 0.005 0.008 0.006 0.010 0.006 0.000 0.004 0.003 0.004 0.005 0.008 0.008 0.010 0.011 0.008 0.025 0.010 0.006 0.008 0.007 0.006 0.007 0.007 0.008 0.010 0.008 0.005 0.004
0.013 0.006 0.008 0.009 0.009 0.007 0.009 0.009 0.012 0.011 0.010 0.009 0.006 0.010 0.010 0.006 0.006 0.006 0.005 0.009 0.010 0.009 0.010 0.010 0.010 0.010 0.013 0.048 0.000 0.000 0.000 0.011 0.000 0.000 0.000 0.010 0.010 0.010 0.010 0.015 0.006 0.000 0.007 0.010 0.010 0.010 0.000 0.010 0.008 0.010 0.010 0.010 0.010 0.007 0.006 0.000 0.006 0.000 0.000 0.000 0.000 0.000 0.000 0.000 0.005 0.006 0.000 0.010 0.010 0.010 0.052 0.040 0.000 0.018 0.010 0.009 0.008
0.010 0.000 0.000 0.020 0.000 0.000 0.009 0.006 0.010 0.015 0.010 0.010 0.070 0.010 0.010 0.010 0.000 0.000 0.033 0.010 0.010 0.010 0.010 0.010 0.010 0.010 0.010 0.101 0.000 0.000 0.000 0.010 0.000 0.000 0.000 0.010 0.010 0.009 0.009 0.010 0.009 0.006 0.000 0.010 0.000 0.008 0.010 0.009 0.005 0.006 0.000 0.000 0.005 0.000 0.009 0.000 0.006 0.000 0.004 0.000 0.000 0.000 0.000 0.000 0.007 0.007 0.000 0.000 0.010 0.087 0.010 0.047 0.010 0.000 0.022 0.010 0.010
0.025 0.010 0.010 0.010 0.039 0.010 0.010 0.010 0.010 0.008 0.044 0.010 0.049 0.010 0.059 0.010 0.051 0.010 0.010 0.010 0.101 0.010 0.010 0.010 0.010 0.010 0.010 0.011 0.000 0.008 0.007 0.010 0.007 0.008 0.000 0.010 0.010 0.022 0.010 0.000 0.016 0.010 0.000 0.000 0.000 0.000 0.000 0.009 0.000 0.007 0.007 0.010 0.000 0.032 0.005 0.000 0.004 0.005 0.005 0.021 0.010 0.010 0.000 0.000 0.006 0.005 0.004 0.010 0.010 0.094 0.030 0.010 0.010 0.022 0.010 0.000 0.010
0.010 0.010 0.010 0.010 0.010 0.010 0.012 0.008 0.010 0.010 0.010 0.010 0.010 0.069 0.010 0.010 0.010 0.010 0.070 0.010 0.010 0.010 0.010 0.010 0.010 0.010 0.010 0.010 0.010 0.000 0.000 0.000 0.000 0.000 0.010 0.010 0.010 0.010 0.000 0.012 0.010 0.000 0.030 0.000 0.000 0.000 0.007 0.007 0.000 0.000 0.010 0.010 0.010 0.010 0.005 0.006 0.006 0.008 0.007 0.010 0.000 0.010 0.008 0.010 0.009 0.000 0.004 0.010 0.010 0.010 0.010 0.010 0.000 0.000 0.027 0.010 0.010
0.010 0.010 0.010 0.010 0.010 0.010 0.000 0.010 0.010 0.010 0.010 0.010 0.010 0.010 0.000 0.000 0.000 0.000 0.010 0.010 0.061 0.010 0.024 0.010 0.010 0.069 0.010 0.010 0.010 0.010 0.010 0.010 0.010 0.010 0.010 0.010 0.010 0.010 0.021 0.010 0.010 0.030 0.010 0.036 0.000 0.014 0.010 0.050 0.010 0.050 0.010 0.010 0.010 0.010 0.010 0.010 0.010 0.032 0.010 0.051 0.000 0.000 0.000 0.000 0.008 0.000 0.004 0.006 0.010 0.033 0.010 0.010 0.000 0.010 0.000 0.010 0.000
0.010 0.010 0.010 0.010 0.010 0.010 0.000 0.007 0.039 0.010 0.010 0.010 0.010 0.010 0.010 0.010 0.010 0.010 0.010 0.010 0.010 0.010 0.010 0.010 0.010 0.010 0.010 0.057 0.010 0.010 0.010 0.010 0.014 0.010 0.010 0.010 0.010 0.000 0.010 0.010 0.010 0.010 0.079 0.010 0.000 0.009 0.010 0.010 0.010 0.010 0.010 0.010 0.010 0.010 0.047 0.010 0.010 0.010 0.010 0.037 0.010 0.000 0.000 0.000 0.013 0.000 0.006 0.005 0.009 0.010 0.010 0.000 0.027 0.042 0.015 0.010 0.010
0.010 0.010 0.010 0.010 0.010 0.010 0.000 0.006 0.010 0.010 0.010 0.010 0.010 0.010 0.010 0.010 0.010 0.010 0.010 0.010 0.059 0.010 0.010 0.010 0.010 0.009 0.007 0.009 0.019 0.010 0.010 0.010 0.015 0.010 0.010 0.010 0.010 0.010 0.010 0.010 0.010 0.010 0.010 0.010 0.010 0.009 0.010 0.000 0.000 0.000 0.010 0.007 0.004 0.008 0.065 0.000 0.000 0.040 0.010 0.010 0.000 0.000 0.000 0.000 0.010 0.009 0.000 0.005 0.000 0.010 0.010 0.000 0.010 0.015 0.010 0.000 0.000
0.010 0.010 0.010 0.010 0.010 0.010 0.010 0.046 0.010 0.010 0.047 0.010 0.010 0.010 0.010 0.010 0.010 0.010 0.010 0.010 0.010 0.010 0.010 0.010 0.018 0.000 0.010 0.010 0.010 0.010 0.010 0.010 0.010 0.010 0.010 0.010 0.035 0.010 0.010 0.010 0.023 0.010 0.010 0.010 0.010 0.010 0.010 0.010 0.009 0.009 0.010 0.008 0.005 0.006 0.000 0.000 0.000 0.010 0.089 0.000 0.000 0.060 0.010 0.000 0.010 0.000 0.008 0.005 0.000 0.005 0.004 0.000 0.010 0.000 0.010 0.000 0.003
0.061 0.010 0.010 0.010 0.010 0.033 0.010 0.010 0.010 0.010 0.010 0.010 0.010 0.010 0.010 0.010 0.010 0.010 0.010 0.010 0.010 0.011 0.010 0.007 0.007 0.009 0.008 0.008 0.008 0.010 0.044 0.010 0.010 0.010 0.012 0.009 0.009 0.010 0.010 0.010 0.010 0.010 0.010 0.036 0.010 0.010 0.000 0.010 0.008 0.000 0.058 0.000 0.007 0.000 0.031 0.010 0.010 0.010 0.010 0.000 0.039 0.010 0.010 0.000 0.009 0.000 0.000 0.004 0.004 0.000 0.004 0.003 0.005 0.007 0.010 0.000 0.003
0.000 0.018 0.010 0.010 0.010 0.010 0.010 0.017 0.009 0.010 0.010 0.338 0.010 0.010 0.010 0.010 0.010 0.010 0.010 0.010 0.010 0.010 0.009 0.010 0.010 0.014 0.010 0.010 0.010 0.010 0.010 0.010 0.010 0.010 0.010 0.008 0.010 0.010 0.010 0.033 0.010 0.010 0.010 0.000 0.000 0.013 0.010 0.000 0.000 0.010 0.010 0.010 0.010 0.010 0.008 0.010 0.010 0.010 0.010 0.000 0.010 0.010 0.010 0.015 0.010 0.010 0.000 0.003 0.003 0.000 0.010 0.025 0.005 0.005 0.004 0.000 0.004
0.010 0.010 0.010 0.010 0.010 0.010 0.010 0.010 0.010 0.010 0.010 0.037 0.033 0.010 0.010 0.010 0.010 0.010 0.011 0.027 0.010 0.010 0.007 0.056 0.010 0.010 0.010 0.010 0.010 0.010 0.010 0.051 0.010 0.010 0.010 0.010 0.010 0.010 0.010 0.010 0.010 0.010 0.010 0.006 0.007 0.006 0.006 0.000 0.000 0.008 0.000 0.010 0.010 0.010 0.009 0.010 0.010 0.009 0.009 0.009 0.010 0.009 0.000 0.005 0.009 0.008 0.007 0.003 0.000 0.003 0.007 0.000 0.000 0.007 0.005 0.000 0.004
0.010 0.010 0.010 0.010 0.010 0.010 0.010 0.010 0.008 0.010 0.010 0.010 0.010 0.010 0.010 0.010 0.010 0.010 0.010 0.010 0.063 0.010 0.010 0.010 0.010 0.000 0.000 0.000 0.000 0.000 0.010 0.010 0.010 0.010 0.010 0.010 0.010 0.010 0.010 0.010 0.010 0.010 0.000 0.000 0.000 0.020 0.010 0.000 0.000 0.010 0.010 0.010 0.010 0.093 0.044 0.010 0.010 0.010 0.010 0.010 0.009 0.007 0.006 0.008 0.006 0.006 0.010 0.000 0.000 0.000 0.000 0.000 0.013 0.008 0.004 0.003 0.004
0.056 0.010 0.010 0.010 0.010 0.010 0.010 0.010 0.007 0.010 0.010 0.010 0.010 0.010 0.010 0.010 0.010 0.010 0.010 0.010 0.010 0.010 0.010 0.010 0.010 0.000 0.000 0.000 0.000 0.000 0.000 0.010 0.010 0.010 0.010 0.010 0.010 0.010 0.010 0.010 0.010 0.010 0.049 0.013 0.010 0.010 0.010 0.000 0.010 0.010 0.010 0.039 0.000 0.012 0.010 0.010 0.010 0.010 0.008 0.009 0.009 0.009 0.011 0.007 0.010 0.009 0.008 0.005 0.007 0.009 0.000 0.003 0.005 0.009 0.000 0.017 0.000
0.010 0.305 0.010 0.010 0.010 0.099 0.010 0.010 0.010 0.010 0.010 0.010 0.010 0.010 0.010 0.010 0.010 0.010 0.010 0.010 0.010 0.010 0.010 0.010 0.010 0.000 0.000 0.000 0.000 0.000 0.000 0.010 0.010 0.010 0.009 0.177 0.009 0.010 0.010 0.010 0.010 0.010 0.010 0.010 0.010 0.010 0.010 0.010 0.010 0.012 0.087 0.009 0.009 0.009 0.025 0.009 0.009 0.010 0.007 0.011 0.006 0.007 0.007 0.007 0.014 0.009 0.006 0.007 0.008 0.009 0.007 0.006 0.006 0.009 0.000 0.006 0.008
0.010 0.010 0.010 0.010 0.010 0.010 0.010 0.010 0.010 0.010 0.010 0.010 0.010 0.010 0.010 0.010 0.010 0.010 0.010 0.010 0.010 0.010 0.010 0.010 0.010 0.010 0.010 0.010 0.010 0.000 0.010 0.010 0.010 0.010 0.010 0.010 0.010 0.010 0.010 0.010 0.019 0.010 0.010 0.010 0.035 0.010 0.010 0.009 0.009 0.009 0.009 0.009 0.009 0.010 0.010 0.009 0.010 0.009 0.010 0.010 0.008 0.007 0.003 0.000 0.005 0.009 0.000 0.000 0.000 0.009 0.008 0.006 0.015 0.008 0.009 0.000 0.000
0.010 0.010 0.010 0.010 0.010 0.010 0.010 0.010 0.010 0.010 0.010 0.010 0.010 0.010 0.010 0.182 0.039 0.010 0.010 0.010 0.010 0.010 0.010 0.010 0.010 0.010 0.010 0.010 0.010 0.010 0.010 0.010 0.010 0.010 0.010 0.174 0.011 0.010 0.010 0.010 0.010 0.010 0.010 0.010 0.010 0.010 0.009 0.010 0.009 0.010 0.010 0.010 0.010 0.010 0.033 0.010 0.010 0.016 0.010 0.010 0.000 0.005 0.004 0.000 0.000 0.007 0.004 0.000 0.002 0.003 0.000 0.000 0.009 0.013 0.009 0.007 0.012
0.000 0.010 0.010 0.037 0.053 0.010 0.010 0.010 0.010 0.010 0.010 0.111 0.010 0.010 0.058 0.151 0.137 0.084 0.010 0.010 0.098 0.010 0.010 0.009 0.010 0.064 0.017 0.010 0.010 0.010 0.010 0.010 0.009 0.009 0.010 0.010 0.012 0.010 0.010 0.010 0.010 0.010 0.010 0.010 0.010 0.010 0.010 0.010 0.031 0.066 0.020 0.000 0.000 0.009 0.009 0.000 0.000 0.000 0.000 0.000 0.000 0.004 0.004 0.004 0.000 0.006 0.004 0.003 0.000 0.003 0.003 0.005 0.007 0.004 0.000 0.000 0.008
0.071 0.078 0.010 0.010 0.010 0.010 0.007 0.010 0.039 0.058 0.056 0.050 0.010 0.010 0.044 0.161 0.143 0.010 0.010 0.010 0.069 0.010 0.007 0.008 0.010 0.010 0.010 0.009 0.010 0.010 0.010 0.010 0.024 0.010 0.010 0.010 0.010 0.010 0.010 0.010 0.000 0.010 0.010 0.079 0.010 0.000 0.000 0.000 0.000 0.000 0.000 0.000 0.000 0.027 0.009 0.010 0.010 0.000 0.010 0.000 0.006 0.006 0.007 0.000 0.000 0.009 0.000 0.003 0.002 0.004 0.005 0.000 0.007 0.010 0.006 0.000 0.010
0.010 0.010 0.010 0.010 0.010 0.010 0.010 0.010 0.014 0.036 0.010 0.018 0.010 0.010 0.097 0.093 0.010 0.010 0.010 0.010 0.010 0.010 0.010 0.010 0.010 0.000 0.000 0.000 0.000 0.000 0.000 0.010 0.010 0.046 0.010 0.010 0.094 0.010 0.000 0.000 0.000 0.010 0.010 0.000 0.000 0.010 0.010 0.010 0.000 0.000 0.000 0.000 0.009 0.009 0.007 0.000 0.009 0.006 0.008 0.009 0.010 0.000 0.000 0.000 0.000 0.008 0.000 0.009 0.007 0.003 0.005 0.002 0.000 0.002 0.008 0.008 0.000
0.010 0.010 0.010 0.010 0.010 0.013 0.010 0.010 0.010 0.010 0.010 0.010 0.010 0.010 0.010 0.010 0.010 0.010 0.048 0.010 0.010 0.010 0.010 0.000 0.000 0.000 0.000 0.000 0.000 0.000 0.010 0.010 0.010 0.010 0.010 0.010 0.119 0.009 0.010 0.000 0.010 0.010 0.010 0.000 0.010 0.010 0.010 0.010 0.010 0.000 0.000 0.010 0.000 0.008 0.000 0.010 0.007 0.027 0.010 0.000 0.010 0.011 0.006 0.006 0.000 0.010 0.000 0.000 0.007 0.007 0.003 0.003 0.002 0.005 0.003 0.000 0.000
0.010 0.010 0.010 0.010 0.010 0.010 0.010 0.010 0.010 0.010 0.096 0.010 0.010 0.010 0.010 0.010 0.010 0.010 0.010 0.010 0.010 0.010 0.010 0.000 0.000 0.000 0.000 0.000 0.000 0.000 0.000 0.011 0.010 0.010 0.010 0.009 0.010 0.008 0.040 0.010 0.010 0.010 0.010 0.000 0.168 0.000 0.010 0.040 0.070 0.010 0.010 0.010 0.010 0.009 0.000 0.008 0.008 0.050 0.020 0.000 0.000 0.010 0.000 0.010 0.008 0.008 0.000 0.000 0.003 0.004 0.003 0.000 0.003 0.005 0.000 0.003 0.004
0.010 0.010 0.010 0.010 0.010 0.010 0.010 0.010 0.010 0.010 0.010 0.010 0.113 0.010 0.010 0.010 0.010 0.010 0.010 0.010 0.010 0.012 0.010 0.000 0.000 0.000 0.000 0.000 0.000 0.000 0.000 0.000 0.000 0.010 0.010 0.010 0.009 0.007 0.010 0.037 0.010 0.010 0.126 0.010 0.048 0.000 0.000 0.000 0.010 0.010 0.010 0.010 0.009 0.009 0.010 0.010 0.009 0.004 0.010 0.007 0.010 0.010 0.000 0.023 0.010 0.006 0.005 0.002 0.006 0.004 0.005 0.003 0.005 0.000 0.000 0.003 0.006
0.010 0.000 0.010 0.010 0.010 0.010 0.010 0.010 0.010 0.022 0.019 0.010 0.010 0.010 0.010 0.010 0.081 0.010 0.010 0.010 0.010 0.057 0.006 0.000 0.000 0.000 0.000 0.000 0.000 0.000 0.000 0.000 0.000 0.009 0.010 0.010 0.009 0.006 0.010 0.019 0.010 0.010 0.000 0.000 0.010 0.010 0.010 0.010 0.010 0.000 0.000 0.000 0.009 0.009 0.032 0.000 0.001 0.003 0.000 0.004 0.009 0.009 0.000 0.000 0.017 0.007 0.000 0.000 0.000 0.000 0.000 0.005 0.005 0.005 0.000 0.000 0.009
0.010 0.010 0.010 0.010 0.010 0.010 0.010 0.010 0.010 0.010 0.064 0.010 0.010 0.010 0.010 0.064 0.114 0.010 0.010 0.010 0.022 0.008 0.010 0.010 0.010 0.010 0.000 0.000 0.000 0.000 0.000 0.000 0.000 0.009 0.010 0.009 0.006 0.007 0.009 0.143 0.010 0.000 0.000 0.010 0.010 0.000 0.000 0.000 0.010 0.010 0.010 0.000 0.009 0.015 0.000 0.000 0.002 0.002 0.003 0.004 0.003 0.005 0.005 0.003 0.005 0.005 0.000 0.000 0.000 0.000 0.005 0.005 0.003 0.000 0.003 0.010 0.010
0.030 0.008 0.038 0.010 0.008 0.010 0.010 0.010 0.010 0.010 0.007 0.010 0.009 0.010 0.010 0.010 0.010 0.010 0.009 0.010 0.010 0.005 0.008 0.010 0.008 0.006 0.006 0.005 0.009 0.000 0.009 0.008 0.010 0.008 0.010 0.009 0.009 0.009 0.009 0.010 0.105 0.009 0.009 0.010 0.009 0.008 0.008 0.009 0.009 0.009 0.020 0.000 0.020 0.008 0.010 0.004 0.002 0.000 0.000 0.003 0.000 0.002 0.003 0.004 0.008 0.009 0.000 0.009 0.004 0.008 0.010 0.008 0.002 0.010 0.010 0.010 0.056
0.010 0.000 0.000 0.000 0.017 0.010 0.012 0.000 0.007 0.007 0.006 0.007 0.006 0.006 0.006 0.007 0.006 0.006 0.006 0.007 0.006 0.009 0.006 0.006 0.004 0.005 0.006 0.008 0.008 0.010 0.007 0.026 0.012 0.009 0.010 0.009 0.008 0.010 0.009 0.009 0.009 0.009 0.010 0.010 0.010 0.000 0.000 0.000 0.008 0.010 0.008 0.008 0.010 0.009 0.009 0.004 0.000 0.000 0.003 0.004 0.000 0.000 0.003 0.003 0.006 0.008 0.000 0.004 0.003 0.003 0.008 0.004 0.003 0.003 0.010 0.043 0.000
0.010 0.009 0.005 0.007 0.006 0.010 0.006 0.005 0.005 0.008 0.005 0.007 0.005 0.007 0.007 0.007 0.006 0.009 0.011 0.007 0.008 0.004 0.006 0.000 0.000 0.004 0.006 0.003 0.005 0.004 0.004 0.005 0.006 0.000 0.000 0.009 0.022 0.009 0.008 0.010 0.010 0.010 0.010 0.010 0.010 0.008 0.009 0.010 0.029 0.010 0.000 0.006 0.007 0.008 0.000 0.008 0.003 0.005 0.000 0.006 0.000 0.000 0.002 0.003 0.007 0.005 0.000 0.005 0.000 0.000 0.002 0.003 0.000 0.000 0.000 0.010 0.000
0.005 0.004 0.005 0.003 0.006 0.010 0.005 0.006 0.004 0.005 0.010 0.005 0.005 0.005 0.005 0.010 0.026 0.010 0.010 0.010 0.006 0.005 0.006 0.010 0.010 0.010 0.010 0.004 0.003 0.006 0.007 0.000 0.008 0.010 0.000 0.010 0.009 0.010 0.009 0.009 0.010 0.010 0.010 0.010 0.010 0.009 0.009 0.010 0.008 0.010 0.009 0.009 0.013 0.000 0.000 0.000 0.006 0.000 0.000 0.009 0.005 0.003 0.000 0.005 0.005 0.004 0.004 0.002 0.002 0.000 0.003 0.003 0.003 0.000 0.009 0.009 0.009
0.006 0.010 0.010 0.010 0.010 0.054 0.004 0.006 0.004 0.005 0.005 0.008 0.007 0.010 0.009 0.010 0.010 0.010 0.000 0.000 0.006 0.005 0.004 0.004 0.012 0.010 0.000 0.010 0.010 0.010 0.009 0.010 0.006 0.010 0.010 0.010 0.020 0.009 0.009 0.009 0.010 0.010 0.010 0.010 0.010 0.010 0.010 0.010 0.010 0.010 0.000 0.008 0.010 0.010 0.000 0.008 0.000 0.000 0.000 0.010 0.005 0.002 0.000 0.005 0.004 0.005 0.008 0.000 0.000 0.000 0.004 0.004 0.000 0.004 0.008 0.000 0.003
0.004 0.006 0.000 0.000 0.006 0.010 0.004 0.004 0.007 0.010 0.010 0.005 0.039 0.008 0.010 0.023 0.010 0.010 0.010 0.010 0.009 0.008 0.000 0.010 0.000 0.000 0.000 0.007 0.000 0.000 0.004 0.000 0.000 0.033 0.010 0.000 0.010 0.008 0.009 0.009 0.010 0.010 0.010 0.010 0.010 0.095 0.010 0.007 0.007 0.000 0.006 0.019 0.000 0.009 0.000 0.005 0.000 0.000 0.005 0.006 0.000 0.005 0.000 0.002 0.003 0.000 0.000 0.004 0.004 0.003 0.009 0.003 0.000 0.000 0.006 0.000 0.003
