hx_30m/njhx/rain/result-0062.wd
ncols         211
nrows         286
xllcorner     660279.582600
yllcorner     3541874.325092
cellsize      30.000000
NODATA_value  -9999.000000
[rows 204 to 237 of 286, columns 77 to 153 of 211]
0.010 0.010 0.004 0.002 0.032 0.010 0.001 0.000 0.000 0.000 0.010 0.010 0.058 0.270 0.001 0.000 0.000 0.000 0.002 0.001 0.002 0.001 0.002 0.000 0.000 0.002 0.002 0.044 0.128 0.004 0.000 0.000 0.000 0.010 0.000 0.002 0.000 0.005 0.002 0.000 0.000 0.000 0.000 0.002 0.001 0.000 0.000 0.000 0.002 0.001 0.000 0.000 0.000 0.000 0.000 0.000 0.001 0.000 0.009 0.001 0.001 0.010 0.000 0.000 0.010 0.001 0.000 0.004 0.003 0.010 0.000 0.000 0.000 0.000 0.059 0.000 0.000
0.306 0.002 0.004 0.010 0.002 0.010 0.000 0.000 0.001 0.000 0.000 0.000 0.010 0.007 0.005 0.010 0.001 0.000 0.001 0.004 0.000 0.000 0.000 0.001 0.002 0.002 0.010 0.029 0.000 0.000 0.000 0.000 0.000 0.000 0.000 0.010 0.001 0.002 0.000 0.000 0.000 0.005 0.001 0.002 0.000 0.002 0.001 0.000 0.001 0.000 0.001 0.000 0.002 0.000 0.000 0.000 0.000 0.001 0.010 0.005 0.204 0.000 0.000 0.000 0.000 0.001 0.004 0.001 0.001 0.010 0.004 0.001 0.000 0.002 0.000 0.000 0.002
0.002 0.000 0.001 0.003 0.001 0.010 0.000 0.000 0.000 0.000 0.000 0.000 0.010 0.000 0.000 0.001 0.000 0.010 0.001 0.000 0.000 0.000 0.000 0.001 0.002 0.001 0.003 0.002 0.000 0.000 0.000 0.000 0.000 0.004 0.002 0.002 0.001 0.000 0.000 0.001 0.000 0.001 0.001 0.010 0.010 0.003 0.004 0.000 0.000 0.000 0.000 0.002 0.001 0.001 0.004 0.002 0.000 0.001 0.009 0.000 0.010 0.000 0.000 0.002 0.001 0.004 0.004 0.010 0.002 0.000 0.010 0.010 0.004 0.001 0.000 0.001 0.000
0.002 0.004 0.000 0.002 0.009 0.001 0.001 0.001 0.001 0.000 0.000 0.000 0.001 0.000 0.000 0.001 0.000 0.002 0.001 0.001 0.000 0.000 0.010 0.001 0.010 0.000 0.002 0.010 0.010 0.001 0.001 0.000 0.010 0.001 0.001 0.001 0.000 0.000 0.000 0.001 0.000 0.000 0.001 0.001 0.010 0.179 0.000 0.000 0.000 0.000 0.003 0.001 0.000 0.002 0.001 0.004 0.250 0.010 0.010 0.230 0.000 0.001 0.001 0.000 0.000 0.001 0.004 0.010 0.004 0.010 0.010 0.010 0.046 0.000 0.000 0.001 0.000
0.002 0.000 0.010 0.003 0.000 0.001 0.001 0.000 0.000 0.002 0.004 0.001 0.005 0.002 0.005 0.003 0.002 0.178 0.064 0.001 0.001 0.002 0.004 0.001 0.002 0.000 0.010 0.000 0.004 0.010 0.000 0.000 0.000 0.000 0.002 0.001 0.000 0.000 0.001 0.002 0.010 0.000 0.002 0.001 0.010 0.000 0.000 0.000 0.000 0.000 0.002 0.002 0.001 0.001 0.000 0.002 0.010 0.015 0.000 0.095 0.000 0.000 0.001 0.010 0.001 0.002 0.002 0.002 0.001 0.001 0.010 0.004 0.000 0.000 0.039 0.000 0.000
0.000 0.010 0.003 0.001 0.010 0.000 0.000 0.000 0.000 0.001 0.000 0.000 0.000 0.000 0.001 0.000 0.000 0.145 0.352 0.075 0.158 0.004 0.002 0.000 0.000 0.010 0.010 0.001 0.001 0.000 0.002 0.000 0.000 0.001 0.001 0.001 0.001 0.000 0.000 0.000 0.000 0.010 0.000 0.010 0.010 0.000 0.000 0.000 0.000 0.000 0.000 0.003 0.010 0.000 0.002 0.002 0.002 0.001 0.010 0.171 0.000 0.022 0.002 0.001 0.000 0.000 0.001 0.002 0.000 0.000 0.000 0.001 0.000 0.010 0.000 0.010 0.001
0.000 0.002 0.001 0.002 0.000 0.000 0.000 0.000 0.000 0.000 0.001 0.001 0.000 0.000 0.000 0.033 0.002 0.225 0.069 0.248 0.328 0.000 0.548 0.010 0.001 0.002 0.002 0.000 0.000 0.000 0.010 0.000 0.002 0.001 0.002 0.000 0.010 0.002 0.000 0.000 0.000 0.003 0.000 0.010 0.000 0.000 0.000 0.000 0.001 0.001 0.000 0.010 0.010 0.001 0.010 0.000 0.004 0.000 0.010 0.001 0.000 0.004 0.001 0.000 0.000 0.010 0.000 0.000 0.000 0.000 0.000 0.000 0.010 0.010 0.010 0.000 0.001
0.010 0.004 0.004 0.010 0.000 0.000 0.000 0.000 0.000 0.005 0.001 0.000 0.001 0.000 0.000 0.000 0.005 0.083 0.217 0.031 0.393 0.010 0.020 0.110 0.686 0.000 0.033 0.004 0.000 0.000 0.010 0.010 0.001 0.010 0.000 0.000 0.010 0.010 0.001 0.009 0.000 0.010 0.010 0.010 0.010 0.000 0.000 0.000 0.004 0.000 0.000 0.010 0.009 0.000 0.006 0.002 0.076 0.006 0.000 0.000 0.001 0.000 0.002 0.001 0.000 0.000 0.000 0.010 0.001 0.000 0.000 0.000 0.000 0.001 0.002 0.001 0.003
0.000 0.005 0.004 0.004 0.000 0.000 0.001 0.001 0.000 0.001 0.010 0.002 0.000 0.000 0.001 0.001 0.218 0.333 0.349 0.307 0.012 0.001 0.001 0.001 0.010 0.010 0.010 0.010 0.000 0.002 0.002 0.000 0.001 0.002 0.000 0.010 0.010 0.010 0.000 0.000 0.002 0.001 0.001 0.000 0.001 0.000 0.000 0.000 0.000 0.000 0.000 0.000 0.000 0.000 0.002 0.001 0.000 0.000 0.000 0.001 0.001 0.000 0.001 0.000 0.000 0.000 0.010 0.010 0.010 0.010 0.010 0.000 0.010 0.000 0.000 0.009 0.010
0.001 0.001 0.000 0.001 0.000 0.001 0.001 0.000 0.001 0.000 0.014 0.000 0.001 0.001 0.001 0.004 0.334 0.094 0.295 0.004 0.002 0.001 0.010 0.000 0.001 0.001 0.001 0.163 0.001 0.010 0.000 0.017 0.004 0.001 0.002 0.010 0.010 0.001 0.000 0.000 0.008 0.001 0.003 0.000 0.001 0.000 0.001 0.001 0.000 0.000 0.000 0.008 0.000 0.000 0.004 0.019 0.000 0.000 0.000 0.000 0.000 0.002 0.000 0.002 0.001 0.000 0.001 0.005 0.010 0.010 0.001 0.000 0.010 0.001 0.007 0.015 0.000
0.004 0.003 0.001 0.000 0.002 0.000 0.000 0.000 0.000 0.001 0.018 0.001 0.000 0.000 0.001 0.001 0.203 0.381 0.000 0.001 0.001 0.001 0.001 0.001 0.002 0.001 0.001 0.000 0.000 0.001 0.002 0.010 0.000 0.010 0.012 0.002 0.001 0.008 0.001 0.003 0.001 0.001 0.001 0.002 0.000 0.010 0.000 0.000 0.000 0.010 0.000 0.010 0.000 0.001 0.002 0.557 0.000 0.000 0.001 0.000 0.000 0.002 0.000 0.000 0.000 0.001 0.001 0.000 0.002 0.010 0.010 0.000 0.000 0.001 0.001 0.002 0.000
0.001 0.010 0.000 0.000 0.000 0.001 0.000 0.001 0.000 0.000 0.000 0.000 0.000 0.010 0.004 0.001 0.029 0.000 0.007 0.004 0.010 0.010 0.010 0.001 0.002 0.001 0.001 0.010 0.004 0.010 0.001 0.004 0.010 0.010 0.000 0.001 0.002 0.002 0.002 0.063 0.010 0.012 0.000 0.001 0.010 0.000 0.000 0.000 0.000 0.000 0.004 0.000 0.000 0.002 0.000 0.001 0.000 0.000 0.001 0.000 0.002 0.000 0.001 0.000 0.000 0.001 0.003 0.001 0.001 0.001 0.001 0.001 0.000 0.002 0.001 0.000 0.000
0.001 0.004 0.010 0.001 0.000 0.000 0.001 0.000 0.000 0.001 0.006 0.001 0.004 0.000 0.002 0.001 0.124 0.004 0.010 0.001 0.004 0.010 0.010 0.002 0.001 0.001 0.000 0.001 0.001 0.001 0.004 0.004 0.003 0.001 0.010 0.003 0.000 0.002 0.002 0.010 0.003 0.001 0.001 0.000 0.005 0.001 0.000 0.000 0.000 0.000 0.000 0.000 0.001 0.002 0.074 0.000 0.000 0.010 0.000 0.000 0.000 0.001 0.000 0.000 0.000 0.000 0.001 0.001 0.046 0.000 0.001 0.001 0.001 0.001 0.001 0.000 0.001
0.002 0.001 0.002 0.004 0.000 0.001 0.000 0.000 0.000 0.002 0.004 0.000 0.010 0.010 0.001 0.001 0.010 0.001 0.000 0.001 0.002 0.002 0.001 0.002 0.001 0.001 0.004 0.002 0.000 0.001 0.001 0.002 0.000 0.010 0.000 0.002 0.000 0.003 0.000 0.001 0.001 0.000 0.001 0.010 0.000 0.001 0.000 0.026 0.000 0.000 0.000 0.000 0.002 0.000 0.001 0.000 0.002 0.010 0.010 0.000 0.004 0.001 0.001 0.001 0.000 0.000 0.001 0.000 0.000 0.003 0.058 0.001 0.002 0.002 0.001 0.001 0.000
0.004 0.002 0.001 0.000 0.001 0.001 0.000 0.000 0.001 0.001 0.000 0.000 0.001 0.001 0.001 0.000 0.001 0.002 0.004 0.010 0.010 0.004 0.001 0.010 0.004 0.001 0.001 0.002 0.000 0.002 0.001 0.004 0.001 0.010 0.000 0.000 0.000 0.000 0.000 0.630 0.000 0.001 0.004 0.000 0.000 0.000 0.000 0.000 0.000 0.000 0.000 0.001 0.004 0.002 0.000 0.000 0.000 0.000 0.000 0.002 0.001 0.000 0.000 0.000 0.000 0.000 0.000 0.000 0.000 0.000 0.000 0.001 0.010 0.001 0.002 0.001 0.001
0.000 0.010 0.000 0.001 0.001 0.001 0.001 0.001 0.001 0.052 0.000 0.000 0.000 0.001 0.001 0.002 0.001 0.001 0.010 0.010 0.010 0.010 0.004 0.001 0.001 0.001 0.001 0.000 0.000 0.010 0.001 0.002 0.001 0.000 0.010 0.001 0.010 0.001 0.000 0.110 0.021 0.022 0.000 0.010 0.000 0.000 0.000 0.000 0.000 0.000 0.000 0.004 0.001 0.000 0.000 0.000 0.000 0.000 0.000 0.001 0.000 0.000 0.002 0.000 0.001 0.000 0.004 0.001 0.000 0.000 0.000 0.002 0.001 0.010 0.001 0.000 0.001
0.000 0.001 0.000 0.000 0.000 0.000 0.002 0.000 0.001 0.002 0.002 0.010 0.002 0.005 0.001 0.002 0.001 0.001 0.001 0.000 0.010 0.010 0.003 0.000 0.001 0.003 0.002 0.001 0.001 0.002 0.004 0.000 0.010 0.000 0.001 0.000 0.000 0.034 0.018 0.159 0.010 0.019 0.000 0.003 0.002 0.004 0.001 0.000 0.000 0.000 0.001 0.002 0.000 0.000 0.000 0.001 0.000 0.000 0.001 0.000 0.000 0.000 0.001 0.000 0.000 0.000 0.010 0.004 0.001 0.001 0.001 0.001 0.000 0.000 0.000 0.044 0.000
0.001 0.001 0.000 0.000 0.001 0.001 0.000 0.000 0.001 0.001 0.002 0.001 0.003 0.001 0.000 0.000 0.010 0.002 0.001 0.002 0.000 0.120 0.010 0.010 0.002 0.002 0.000 0.000 0.000 0.000 0.002 0.003 0.010 0.000 0.000 0.010 0.037 0.030 0.000 0.084 0.010 0.012 0.010 0.001 0.001 0.009 0.097 0.002 0.001 0.000 0.001 0.004 0.000 0.000 0.000 0.000 0.000 0.003 0.000 0.001 0.010 0.000 0.000 0.001 0.000 0.000 0.000 0.004 0.000 0.000 0.000 0.004 0.000 0.000 0.000 0.000 0.000
0.001 0.002 0.000 0.000 0.004 0.001 0.001 0.001 0.000 0.000 0.000 0.001 0.004 0.002 0.001 0.004 0.004 0.010 0.187 0.010 0.004 0.010 0.001 0.002 0.004 0.002 0.000 0.000 0.000 0.002 0.000 0.000 0.001 0.000 0.001 0.084 0.065 0.001 0.002 0.000 0.010 0.013 0.031 0.002 0.001 0.001 0.001 0.002 0.000 0.001 0.000 0.000 0.000 0.000 0.007 0.000 0.000 0.000 0.000 0.000 0.000 0.010 0.001 0.000 0.001 0.000 0.003 0.000 0.004 0.001 0.002 0.000 0.000 0.000 0.001 0.001 0.001
0.000 0.002 0.001 0.001 0.000 0.004 0.001 0.001 0.000 0.001 0.004 0.001 0.002 0.002 0.002 0.001 0.001 0.004 0.010 0.167 0.010 0.002 0.000 0.001 0.000 0.001 0.000 0.000 0.001 0.001 0.001 0.001 0.000 0.001 0.000 0.077 0.063 0.001 0.000 0.002 0.214 0.096 0.192 0.042 0.010 0.004 0.004 0.001 0.001 0.001 0.055 0.001 0.004 0.000 0.001 0.000 0.000 0.000 0.000 0.001 0.001 0.000 0.095 0.010 0.007 0.010 0.002 0.000 0.001 0.001 0.004 0.000 0.000 0.000 0.000 0.000 0.000
0.000 0.002 0.001 0.002 0.002 0.001 0.001 0.001 0.001 0.001 0.001 0.001 0.001 0.001 0.000 0.010 0.001 0.001 0.000 0.004 0.001 0.107 0.010 0.000 0.000 0.001 0.000 0.000 0.000 0.004 0.002 0.004 0.004 0.001 0.001 0.001 0.000 0.001 0.001 0.000 0.002 0.000 0.002 0.183 0.139 0.112 0.149 0.002 0.001 0.000 0.010 0.010 0.003 0.001 0.001 0.000 0.000 0.000 0.000 0.000 0.000 0.001 0.000 0.001 0.001 0.010 0.010 0.002 0.000 0.002 0.000 0.000 0.000 0.000 0.000 0.000 0.001
0.002 0.000 0.001 0.001 0.001 0.001 0.001 0.001 0.000 0.001 0.001 0.000 0.000 0.000 0.001 0.004 0.010 0.075 0.001 0.001 0.001 0.002 0.005 0.001 0.017 0.001 0.000 0.001 0.000 0.004 0.001 0.000 0.000 0.001 0.001 0.000 0.000 0.001 0.002 0.000 0.000 0.191 0.198 0.088 0.189 0.085 0.004 0.001 0.010 0.006 0.001 0.001 0.001 0.738 0.240 0.001 0.004 0.000 0.000 0.001 0.001 0.001 0.001 0.000 0.000 0.000 0.001 0.000 0.001 0.000 0.000 0.000 0.000 0.000 0.000 0.000 0.001
0.000 0.000 0.001 0.001 0.001 0.000 0.001 0.001 0.001 0.001 0.001 0.000 0.004 0.001 0.002 0.010 0.010 0.010 0.010 0.010 0.000 0.001 0.001 0.001 0.010 0.156 0.001 0.000 0.010 0.001 0.001 0.002 0.010 0.001 0.000 0.000 0.001 0.000 0.000 0.001 0.000 0.101 0.105 0.087 0.001 0.001 0.004 0.004 0.008 0.004 0.010 0.001 0.001 0.004 0.001 0.010 0.052 0.010 0.002 0.001 0.002 0.001 0.000 0.000 0.000 0.000 0.001 0.001 0.000 0.000 0.000 0.000 0.000 0.001 0.000 0.000 0.000
0.001 0.000 0.000 0.009 0.001 0.001 0.002 0.001 0.010 0.001 0.001 0.001 0.000 0.004 0.010 0.010 0.010 0.010 0.010 0.001 0.001 0.000 0.000 0.002 0.001 0.010 0.010 0.001 0.004 0.000 0.001 0.004 0.004 0.000 0.004 0.001 0.000 0.000 0.000 0.000 0.005 0.000 0.000 0.002 0.001 0.000 0.004 0.000 0.001 0.000 0.000 0.001 0.010 0.002 0.001 0.000 0.002 0.798 0.645 0.001 0.001 0.001 0.000 0.000 0.000 0.000 0.001 0.001 0.010 0.008 0.000 0.000 0.000 0.000 0.000 0.000 0.000
0.000 0.000 0.004 0.039 0.001 0.001 0.001 0.002 0.001 0.001 0.000 0.002 0.002 0.001 0.001 0.000 0.000 0.010 0.010 0.001 0.058 0.000 0.010 0.002 0.001 0.001 0.002 0.001 0.002 0.003 0.001 0.000 0.001 0.000 0.000 0.001 0.001 0.004 0.000 0.010 0.000 0.000 0.000 0.000 0.000 0.001 0.002 0.006 0.001 0.002 0.010 0.048 0.004 0.001 0.010 0.010 0.001 0.000 0.001 0.000 0.895 0.188 0.000 0.000 0.000 0.001 0.001 0.000 0.004 0.002 0.000 0.000 0.104 0.001 0.000 0.000 0.001
0.000 0.000 0.004 0.010 0.033 0.001 0.000 0.001 0.001 0.001 0.002 0.000 0.000 0.000 0.001 0.133 0.000 0.000 0.001 0.000 0.001 0.000 0.000 0.001 0.000 0.001 0.007 0.004 0.001 0.002 0.002 0.004 0.000 0.001 0.001 0.001 0.002 0.000 0.002 0.000 0.001 0.000 0.001 0.000 0.001 0.001 0.734 0.004 0.001 0.001 0.001 0.004 0.004 0.001 0.000 0.001 0.000 0.001 0.000 0.001 0.004 0.274 0.726 0.010 0.001 0.001 0.000 0.000 0.000 0.000 0.000 0.058 0.158 0.255 0.182 0.007 0.001
0.010 0.000 0.000 0.000 0.000 0.000 0.000 0.001 0.001 0.001 0.001 0.001 0.001 0.000 0.000 0.000 0.002 0.000 0.000 0.000 0.001 0.001 0.001 0.000 0.000 0.010 0.000 0.004 0.003 0.001 0.000 0.010 0.000 0.001 0.000 0.001 0.001 0.000 0.000 0.000 0.000 0.000 0.000 0.001 0.001 0.000 0.055 0.010 0.010 0.004 0.001 0.001 0.001 0.010 0.002 0.000 0.001 0.001 0.002 0.000 0.010 0.000 0.010 0.684 0.010 0.001 0.001 0.000 0.000 0.000 0.000 0.135 0.174 0.161 0.023 0.009 0.004
0.001 0.001 0.000 0.000 0.000 0.001 0.000 0.002 0.001 0.001 0.002 0.001 0.000 0.000 0.001 0.000 0.000 0.001 0.000 0.000 0.001 0.002 0.003 0.001 0.000 0.000 0.000 0.004 0.001 0.001 0.001 0.001 0.000 0.000 0.000 0.001 0.001 0.001 0.001 0.010 0.001 0.010 0.000 0.002 0.002 0.010 0.024 0.033 0.010 0.004 0.010 0.004 0.001 0.000 0.000 0.000 0.002 0.001 0.004 0.004 0.002 0.000 0.000 0.010 0.000 0.000 0.002 0.001 0.047 0.000 0.065 0.198 0.210 0.190 0.000 0.002 0.016
0.004 0.000 0.001 0.000 0.001 0.001 0.004 0.002 0.000 0.000 0.001 0.003 0.002 0.004 0.000 0.001 0.010 0.000 0.001 0.001 0.000 0.001 0.001 0.000 0.002 0.000 0.001 0.004 0.002 0.000 0.000 0.000 0.001 0.000 0.000 0.000 0.000 0.001 0.010 0.000 0.001 0.000 0.001 0.001 0.048 0.000 0.010 0.010 0.002 0.010 0.002 0.010 0.010 0.004 0.001 0.010 0.002 0.005 0.010 0.010 0.010 0.001 0.000 0.010 0.010 0.079 0.010 0.000 0.337 0.040 0.055 0.162 0.312 0.005 0.001 0.001 0.001
0.000 0.000 0.000 0.000 0.001 0.001 0.001 0.001 0.001 0.000 0.000 0.001 0.000 0.001 0.004 0.000 0.000 0.000 0.000 0.001 0.002 0.000 0.000 0.000 0.000 0.001 0.004 0.000 0.002 0.000 0.000 0.000 0.000 0.001 0.001 0.000 0.000 0.001 0.001 0.001 0.001 0.001 0.001 0.000 0.000 0.000 0.000 0.010 0.000 0.010 0.010 0.001 0.007 0.004 0.000 0.010 0.001 0.000 0.010 0.000 0.010 0.010 0.001 0.000 0.186 0.143 0.142 0.206 0.010 0.000 1.181 0.273 0.104 0.000 0.001 0.001 0.001
0.004 0.001 0.000 0.001 0.001 0.001 0.001 0.000 0.000 0.001 0.001 0.001 0.000 0.000 0.000 0.001 0.002 0.010 0.013 0.000 0.001 0.010 0.057 0.000 0.002 0.001 0.002 0.001 0.000 0.000 0.000 0.000 0.000 0.000 0.000 0.000 0.002 0.001 0.000 0.001 0.001 0.001 0.004 1.002 0.000 0.000 0.000 0.049 0.000 0.000 0.010 0.010 0.001 0.001 0.001 0.004 0.001 0.010 0.008 0.010 0.010 0.000 0.000 0.001 0.000 0.150 0.035 0.000 0.000 0.010 0.010 0.000 0.020 0.224 0.073 0.000 0.013
0.000 0.000 0.004 0.001 0.002 0.000 0.001 0.000 0.000 0.000 0.000 0.010 0.001 0.000 0.001 0.000 0.001 0.001 0.002 0.001 0.000 0.001 0.001 0.001 0.002 0.000 0.001 0.004 0.000 0.000 0.000 0.000 0.001 0.001 0.000 0.000 0.002 0.006 0.001 0.001 0.001 0.007 0.000 0.022 0.249 0.000 0.000 0.000 0.000 0.000 0.000 0.010 0.001 0.001 0.004 0.001 0.001 0.001 0.004 0.001 0.001 0.001 0.001 0.000 0.001 0.002 0.121 0.000 0.010 0.113 0.010 0.000 0.004 0.000 0.177 0.298 0.029
0.010 0.002 0.001 0.001 0.001 0.001 0.000 0.000 0.001 0.000 0.000 0.000 0.001 0.001 0.001 0.000 0.000 0.000 0.010 0.001 0.001 0.000 0.000 0.001 0.000 0.002 0.001 0.001 0.000 0.000 0.000 0.000 0.000 0.000 0.000 0.001 0.001 0.001 0.004 0.002 0.008 0.010 0.664 0.010 0.000 0.000 0.141 0.034 0.000 0.000 0.000 0.010 0.001 0.010 0.010 0.010 0.001 0.008 0.000 0.001 0.001 0.002 0.000 0.000 0.000 0.001 0.001 0.000 0.005 0.000 0.001 0.002 0.000 0.000 0.000 0.000 0.101
0.001 0.001 0.001 0.001 0.002 0.000 0.000 0.000 0.000 0.001 0.000 0.000 0.000 0.000 0.000 0.001 0.001 0.000 0.010 0.010 0.004 0.002 0.001 0.001 0.000 0.002 0.001 0.003 0.000 0.000 0.000 0.000 0.000 0.000 0.000 0.000 0.001 0.004 0.004 0.001 0.003 0.000 0.002 0.001 0.002 0.010 0.022 0.010 0.000 0.000 0.010 0.001 0.010 0.010 0.010 0.010 0.010 0.010 0.004 0.001 0.001 0.001 0.000 0.000 0.004 0.010 0.000 0.000 0.000 0.001 0.000 0.000 0.007 0.000 0.000 0.000 0.001
