hx_30m/njhx/rain/result-0022.wd
ncols         211
nrows         286
xllcorner     660279.582600
yllcorner     3541874.325092
cellsize      30.000000
NODATA_value  -9999.000000
[rows 34 to 67 of 286, columns 77 to 153 of 211]
0.000 0.000 0.000 0.000 0.000 0.000 0.000 0.011 0.010 0.010 0.009 0.015 0.009 0.006 0.006 0.003 0.002 0.005 0.004 0.004 0.006 0.001 0.002 0.002 0.000 0.000 0.000 0.008 0.000 0.000 0.006 0.007 0.005 0.009 0.005 0.005 0.010 0.010 0.075 0.000 0.000 0.030 0.048 0.002 0.002 0.005 0.004 0.010 0.003 0.002 0.002 0.006 0.000 0.008 0.006 0.000 0.000 0.000 0.000 0.000 0.000 0.000 0.000 0.000 0.000 0.000 0.000 0.000 0.000 0.000 0.000 0.000 0.000 0.000 0.000 0.000 0.000
0.000 0.000 0.000 0.000 0.000 0.000 0.069 0.010 0.010 0.010 0.010 0.010 0.010 0.010 0.004 0.001 0.002 0.000 0.005 0.000 0.000 0.000 0.001 0.002 0.005 0.007 0.007 0.006 0.008 0.000 0.000 0.000 0.004 0.007 0.007 0.000 0.031 0.007 0.010 0.010 0.000 0.000 0.039 0.030 0.004 0.004 0.000 0.003 0.002 0.000 0.002 0.010 0.010 0.006 0.003 0.008 0.000 0.000 0.000 0.023 0.000 0.000 0.000 0.000 0.000 0.000 0.000 0.000 0.000 0.000 0.000 0.000 0.000 0.000 0.000 0.000 0.000
0.000 0.000 0.000 0.000 0.000 0.000 0.010 0.009 0.010 0.009 0.010 0.010 0.048 0.010 0.003 0.000 0.002 0.002 0.004 0.004 0.000 0.001 0.001 0.006 0.004 0.002 0.005 0.000 0.000 0.005 0.000 0.000 0.005 0.007 0.005 0.000 0.010 0.005 0.009 0.009 0.005 0.000 0.000 0.001 0.000 0.000 0.000 0.000 0.000 0.003 0.003 0.003 0.005 0.005 0.008 0.009 0.010 0.000 0.000 0.000 0.023 0.000 0.000 0.000 0.000 0.000 0.000 0.000 0.000 0.000 0.000 0.000 0.000 0.000 0.000 0.000 0.000
0.000 0.000 0.000 0.000 0.000 0.000 0.010 0.009 0.008 0.010 0.010 0.010 0.010 0.010 0.005 0.000 0.001 0.002 0.000 0.002 0.000 0.003 0.004 0.005 0.007 0.000 0.002 0.006 0.005 0.003 0.000 0.005 0.005 0.009 0.004 0.000 0.009 0.007 0.004 0.014 0.000 0.001 0.000 0.002 0.007 0.010 0.003 0.000 0.068 0.000 0.006 0.007 0.006 0.010 0.008 0.006 0.010 0.000 0.000 0.000 0.000 0.010 0.000 0.000 0.000 0.000 0.000 0.000 0.000 0.000 0.000 0.000 0.000 0.000 0.000 0.000 0.000
0.000 0.000 0.000 0.000 0.000 0.000 0.010 0.009 0.009 0.009 0.010 0.010 0.010 0.010 0.007 0.000 0.002 0.002 0.002 0.002 0.000 0.006 0.001 0.002 0.010 0.004 0.004 0.003 0.010 0.003 0.000 0.000 0.006 0.010 0.004 0.010 0.036 0.006 0.004 0.000 0.000 0.002 0.003 0.000 0.004 0.010 0.003 0.000 0.000 0.004 0.010 0.010 0.010 0.010 0.010 0.010 0.008 0.010 0.000 0.000 0.000 0.028 0.000 0.000 0.000 0.000 0.000 0.000 0.000 0.000 0.000 0.000 0.000 0.000 0.000 0.000 0.000
0.000 0.000 0.000 0.000 0.000 0.000 0.010 0.010 0.006 0.009 0.010 0.024 0.010 0.010 0.014 0.000 0.001 0.000 0.002 0.003 0.002 0.002 0.001 0.001 0.004 0.000 0.002 0.002 0.009 0.000 0.010 0.010 0.008 0.009 0.009 0.003 0.000 0.000 0.000 0.011 0.009 0.000 0.000 0.000 0.005 0.005 0.007 0.003 0.004 0.010 0.010 0.010 0.010 0.014 0.009 0.000 0.007 0.009 0.010 0.000 0.000 0.000 0.018 0.000 0.000 0.000 0.000 0.000 0.000 0.000 0.000 0.000 0.000 0.000 0.000 0.000 0.000
0.000 0.000 0.000 0.000 0.000 0.000 0.010 0.009 0.009 0.007 0.010 0.068 0.010 0.010 0.025 0.009 0.010 0.020 0.004 0.000 0.002 0.003 0.003 0.009 0.004 0.002 0.009 0.003 0.005 0.000 0.000 0.008 0.000 0.006 0.009 0.004 0.000 0.006 0.003 0.004 0.007 0.005 0.003 0.003 0.007 0.008 0.006 0.006 0.005 0.010 0.000 0.010 0.000 0.000 0.000 0.009 0.007 0.005 0.008 0.000 0.000 0.000 0.000 0.010 0.000 0.000 0.000 0.000 0.000 0.000 0.000 0.000 0.000 0.000 0.000 0.000 0.000
0.000 0.000 0.000 0.000 0.000 0.000 0.009 0.010 0.003 0.009 0.010 0.010 0.010 0.010 0.010 0.029 0.009 0.000 0.002 0.003 0.002 0.003 0.000 0.003 0.000 0.002 0.000 0.003 0.003 0.001 0.001 0.000 0.004 0.004 0.008 0.006 0.008 0.111 0.008 0.024 0.009 0.003 0.009 0.006 0.005 0.006 0.000 0.000 0.004 0.008 0.010 0.006 0.007 0.003 0.000 0.008 0.009 0.004 0.007 0.010 0.000 0.000 0.000 0.024 0.000 0.000 0.000 0.000 0.000 0.000 0.000 0.000 0.000 0.000 0.000 0.000 0.000
0.000 0.000 0.000 0.000 0.000 0.000 0.008 0.007 0.006 0.009 0.010 0.010 0.010 0.010 0.010 0.010 0.009 0.002 0.000 0.004 0.000 0.000 0.000 0.001 0.003 0.004 0.009 0.003 0.010 0.002 0.006 0.005 0.009 0.009 0.010 0.007 0.135 0.031 0.022 0.000 0.000 0.012 0.009 0.004 0.000 0.010 0.008 0.000 0.005 0.000 0.000 0.001 0.006 0.002 0.000 0.003 0.003 0.003 0.008 0.006 0.000 0.000 0.000 0.000 0.010 0.000 0.000 0.000 0.000 0.000 0.000 0.000 0.000 0.000 0.000 0.000 0.000
0.000 0.000 0.000 0.000 0.000 0.000 0.010 0.009 0.008 0.016 0.008 0.009 0.009 0.007 0.007 0.008 0.009 0.006 0.005 0.005 0.010 0.005 0.004 0.005 0.007 0.003 0.005 0.005 0.009 0.004 0.001 0.003 0.002 0.005 0.010 0.005 0.004 0.000 0.003 0.004 0.002 0.000 0.008 0.009 0.010 0.010 0.004 0.003 0.000 0.003 0.000 0.000 0.000 0.002 0.003 0.003 0.002 0.000 0.003 0.007 0.010 0.000 0.000 0.000 0.025 0.010 0.000 0.000 0.000 0.000 0.000 0.000 0.000 0.000 0.000 0.000 0.000
0.000 0.000 0.000 0.000 0.000 0.000 0.006 0.009 0.010 0.010 0.007 0.010 0.004 0.009 0.008 0.005 0.009 0.005 0.003 0.006 0.009 0.006 0.003 0.004 0.005 0.005 0.000 0.000 0.001 0.002 0.002 0.000 0.000 0.005 0.008 0.007 0.005 0.000 0.000 0.001 0.001 0.010 0.010 0.006 0.000 0.010 0.006 0.003 0.002 0.004 0.003 0.004 0.002 0.002 0.000 0.003 0.005 0.003 0.003 0.005 0.008 0.000 0.000 0.000 0.000 0.014 0.000 0.000 0.000 0.000 0.000 0.000 0.000 0.000 0.000 0.000 0.000
0.000 0.000 0.000 0.000 0.000 0.010 0.010 0.010 0.009 0.010 0.010 0.010 0.008 0.003 0.004 0.008 0.009 0.008 0.003 0.003 0.003 0.003 0.000 0.000 0.000 0.008 0.000 0.001 0.002 0.002 0.000 0.002 0.000 0.003 0.006 0.009 0.005 0.000 0.000 0.000 0.001 0.002 0.119 0.005 0.004 0.006 0.003 0.000 0.005 0.000 0.008 0.004 0.006 0.003 0.003 0.003 0.003 0.000 0.000 0.007 0.008 0.009 0.000 0.000 0.000 0.000 0.010 0.000 0.000 0.000 0.000 0.000 0.000 0.000 0.000 0.000 0.000
0.000 0.000 0.000 0.000 0.000 0.010 0.010 0.010 0.009 0.010 0.007 0.014 0.002 0.008 0.005 0.004 0.005 0.006 0.000 0.003 0.003 0.002 0.010 0.010 0.009 0.010 0.009 0.000 0.000 0.000 0.001 0.000 0.003 0.002 0.006 0.006 0.004 0.003 0.003 0.002 0.000 0.001 0.000 0.005 0.000 0.004 0.004 0.003 0.005 0.005 0.008 0.010 0.004 0.000 0.000 0.003 0.003 0.002 0.003 0.003 0.004 0.008 0.016 0.000 0.000 0.000 0.000 0.010 0.000 0.000 0.000 0.000 0.000 0.000 0.000 0.000 0.000
0.000 0.000 0.000 0.000 0.000 0.010 0.010 0.010 0.006 0.008 0.006 0.007 0.010 0.005 0.003 0.003 0.004 0.000 0.007 0.010 0.009 0.008 0.009 0.010 0.010 0.010 0.006 0.002 0.002 0.000 0.002 0.000 0.002 0.003 0.005 0.008 0.005 0.004 0.000 0.000 0.002 0.001 0.000 0.007 0.000 0.004 0.003 0.000 0.003 0.008 0.007 0.005 0.003 0.000 0.000 0.002 0.004 0.003 0.003 0.005 0.010 0.009 0.010 0.000 0.000 0.000 0.000 0.018 0.000 0.000 0.000 0.000 0.000 0.000 0.000 0.000 0.000
0.000 0.000 0.000 0.000 0.000 0.051 0.010 0.010 0.007 0.008 0.005 0.010 0.004 0.003 0.003 0.005 0.005 0.010 0.019 0.008 0.000 0.002 0.003 0.005 0.008 0.009 0.006 0.002 0.000 0.001 0.000 0.001 0.002 0.005 0.003 0.009 0.009 0.003 0.000 0.000 0.002 0.002 0.003 0.007 0.006 0.005 0.007 0.004 0.004 0.003 0.003 0.002 0.014 0.002 0.003 0.000 0.000 0.003 0.003 0.000 0.010 0.016 0.000 0.000 0.000 0.000 0.000 0.000 0.010 0.000 0.000 0.000 0.000 0.000 0.000 0.000 0.000
0.000 0.000 0.000 0.000 0.000 0.010 0.010 0.009 0.009 0.009 0.006 0.010 0.007 0.003 0.003 0.005 0.007 0.007 0.003 0.007 0.003 0.003 0.008 0.010 0.010 0.010 0.007 0.003 0.003 0.000 0.000 0.002 0.000 0.009 0.000 0.004 0.010 0.005 0.003 0.004 0.000 0.004 0.008 0.009 0.006 0.000 0.003 0.003 0.003 0.000 0.000 0.006 0.010 0.005 0.010 0.000 0.000 0.006 0.006 0.000 0.017 0.004 0.009 0.010 0.000 0.000 0.000 0.000 0.010 0.000 0.000 0.000 0.000 0.000 0.000 0.000 0.000
0.000 0.000 0.000 0.000 0.000 0.030 0.009 0.010 0.008 0.010 0.009 0.009 0.006 0.004 0.006 0.005 0.005 0.006 0.010 0.010 0.000 0.010 0.010 0.088 0.010 0.010 0.009 0.000 0.006 0.002 0.001 0.002 0.002 0.006 0.009 0.004 0.008 0.007 0.000 0.000 0.007 0.000 0.009 0.010 0.006 0.004 0.000 0.005 0.004 0.003 0.000 0.000 0.010 0.010 0.000 0.007 0.008 0.010 0.005 0.006 0.002 0.006 0.016 0.009 0.000 0.000 0.000 0.000 0.010 0.000 0.000 0.000 0.000 0.000 0.000 0.000 0.000
0.000 0.000 0.000 0.000 0.000 0.000 0.022 0.009 0.008 0.008 0.009 0.000 0.004 0.004 0.004 0.004 0.004 0.027 0.000 0.010 0.000 0.010 0.010 0.010 0.000 0.010 0.009 0.000 0.000 0.002 0.002 0.006 0.006 0.007 0.007 0.005 0.006 0.003 0.008 0.000 0.005 0.005 0.009 0.092 0.007 0.007 0.000 0.003 0.005 0.000 0.000 0.550 0.254 0.010 0.004 0.004 0.000 0.004 0.000 0.004 0.005 0.010 0.005 0.007 0.010 0.000 0.000 0.000 0.010 0.010 0.000 0.000 0.000 0.000 0.000 0.000 0.000
0.000 0.000 0.000 0.000 0.000 0.000 0.010 0.007 0.010 0.009 0.006 0.009 0.007 0.003 0.004 0.006 0.008 0.000 0.010 0.096 0.031 0.072 0.031 0.010 0.000 0.010 0.009 0.014 0.000 0.005 0.008 0.006 0.009 0.010 0.010 0.004 0.010 0.007 0.005 0.000 0.000 0.007 0.000 0.000 0.007 0.000 0.016 0.009 0.008 0.006 0.008 0.000 0.000 0.010 0.007 0.006 0.004 0.000 0.000 0.000 0.003 0.000 0.005 0.009 0.009 0.000 0.000 0.000 0.033 0.010 0.000 0.000 0.000 0.000 0.000 0.000 0.000
0.000 0.000 0.000 0.000 0.000 0.000 0.010 0.008 0.009 0.008 0.004 0.004 0.002 0.005 0.006 0.000 0.010 0.010 0.010 0.010 0.010 0.010 0.010 0.083 0.010 0.010 0.009 0.009 0.010 0.007 0.009 0.010 0.010 0.010 0.056 0.006 0.007 0.009 0.005 0.000 0.000 0.009 0.007 0.010 0.010 0.010 0.010 0.010 0.004 0.007 0.004 0.004 0.000 0.010 0.010 0.010 0.004 0.003 0.003 0.000 0.003 0.002 0.002 0.006 0.008 0.016 0.000 0.000 0.000 0.010 0.000 0.000 0.000 0.000 0.000 0.000 0.000
0.000 0.000 0.000 0.000 0.000 0.000 0.029 0.007 0.009 0.010 0.007 0.002 0.004 0.000 0.009 0.010 0.037 0.010 0.010 0.010 0.010 0.010 0.010 0.010 0.010 0.010 0.009 0.007 0.009 0.009 0.011 0.009 0.010 0.010 0.010 0.022 0.007 0.009 0.009 0.008 0.006 0.008 0.000 0.057 0.010 0.000 0.006 0.010 0.000 0.002 0.004 0.005 0.010 0.010 0.010 0.004 0.005 0.004 0.002 0.003 0.000 0.004 0.005 0.000 0.007 0.010 0.000 0.000 0.000 0.010 0.000 0.000 0.000 0.000 0.000 0.000 0.000
0.000 0.000 0.000 0.000 0.000 0.000 0.010 0.008 0.009 0.007 0.008 0.000 0.010 0.010 0.010 0.087 0.033 0.010 0.010 0.010 0.010 0.073 0.021 0.010 0.010 0.010 0.010 0.006 0.000 0.000 0.000 0.000 0.000 0.000 0.000 0.009 0.005 0.010 0.010 0.000 0.007 0.009 0.010 0.021 0.009 0.007 0.005 0.000 0.000 0.005 0.000 0.005 0.094 0.028 0.004 0.000 0.000 0.002 0.003 0.003 0.002 0.000 0.006 0.000 0.010 0.010 0.000 0.000 0.000 0.026 0.000 0.000 0.000 0.000 0.000 0.000 0.000
0.000 0.000 0.000 0.000 0.000 0.000 0.010 0.009 0.009 0.005 0.009 0.010 0.010 0.010 0.010 0.039 0.010 0.010 0.011 0.010 0.010 0.010 0.010 0.010 0.072 0.010 0.010 0.007 0.010 0.009 0.005 0.003 0.000 0.032 0.000 0.010 0.005 0.008 0.010 0.000 0.009 0.009 0.008 0.010 0.023 0.009 0.000 0.000 0.005 0.004 0.000 0.004 0.000 0.007 0.005 0.000 0.004 0.000 0.003 0.003 0.000 0.000 0.005 0.010 0.008 0.009 0.017 0.000 0.000 0.000 0.010 0.000 0.000 0.000 0.000 0.000 0.000
0.000 0.000 0.000 0.000 0.000 0.000 0.010 0.009 0.010 0.009 0.021 0.000 0.010 0.012 0.010 0.010 0.010 0.010 0.098 0.010 0.010 0.010 0.064 0.010 0.009 0.009 0.009 0.009 0.000 0.009 0.006 0.006 0.003 0.010 0.000 0.000 0.012 0.010 0.010 0.000 0.009 0.010 0.009 0.009 0.000 0.007 0.000 0.002 0.005 0.004 0.003 0.000 0.000 0.000 0.007 0.003 0.002 0.000 0.004 0.002 0.005 0.006 0.002 0.002 0.003 0.008 0.010 0.000 0.000 0.000 0.010 0.000 0.000 0.000 0.000 0.000 0.000
0.000 0.000 0.000 0.000 0.000 0.000 0.010 0.009 0.010 0.009 0.010 0.000 0.098 0.010 0.010 0.010 0.010 0.010 0.010 0.010 0.010 0.010 0.000 0.010 0.000 0.051 0.008 0.008 0.000 0.009 0.007 0.006 0.004 0.000 0.000 0.000 0.010 0.010 0.004 0.008 0.008 0.018 0.009 0.009 0.000 0.007 0.000 0.004 0.007 0.006 0.004 0.002 0.000 0.000 0.006 0.009 0.004 0.010 0.000 0.003 0.007 0.003 0.000 0.003 0.004 0.007 0.010 0.000 0.000 0.000 0.025 0.000 0.000 0.000 0.000 0.000 0.000
0.000 0.000 0.000 0.000 0.000 0.000 0.020 0.007 0.010 0.009 0.008 0.010 0.010 0.010 0.046 0.067 0.010 0.010 0.010 0.010 0.010 0.009 0.010 0.000 0.000 0.010 0.008 0.005 0.009 0.010 0.005 0.007 0.007 0.003 0.000 0.000 0.008 0.010 0.007 0.006 0.007 0.000 0.000 0.000 0.116 0.009 0.000 0.000 0.008 0.007 0.008 0.005 0.007 0.006 0.005 0.004 0.003 0.003 0.003 0.003 0.004 0.004 0.004 0.002 0.003 0.006 0.010 0.000 0.000 0.000 0.010 0.000 0.000 0.000 0.000 0.000 0.000
0.000 0.000 0.000 0.000 0.000 0.000 0.000 0.009 0.010 0.009 0.004 0.008 0.010 0.010 0.010 0.010 0.010 0.028 0.099 0.010 0.008 0.000 0.009 0.008 0.007 0.007 0.008 0.007 0.010 0.010 0.010 0.010 0.000 0.011 0.005 0.000 0.007 0.010 0.007 0.004 0.005 0.004 0.000 0.000 0.010 0.006 0.010 0.010 0.017 0.000 0.000 0.005 0.000 0.003 0.003 0.000 0.000 0.002 0.006 0.003 0.004 0.003 0.000 0.005 0.007 0.005 0.010 0.000 0.000 0.000 0.010 0.000 0.000 0.000 0.000 0.000 0.000
0.000 0.000 0.000 0.000 0.000 0.000 0.015 0.010 0.010 0.009 0.003 0.009 0.000 0.010 0.010 0.010 0.033 0.010 0.009 0.009 0.006 0.010 0.036 0.010 0.074 0.010 0.029 0.010 0.098 0.088 0.031 0.010 0.010 0.010 0.004 0.005 0.003 0.004 0.002 0.000 0.004 0.000 0.000 0.003 0.004 0.021 0.010 0.068 0.010 0.000 0.000 0.009 0.004 0.004 0.003 0.003 0.003 0.003 0.000 0.002 0.003 0.002 0.000 0.000 0.000 0.004 0.008 0.012 0.000 0.000 0.015 0.000 0.000 0.000 0.000 0.000 0.000
0.000 0.000 0.000 0.000 0.000 0.000 0.010 0.016 0.010 0.009 0.024 0.010 0.000 0.010 0.010 0.044 0.009 0.000 0.009 0.007 0.000 0.000 0.000 0.010 0.010 0.010 0.010 0.007 0.053 0.053 0.010 0.010 0.010 0.009 0.000 0.000 0.000 0.004 0.007 0.003 0.006 0.000 0.005 0.003 0.021 0.009 0.005 0.010 0.010 0.000 0.000 0.015 0.010 0.010 0.033 0.010 0.008 0.003 0.004 0.003 0.002 0.003 0.000 0.002 0.003 0.010 0.010 0.010 0.000 0.000 0.000 0.010 0.000 0.000 0.000 0.000 0.000
0.000 0.000 0.000 0.000 0.000 0.000 0.010 0.009 0.010 0.009 0.009 0.019 0.010 0.117 0.009 0.008 0.009 0.007 0.009 0.000 0.000 0.000 0.000 0.000 0.000 0.010 0.010 0.008 0.000 0.071 0.010 0.010 0.010 0.009 0.005 0.009 0.002 0.004 0.008 0.005 0.010 0.013 0.000 0.003 0.004 0.000 0.007 0.000 0.048 0.010 0.010 0.007 0.010 0.000 0.010 0.010 0.010 0.010 0.003 0.000 0.003 0.003 0.000 0.000 0.003 0.010 0.005 0.010 0.000 0.000 0.000 0.013 0.000 0.000 0.000 0.000 0.000
0.000 0.000 0.000 0.000 0.000 0.000 0.010 0.008 0.010 0.009 0.010 0.008 0.067 0.010 0.000 0.009 0.008 0.007 0.000 0.000 0.009 0.009 0.032 0.000 0.000 0.000 0.000 0.006 0.000 0.000 0.000 0.000 0.000 0.000 0.005 0.000 0.005 0.007 0.010 0.010 0.000 0.008 0.000 0.000 0.010 0.007 0.009 0.010 0.010 0.010 0.000 0.005 0.010 0.000 0.010 0.010 0.026 0.010 0.006 0.003 0.003 0.002 0.007 0.010 0.007 0.010 0.006 0.010 0.000 0.000 0.000 0.000 0.000 0.000 0.000 0.000 0.000
0.000 0.000 0.000 0.000 0.000 0.000 0.028 0.008 0.010 0.009 0.019 0.000 0.000 0.000 0.008 0.008 0.005 0.000 0.006 0.004 0.010 0.000 0.010 0.010 0.010 0.000 0.000 0.009 0.000 0.000 0.000 0.000 0.000 0.000 0.009 0.010 0.009 0.010 0.010 0.006 0.010 0.007 0.004 0.009 0.010 0.024 0.010 0.000 0.008 0.007 0.010 0.006 0.004 0.005 0.010 0.010 0.007 0.005 0.003 0.006 0.008 0.002 0.006 0.010 0.010 0.006 0.004 0.010 0.000 0.000 0.000 0.000 0.000 0.000 0.000 0.000 0.000
0.000 0.000 0.000 0.000 0.000 0.000 0.010 0.009 0.010 0.009 0.000 0.000 0.005 0.000 0.008 0.000 0.007 0.009 0.045 0.010 0.010 0.010 0.010 0.010 0.010 0.010 0.010 0.007 0.000 0.000 0.030 0.010 0.000 0.000 0.000 0.009 0.010 0.007 0.010 0.006 0.009 0.006 0.008 0.007 0.008 0.007 0.010 0.005 0.004 0.005 0.008 0.005 0.004 0.006 0.006 0.005 0.006 0.007 0.007 0.010 0.010 0.003 0.008 0.006 0.006 0.006 0.005 0.010 0.000 0.000 0.000 0.010 0.000 0.000 0.000 0.000 0.000
0.000 0.000 0.000 0.000 0.000 0.000 0.010 0.009 0.010 0.009 0.007 0.006 0.000 0.005 0.009 0.007 0.000 0.010 0.010 0.000 0.000 0.049 0.096 0.043 0.010 0.010 0.010 0.009 0.000 0.000 0.000 0.000 0.009 0.009 0.005 0.007 0.006 0.009 0.010 0.008 0.025 0.009 0.007 0.009 0.009 0.010 0.010 0.006 0.010 0.008 0.007 0.006 0.006 0.008 0.008 0.008 0.010 0.009 0.009 0.005 0.008 0.002 0.000 0.002 0.005 0.003 0.006 0.010 0.000 0.000 0.000 0.014 0.000 0.000 0.000 0.000 0.000
