hx_30m/njhx/rain/result-0029.wd
ncols         211
nrows         286
xllcorner     660279.582600
yllcorner     3541874.325092
cellsize      30.000000
NODATA_value  -9999.000000
[rows 136 to 169 of 286, columns 77 to 153 of 211]
0.007 0.006 0.008 0.008 0.008 0.009 0.006 0.008 0.008 0.009 0.008 0.008 0.010 0.007 0.010 0.021 0.007 0.007 0.005 0.009 0.006 0.009 0.005 0.005 0.007 0.010 0.007 0.020 0.008 0.008 0.007 0.007 0.042 0.026 0.004 0.005 0.010 0.004 0.008 0.007 0.010 0.006 0.006 0.004 0.009 0.006 0.008 0.007 0.005 0.026 0.016 0.000 0.021 0.006 0.004 0.002 0.005 0.000 0.000 0.000 0.000 0.005 0.000 0.000 0.007 0.010 0.000 0.010 0.015 0.000 0.002 0.002 0.000 0.010 0.008 0.021 0.002
0.005 0.005 0.008 0.008 0.008 0.006 0.009 0.008 0.006 0.005 0.018 0.004 0.007 0.005 0.010 0.007 0.005 0.004 0.005 0.005 0.008 0.005 0.008 0.024 0.008 0.019 0.008 0.008 0.005 0.000 0.000 0.004 0.000 0.000 0.007 0.005 0.077 0.007 0.010 0.000 0.000 0.006 0.000 0.000 0.004 0.009 0.000 0.006 0.000 0.008 0.006 0.006 0.008 0.006 0.009 0.004 0.004 0.008 0.000 0.000 0.000 0.003 0.008 0.009 0.005 0.009 0.000 0.000 0.010 0.007 0.005 0.000 0.006 0.000 0.000 0.000 0.003
0.004 0.003 0.000 0.000 0.000 0.000 0.000 0.000 0.007 0.008 0.005 0.000 0.000 0.000 0.004 0.000 0.010 0.006 0.004 0.000 0.000 0.006 0.007 0.005 0.010 0.009 0.010 0.010 0.004 0.000 0.000 0.003 0.000 0.000 0.000 0.008 0.690 0.006 0.000 0.010 0.005 0.003 0.010 0.010 0.010 0.035 0.000 0.002 0.000 0.003 0.002 0.004 0.003 0.000 0.000 0.005 0.008 0.003 0.005 0.008 0.000 0.002 0.007 0.007 0.006 0.009 0.007 0.007 0.007 0.007 0.007 0.007 0.010 0.006 0.004 0.000 0.005
0.005 0.005 0.009 0.006 0.006 0.005 0.009 0.007 0.004 0.008 0.002 0.003 0.004 0.007 0.004 0.000 0.000 0.029 0.041 0.010 0.022 0.008 0.007 0.004 0.010 0.010 0.010 0.006 0.000 0.000 0.005 0.007 0.000 0.000 0.000 0.006 0.010 0.006 0.045 0.003 0.000 0.000 0.008 0.010 0.000 0.009 0.000 0.006 0.002 0.002 0.004 0.003 0.007 0.004 0.000 0.002 0.001 0.002 0.003 0.005 0.005 0.007 0.010 0.006 0.032 0.009 0.004 0.005 0.005 0.004 0.005 0.005 0.006 0.010 0.006 0.005 0.005
0.018 0.004 0.003 0.006 0.006 0.008 0.003 0.005 0.015 0.014 0.008 0.007 0.004 0.008 0.007 0.004 0.004 0.004 0.003 0.005 0.005 0.005 0.008 0.006 0.010 0.010 0.010 0.033 0.000 0.000 0.000 0.008 0.000 0.000 0.000 0.009 0.010 0.007 0.010 0.011 0.002 0.000 0.003 0.010 0.010 0.007 0.000 0.008 0.005 0.008 0.010 0.010 0.008 0.004 0.004 0.000 0.003 0.000 0.000 0.000 0.000 0.000 0.000 0.000 0.009 0.004 0.000 0.010 0.009 0.011 0.121 0.110 0.000 0.031 0.009 0.007 0.005
0.009 0.000 0.000 0.020 0.000 0.000 0.006 0.003 0.007 0.018 0.010 0.030 0.097 0.010 0.010 0.010 0.000 0.000 0.051 0.010 0.010 0.010 0.006 0.006 0.010 0.010 0.010 0.086 0.000 0.000 0.000 0.009 0.000 0.000 0.000 0.007 0.010 0.005 0.005 0.007 0.005 0.003 0.000 0.010 0.000 0.004 0.009 0.005 0.003 0.003 0.000 0.000 0.003 0.000 0.008 0.000 0.003 0.000 0.002 0.000 0.000 0.000 0.000 0.000 0.005 0.005 0.000 0.000 0.010 0.130 0.058 0.116 0.009 0.000 0.035 0.010 0.010
0.037 0.004 0.009 0.010 0.047 0.010 0.010 0.010 0.007 0.006 0.070 0.010 0.076 0.010 0.093 0.010 0.082 0.010 0.010 0.010 0.136 0.009 0.005 0.007 0.010 0.010 0.010 0.009 0.000 0.005 0.003 0.006 0.004 0.005 0.000 0.007 0.009 0.017 0.006 0.000 0.008 0.010 0.000 0.000 0.000 0.000 0.000 0.006 0.000 0.004 0.005 0.007 0.000 0.017 0.003 0.000 0.002 0.002 0.002 0.012 0.010 0.010 0.000 0.000 0.004 0.003 0.002 0.010 0.010 0.136 0.073 0.010 0.010 0.036 0.010 0.000 0.010
0.010 0.010 0.007 0.008 0.009 0.005 0.008 0.005 0.006 0.008 0.010 0.010 0.010 0.115 0.010 0.010 0.010 0.010 0.113 0.010 0.042 0.010 0.005 0.009 0.010 0.010 0.010 0.008 0.009 0.000 0.000 0.000 0.000 0.000 0.009 0.007 0.009 0.007 0.000 0.004 0.010 0.000 0.047 0.000 0.000 0.000 0.003 0.004 0.000 0.000 0.006 0.010 0.010 0.010 0.002 0.004 0.004 0.005 0.004 0.007 0.000 0.008 0.005 0.008 0.006 0.000 0.002 0.010 0.010 0.021 0.010 0.010 0.000 0.000 0.052 0.010 0.010
0.010 0.010 0.010 0.010 0.010 0.010 0.000 0.008 0.010 0.010 0.010 0.010 0.010 0.010 0.000 0.000 0.000 0.000 0.010 0.010 0.092 0.010 0.010 0.009 0.010 0.107 0.010 0.010 0.007 0.010 0.009 0.009 0.008 0.010 0.010 0.009 0.008 0.006 0.010 0.010 0.010 0.046 0.010 0.056 0.000 0.014 0.006 0.059 0.010 0.092 0.010 0.010 0.010 0.007 0.010 0.010 0.010 0.050 0.010 0.077 0.000 0.000 0.000 0.000 0.006 0.000 0.002 0.004 0.010 0.040 0.010 0.010 0.000 0.013 0.000 0.010 0.000
0.009 0.010 0.010 0.010 0.010 0.010 0.000 0.003 0.017 0.009 0.010 0.010 0.010 0.010 0.010 0.010 0.010 0.010 0.010 0.010 0.010 0.009 0.005 0.008 0.010 0.010 0.010 0.102 0.008 0.008 0.009 0.007 0.012 0.008 0.009 0.009 0.010 0.000 0.010 0.010 0.010 0.010 0.153 0.008 0.000 0.005 0.010 0.010 0.010 0.010 0.010 0.010 0.010 0.006 0.075 0.010 0.010 0.010 0.010 0.062 0.010 0.000 0.000 0.000 0.017 0.000 0.004 0.003 0.007 0.010 0.010 0.000 0.038 0.053 0.027 0.010 0.010
0.008 0.006 0.009 0.009 0.009 0.008 0.000 0.003 0.006 0.010 0.010 0.010 0.010 0.010 0.010 0.010 0.010 0.010 0.010 0.010 0.089 0.007 0.006 0.008 0.009 0.006 0.004 0.005 0.013 0.007 0.008 0.009 0.014 0.009 0.008 0.008 0.007 0.005 0.005 0.007 0.005 0.009 0.005 0.007 0.009 0.005 0.007 0.000 0.000 0.000 0.010 0.004 0.002 0.005 0.093 0.000 0.000 0.066 0.010 0.018 0.000 0.000 0.000 0.000 0.008 0.007 0.000 0.003 0.000 0.010 0.010 0.000 0.009 0.026 0.009 0.000 0.000
0.010 0.010 0.010 0.009 0.008 0.008 0.008 0.047 0.008 0.010 0.060 0.010 0.010 0.010 0.010 0.010 0.010 0.010 0.010 0.010 0.010 0.010 0.008 0.009 0.019 0.000 0.007 0.007 0.006 0.009 0.009 0.008 0.010 0.009 0.008 0.009 0.015 0.009 0.010 0.010 0.022 0.010 0.010 0.010 0.010 0.009 0.010 0.007 0.005 0.005 0.010 0.005 0.003 0.004 0.000 0.000 0.000 0.010 0.175 0.000 0.000 0.094 0.042 0.000 0.007 0.000 0.006 0.003 0.000 0.003 0.002 0.000 0.010 0.000 0.010 0.000 0.003
0.112 0.010 0.010 0.010 0.010 0.030 0.010 0.006 0.006 0.010 0.010 0.010 0.010 0.010 0.010 0.010 0.010 0.010 0.010 0.010 0.010 0.008 0.010 0.005 0.006 0.007 0.006 0.006 0.005 0.008 0.023 0.008 0.007 0.007 0.007 0.006 0.005 0.009 0.010 0.010 0.010 0.010 0.010 0.055 0.010 0.007 0.000 0.007 0.005 0.000 0.110 0.000 0.004 0.000 0.060 0.010 0.010 0.010 0.010 0.000 0.070 0.010 0.010 0.000 0.008 0.000 0.000 0.003 0.003 0.000 0.002 0.001 0.003 0.005 0.010 0.000 0.013
0.000 0.017 0.010 0.010 0.010 0.010 0.010 0.009 0.007 0.010 0.010 0.449 0.010 0.010 0.010 0.010 0.010 0.010 0.010 0.010 0.010 0.008 0.010 0.009 0.009 0.011 0.009 0.009 0.008 0.010 0.009 0.010 0.010 0.009 0.006 0.004 0.007 0.009 0.010 0.030 0.010 0.010 0.010 0.000 0.000 0.008 0.008 0.000 0.000 0.006 0.007 0.009 0.007 0.007 0.004 0.007 0.009 0.010 0.010 0.000 0.010 0.009 0.010 0.022 0.010 0.010 0.000 0.004 0.003 0.000 0.010 0.041 0.003 0.003 0.002 0.000 0.003
0.010 0.010 0.010 0.010 0.010 0.010 0.010 0.010 0.009 0.010 0.021 0.148 0.145 0.010 0.010 0.010 0.010 0.010 0.010 0.024 0.010 0.008 0.007 0.063 0.010 0.010 0.010 0.010 0.010 0.010 0.010 0.050 0.010 0.007 0.007 0.009 0.008 0.006 0.010 0.010 0.010 0.010 0.005 0.004 0.008 0.003 0.002 0.000 0.000 0.005 0.000 0.010 0.009 0.009 0.005 0.009 0.007 0.005 0.006 0.006 0.010 0.006 0.000 0.004 0.008 0.005 0.005 0.001 0.000 0.001 0.005 0.000 0.000 0.004 0.003 0.000 0.003
0.010 0.010 0.010 0.010 0.010 0.010 0.010 0.008 0.007 0.010 0.010 0.010 0.091 0.010 0.010 0.010 0.010 0.010 0.010 0.010 0.062 0.010 0.010 0.009 0.008 0.000 0.000 0.000 0.000 0.000 0.008 0.009 0.010 0.009 0.007 0.010 0.008 0.009 0.010 0.010 0.010 0.010 0.000 0.000 0.000 0.020 0.007 0.000 0.000 0.010 0.010 0.010 0.044 0.129 0.080 0.010 0.010 0.010 0.010 0.008 0.008 0.005 0.005 0.007 0.005 0.004 0.009 0.000 0.000 0.000 0.000 0.000 0.010 0.005 0.002 0.002 0.003
0.124 0.083 0.010 0.010 0.010 0.010 0.008 0.014 0.006 0.010 0.010 0.010 0.010 0.010 0.010 0.010 0.010 0.010 0.010 0.010 0.010 0.008 0.008 0.009 0.007 0.000 0.000 0.000 0.000 0.000 0.000 0.008 0.010 0.009 0.007 0.009 0.005 0.010 0.010 0.010 0.010 0.010 0.051 0.015 0.008 0.007 0.007 0.000 0.010 0.010 0.010 0.065 0.000 0.049 0.007 0.007 0.009 0.007 0.005 0.006 0.007 0.007 0.011 0.007 0.009 0.008 0.006 0.004 0.005 0.008 0.000 0.001 0.002 0.007 0.000 0.021 0.000
0.010 0.548 0.010 0.010 0.010 0.202 0.009 0.009 0.010 0.010 0.010 0.010 0.010 0.010 0.010 0.010 0.010 0.010 0.010 0.010 0.010 0.008 0.008 0.009 0.008 0.000 0.000 0.000 0.000 0.000 0.000 0.009 0.010 0.008 0.005 0.309 0.004 0.010 0.010 0.009 0.009 0.008 0.010 0.010 0.010 0.010 0.010 0.009 0.009 0.013 0.090 0.007 0.006 0.006 0.036 0.005 0.005 0.007 0.005 0.016 0.005 0.006 0.005 0.006 0.018 0.008 0.005 0.006 0.007 0.007 0.006 0.004 0.003 0.008 0.000 0.005 0.007
0.010 0.010 0.010 0.010 0.010 0.054 0.009 0.008 0.008 0.010 0.010 0.010 0.010 0.010 0.010 0.010 0.040 0.010 0.010 0.010 0.010 0.009 0.008 0.008 0.007 0.009 0.009 0.010 0.010 0.000 0.009 0.009 0.009 0.010 0.008 0.007 0.005 0.010 0.010 0.008 0.016 0.010 0.007 0.008 0.023 0.008 0.007 0.007 0.006 0.006 0.007 0.006 0.007 0.009 0.009 0.006 0.008 0.007 0.009 0.010 0.006 0.006 0.002 0.000 0.004 0.007 0.000 0.000 0.000 0.007 0.007 0.004 0.018 0.006 0.008 0.000 0.000
0.010 0.010 0.010 0.010 0.010 0.010 0.010 0.010 0.010 0.010 0.010 0.010 0.010 0.010 0.010 0.264 0.121 0.072 0.010 0.010 0.010 0.010 0.010 0.008 0.009 0.009 0.009 0.008 0.008 0.009 0.007 0.007 0.009 0.006 0.008 0.175 0.011 0.007 0.008 0.009 0.009 0.009 0.007 0.007 0.007 0.008 0.007 0.009 0.006 0.009 0.010 0.010 0.010 0.009 0.021 0.010 0.010 0.016 0.010 0.009 0.000 0.003 0.002 0.000 0.000 0.006 0.003 0.000 0.001 0.002 0.000 0.000 0.007 0.021 0.007 0.006 0.016
0.000 0.010 0.017 0.098 0.113 0.010 0.008 0.010 0.010 0.010 0.010 0.183 0.036 0.064 0.140 0.233 0.219 0.166 0.010 0.010 0.268 0.010 0.010 0.006 0.007 0.075 0.027 0.008 0.007 0.010 0.007 0.008 0.007 0.007 0.007 0.007 0.011 0.007 0.007 0.009 0.009 0.007 0.009 0.010 0.009 0.010 0.010 0.010 0.057 0.092 0.045 0.000 0.000 0.008 0.007 0.000 0.000 0.000 0.000 0.000 0.000 0.002 0.003 0.002 0.000 0.005 0.002 0.002 0.000 0.002 0.002 0.004 0.006 0.003 0.000 0.000 0.007
0.183 0.190 0.037 0.010 0.010 0.009 0.007 0.008 0.111 0.130 0.128 0.122 0.069 0.010 0.126 0.243 0.225 0.010 0.010 0.010 0.247 0.008 0.006 0.006 0.007 0.007 0.008 0.006 0.009 0.009 0.009 0.009 0.043 0.008 0.006 0.008 0.010 0.009 0.009 0.009 0.000 0.009 0.008 0.141 0.010 0.000 0.000 0.000 0.000 0.000 0.000 0.000 0.000 0.030 0.008 0.010 0.010 0.000 0.010 0.000 0.005 0.005 0.006 0.000 0.000 0.008 0.000 0.002 0.001 0.003 0.004 0.000 0.007 0.009 0.005 0.000 0.010
0.010 0.010 0.010 0.010 0.010 0.010 0.009 0.008 0.085 0.109 0.074 0.090 0.068 0.026 0.179 0.175 0.037 0.010 0.010 0.032 0.077 0.008 0.007 0.009 0.009 0.000 0.000 0.000 0.000 0.000 0.000 0.008 0.008 0.051 0.009 0.009 0.347 0.007 0.000 0.000 0.000 0.009 0.010 0.000 0.000 0.010 0.010 0.010 0.000 0.000 0.000 0.000 0.007 0.007 0.007 0.000 0.008 0.005 0.005 0.008 0.010 0.000 0.000 0.000 0.000 0.007 0.000 0.008 0.006 0.002 0.004 0.001 0.000 0.001 0.007 0.007 0.000
0.010 0.010 0.010 0.010 0.010 0.010 0.008 0.009 0.027 0.072 0.116 0.010 0.010 0.010 0.010 0.010 0.010 0.010 0.146 0.010 0.010 0.010 0.010 0.000 0.000 0.000 0.000 0.000 0.000 0.000 0.009 0.009 0.010 0.010 0.008 0.007 0.373 0.005 0.010 0.000 0.009 0.009 0.010 0.000 0.010 0.010 0.010 0.010 0.010 0.000 0.000 0.010 0.000 0.006 0.000 0.010 0.005 0.065 0.010 0.000 0.010 0.017 0.005 0.005 0.000 0.010 0.000 0.000 0.009 0.010 0.002 0.002 0.001 0.004 0.003 0.000 0.000
0.010 0.010 0.010 0.010 0.010 0.008 0.008 0.010 0.010 0.115 0.529 0.010 0.010 0.010 0.010 0.010 0.010 0.010 0.010 0.010 0.010 0.010 0.010 0.000 0.000 0.000 0.000 0.000 0.000 0.000 0.000 0.009 0.009 0.008 0.008 0.005 0.008 0.005 0.074 0.010 0.010 0.010 0.010 0.000 0.241 0.000 0.010 0.055 0.085 0.010 0.010 0.010 0.010 0.007 0.000 0.008 0.021 0.089 0.058 0.000 0.000 0.010 0.000 0.010 0.007 0.005 0.000 0.000 0.003 0.004 0.002 0.000 0.002 0.004 0.000 0.002 0.003
0.010 0.010 0.010 0.010 0.010 0.010 0.009 0.010 0.010 0.074 0.010 0.010 0.285 0.010 0.010 0.010 0.010 0.010 0.010 0.015 0.010 0.016 0.010 0.000 0.000 0.000 0.000 0.000 0.000 0.000 0.000 0.000 0.000 0.008 0.010 0.007 0.008 0.005 0.009 0.114 0.035 0.010 0.159 0.010 0.120 0.000 0.000 0.000 0.010 0.010 0.010 0.010 0.007 0.007 0.009 0.010 0.005 0.003 0.010 0.007 0.009 0.010 0.000 0.061 0.010 0.005 0.005 0.001 0.006 0.004 0.004 0.003 0.004 0.000 0.000 0.002 0.006
0.010 0.000 0.010 0.010 0.010 0.007 0.007 0.010 0.010 0.108 0.106 0.010 0.156 0.142 0.015 0.013 0.181 0.061 0.010 0.010 0.010 0.087 0.006 0.000 0.000 0.000 0.000 0.000 0.000 0.000 0.000 0.000 0.000 0.008 0.009 0.009 0.008 0.005 0.009 0.096 0.074 0.010 0.000 0.000 0.049 0.010 0.010 0.010 0.010 0.000 0.000 0.000 0.008 0.007 0.063 0.000 0.001 0.002 0.000 0.004 0.008 0.007 0.000 0.000 0.039 0.007 0.000 0.000 0.000 0.000 0.000 0.004 0.004 0.004 0.000 0.000 0.007
0.010 0.009 0.010 0.010 0.009 0.009 0.008 0.010 0.010 0.010 0.150 0.010 0.010 0.009 0.010 0.162 0.214 0.016 0.010 0.010 0.022 0.006 0.010 0.009 0.010 0.010 0.000 0.000 0.000 0.000 0.000 0.000 0.000 0.009 0.010 0.008 0.004 0.005 0.009 0.220 0.066 0.000 0.000 0.009 0.010 0.000 0.000 0.000 0.010 0.010 0.010 0.000 0.007 0.012 0.000 0.000 0.003 0.002 0.003 0.004 0.002 0.007 0.005 0.003 0.008 0.005 0.000 0.000 0.000 0.000 0.004 0.005 0.002 0.000 0.002 0.010 0.010
0.028 0.008 0.117 0.010 0.006 0.010 0.010 0.010 0.010 0.010 0.009 0.009 0.008 0.009 0.010 0.009 0.009 0.009 0.009 0.010 0.009 0.006 0.007 0.009 0.007 0.005 0.007 0.006 0.009 0.000 0.009 0.008 0.009 0.007 0.010 0.009 0.009 0.008 0.007 0.010 0.162 0.009 0.008 0.009 0.008 0.005 0.005 0.007 0.007 0.009 0.025 0.000 0.022 0.006 0.010 0.004 0.001 0.000 0.000 0.002 0.000 0.010 0.002 0.003 0.010 0.008 0.000 0.013 0.004 0.007 0.010 0.007 0.002 0.010 0.011 0.010 0.058
0.010 0.000 0.000 0.000 0.048 0.010 0.020 0.000 0.007 0.007 0.006 0.007 0.006 0.006 0.006 0.007 0.006 0.006 0.007 0.008 0.007 0.009 0.006 0.006 0.005 0.007 0.021 0.009 0.008 0.009 0.007 0.048 0.034 0.009 0.010 0.009 0.006 0.009 0.008 0.008 0.008 0.008 0.010 0.010 0.010 0.000 0.000 0.000 0.006 0.010 0.006 0.006 0.009 0.008 0.007 0.005 0.000 0.000 0.003 0.006 0.000 0.000 0.002 0.005 0.084 0.008 0.000 0.003 0.003 0.003 0.007 0.003 0.002 0.002 0.010 0.046 0.000
0.010 0.007 0.009 0.008 0.007 0.010 0.007 0.006 0.006 0.009 0.005 0.007 0.007 0.007 0.007 0.006 0.006 0.007 0.013 0.006 0.008 0.005 0.007 0.000 0.000 0.006 0.007 0.005 0.006 0.005 0.005 0.005 0.006 0.000 0.000 0.009 0.016 0.009 0.006 0.010 0.010 0.010 0.010 0.010 0.010 0.006 0.007 0.009 0.030 0.010 0.000 0.004 0.005 0.006 0.000 0.007 0.035 0.006 0.000 0.007 0.000 0.000 0.002 0.003 0.017 0.007 0.000 0.005 0.000 0.000 0.002 0.002 0.000 0.000 0.000 0.010 0.000
0.006 0.008 0.006 0.003 0.007 0.010 0.010 0.007 0.003 0.006 0.009 0.005 0.005 0.005 0.006 0.009 0.051 0.009 0.009 0.010 0.006 0.006 0.006 0.009 0.010 0.010 0.010 0.005 0.003 0.006 0.007 0.000 0.006 0.010 0.000 0.009 0.007 0.009 0.007 0.008 0.010 0.010 0.010 0.010 0.010 0.008 0.007 0.010 0.006 0.009 0.007 0.007 0.010 0.000 0.000 0.000 0.010 0.000 0.000 0.008 0.006 0.004 0.000 0.006 0.010 0.010 0.010 0.009 0.002 0.000 0.002 0.002 0.002 0.000 0.008 0.010 0.015
0.007 0.010 0.010 0.010 0.010 0.082 0.004 0.008 0.009 0.006 0.006 0.009 0.007 0.009 0.009 0.010 0.009 0.010 0.000 0.000 0.006 0.006 0.004 0.004 0.011 0.010 0.000 0.010 0.010 0.013 0.009 0.010 0.006 0.010 0.010 0.009 0.024 0.008 0.008 0.007 0.010 0.010 0.010 0.010 0.010 0.010 0.010 0.010 0.009 0.010 0.000 0.005 0.010 0.009 0.000 0.007 0.000 0.000 0.000 0.010 0.005 0.003 0.000 0.006 0.005 0.006 0.008 0.000 0.000 0.000 0.004 0.003 0.000 0.003 0.007 0.000 0.003
0.005 0.009 0.000 0.000 0.007 0.023 0.005 0.008 0.010 0.010 0.010 0.006 0.142 0.009 0.010 0.035 0.010 0.010 0.009 0.009 0.009 0.009 0.000 0.010 0.000 0.000 0.000 0.009 0.000 0.000 0.004 0.000 0.000 0.034 0.009 0.000 0.010 0.006 0.008 0.007 0.010 0.010 0.010 0.010 0.023 0.177 0.009 0.004 0.005 0.000 0.005 0.030 0.000 0.008 0.000 0.005 0.000 0.000 0.005 0.006 0.000 0.007 0.000 0.001 0.004 0.000 0.000 0.004 0.010 0.003 0.008 0.002 0.000 0.000 0.005 0.000 0.002
