hx_30m/njhx/rain/result-0034.wd
ncols         211
nrows         286
xllcorner     660279.582600
yllcorner     3541874.325092
cellsize      30.000000
NODATA_value  -9999.000000
[rows 170 to 203 of 286, columns 77 to 153 of 211]
0.010 0.004 0.010 0.008 0.221 0.112 0.003 0.003 0.005 0.008 0.005 0.008 0.010 0.010 0.010 0.008 0.007 0.010 0.010 0.010 0.006 0.004 0.002 0.001 0.004 0.000 0.010 0.006 0.010 0.009 0.008 0.004 0.003 0.010 0.005 0.004 0.008 0.004 0.004 0.005 0.010 0.118 0.196 0.010 0.002 0.001 0.000 0.000 0.002 0.001 0.003 0.002 0.000 0.005 0.004 0.009 0.000 0.001 0.004 0.004 0.032 0.000 0.000 0.000 0.007 0.000 0.000 0.015 0.010 0.000 0.000 0.002 0.011 0.010 0.064 0.000 0.010
0.010 0.004 0.007 0.010 0.121 0.017 0.004 0.004 0.002 0.002 0.010 0.004 0.003 0.002 0.002 0.005 0.010 0.008 0.000 0.000 0.004 0.005 0.000 0.000 0.004 0.000 0.010 0.000 0.000 0.018 0.006 0.008 0.006 0.010 0.010 0.000 0.008 0.016 0.010 0.004 0.008 0.006 0.002 0.000 0.001 0.001 0.001 0.000 0.006 0.010 0.003 0.003 0.007 0.000 0.000 0.010 0.000 0.004 0.000 0.000 0.010 0.000 0.000 0.003 0.000 0.000 0.000 0.000 0.046 0.002 0.000 0.004 0.007 0.032 0.000 0.004 0.010
0.009 0.006 0.009 0.005 0.024 0.158 0.006 0.003 0.003 0.000 0.002 0.000 0.006 0.006 0.000 0.003 0.006 0.065 0.010 0.010 0.006 0.005 0.000 0.004 0.008 0.008 0.010 0.000 0.060 0.010 0.002 0.000 0.003 0.010 0.022 0.000 0.004 0.004 0.006 0.003 0.004 0.000 0.004 0.001 0.000 0.001 0.001 0.004 0.008 0.043 0.003 0.003 0.002 0.002 0.000 0.000 0.005 0.010 0.007 0.005 0.010 0.000 0.000 0.000 0.004 0.003 0.005 0.000 0.010 0.000 0.000 0.003 0.004 0.001 0.000 0.235 0.372
0.046 0.010 0.006 0.009 0.091 0.078 0.004 0.010 0.005 0.004 0.004 0.008 0.005 0.003 0.006 0.003 0.000 0.000 0.000 0.000 0.004 0.004 0.003 0.005 0.008 0.007 0.008 0.000 0.010 0.010 0.002 0.004 0.001 0.003 0.000 0.003 0.006 0.006 0.005 0.005 0.007 0.004 0.000 0.004 0.004 0.008 0.002 0.002 0.003 0.000 0.004 0.000 0.009 0.010 0.000 0.000 0.009 0.002 0.008 0.000 0.010 0.007 0.003 0.002 0.000 0.000 0.005 0.010 0.010 0.018 0.000 0.004 0.004 0.003 0.000 0.081 0.000
0.000 0.010 0.010 0.010 0.007 0.016 0.004 0.039 0.005 0.010 0.004 0.007 0.038 0.004 0.004 0.004 0.005 0.008 0.004 0.008 0.004 0.005 0.004 0.004 0.003 0.000 0.000 0.000 0.000 0.000 0.002 0.000 0.001 0.004 0.010 0.010 0.006 0.006 0.003 0.006 0.003 0.000 0.000 0.005 0.000 0.000 0.000 0.002 0.002 0.000 0.005 0.000 0.004 0.010 0.004 0.000 0.002 0.000 0.004 0.003 0.007 0.006 0.000 0.007 0.004 0.003 0.004 0.000 0.001 0.005 0.000 0.000 0.002 0.165 0.024 0.033 0.000
0.028 0.000 0.010 0.010 0.007 0.003 0.004 0.002 0.006 0.006 0.005 0.009 0.008 0.004 0.006 0.006 0.008 0.037 0.007 0.029 0.008 0.006 0.005 0.005 0.005 0.008 0.004 0.002 0.005 0.008 0.005 0.001 0.004 0.003 0.010 0.006 0.000 0.008 0.004 0.010 0.008 0.000 0.000 0.010 0.004 0.000 0.000 0.000 0.000 0.000 0.003 0.010 0.004 0.004 0.000 0.000 0.000 0.002 0.002 0.005 0.006 0.000 0.002 0.003 0.005 0.007 0.004 0.004 0.001 0.000 0.002 0.002 0.012 0.172 0.005 0.015 0.000
0.000 0.044 0.010 0.010 0.004 0.002 0.003 0.003 0.001 0.002 0.002 0.003 0.005 0.004 0.003 0.004 0.002 0.004 0.004 0.005 0.004 0.004 0.003 0.005 0.006 0.003 0.028 0.005 0.008 0.005 0.016 0.005 0.005 0.003 0.003 0.004 0.004 0.002 0.003 0.006 0.016 0.010 0.010 0.010 0.000 0.000 0.000 0.000 0.001 0.003 0.004 0.000 0.004 0.000 0.000 0.001 0.005 0.004 0.006 0.007 0.000 0.000 0.005 0.003 0.002 0.003 0.002 0.000 0.001 0.000 0.003 0.006 0.642 0.000 0.000 0.010 0.000
0.010 0.010 0.036 0.010 0.002 0.002 0.007 0.008 0.008 0.008 0.003 0.003 0.001 0.001 0.000 0.003 0.004 0.003 0.003 0.005 0.006 0.004 0.000 0.006 0.010 0.006 0.006 0.006 0.006 0.005 0.005 0.006 0.004 0.004 0.004 0.004 0.004 0.005 0.002 0.006 0.006 0.018 0.004 0.003 0.004 0.006 0.007 0.002 0.005 0.014 0.007 0.005 0.003 0.002 0.000 0.003 0.010 0.003 0.001 0.002 0.003 0.016 0.006 0.010 0.000 0.003 0.002 0.003 0.002 0.000 0.001 0.004 0.000 0.003 0.249 0.000 0.000
0.010 0.010 0.009 0.004 0.003 0.002 0.004 0.004 0.003 0.005 0.006 0.004 0.002 0.002 0.003 0.004 0.004 0.004 0.003 0.002 0.010 0.008 0.006 0.007 0.008 0.004 0.008 0.000 0.004 0.000 0.000 0.000 0.006 0.008 0.003 0.002 0.003 0.008 0.005 0.008 0.003 0.007 0.007 0.006 0.006 0.006 0.004 0.004 0.005 0.004 0.005 0.003 0.005 0.005 0.004 0.003 0.009 0.002 0.000 0.000 0.005 0.000 0.010 0.010 0.010 0.006 0.007 0.002 0.002 0.003 0.002 0.001 0.000 0.004 0.001 0.002 0.010
0.010 0.005 0.009 0.003 0.005 0.009 0.008 0.005 0.004 0.006 0.002 0.002 0.003 0.003 0.000 0.003 0.007 0.010 0.031 0.006 0.004 0.003 0.006 0.010 0.084 0.031 0.010 0.008 0.008 0.008 0.006 0.010 0.008 0.006 0.000 0.000 0.000 0.004 0.006 0.010 0.016 0.010 0.086 0.037 0.010 0.010 0.010 0.028 0.010 0.027 0.010 0.003 0.006 0.000 0.005 0.005 0.002 0.002 0.007 0.010 0.009 0.004 0.010 0.003 0.006 0.007 0.010 0.010 0.000 0.002 0.004 0.002 0.002 0.005 0.002 0.006 0.000
0.010 0.010 0.003 0.002 0.001 0.005 0.006 0.004 0.008 0.006 0.010 0.003 0.003 0.003 0.002 0.004 0.010 0.047 0.114 0.010 0.010 0.004 0.004 0.041 0.000 0.006 0.008 0.004 0.010 0.000 0.008 0.018 0.008 0.004 0.000 0.000 0.000 0.003 0.005 0.010 0.009 0.010 0.010 0.010 0.010 0.010 0.131 0.136 0.010 0.006 0.010 0.004 0.003 0.000 0.006 0.001 0.003 0.002 0.000 0.003 0.002 0.026 0.003 0.002 0.005 0.005 0.007 0.005 0.007 0.006 0.002 0.002 0.000 0.002 0.002 0.001 0.000
0.010 0.005 0.003 0.003 0.010 0.005 0.008 0.003 0.003 0.003 0.002 0.002 0.003 0.002 0.000 0.006 0.010 0.102 0.010 0.010 0.004 0.002 0.000 0.008 0.010 0.010 0.006 0.010 0.010 0.010 0.010 0.006 0.018 0.002 0.005 0.001 0.002 0.004 0.002 0.004 0.003 0.010 0.010 0.010 0.010 0.010 0.128 0.175 0.010 0.003 0.005 0.000 0.011 0.010 0.002 0.000 0.000 0.000 0.001 0.002 0.002 0.000 0.007 0.000 0.003 0.003 0.003 0.011 0.006 0.006 0.010 0.007 0.000 0.008 0.003 0.002 0.000
0.007 0.008 0.002 0.003 0.003 0.004 0.002 0.005 0.006 0.003 0.003 0.003 0.002 0.000 0.004 0.006 0.010 0.010 0.086 0.079 0.006 0.004 0.008 0.006 0.006 0.008 0.008 0.008 0.123 0.008 0.000 0.008 0.005 0.005 0.010 0.006 0.038 0.006 0.007 0.003 0.003 0.010 0.010 0.022 0.010 0.010 0.010 0.010 0.007 0.004 0.000 0.005 0.002 0.000 0.001 0.000 0.002 0.003 0.001 0.000 0.000 0.002 0.002 0.007 0.005 0.003 0.005 0.010 0.010 0.005 0.006 0.006 0.009 0.007 0.010 0.010 0.000
0.008 0.008 0.008 0.004 0.007 0.002 0.002 0.004 0.003 0.002 0.003 0.010 0.009 0.000 0.006 0.006 0.010 0.093 0.010 0.010 0.007 0.002 0.006 0.010 0.005 0.008 0.000 0.005 0.008 0.005 0.009 0.016 0.010 0.004 0.010 0.008 0.000 0.006 0.005 0.008 0.004 0.010 0.056 0.010 0.010 0.010 0.010 0.010 0.005 0.003 0.000 0.005 0.000 0.000 0.001 0.000 0.004 0.001 0.002 0.002 0.004 0.003 0.000 0.004 0.000 0.000 0.004 0.010 0.009 0.006 0.010 0.006 0.008 0.007 0.015 0.010 0.004
0.004 0.064 0.010 0.010 0.009 0.005 0.004 0.003 0.003 0.001 0.002 0.010 0.010 0.008 0.004 0.005 0.049 0.008 0.010 0.010 0.005 0.002 0.006 0.008 0.005 0.025 0.005 0.004 0.008 0.005 0.025 0.008 0.000 0.003 0.005 0.004 0.000 0.005 0.006 0.005 0.008 0.010 0.010 0.119 0.010 0.010 0.010 0.010 0.010 0.000 0.000 0.000 0.000 0.000 0.002 0.003 0.004 0.004 0.006 0.007 0.000 0.006 0.003 0.001 0.004 0.000 0.001 0.000 0.005 0.003 0.046 0.024 0.005 0.003 0.009 0.014 0.003
0.005 0.010 0.010 0.004 0.005 0.005 0.006 0.002 0.001 0.002 0.004 0.008 0.010 0.010 0.010 0.006 0.002 0.000 0.010 0.000 0.003 0.003 0.002 0.002 0.003 0.006 0.000 0.010 0.000 0.005 0.008 0.014 0.006 0.002 0.010 0.010 0.005 0.002 0.010 0.005 0.000 0.010 0.158 0.010 0.010 0.010 0.029 0.010 0.005 0.010 0.007 0.003 0.003 0.007 0.007 0.010 0.000 0.000 0.010 0.010 0.006 0.010 0.004 0.005 0.000 0.005 0.001 0.000 0.004 0.003 0.002 0.009 0.007 0.010 0.010 0.005 0.004
0.010 0.009 0.007 0.004 0.003 0.008 0.004 0.002 0.003 0.010 0.021 0.006 0.010 0.017 0.000 0.001 0.006 0.000 0.052 0.000 0.004 0.006 0.003 0.001 0.002 0.003 0.001 0.004 0.004 0.003 0.004 0.000 0.008 0.004 0.005 0.003 0.003 0.003 0.005 0.005 0.944 0.010 0.146 0.010 0.010 0.186 0.010 0.010 0.005 0.000 0.007 0.007 0.015 0.000 0.005 0.010 0.028 0.010 0.007 0.009 0.000 0.007 0.021 0.000 0.010 0.010 0.002 0.000 0.003 0.007 0.006 0.001 0.001 0.002 0.003 0.004 0.000
0.005 0.042 0.005 0.008 0.004 0.003 0.003 0.003 0.003 0.010 0.003 0.017 0.002 0.000 0.004 0.000 0.004 0.000 0.000 0.000 0.010 0.010 0.005 0.002 0.000 0.000 0.000 0.003 0.003 0.002 0.001 0.002 0.002 0.002 0.003 0.004 0.009 0.142 0.005 0.003 0.891 0.000 0.547 0.010 0.010 0.010 0.010 0.024 0.006 0.000 0.010 0.006 0.007 0.009 0.044 0.060 0.006 0.010 0.024 0.006 0.006 0.006 0.010 0.000 0.000 0.000 0.005 0.001 0.003 0.002 0.000 0.000 0.000 0.000 0.026 0.000 0.003
0.005 0.059 0.003 0.006 0.004 0.006 0.005 0.010 0.010 0.010 0.033 0.002 0.002 0.002 0.000 0.004 0.000 0.000 0.000 0.000 0.002 0.010 0.003 0.000 0.000 0.000 0.000 0.000 0.000 0.000 0.005 0.006 0.008 0.008 0.003 0.004 0.003 0.185 0.311 0.493 0.021 0.010 0.010 0.000 0.010 0.010 0.015 0.010 0.010 0.010 0.006 0.010 0.007 0.000 0.000 0.007 0.010 0.007 0.007 0.070 0.006 0.005 0.006 0.004 0.000 0.000 0.000 0.004 0.001 0.001 0.000 0.000 0.001 0.000 0.000 0.000 0.001
0.004 0.002 0.004 0.002 0.003 0.003 0.009 0.010 0.010 0.010 0.009 0.001 0.000 0.002 0.004 0.010 0.000 0.000 0.010 0.010 0.002 0.082 0.010 0.000 0.002 0.002 0.002 0.000 0.002 0.011 0.045 0.002 0.005 0.060 0.005 0.000 0.000 0.005 0.003 0.003 0.140 0.008 0.000 0.010 0.144 0.000 0.499 0.006 0.007 0.010 0.027 0.000 0.006 0.006 0.005 0.005 0.007 0.014 0.008 0.006 0.007 0.002 0.001 0.005 0.002 0.002 0.002 0.003 0.002 0.000 0.001 0.001 0.002 0.001 0.001 0.003 0.004
0.006 0.007 0.008 0.007 0.003 0.006 0.070 0.342 0.126 0.010 0.003 0.003 0.002 0.000 0.005 0.006 0.000 0.000 0.000 0.016 0.006 0.004 0.000 0.002 0.001 0.002 0.004 0.003 0.000 0.003 0.000 0.005 0.006 0.006 0.002 0.003 0.005 0.003 0.145 0.017 0.015 0.017 0.004 0.006 0.000 0.000 0.613 0.000 0.010 0.010 0.007 0.003 0.000 0.010 0.007 0.050 0.000 0.005 0.009 0.001 0.002 0.007 0.010 0.055 0.000 0.002 0.003 0.004 0.007 0.000 0.002 0.001 0.010 0.002 0.002 0.013 0.010
0.003 0.004 0.005 0.010 0.058 0.005 0.297 0.022 0.018 0.010 0.003 0.002 0.000 0.006 0.006 0.007 0.010 0.059 0.000 0.000 0.005 0.000 0.004 0.002 0.002 0.000 0.005 0.002 0.006 0.010 0.010 0.010 0.005 0.003 0.006 0.000 0.005 0.005 0.004 0.010 0.010 0.000 0.010 0.017 0.006 0.006 0.007 0.005 0.083 0.000 0.010 0.010 0.075 0.010 0.010 0.010 0.007 0.004 0.016 0.005 0.004 0.005 0.005 0.019 0.010 0.000 0.007 0.000 0.000 0.001 0.003 0.003 0.010 0.007 0.005 0.007 0.010
0.004 0.007 0.008 0.009 0.004 0.004 0.004 0.007 0.047 0.010 0.012 0.026 0.067 0.000 0.010 0.010 0.005 0.009 0.010 0.000 0.010 0.006 0.002 0.001 0.000 0.000 0.002 0.006 0.010 0.010 0.005 0.003 0.006 0.005 0.003 0.000 0.005 0.004 0.137 0.011 0.010 0.000 0.000 0.010 0.006 0.004 0.002 0.004 0.000 0.010 0.131 0.000 0.010 0.010 0.010 0.023 0.010 0.005 0.000 0.000 0.003 0.003 0.010 0.008 0.005 0.005 0.003 0.006 0.001 0.001 0.000 0.018 0.004 0.002 0.000 0.048 0.009
0.006 0.003 0.004 0.007 0.005 0.004 0.006 0.009 0.011 0.010 0.016 0.062 0.000 0.004 0.039 0.015 0.002 0.004 0.000 0.003 0.007 0.010 0.007 0.007 0.000 0.003 0.006 0.010 0.034 0.010 0.000 0.003 0.000 0.005 0.000 0.000 0.005 0.005 0.036 0.005 0.000 0.000 0.000 0.010 0.000 0.010 0.008 0.013 0.010 0.006 0.010 0.010 0.124 0.000 0.010 0.010 0.010 0.006 0.000 0.000 0.000 0.010 0.010 0.003 0.006 0.003 0.003 0.000 0.001 0.003 0.003 0.001 0.004 0.010 0.010 0.009 0.039
0.007 0.007 0.007 0.005 0.005 0.007 0.007 0.007 0.010 0.010 0.055 0.079 0.000 0.002 0.003 0.005 0.004 0.006 0.003 0.006 0.007 0.003 0.004 0.007 0.003 0.003 0.010 0.010 0.010 0.003 0.007 0.005 0.000 0.004 0.000 0.005 0.005 0.004 0.002 0.006 0.010 0.010 0.010 0.000 0.000 0.000 0.002 0.005 0.004 0.005 0.003 0.010 0.010 0.010 0.205 0.000 0.159 0.010 0.010 0.006 0.002 0.010 0.042 0.016 0.005 0.007 0.002 0.002 0.001 0.001 0.001 0.001 0.002 0.010 0.007 0.009 0.010
0.007 0.007 0.005 0.004 0.006 0.006 0.007 0.009 0.004 0.081 0.179 0.000 0.002 0.002 0.002 0.003 0.005 0.003 0.006 0.005 0.009 0.003 0.000 0.005 0.003 0.002 0.000 0.000 0.001 0.000 0.003 0.003 0.004 0.000 0.000 0.003 0.005 0.008 0.002 0.007 0.000 0.000 0.010 0.010 0.010 0.010 0.004 0.003 0.062 0.010 0.010 0.010 0.010 0.004 0.010 0.010 0.010 0.000 0.129 0.010 0.007 0.010 0.010 0.010 0.010 0.003 0.002 0.002 0.001 0.001 0.000 0.000 0.001 0.002 0.002 0.006 0.010
0.003 0.011 0.006 0.010 0.008 0.007 0.004 0.007 0.005 0.004 0.094 0.004 0.007 0.002 0.004 0.002 0.009 0.000 0.000 0.010 0.021 0.000 0.004 0.003 0.009 0.000 0.000 0.000 0.000 0.002 0.000 0.006 0.000 0.008 0.007 0.010 0.093 0.010 0.002 0.005 0.000 0.000 0.066 0.000 0.010 0.004 0.017 0.005 0.003 0.026 0.141 0.000 0.005 0.003 0.005 0.007 0.010 0.010 0.010 0.000 0.264 0.010 0.010 0.080 0.005 0.004 0.002 0.000 0.001 0.001 0.000 0.001 0.001 0.004 0.000 0.010 0.000
0.005 0.009 0.007 0.000 0.006 0.009 0.010 0.010 0.047 0.000 0.086 0.007 0.007 0.004 0.003 0.005 0.005 0.005 0.009 0.010 0.007 0.002 0.002 0.004 0.000 0.003 0.000 0.002 0.001 0.000 0.000 0.000 0.008 0.007 0.010 0.004 0.003 0.004 0.003 0.005 0.010 0.010 0.000 0.000 0.000 0.006 0.010 0.009 0.003 0.008 0.061 0.048 0.000 0.000 0.002 0.005 0.003 0.009 0.010 0.010 0.010 0.000 0.414 0.010 0.002 0.000 0.007 0.000 0.000 0.001 0.000 0.001 0.001 0.002 0.002 0.000 0.000
0.010 0.010 0.010 0.010 0.009 0.006 0.009 0.000 0.000 0.069 0.005 0.000 0.010 0.003 0.002 0.009 0.003 0.007 0.003 0.004 0.012 0.006 0.003 0.005 0.000 0.009 0.002 0.001 0.002 0.000 0.007 0.010 0.007 0.108 0.007 0.003 0.005 0.005 0.004 0.004 0.000 0.010 0.010 0.010 0.010 0.003 0.010 0.000 0.000 0.006 0.010 0.007 0.010 0.004 0.012 0.008 0.003 0.004 0.005 0.008 0.010 0.010 0.010 0.000 0.000 0.034 0.000 0.002 0.000 0.001 0.001 0.001 0.002 0.007 0.001 0.001 0.001
0.010 0.010 0.010 0.000 0.007 0.038 0.000 0.062 0.010 0.000 0.000 0.005 0.004 0.002 0.002 0.010 0.002 0.002 0.002 0.003 0.003 0.002 0.015 0.005 0.006 0.010 0.005 0.007 0.000 0.000 0.006 0.010 0.010 0.005 0.007 0.004 0.007 0.006 0.007 0.051 0.000 0.048 0.000 0.000 0.007 0.006 0.041 0.010 0.007 0.010 0.000 0.010 0.004 0.000 0.008 0.011 0.005 0.000 0.006 0.005 0.008 0.005 0.008 0.003 0.014 0.000 0.022 0.005 0.000 0.001 0.001 0.000 0.000 0.002 0.080 0.002 0.001
0.010 0.007 0.000 0.007 0.038 0.000 0.019 0.008 0.000 0.005 0.007 0.002 0.001 0.003 0.000 0.000 0.005 0.002 0.002 0.007 0.003 0.000 0.002 0.000 0.006 0.006 0.004 0.003 0.007 0.006 0.010 0.006 0.010 0.004 0.005 0.005 0.007 0.006 0.007 0.010 0.000 0.000 0.000 0.000 0.004 0.004 0.015 0.016 0.004 0.006 0.004 0.002 0.017 0.002 0.010 0.000 0.061 0.003 0.006 0.000 0.002 0.005 0.006 0.000 0.000 0.003 0.007 0.000 0.333 0.010 0.002 0.002 0.000 0.002 0.002 0.002 0.004
0.004 0.007 0.006 0.000 0.010 0.009 0.010 0.000 0.000 0.000 0.002 0.003 0.007 0.000 0.000 0.003 0.002 0.001 0.004 0.004 0.000 0.005 0.002 0.005 0.004 0.004 0.006 0.027 0.010 0.003 0.007 0.005 0.007 0.004 0.002 0.007 0.007 0.005 0.011 0.010 0.010 0.005 0.000 0.007 0.007 0.005 0.030 0.112 0.089 0.000 0.003 0.000 0.000 0.000 0.000 0.003 0.004 0.000 0.006 0.005 0.000 0.002 0.004 0.005 0.004 0.003 0.005 0.002 0.010 0.000 0.000 0.014 0.003 0.010 0.000 0.000 0.000
0.007 0.264 0.000 0.010 0.009 0.010 0.010 0.000 0.004 0.003 0.005 0.057 0.010 0.010 0.006 0.009 0.002 0.000 0.002 0.009 0.004 0.000 0.000 0.003 0.003 0.005 0.004 0.010 0.008 0.000 0.000 0.041 0.005 0.006 0.010 0.006 0.007 0.005 0.004 0.004 0.004 0.004 0.005 0.009 0.041 0.000 0.000 0.081 0.053 0.005 0.002 0.000 0.000 0.000 0.000 0.000 0.003 0.015 0.006 0.005 0.004 0.004 0.078 0.010 0.000 0.009 0.004 0.006 0.006 0.002 0.005 0.000 0.000 0.004 0.000 0.001 0.010
0.000 0.010 0.010 0.004 0.010 0.010 0.003 0.002 0.002 0.002 0.008 0.069 0.010 0.010 0.004 0.000 0.000 0.000 0.003 0.007 0.000 0.000 0.000 0.000 0.004 0.000 0.003 0.110 0.010 0.010 0.005 0.002 0.002 0.006 0.004 0.029 0.006 0.005 0.004 0.004 0.003 0.003 0.002 0.007 0.007 0.011 0.006 0.005 0.000 0.004 0.000 0.000 0.000 0.000 0.010 0.003 0.004 0.003 0.010 0.010 0.006 0.000 0.010 0.000 0.000 0.000 0.003 0.004 0.003 0.000 0.000 0.002 0.007 0.000 0.000 0.004 0.002
