hx_30m/njhx/rain/result-0033.wd
ncols         211
nrows         286
xllcorner     660279.582600
yllcorner     3541874.325092
cellsize      30.000000
NODATA_value  -9999.000000
[rows 170 to 203 of 286, columns 77 to 153 of 211]
0.010 0.005 0.010 0.009 0.223 0.114 0.003 0.003 0.006 0.009 0.006 0.008 0.010 0.010 0.010 0.008 0.007 0.010 0.010 0.010 0.006 0.004 0.002 0.002 0.005 0.000 0.010 0.007 0.010 0.009 0.008 0.004 0.004 0.010 0.005 0.004 0.008 0.005 0.004 0.006 0.010 0.118 0.196 0.010 0.002 0.001 0.000 0.000 0.002 0.001 0.003 0.003 0.000 0.006 0.004 0.010 0.000 0.001 0.005 0.004 0.032 0.000 0.000 0.001 0.008 0.000 0.000 0.021 0.010 0.000 0.000 0.002 0.011 0.010 0.066 0.000 0.010
0.010 0.004 0.007 0.010 0.123 0.019 0.005 0.005 0.003 0.002 0.010 0.005 0.003 0.003 0.003 0.006 0.010 0.008 0.000 0.000 0.004 0.006 0.000 0.000 0.005 0.000 0.010 0.000 0.000 0.021 0.007 0.008 0.006 0.010 0.010 0.000 0.008 0.018 0.010 0.004 0.008 0.007 0.003 0.000 0.001 0.001 0.001 0.000 0.006 0.010 0.004 0.004 0.008 0.000 0.000 0.010 0.000 0.004 0.000 0.000 0.010 0.000 0.000 0.003 0.000 0.000 0.000 0.000 0.059 0.003 0.000 0.004 0.008 0.033 0.000 0.004 0.010
0.010 0.006 0.009 0.006 0.025 0.160 0.006 0.004 0.003 0.000 0.002 0.000 0.007 0.007 0.000 0.003 0.007 0.065 0.010 0.010 0.006 0.006 0.000 0.004 0.009 0.009 0.010 0.000 0.060 0.010 0.002 0.000 0.004 0.010 0.025 0.000 0.004 0.004 0.007 0.004 0.004 0.000 0.005 0.001 0.000 0.001 0.001 0.005 0.008 0.047 0.003 0.003 0.002 0.002 0.000 0.000 0.005 0.010 0.008 0.005 0.010 0.000 0.000 0.000 0.004 0.004 0.006 0.000 0.017 0.000 0.000 0.004 0.004 0.002 0.000 0.234 0.371
0.047 0.010 0.007 0.009 0.093 0.079 0.004 0.010 0.006 0.005 0.005 0.008 0.006 0.003 0.007 0.003 0.000 0.000 0.000 0.000 0.005 0.005 0.003 0.006 0.009 0.008 0.008 0.000 0.010 0.010 0.002 0.005 0.001 0.003 0.000 0.004 0.006 0.006 0.005 0.005 0.008 0.004 0.000 0.005 0.004 0.009 0.002 0.003 0.003 0.000 0.005 0.000 0.010 0.010 0.000 0.000 0.010 0.003 0.008 0.000 0.010 0.008 0.003 0.002 0.000 0.000 0.005 0.010 0.010 0.020 0.000 0.004 0.004 0.004 0.000 0.080 0.000
0.000 0.010 0.010 0.010 0.007 0.017 0.004 0.039 0.005 0.011 0.005 0.008 0.038 0.005 0.004 0.005 0.006 0.008 0.004 0.008 0.004 0.006 0.005 0.004 0.003 0.000 0.000 0.000 0.000 0.000 0.002 0.000 0.001 0.005 0.010 0.010 0.007 0.006 0.004 0.006 0.004 0.000 0.000 0.005 0.000 0.000 0.000 0.003 0.002 0.000 0.005 0.000 0.004 0.010 0.005 0.000 0.003 0.000 0.004 0.004 0.008 0.007 0.000 0.008 0.004 0.003 0.004 0.000 0.001 0.005 0.000 0.000 0.003 0.166 0.025 0.033 0.000
0.028 0.000 0.010 0.010 0.007 0.003 0.004 0.002 0.007 0.006 0.006 0.011 0.008 0.005 0.007 0.007 0.008 0.040 0.007 0.029 0.008 0.007 0.006 0.006 0.006 0.009 0.004 0.003 0.005 0.008 0.005 0.001 0.004 0.004 0.010 0.007 0.000 0.008 0.004 0.010 0.008 0.000 0.000 0.010 0.004 0.000 0.000 0.000 0.000 0.000 0.004 0.010 0.004 0.004 0.000 0.000 0.000 0.002 0.002 0.005 0.006 0.000 0.002 0.003 0.005 0.008 0.004 0.005 0.001 0.000 0.002 0.002 0.013 0.173 0.005 0.015 0.000
0.000 0.044 0.010 0.010 0.004 0.002 0.003 0.004 0.002 0.003 0.002 0.003 0.006 0.005 0.003 0.005 0.002 0.005 0.004 0.006 0.005 0.005 0.003 0.006 0.006 0.003 0.031 0.005 0.009 0.005 0.018 0.005 0.005 0.004 0.004 0.004 0.005 0.002 0.004 0.006 0.018 0.010 0.010 0.010 0.000 0.000 0.000 0.000 0.001 0.004 0.004 0.000 0.004 0.000 0.000 0.001 0.006 0.004 0.006 0.007 0.000 0.000 0.005 0.003 0.002 0.003 0.002 0.000 0.001 0.000 0.003 0.006 0.644 0.000 0.000 0.010 0.000
0.010 0.010 0.037 0.010 0.002 0.002 0.007 0.008 0.008 0.008 0.003 0.003 0.002 0.002 0.000 0.003 0.005 0.003 0.003 0.006 0.007 0.005 0.000 0.007 0.010 0.007 0.007 0.007 0.007 0.005 0.005 0.007 0.004 0.004 0.004 0.004 0.004 0.005 0.003 0.007 0.006 0.018 0.004 0.003 0.004 0.006 0.008 0.003 0.005 0.015 0.008 0.005 0.004 0.002 0.000 0.003 0.010 0.003 0.001 0.002 0.004 0.016 0.006 0.010 0.000 0.003 0.002 0.003 0.002 0.000 0.001 0.004 0.000 0.003 0.248 0.000 0.000
0.010 0.010 0.009 0.004 0.003 0.003 0.005 0.005 0.004 0.005 0.007 0.005 0.003 0.002 0.004 0.005 0.005 0.005 0.003 0.002 0.010 0.008 0.007 0.008 0.009 0.004 0.008 0.000 0.004 0.000 0.000 0.000 0.007 0.008 0.004 0.003 0.004 0.008 0.006 0.008 0.003 0.008 0.008 0.006 0.006 0.006 0.004 0.004 0.005 0.004 0.006 0.004 0.006 0.005 0.005 0.003 0.009 0.003 0.000 0.000 0.005 0.000 0.010 0.010 0.010 0.006 0.008 0.002 0.002 0.003 0.003 0.001 0.000 0.004 0.001 0.002 0.010
0.010 0.005 0.009 0.004 0.005 0.009 0.008 0.005 0.005 0.007 0.002 0.002 0.004 0.004 0.000 0.003 0.007 0.010 0.031 0.007 0.005 0.004 0.007 0.010 0.084 0.031 0.010 0.008 0.008 0.008 0.007 0.010 0.008 0.007 0.000 0.000 0.000 0.004 0.007 0.010 0.019 0.010 0.086 0.037 0.010 0.010 0.010 0.028 0.010 0.029 0.010 0.003 0.006 0.000 0.005 0.006 0.003 0.003 0.008 0.010 0.010 0.004 0.010 0.003 0.006 0.008 0.010 0.010 0.000 0.002 0.004 0.002 0.003 0.005 0.002 0.006 0.000
0.010 0.010 0.003 0.002 0.002 0.005 0.007 0.005 0.008 0.007 0.010 0.004 0.003 0.003 0.003 0.004 0.010 0.047 0.113 0.010 0.010 0.004 0.005 0.041 0.000 0.007 0.008 0.004 0.010 0.000 0.008 0.019 0.008 0.004 0.000 0.000 0.000 0.004 0.005 0.010 0.011 0.010 0.010 0.010 0.010 0.010 0.131 0.136 0.010 0.007 0.010 0.004 0.004 0.000 0.006 0.001 0.003 0.002 0.000 0.003 0.003 0.028 0.004 0.003 0.005 0.005 0.008 0.005 0.008 0.006 0.002 0.002 0.000 0.002 0.002 0.002 0.000
0.010 0.006 0.003 0.003 0.010 0.005 0.008 0.003 0.004 0.003 0.002 0.002 0.003 0.003 0.000 0.007 0.010 0.103 0.010 0.010 0.005 0.003 0.000 0.009 0.010 0.010 0.007 0.010 0.010 0.010 0.010 0.006 0.021 0.002 0.005 0.001 0.003 0.004 0.002 0.004 0.004 0.010 0.010 0.010 0.010 0.010 0.127 0.175 0.010 0.004 0.005 0.000 0.012 0.010 0.003 0.000 0.000 0.000 0.001 0.002 0.002 0.000 0.008 0.000 0.004 0.004 0.003 0.013 0.006 0.006 0.012 0.008 0.000 0.008 0.003 0.002 0.000
0.007 0.008 0.002 0.003 0.003 0.004 0.002 0.005 0.006 0.003 0.003 0.003 0.002 0.000 0.005 0.007 0.010 0.010 0.086 0.079 0.007 0.005 0.008 0.006 0.007 0.008 0.008 0.008 0.122 0.008 0.000 0.008 0.005 0.006 0.010 0.006 0.038 0.006 0.008 0.004 0.004 0.010 0.010 0.022 0.010 0.010 0.010 0.010 0.008 0.004 0.000 0.005 0.002 0.000 0.001 0.000 0.002 0.003 0.002 0.000 0.000 0.003 0.003 0.007 0.005 0.004 0.005 0.010 0.010 0.005 0.007 0.006 0.011 0.007 0.010 0.010 0.000
0.009 0.009 0.009 0.005 0.007 0.002 0.002 0.004 0.003 0.002 0.004 0.010 0.010 0.000 0.007 0.007 0.010 0.093 0.010 0.010 0.007 0.003 0.007 0.010 0.006 0.008 0.000 0.005 0.008 0.005 0.009 0.016 0.010 0.004 0.010 0.008 0.000 0.006 0.005 0.008 0.004 0.010 0.056 0.010 0.010 0.010 0.010 0.010 0.005 0.004 0.000 0.005 0.000 0.000 0.001 0.000 0.004 0.001 0.002 0.003 0.004 0.004 0.000 0.004 0.000 0.000 0.004 0.010 0.009 0.006 0.010 0.006 0.009 0.008 0.019 0.010 0.004
0.004 0.064 0.010 0.010 0.009 0.006 0.004 0.003 0.004 0.002 0.003 0.010 0.010 0.009 0.005 0.006 0.049 0.009 0.010 0.010 0.006 0.003 0.006 0.008 0.005 0.027 0.005 0.004 0.008 0.005 0.027 0.008 0.000 0.004 0.005 0.005 0.000 0.005 0.006 0.005 0.008 0.010 0.010 0.119 0.010 0.010 0.010 0.010 0.010 0.000 0.000 0.000 0.000 0.000 0.003 0.003 0.004 0.004 0.006 0.008 0.000 0.006 0.003 0.002 0.004 0.000 0.001 0.000 0.005 0.004 0.047 0.024 0.005 0.004 0.010 0.015 0.004
0.006 0.010 0.010 0.005 0.006 0.005 0.006 0.002 0.001 0.002 0.004 0.009 0.010 0.010 0.010 0.007 0.002 0.000 0.010 0.000 0.003 0.003 0.002 0.003 0.003 0.006 0.000 0.010 0.000 0.005 0.008 0.015 0.006 0.003 0.010 0.010 0.005 0.003 0.010 0.005 0.000 0.010 0.128 0.010 0.010 0.010 0.029 0.010 0.005 0.010 0.008 0.004 0.003 0.008 0.008 0.010 0.000 0.000 0.012 0.010 0.006 0.010 0.005 0.005 0.000 0.005 0.002 0.000 0.004 0.004 0.003 0.009 0.008 0.010 0.010 0.005 0.005
0.010 0.009 0.008 0.005 0.003 0.008 0.004 0.002 0.004 0.010 0.021 0.006 0.010 0.021 0.000 0.001 0.006 0.000 0.052 0.000 0.004 0.006 0.003 0.001 0.002 0.003 0.001 0.005 0.004 0.004 0.004 0.000 0.008 0.004 0.005 0.004 0.003 0.003 0.005 0.005 0.944 0.010 0.117 0.010 0.010 0.152 0.010 0.010 0.005 0.000 0.008 0.008 0.017 0.000 0.005 0.010 0.030 0.010 0.007 0.009 0.000 0.008 0.023 0.000 0.010 0.010 0.003 0.000 0.004 0.008 0.007 0.001 0.001 0.002 0.004 0.005 0.000
0.006 0.046 0.006 0.008 0.004 0.004 0.003 0.004 0.003 0.010 0.003 0.018 0.003 0.000 0.004 0.000 0.004 0.000 0.000 0.000 0.010 0.010 0.005 0.002 0.000 0.000 0.000 0.004 0.003 0.002 0.001 0.002 0.003 0.002 0.003 0.004 0.010 0.123 0.005 0.003 0.892 0.000 0.518 0.010 0.010 0.010 0.010 0.026 0.006 0.000 0.010 0.006 0.008 0.009 0.046 0.063 0.006 0.010 0.026 0.006 0.006 0.006 0.010 0.000 0.000 0.000 0.005 0.001 0.004 0.003 0.000 0.000 0.000 0.000 0.030 0.000 0.003
0.006 0.063 0.004 0.007 0.005 0.007 0.006 0.010 0.010 0.010 0.037 0.002 0.002 0.002 0.000 0.005 0.000 0.000 0.000 0.000 0.002 0.010 0.004 0.000 0.000 0.000 0.000 0.000 0.000 0.000 0.005 0.007 0.008 0.008 0.004 0.004 0.003 0.166 0.291 0.473 0.021 0.010 0.010 0.000 0.010 0.010 0.012 0.010 0.010 0.010 0.006 0.010 0.008 0.000 0.000 0.008 0.010 0.008 0.008 0.070 0.006 0.005 0.006 0.004 0.000 0.000 0.000 0.004 0.001 0.002 0.000 0.000 0.001 0.000 0.000 0.000 0.001
0.005 0.003 0.004 0.003 0.003 0.004 0.010 0.010 0.010 0.010 0.009 0.002 0.000 0.002 0.004 0.010 0.000 0.000 0.010 0.010 0.002 0.082 0.010 0.000 0.002 0.002 0.002 0.000 0.002 0.014 0.048 0.003 0.006 0.060 0.005 0.000 0.000 0.005 0.003 0.003 0.141 0.008 0.000 0.010 0.096 0.000 0.495 0.006 0.008 0.010 0.029 0.000 0.007 0.006 0.005 0.005 0.008 0.017 0.008 0.006 0.008 0.002 0.001 0.005 0.002 0.003 0.002 0.004 0.002 0.000 0.002 0.001 0.002 0.001 0.001 0.004 0.004
0.007 0.008 0.008 0.008 0.004 0.007 0.075 0.347 0.131 0.010 0.004 0.004 0.002 0.000 0.005 0.006 0.000 0.000 0.000 0.018 0.006 0.004 0.000 0.003 0.001 0.002 0.005 0.003 0.000 0.004 0.000 0.006 0.006 0.006 0.003 0.004 0.005 0.004 0.146 0.017 0.015 0.018 0.004 0.006 0.000 0.000 0.610 0.000 0.010 0.010 0.008 0.004 0.000 0.010 0.008 0.054 0.000 0.006 0.010 0.002 0.002 0.008 0.010 0.055 0.000 0.002 0.004 0.004 0.008 0.000 0.002 0.002 0.010 0.002 0.002 0.013 0.010
0.004 0.005 0.006 0.010 0.058 0.006 0.302 0.025 0.019 0.010 0.003 0.003 0.000 0.006 0.006 0.007 0.010 0.059 0.000 0.000 0.006 0.000 0.004 0.003 0.002 0.000 0.005 0.002 0.006 0.010 0.010 0.010 0.005 0.003 0.006 0.000 0.005 0.005 0.004 0.010 0.010 0.000 0.010 0.019 0.006 0.006 0.008 0.005 0.083 0.000 0.010 0.010 0.075 0.010 0.010 0.010 0.009 0.004 0.016 0.005 0.004 0.005 0.005 0.019 0.010 0.000 0.008 0.000 0.000 0.001 0.003 0.004 0.010 0.008 0.005 0.008 0.010
0.004 0.008 0.008 0.010 0.004 0.005 0.004 0.007 0.048 0.011 0.012 0.027 0.069 0.000 0.010 0.010 0.007 0.010 0.010 0.000 0.010 0.007 0.003 0.002 0.000 0.000 0.003 0.006 0.010 0.010 0.005 0.004 0.006 0.005 0.003 0.000 0.005 0.004 0.138 0.011 0.010 0.000 0.000 0.010 0.006 0.004 0.002 0.004 0.000 0.010 0.131 0.000 0.010 0.010 0.010 0.023 0.010 0.005 0.000 0.000 0.003 0.004 0.010 0.008 0.005 0.005 0.003 0.006 0.001 0.001 0.000 0.020 0.004 0.002 0.000 0.049 0.009
0.007 0.003 0.004 0.008 0.006 0.005 0.006 0.009 0.011 0.010 0.017 0.063 0.000 0.005 0.040 0.016 0.003 0.005 0.000 0.004 0.008 0.010 0.008 0.007 0.000 0.003 0.006 0.010 0.034 0.010 0.000 0.004 0.000 0.005 0.000 0.000 0.006 0.005 0.038 0.005 0.000 0.000 0.000 0.010 0.000 0.010 0.008 0.014 0.010 0.006 0.010 0.010 0.124 0.000 0.010 0.010 0.010 0.006 0.000 0.000 0.000 0.010 0.010 0.003 0.006 0.003 0.003 0.000 0.001 0.003 0.004 0.002 0.004 0.010 0.010 0.010 0.039
0.008 0.008 0.008 0.006 0.005 0.007 0.007 0.007 0.010 0.010 0.057 0.081 0.000 0.002 0.004 0.005 0.005 0.006 0.004 0.006 0.007 0.004 0.005 0.007 0.004 0.003 0.011 0.010 0.010 0.003 0.008 0.006 0.000 0.004 0.000 0.006 0.005 0.005 0.003 0.006 0.010 0.010 0.010 0.000 0.000 0.000 0.002 0.005 0.004 0.005 0.003 0.010 0.010 0.010 0.204 0.000 0.159 0.010 0.010 0.006 0.002 0.010 0.042 0.016 0.005 0.008 0.002 0.002 0.001 0.001 0.001 0.001 0.002 0.010 0.008 0.011 0.010
0.008 0.008 0.006 0.005 0.006 0.006 0.007 0.009 0.005 0.083 0.181 0.000 0.002 0.002 0.003 0.003 0.005 0.004 0.006 0.005 0.009 0.004 0.000 0.005 0.004 0.002 0.000 0.000 0.001 0.000 0.004 0.003 0.004 0.000 0.000 0.003 0.005 0.008 0.002 0.008 0.000 0.000 0.010 0.010 0.010 0.010 0.004 0.003 0.062 0.010 0.010 0.010 0.010 0.004 0.010 0.010 0.010 0.000 0.129 0.010 0.008 0.010 0.010 0.010 0.010 0.003 0.002 0.002 0.001 0.001 0.000 0.001 0.001 0.002 0.003 0.006 0.010
0.004 0.013 0.007 0.010 0.008 0.007 0.005 0.007 0.005 0.005 0.097 0.005 0.008 0.003 0.005 0.003 0.009 0.000 0.000 0.010 0.023 0.000 0.004 0.004 0.009 0.000 0.000 0.000 0.000 0.002 0.000 0.006 0.000 0.009 0.008 0.010 0.093 0.010 0.002 0.005 0.000 0.000 0.066 0.000 0.010 0.004 0.017 0.005 0.003 0.027 0.142 0.000 0.006 0.004 0.005 0.008 0.010 0.010 0.010 0.000 0.264 0.010 0.010 0.080 0.005 0.004 0.002 0.000 0.001 0.001 0.000 0.001 0.001 0.004 0.000 0.010 0.000
0.005 0.009 0.007 0.000 0.006 0.010 0.010 0.010 0.047 0.000 0.089 0.007 0.008 0.005 0.004 0.006 0.005 0.005 0.009 0.012 0.007 0.002 0.003 0.004 0.000 0.003 0.000 0.003 0.002 0.000 0.000 0.000 0.009 0.008 0.010 0.004 0.004 0.004 0.004 0.005 0.010 0.010 0.000 0.000 0.000 0.006 0.010 0.009 0.004 0.008 0.062 0.050 0.000 0.000 0.002 0.005 0.004 0.010 0.010 0.010 0.010 0.000 0.410 0.010 0.003 0.000 0.008 0.000 0.000 0.001 0.000 0.001 0.001 0.002 0.003 0.000 0.000
0.010 0.010 0.010 0.010 0.010 0.007 0.010 0.000 0.000 0.068 0.005 0.000 0.010 0.003 0.003 0.009 0.004 0.007 0.004 0.004 0.013 0.006 0.004 0.005 0.000 0.010 0.002 0.001 0.002 0.000 0.007 0.010 0.008 0.108 0.008 0.004 0.005 0.005 0.004 0.004 0.000 0.010 0.010 0.010 0.010 0.003 0.010 0.000 0.000 0.006 0.010 0.008 0.010 0.004 0.014 0.008 0.003 0.004 0.005 0.008 0.010 0.010 0.010 0.000 0.000 0.034 0.000 0.002 0.000 0.001 0.001 0.001 0.002 0.007 0.001 0.001 0.001
0.010 0.010 0.010 0.000 0.007 0.042 0.000 0.062 0.010 0.000 0.000 0.006 0.005 0.003 0.002 0.010 0.002 0.002 0.002 0.004 0.003 0.003 0.017 0.005 0.006 0.012 0.005 0.008 0.000 0.000 0.006 0.010 0.010 0.005 0.008 0.004 0.008 0.006 0.007 0.051 0.000 0.048 0.000 0.000 0.008 0.006 0.041 0.010 0.008 0.010 0.000 0.010 0.004 0.000 0.008 0.012 0.005 0.000 0.006 0.005 0.008 0.005 0.008 0.004 0.014 0.000 0.024 0.005 0.000 0.001 0.001 0.000 0.000 0.002 0.080 0.002 0.001
0.010 0.009 0.000 0.007 0.047 0.000 0.021 0.009 0.000 0.005 0.007 0.002 0.002 0.004 0.000 0.000 0.005 0.003 0.002 0.007 0.004 0.000 0.003 0.000 0.006 0.006 0.005 0.004 0.008 0.006 0.010 0.006 0.010 0.004 0.005 0.006 0.008 0.007 0.008 0.010 0.000 0.000 0.000 0.000 0.004 0.004 0.016 0.016 0.004 0.006 0.004 0.003 0.018 0.002 0.010 0.000 0.061 0.004 0.006 0.000 0.002 0.005 0.006 0.000 0.000 0.003 0.008 0.000 0.329 0.010 0.002 0.002 0.000 0.002 0.002 0.003 0.005
0.005 0.008 0.006 0.000 0.010 0.009 0.010 0.000 0.000 0.000 0.002 0.003 0.007 0.000 0.000 0.004 0.002 0.002 0.005 0.005 0.000 0.005 0.002 0.005 0.004 0.004 0.006 0.032 0.010 0.004 0.008 0.005 0.008 0.004 0.003 0.008 0.008 0.005 0.013 0.010 0.010 0.005 0.000 0.008 0.008 0.005 0.031 0.113 0.090 0.000 0.004 0.000 0.000 0.000 0.000 0.004 0.004 0.000 0.006 0.005 0.000 0.003 0.004 0.005 0.005 0.003 0.005 0.002 0.010 0.000 0.000 0.014 0.003 0.010 0.000 0.000 0.000
0.008 0.270 0.000 0.010 0.010 0.010 0.010 0.000 0.005 0.004 0.005 0.057 0.010 0.010 0.006 0.009 0.002 0.000 0.003 0.009 0.005 0.000 0.000 0.004 0.004 0.005 0.004 0.010 0.008 0.000 0.000 0.045 0.005 0.006 0.010 0.006 0.008 0.005 0.004 0.005 0.004 0.004 0.005 0.010 0.050 0.000 0.000 0.082 0.055 0.005 0.003 0.000 0.000 0.000 0.000 0.000 0.004 0.016 0.006 0.006 0.005 0.004 0.078 0.010 0.000 0.009 0.004 0.007 0.006 0.003 0.005 0.000 0.000 0.004 0.000 0.001 0.010
0.000 0.010 0.010 0.005 0.010 0.010 0.004 0.002 0.003 0.002 0.008 0.070 0.010 0.010 0.005 0.000 0.000 0.000 0.004 0.007 0.000 0.000 0.000 0.000 0.004 0.000 0.004 0.110 0.010 0.010 0.005 0.003 0.002 0.007 0.005 0.031 0.006 0.005 0.004 0.004 0.003 0.004 0.002 0.009 0.009 0.013 0.006 0.005 0.000 0.004 0.000 0.000 0.000 0.000 0.010 0.004 0.004 0.004 0.010 0.010 0.007 0.000 0.010 0.000 0.000 0.000 0.004 0.004 0.004 0.000 0.000 0.002 0.008 0.000 0.000 0.004 0.003
