hx_30m/njhx/rain/result.inittm
ncols         211
nrows         286
xllcorner     660279.582600
yllcorner     3541874.325092
cellsize      30.000000
NODATA_value  -9999.000000
[rows 90 to 119 of 286, columns 67 to 133 of 211]
-9999.000 -9999.000 -9999.000 -9999.000 -9999.000 -9999.000 -9999.000 -9999.000 2.278 2.273 2.263 2.247 2.223 2.216 3.952 2.238 3.961 4.024 4.157 4.124 4.160 4.031 4.116 4.142 -9999.000 -9999.000 4.146 4.037 4.030 4.037 4.063 4.046 4.060 4.051 4.050 -9999.000 3.315 3.292 3.271 3.203 3.287 3.271 2.275 4.101 4.005 3.323 3.284 4.076 4.072 2.311 3.162 3.200 3.293 3.298 3.305 3.304 3.334 2.242 1.045 1.306 1.411 2.241 2.330 3.780 3.279 2.178 0.495
-9999.000 -9999.000 -9999.000 -9999.000 -9999.000 -9999.000 -9999.000 -9999.000 2.278 2.273 2.265 2.246 2.232 2.223 4.012 2.244 3.962 4.027 4.055 4.073 4.086 2.273 4.094 4.162 -9999.000 -9999.000 -9999.000 -9999.000 4.021 3.685 -9999.000 4.054 4.051 4.003 4.140 -9999.000 -9999.000 3.287 3.328 3.311 -9999.000 4.080 2.428 -9999.000 -9999.000 -9999.000 -9999.000 4.189 4.309 2.170 -9999.000 -9999.000 -9999.000 -9999.000 -9999.000 -9999.000 -9999.000 -9999.000 0.669 -9999.000 -9999.000 -9999.000 -9999.000 -9999.000 2.328 0.936 0.494
-9999.000 -9999.000 -9999.000 -9999.000 -9999.000 -9999.000 -9999.000 2.243 2.281 2.275 2.264 2.247 2.234 2.221 3.953 2.248 -9999.000 -9999.000 -9999.000 4.041 -9999.000 -9999.000 -9999.000 -9999.000 -9999.000 4.232 4.155 4.143 4.139 4.142 4.111 -9999.000 4.095 -9999.000 4.128 -9999.000 4.112 3.225 -9999.000 -9999.000 4.138 4.120 3.224 -9999.000 4.333 3.224 -9999.000 4.213 3.303 3.199 -9999.000 -9999.000 2.319 -9999.000 -9999.000 -9999.000 -9999.000 -9999.000 3.931 4.032 4.107 4.108 4.014 -9999.000 -9999.000 4.078 -9999.000
-9999.000 -9999.000 -9999.000 -9999.000 -9999.000 -9999.000 -9999.000 2.233 2.273 2.271 2.256 2.248 2.244 2.245 2.323 2.254 -9999.000 4.058 4.020 -9999.000 -9999.000 -9999.000 -9999.000 4.249 4.144 4.143 -9999.000 4.158 -9999.000 -9999.000 4.071 3.240 -9999.000 -9999.000 3.331 3.324 4.080 3.315 -9999.000 -9999.000 4.054 3.325 3.292 3.881 4.068 3.262 3.315 3.288 2.327 2.331 2.250 -9999.000 3.221 3.311 3.292 -9999.000 -9999.000 -9999.000 4.100 -9999.000 4.078 -9999.000 3.272 -9999.000 -9999.000 2.306 4.107
-9999.000 -9999.000 -9999.000 -9999.000 -9999.000 -9999.000 2.181 2.216 2.242 2.259 2.253 2.249 2.254 2.261 4.104 2.275 4.058 4.095 4.098 -9999.000 -9999.000 -9999.000 2.328 -9999.000 -9999.000 -9999.000 3.326 4.073 -9999.000 -9999.000 3.913 2.301 2.269 2.272 3.292 -9999.000 4.150 4.090 -9999.000 -9999.000 -9999.000 -9999.000 3.565 3.587 3.311 -9999.000 2.252 3.283 2.259 2.314 2.240 2.233 2.319 4.213 4.068 4.055 4.050 4.089 3.326 -9999.000 -9999.000 4.075 4.117 -9999.000 4.673 -9999.000 4.027
-9999.000 -9999.000 -9999.000 -9999.000 -9999.000 -9999.000 2.178 2.215 2.238 2.258 2.257 2.256 2.259 4.042 2.322 2.332 4.040 -9999.000 4.042 4.077 2.272 2.283 2.314 2.280 2.301 2.319 4.027 4.057 -9999.000 -9999.000 3.327 2.261 2.266 2.267 4.053 -9999.000 -9999.000 4.066 3.328 -9999.000 3.245 -9999.000 3.286 3.262 3.243 3.073 2.254 3.315 3.259 2.256 -9999.000 -9999.000 2.244 2.251 -9999.000 4.025 -9999.000 -9999.000 3.314 -9999.000 4.079 4.112 3.314 -9999.000 4.643 -9999.000 4.053
-9999.000 -9999.000 -9999.000 -9999.000 -9999.000 0.902 2.186 2.243 2.273 -9999.000 -9999.000 -9999.000 2.259 4.059 2.301 2.323 4.008 4.076 4.002 4.082 -9999.000 -9999.000 4.101 2.258 2.256 2.272 4.127 -9999.000 -9999.000 4.065 2.330 2.248 4.040 4.070 4.149 -9999.000 -9999.000 3.326 3.243 2.272 3.180 3.218 3.186 4.237 -9999.000 -9999.000 3.313 3.327 3.301 2.301 -9999.000 -9999.000 2.331 3.255 3.287 4.093 -9999.000 -9999.000 3.797 3.752 4.152 4.069 3.322 -9999.000 4.445 -9999.000 -9999.000
-9999.000 -9999.000 -9999.000 -9999.000 -9999.000 0.952 2.212 -9999.000 2.291 -9999.000 2.275 2.262 2.248 2.325 2.291 2.318 4.017 2.268 4.092 4.237 -9999.000 3.271 -9999.000 4.127 2.319 -9999.000 4.163 -9999.000 4.130 -9999.000 -9999.000 -9999.000 4.086 -9999.000 -9999.000 -9999.000 -9999.000 4.069 -9999.000 3.212 2.303 2.311 3.283 4.253 -9999.000 2.316 -9999.000 3.311 3.260 2.257 -9999.000 -9999.000 2.238 -9999.000 4.246 4.248 -9999.000 -9999.000 4.239 3.249 2.280 -9999.000 3.318 -9999.000 4.156 -9999.000 -9999.000
-9999.000 -9999.000 -9999.000 -9999.000 0.782 0.930 -9999.000 2.250 2.284 -9999.000 -9999.000 -9999.000 2.269 4.085 4.037 2.281 4.022 -9999.000 2.280 -9999.000 -9999.000 4.065 -9999.000 -9999.000 4.108 -9999.000 4.081 3.272 4.050 -9999.000 4.158 4.152 4.117 -9999.000 -9999.000 4.151 -9999.000 3.312 -9999.000 2.299 2.206 2.498 2.376 4.126 -9999.000 2.268 -9999.000 3.320 3.308 2.257 -9999.000 -9999.000 2.229 2.295 2.326 2.332 2.316 2.317 3.227 2.223 -9999.000 4.162 -9999.000 -9999.000 4.166 -9999.000 -9999.000
-9999.000 -9999.000 -9999.000 -9999.000 0.753 0.880 -9999.000 -9999.000 2.284 -9999.000 -9999.000 2.248 2.258 2.374 2.167 2.254 2.298 4.072 4.019 2.297 4.048 4.091 4.088 4.052 4.101 4.130 4.147 4.046 -9999.000 -9999.000 -9999.000 4.107 3.293 4.052 3.255 3.300 4.069 3.289 3.272 3.257 4.294 -9999.000 4.172 4.164 3.219 3.223 3.248 3.324 3.287 3.246 -9999.000 3.326 3.212 3.268 2.311 3.226 3.228 2.318 3.273 2.171 -9999.000 -9999.000 -9999.000 -9999.000 4.313 -9999.000 -9999.000
-9999.000 -9999.000 -9999.000 0.733 0.736 0.824 2.179 -9999.000 2.283 2.279 -9999.000 -9999.000 2.239 4.044 2.232 2.298 4.032 -9999.000 -9999.000 -9999.000 -9999.000 -9999.000 -9999.000 2.328 -9999.000 -9999.000 -9999.000 2.290 3.333 -9999.000 4.129 2.315 2.287 2.257 2.232 2.208 2.183 3.313 2.320 2.246 -9999.000 -9999.000 -9999.000 -9999.000 -9999.000 4.134 3.255 3.208 3.260 3.302 -9999.000 4.299 3.327 2.348 3.323 4.119 3.310 3.298 3.311 1.820 0.594 0.523 0.445 3.329 3.331 3.388 3.426
-9999.000 -9999.000 -9999.000 0.745 0.757 0.816 2.172 -9999.000 -9999.000 -9999.000 2.231 2.230 2.234 4.035 2.284 2.310 4.116 -9999.000 -9999.000 -9999.000 4.147 4.117 -9999.000 -9999.000 -9999.000 -9999.000 -9999.000 2.297 3.291 4.056 4.113 2.321 2.282 2.256 2.228 2.207 2.182 4.155 -9999.000 3.328 -9999.000 4.313 -9999.000 4.186 4.164 4.166 4.201 3.263 3.273 3.519 -9999.000 3.314 3.933 3.078 -9999.000 4.135 3.333 -9999.000 3.330 2.157 0.653 -9999.000 3.667 3.410 3.436 3.479 4.161
-9999.000 -9999.000 -9999.000 0.740 0.740 0.804 0.959 2.199 2.208 -9999.000 -9999.000 2.226 2.232 4.070 2.288 2.316 4.044 -9999.000 -9999.000 -9999.000 2.323 4.070 4.145 -9999.000 -9999.000 -9999.000 -9999.000 3.231 2.291 4.091 2.293 2.276 2.245 2.240 2.227 2.202 2.180 4.129 3.263 3.255 -9999.000 -9999.000 -9999.000 4.134 3.774 -9999.000 4.156 3.302 3.261 -9999.000 3.306 -9999.000 3.211 3.226 -9999.000 3.317 3.298 -9999.000 -9999.000 -9999.000 2.354 2.306 3.316 -9999.000 3.595 -9999.000 -9999.000
-9999.000 -9999.000 0.757 0.752 0.755 0.798 0.997 2.203 2.218 2.226 2.224 2.231 4.024 4.096 2.291 4.092 -9999.000 -9999.000 -9999.000 2.260 2.329 4.110 -9999.000 -9999.000 -9999.000 4.129 4.145 4.062 4.104 2.278 2.264 2.262 2.236 2.222 2.208 2.198 0.993 3.311 -9999.000 4.108 -9999.000 -9999.000 -9999.000 3.300 4.132 -9999.000 4.213 -9999.000 4.101 -9999.000 3.250 3.237 2.047 -9999.000 -9999.000 -9999.000 4.164 3.310 -9999.000 -9999.000 3.291 3.235 3.269 -9999.000 -9999.000 -9999.000 -9999.000
-9999.000 -9999.000 0.765 0.832 0.787 0.811 0.895 2.211 2.252 2.285 2.251 2.241 4.028 4.054 2.230 2.322 4.111 4.136 4.109 4.055 2.249 4.073 -9999.000 -9999.000 -9999.000 -9999.000 -9999.000 -9999.000 -9999.000 4.143 2.263 2.261 2.247 2.224 2.203 2.193 2.178 2.249 4.124 3.303 2.227 3.255 3.314 3.272 3.289 3.233 3.268 3.264 3.293 4.168 -9999.000 2.376 -9999.000 -9999.000 -9999.000 3.327 -9999.000 -9999.000 -9999.000 -9999.000 -9999.000 3.250 4.142 -9999.000 3.394 3.412 3.688
-9999.000 -9999.000 0.778 0.829 0.758 0.785 -9999.000 2.208 2.262 2.274 2.257 2.246 4.029 2.293 2.273 2.282 2.296 4.145 4.134 -9999.000 2.240 2.316 -9999.000 -9999.000 -9999.000 -9999.000 -9999.000 4.117 4.103 -9999.000 2.250 2.233 2.223 2.207 2.193 2.173 0.999 0.921 2.185 2.201 2.211 2.224 2.226 2.232 2.235 2.251 3.258 3.263 3.317 4.083 -9999.000 2.269 2.167 4.142 3.289 3.326 4.166 4.158 -9999.000 -9999.000 -9999.000 3.288 -9999.000 4.165 4.134 3.323 3.316
-9999.000 0.732 0.753 0.762 0.758 0.778 0.967 2.197 2.246 2.265 2.255 2.242 4.077 2.296 2.306 -9999.000 4.143 4.159 -9999.000 -9999.000 -9999.000 4.077 -9999.000 -9999.000 -9999.000 -9999.000 -9999.000 -9999.000 -9999.000 4.097 2.241 2.233 2.229 2.211 2.194 2.167 0.951 0.902 2.177 2.193 2.204 2.215 2.221 2.224 2.236 2.244 3.265 3.259 3.317 3.299 2.232 2.278 2.237 2.237 2.286 3.249 3.283 3.319 4.130 3.323 4.063 3.293 3.276 -9999.000 -9999.000 -9999.000 -9999.000
0.671 0.722 0.737 0.734 0.723 0.788 0.907 2.203 2.237 2.268 2.252 2.237 4.033 2.298 2.310 4.109 -9999.000 -9999.000 -9999.000 -9999.000 -9999.000 -9999.000 -9999.000 -9999.000 -9999.000 -9999.000 -9999.000 -9999.000 -9999.000 2.241 2.239 2.239 2.182 2.176 0.999 0.923 0.874 0.863 0.930 2.181 2.198 2.206 -9999.000 2.216 -9999.000 2.242 3.264 3.252 3.273 2.327 2.253 2.244 2.234 2.240 2.312 -9999.000 4.164 -9999.000 -9999.000 -9999.000 -9999.000 3.507 3.309 -9999.000 4.075 -9999.000 -9999.000
0.634 0.704 -9999.000 0.728 0.714 0.725 0.797 2.192 2.235 -9999.000 2.215 2.224 4.043 2.296 2.316 -9999.000 -9999.000 -9999.000 -9999.000 -9999.000 -9999.000 -9999.000 -9999.000 -9999.000 2.386 -9999.000 -9999.000 -9999.000 -9999.000 3.562 2.236 2.226 2.251 2.220 2.175 0.890 0.778 0.773 0.904 2.172 2.195 2.204 2.207 2.214 2.220 -9999.000 3.270 1.003 2.251 -9999.000 2.254 2.242 3.245 3.248 3.262 -9999.000 3.302 3.308 3.275 -9999.000 3.330 3.817 3.313 -9999.000 3.329 3.301 4.049
0.634 0.695 -9999.000 0.718 0.707 0.735 0.792 0.831 -9999.000 -9999.000 2.207 2.215 4.089 2.207 2.244 2.310 4.065 4.146 -9999.000 4.076 4.116 4.146 -9999.000 -9999.000 4.054 4.124 2.651 4.058 4.134 3.647 4.014 3.624 3.535 3.732 3.707 3.629 3.308 2.280 2.319 2.259 3.245 2.294 3.269 2.293 2.272 2.235 3.321 2.280 3.230 2.270 2.272 2.261 2.302 4.064 2.319 -9999.000 3.302 -9999.000 -9999.000 -9999.000 -9999.000 3.321 3.306 -9999.000 -9999.000 -9999.000 4.058
0.566 0.679 0.699 0.702 0.692 -9999.000 0.786 0.831 2.175 2.186 2.201 2.199 4.048 2.196 2.311 -9999.000 -9999.000 -9999.000 -9999.000 4.092 3.653 3.514 3.558 2.783 3.249 2.901 2.717 3.207 3.328 3.560 3.583 4.010 2.318 3.655 3.652 3.597 0.779 3.279 3.500 3.675 3.330 4.111 3.275 4.041 3.285 3.244 -9999.000 2.268 3.230 2.288 2.278 2.327 3.241 2.305 2.540 3.286 3.292 3.269 3.271 3.282 3.242 3.264 2.332 3.242 3.167 3.252 3.319
-9999.000 0.668 0.693 0.701 0.704 0.726 -9999.000 -9999.000 2.168 2.177 2.180 3.768 3.769 2.299 4.022 -9999.000 -9999.000 -9999.000 4.139 0.820 0.758 -9999.000 4.044 2.865 2.272 -9999.000 -9999.000 -9999.000 3.389 2.243 2.263 2.320 3.524 2.312 2.202 2.279 0.498 3.599 3.254 3.289 4.018 4.100 -9999.000 4.037 4.031 2.324 4.162 3.234 3.320 3.258 3.218 3.215 3.260 3.211 3.237 3.265 3.327 3.271 3.233 3.301 2.320 3.236 3.255 3.298 3.310 3.230 3.299
0.370 0.594 0.674 0.682 0.685 0.705 0.774 -9999.000 0.922 0.900 0.953 3.662 2.302 2.309 4.013 -9999.000 4.137 4.131 4.138 0.792 0.754 2.329 4.047 1.844 2.167 2.232 -9999.000 3.563 3.540 4.119 4.063 4.128 -9999.000 -9999.000 4.083 0.367 0.413 0.464 0.496 2.173 3.300 -9999.000 2.660 -9999.000 -9999.000 -9999.000 4.006 2.251 3.208 2.284 -9999.000 -9999.000 2.295 2.316 2.304 3.262 3.271 2.321 2.284 2.285 2.288 3.219 3.188 2.328 3.171 3.180 3.307
0.372 0.522 0.672 0.687 0.690 0.701 0.713 0.763 0.814 0.831 0.828 4.050 0.953 2.290 4.028 4.144 4.067 4.030 4.095 4.115 0.791 4.060 1.488 2.196 2.296 4.132 4.160 4.122 0.992 0.880 2.225 2.207 2.250 4.141 4.047 0.463 0.481 0.503 0.513 0.530 0.577 2.246 2.190 -9999.000 4.095 -9999.000 4.044 2.252 2.300 2.294 2.278 2.268 2.241 2.225 2.220 2.330 -9999.000 3.216 2.280 2.280 2.281 3.234 -9999.000 2.320 3.167 3.175 3.929
0.333 0.417 0.692 0.694 0.698 0.753 0.783 0.801 0.804 0.812 0.830 4.021 0.891 2.287 4.019 2.284 4.129 4.133 4.156 4.061 0.831 1.690 1.018 -9999.000 3.587 4.151 2.196 2.296 3.664 4.056 4.148 -9999.000 4.123 -9999.000 3.333 3.614 2.172 2.180 0.572 2.176 4.020 2.182 2.186 -9999.000 -9999.000 -9999.000 -9999.000 2.251 3.248 3.313 3.328 4.100 4.112 4.139 3.931 2.391 -9999.000 3.259 2.277 2.331 3.237 3.233 3.231 3.240 3.241 3.173 -9999.000
0.380 0.519 0.668 0.688 0.740 0.768 0.784 0.803 0.804 0.811 4.047 3.590 2.294 4.004 4.088 2.167 2.293 2.371 4.135 4.059 2.320 -9999.000 -9999.000 -9999.000 -9999.000 -9999.000 4.021 4.091 2.220 -9999.000 4.074 4.072 4.134 4.143 4.012 3.318 2.172 2.178 2.173 2.174 4.047 2.183 2.183 -9999.000 -9999.000 -9999.000 4.034 2.243 3.936 3.319 3.284 3.323 -9999.000 -9999.000 3.870 2.414 -9999.000 3.305 2.275 3.203 -9999.000 3.268 3.203 -9999.000 3.205 3.220 3.259
0.433 0.615 0.687 0.712 0.754 0.770 0.782 0.806 0.804 0.802 3.593 3.620 3.821 -9999.000 -9999.000 2.328 -9999.000 -9999.000 -9999.000 -9999.000 2.325 -9999.000 2.292 2.297 4.058 -9999.000 -9999.000 4.059 4.055 -9999.000 -9999.000 -9999.000 -9999.000 -9999.000 4.043 2.206 2.177 2.174 2.171 2.284 2.297 2.179 2.178 4.089 -9999.000 2.311 3.299 2.253 3.292 2.276 2.321 2.322 -9999.000 -9999.000 3.200 3.040 3.948 3.286 3.252 3.295 -9999.000 3.295 3.289 -9999.000 3.260 3.253 3.225
0.422 0.567 0.679 0.712 0.993 0.794 0.809 0.815 0.811 0.817 4.124 0.855 2.320 4.002 4.047 4.057 -9999.000 -9999.000 -9999.000 -9999.000 2.333 -9999.000 2.332 2.330 4.056 -9999.000 2.752 -9999.000 4.117 -9999.000 -9999.000 -9999.000 -9999.000 -9999.000 3.903 4.019 3.616 3.219 2.316 2.266 -9999.000 -9999.000 2.176 1.116 4.107 3.311 3.902 2.222 3.282 3.229 2.298 2.277 -9999.000 -9999.000 3.268 3.921 3.278 3.292 3.222 -9999.000 -9999.000 3.210 -9999.000 -9999.000 3.256 -9999.000 3.246
0.440 0.690 0.730 0.737 0.939 0.818 0.817 0.833 -9999.000 0.827 4.003 0.976 2.274 2.274 4.033 -9999.000 4.043 -9999.000 -9999.000 4.020 2.203 -9999.000 -9999.000 -9999.000 2.192 -9999.000 2.201 -9999.000 -9999.000 -9999.000 -9999.000 -9999.000 -9999.000 4.049 3.920 3.607 -9999.000 4.060 3.207 0.999 -9999.000 4.094 4.089 2.248 4.071 -9999.000 4.082 2.221 3.243 2.268 2.238 2.227 -9999.000 -9999.000 4.005 2.298 3.219 3.215 2.326 3.228 3.205 2.274 -9999.000 -9999.000 -9999.000 3.277 -9999.000
0.482 0.684 0.720 0.741 0.771 0.814 0.821 0.853 0.923 4.008 4.011 2.329 -9999.000 -9999.000 -9999.000 4.117 -9999.000 4.032 2.311 4.010 1.876 2.314 2.187 2.189 2.191 2.194 2.268 4.018 2.280 2.329 2.322 2.326 4.096 4.004 3.329 3.285 3.241 3.972 3.634 3.330 4.013 3.902 4.013 2.327 4.126 -9999.000 3.967 2.227 3.320 3.263 3.213 2.226 -9999.000 -9999.000 2.298 3.245 -9999.000 2.320 3.219 2.267 2.227 2.332 3.228 3.244 -9999.000 3.279 3.285
