hx_30m/njhx/rain/result-0032.wd
ncols         211
nrows         286
xllcorner     660279.582600
yllcorner     3541874.325092
cellsize      30.000000
NODATA_value  -9999.000000
[rows 34 to 67 of 286, columns 77 to 153 of 211]
0.000 0.000 0.000 0.000 0.000 0.000 0.000 0.016 0.010 0.010 0.009 0.021 0.009 0.007 0.006 0.010 0.003 0.006 0.004 0.004 0.032 0.010 0.003 0.001 0.000 0.000 0.000 0.007 0.000 0.000 0.007 0.006 0.006 0.010 0.006 0.005 0.010 0.010 0.106 0.000 0.000 0.048 0.065 0.004 0.004 0.009 0.007 0.010 0.006 0.004 0.004 0.010 0.000 0.010 0.009 0.000 0.000 0.000 0.000 0.000 0.000 0.000 0.000 0.000 0.000 0.000 0.000 0.000 0.000 0.000 0.000 0.000 0.000 0.000 0.000 0.000 0.000
0.000 0.000 0.000 0.000 0.000 0.000 0.250 0.010 0.010 0.010 0.010 0.010 0.010 0.010 0.005 0.002 0.002 0.000 0.005 0.000 0.000 0.000 0.001 0.001 0.005 0.007 0.008 0.006 0.008 0.000 0.000 0.000 0.005 0.009 0.009 0.000 0.025 0.008 0.010 0.010 0.000 0.000 0.056 0.047 0.007 0.006 0.000 0.006 0.004 0.000 0.007 0.010 0.010 0.023 0.008 0.010 0.000 0.000 0.000 0.034 0.000 0.000 0.000 0.000 0.000 0.000 0.000 0.000 0.000 0.000 0.000 0.000 0.000 0.000 0.000 0.000 0.000
0.000 0.000 0.000 0.000 0.000 0.000 0.010 0.009 0.010 0.010 0.010 0.010 0.121 0.010 0.003 0.000 0.002 0.002 0.004 0.030 0.000 0.001 0.002 0.006 0.004 0.002 0.005 0.000 0.000 0.006 0.000 0.000 0.006 0.008 0.006 0.000 0.010 0.006 0.010 0.010 0.006 0.000 0.000 0.002 0.000 0.000 0.000 0.000 0.000 0.004 0.005 0.010 0.010 0.010 0.010 0.010 0.010 0.000 0.000 0.000 0.034 0.000 0.000 0.000 0.000 0.000 0.000 0.000 0.000 0.000 0.000 0.000 0.000 0.000 0.000 0.000 0.000
0.000 0.000 0.000 0.000 0.000 0.000 0.010 0.009 0.008 0.010 0.010 0.010 0.010 0.010 0.006 0.000 0.001 0.002 0.000 0.010 0.000 0.003 0.005 0.005 0.007 0.000 0.002 0.005 0.005 0.004 0.000 0.005 0.006 0.010 0.006 0.000 0.010 0.008 0.005 0.014 0.000 0.003 0.000 0.003 0.010 0.010 0.007 0.000 0.225 0.000 0.011 0.010 0.010 0.010 0.010 0.010 0.010 0.000 0.000 0.000 0.000 0.010 0.000 0.000 0.000 0.000 0.000 0.000 0.000 0.000 0.000 0.000 0.000 0.000 0.000 0.000 0.000
0.000 0.000 0.000 0.000 0.000 0.000 0.010 0.009 0.009 0.009 0.010 0.010 0.010 0.010 0.007 0.000 0.002 0.054 0.011 0.010 0.000 0.006 0.001 0.002 0.010 0.004 0.004 0.003 0.010 0.004 0.000 0.000 0.008 0.010 0.006 0.010 0.031 0.007 0.005 0.000 0.000 0.003 0.005 0.000 0.011 0.010 0.006 0.000 0.000 0.007 0.010 0.010 0.010 0.010 0.079 0.010 0.010 0.010 0.000 0.000 0.000 0.055 0.000 0.000 0.000 0.000 0.000 0.000 0.000 0.000 0.000 0.000 0.000 0.000 0.000 0.000 0.000
0.000 0.000 0.000 0.000 0.000 0.000 0.010 0.010 0.007 0.009 0.010 0.104 0.050 0.010 0.030 0.000 0.002 0.000 0.032 0.007 0.002 0.002 0.001 0.001 0.004 0.000 0.002 0.001 0.008 0.000 0.010 0.010 0.009 0.010 0.010 0.004 0.000 0.000 0.000 0.023 0.010 0.000 0.000 0.000 0.009 0.009 0.020 0.006 0.007 0.010 0.010 0.010 0.010 0.066 0.010 0.000 0.018 0.010 0.010 0.000 0.000 0.000 0.032 0.000 0.000 0.000 0.000 0.000 0.000 0.000 0.000 0.000 0.000 0.000 0.000 0.000 0.000
0.000 0.000 0.000 0.000 0.000 0.000 0.010 0.009 0.009 0.008 0.010 0.147 0.010 0.010 0.041 0.010 0.022 0.080 0.004 0.000 0.002 0.003 0.003 0.010 0.004 0.003 0.008 0.003 0.005 0.000 0.000 0.011 0.000 0.007 0.009 0.004 0.000 0.010 0.010 0.010 0.009 0.009 0.010 0.006 0.010 0.019 0.009 0.010 0.009 0.010 0.000 0.010 0.000 0.000 0.000 0.042 0.010 0.011 0.010 0.000 0.000 0.000 0.000 0.010 0.000 0.000 0.000 0.000 0.000 0.000 0.000 0.000 0.000 0.000 0.000 0.000 0.000
0.000 0.000 0.000 0.000 0.000 0.000 0.010 0.010 0.003 0.009 0.010 0.010 0.010 0.010 0.010 0.088 0.020 0.000 0.002 0.003 0.002 0.004 0.000 0.003 0.000 0.002 0.000 0.004 0.003 0.015 0.010 0.000 0.005 0.005 0.008 0.007 0.008 0.115 0.010 0.846 0.010 0.004 0.010 0.009 0.008 0.010 0.000 0.000 0.007 0.010 0.053 0.024 0.010 0.006 0.000 0.010 0.010 0.007 0.008 0.010 0.000 0.000 0.000 0.053 0.000 0.000 0.000 0.000 0.000 0.000 0.000 0.000 0.000 0.000 0.000 0.000 0.000
0.000 0.000 0.000 0.000 0.000 0.000 0.007 0.008 0.007 0.009 0.010 0.010 0.010 0.010 0.010 0.010 0.010 0.002 0.000 0.004 0.000 0.000 0.000 0.001 0.003 0.006 0.008 0.003 0.010 0.003 0.008 0.007 0.009 0.010 0.010 0.008 0.139 0.035 0.026 0.000 0.000 0.024 0.010 0.007 0.000 0.010 0.010 0.000 0.008 0.000 0.000 0.002 0.010 0.003 0.000 0.005 0.006 0.004 0.018 0.008 0.000 0.000 0.000 0.000 0.010 0.000 0.000 0.000 0.000 0.000 0.000 0.000 0.000 0.000 0.000 0.000 0.000
0.000 0.000 0.000 0.000 0.000 0.000 0.010 0.009 0.008 0.058 0.008 0.009 0.009 0.008 0.008 0.008 0.009 0.007 0.005 0.005 0.010 0.005 0.005 0.007 0.007 0.004 0.006 0.006 0.008 0.005 0.002 0.005 0.003 0.006 0.010 0.005 0.004 0.000 0.004 0.005 0.003 0.000 0.010 0.010 0.010 0.010 0.007 0.004 0.000 0.004 0.000 0.000 0.000 0.002 0.003 0.005 0.003 0.000 0.004 0.008 0.010 0.000 0.000 0.000 0.065 0.010 0.000 0.000 0.000 0.000 0.000 0.000 0.000 0.000 0.000 0.000 0.000
0.000 0.000 0.000 0.000 0.000 0.000 0.007 0.009 0.010 0.010 0.007 0.013 0.004 0.009 0.008 0.005 0.009 0.005 0.003 0.006 0.009 0.006 0.004 0.004 0.006 0.004 0.000 0.000 0.001 0.003 0.002 0.000 0.000 0.006 0.008 0.007 0.007 0.000 0.000 0.002 0.002 0.010 0.018 0.009 0.000 0.010 0.008 0.003 0.003 0.007 0.005 0.007 0.003 0.002 0.000 0.004 0.007 0.004 0.004 0.006 0.008 0.000 0.000 0.000 0.000 0.032 0.000 0.000 0.000 0.000 0.000 0.000 0.000 0.000 0.000 0.000 0.000
0.000 0.000 0.000 0.000 0.000 0.010 0.010 0.010 0.008 0.010 0.010 0.010 0.009 0.003 0.004 0.008 0.009 0.009 0.003 0.003 0.003 0.003 0.000 0.000 0.000 0.006 0.000 0.001 0.001 0.002 0.000 0.002 0.000 0.004 0.006 0.009 0.004 0.000 0.000 0.000 0.002 0.003 0.251 0.007 0.005 0.008 0.004 0.000 0.006 0.000 0.009 0.007 0.009 0.005 0.004 0.003 0.004 0.000 0.000 0.008 0.008 0.009 0.000 0.000 0.000 0.000 0.022 0.000 0.000 0.000 0.000 0.000 0.000 0.000 0.000 0.000 0.000
0.000 0.000 0.000 0.000 0.000 0.010 0.010 0.010 0.008 0.010 0.007 0.021 0.008 0.008 0.005 0.004 0.004 0.006 0.000 0.002 0.003 0.002 0.010 0.010 0.008 0.010 0.007 0.000 0.000 0.000 0.001 0.000 0.003 0.002 0.009 0.007 0.004 0.003 0.004 0.002 0.000 0.002 0.000 0.007 0.000 0.003 0.003 0.003 0.006 0.006 0.017 0.010 0.006 0.000 0.000 0.003 0.003 0.003 0.003 0.003 0.004 0.007 0.037 0.000 0.000 0.000 0.000 0.010 0.000 0.000 0.000 0.000 0.000 0.000 0.000 0.000 0.000
0.000 0.000 0.000 0.000 0.000 0.010 0.010 0.010 0.006 0.008 0.007 0.006 0.010 0.004 0.003 0.003 0.004 0.000 0.006 0.010 0.009 0.008 0.009 0.010 0.010 0.010 0.006 0.001 0.002 0.000 0.002 0.000 0.002 0.003 0.005 0.008 0.004 0.004 0.000 0.000 0.002 0.002 0.000 0.018 0.000 0.004 0.003 0.000 0.003 0.009 0.009 0.008 0.003 0.000 0.000 0.002 0.005 0.005 0.004 0.006 0.010 0.008 0.010 0.000 0.000 0.000 0.000 0.046 0.000 0.000 0.000 0.000 0.000 0.000 0.000 0.000 0.000
0.000 0.000 0.000 0.000 0.000 0.080 0.010 0.010 0.007 0.008 0.006 0.010 0.003 0.002 0.003 0.004 0.005 0.010 0.051 0.008 0.000 0.002 0.002 0.005 0.007 0.009 0.005 0.002 0.000 0.001 0.000 0.001 0.002 0.004 0.002 0.009 0.009 0.003 0.000 0.000 0.002 0.003 0.004 0.008 0.006 0.004 0.006 0.004 0.003 0.003 0.002 0.002 0.036 0.004 0.003 0.000 0.000 0.003 0.002 0.000 0.010 0.055 0.000 0.000 0.000 0.000 0.000 0.000 0.010 0.000 0.000 0.000 0.000 0.000 0.000 0.000 0.000
0.000 0.000 0.000 0.000 0.000 0.010 0.010 0.010 0.010 0.010 0.006 0.010 0.007 0.003 0.002 0.004 0.006 0.007 0.003 0.006 0.003 0.003 0.007 0.010 0.010 0.010 0.006 0.002 0.002 0.000 0.000 0.002 0.000 0.009 0.000 0.004 0.010 0.005 0.003 0.005 0.000 0.006 0.009 0.009 0.005 0.000 0.002 0.002 0.003 0.000 0.000 0.006 0.013 0.010 0.010 0.000 0.000 0.007 0.009 0.000 0.080 0.010 0.010 0.010 0.000 0.000 0.000 0.000 0.010 0.000 0.000 0.000 0.000 0.000 0.000 0.000 0.000
0.000 0.000 0.000 0.000 0.000 0.162 0.010 0.010 0.008 0.010 0.008 0.009 0.004 0.003 0.005 0.004 0.004 0.005 0.010 0.010 0.000 0.010 0.010 0.163 0.010 0.010 0.007 0.000 0.005 0.001 0.001 0.001 0.001 0.005 0.009 0.004 0.008 0.009 0.000 0.000 0.007 0.000 0.009 0.010 0.005 0.002 0.000 0.003 0.003 0.002 0.000 0.000 0.010 0.010 0.000 0.055 0.010 0.010 0.005 0.006 0.003 0.010 0.103 0.009 0.000 0.000 0.000 0.000 0.010 0.000 0.000 0.000 0.000 0.000 0.000 0.000 0.000
0.000 0.000 0.000 0.000 0.000 0.000 0.050 0.009 0.007 0.007 0.007 0.000 0.003 0.002 0.003 0.003 0.003 0.025 0.000 0.010 0.000 0.010 0.040 0.010 0.000 0.010 0.007 0.000 0.000 0.001 0.001 0.003 0.003 0.006 0.006 0.005 0.006 0.003 0.009 0.000 0.006 0.004 0.009 0.249 0.006 0.006 0.000 0.002 0.004 0.000 0.000 0.807 0.513 0.025 0.004 0.004 0.000 0.019 0.000 0.004 0.005 0.010 0.005 0.005 0.010 0.000 0.000 0.000 0.010 0.010 0.000 0.000 0.000 0.000 0.000 0.000 0.000
0.000 0.000 0.000 0.000 0.000 0.000 0.013 0.006 0.010 0.008 0.004 0.011 0.006 0.002 0.003 0.005 0.006 0.000 0.010 0.170 0.105 0.147 0.105 0.010 0.000 0.010 0.009 0.013 0.000 0.004 0.007 0.004 0.009 0.010 0.010 0.004 0.016 0.006 0.006 0.000 0.000 0.006 0.000 0.000 0.005 0.000 0.056 0.008 0.008 0.005 0.007 0.000 0.000 0.039 0.007 0.007 0.004 0.000 0.000 0.000 0.003 0.000 0.005 0.058 0.009 0.000 0.000 0.000 0.130 0.010 0.000 0.000 0.000 0.000 0.000 0.000 0.000
0.000 0.000 0.000 0.000 0.000 0.000 0.010 0.007 0.009 0.006 0.004 0.003 0.001 0.004 0.005 0.000 0.010 0.010 0.010 0.010 0.010 0.010 0.010 0.121 0.010 0.010 0.009 0.008 0.009 0.005 0.009 0.010 0.010 0.010 0.100 0.005 0.005 0.009 0.004 0.000 0.000 0.007 0.005 0.010 0.010 0.010 0.010 0.010 0.002 0.011 0.002 0.002 0.000 0.041 0.010 0.010 0.009 0.003 0.003 0.000 0.002 0.002 0.001 0.006 0.007 0.031 0.000 0.000 0.000 0.010 0.000 0.000 0.000 0.000 0.000 0.000 0.000
0.000 0.000 0.000 0.000 0.000 0.000 0.080 0.006 0.009 0.010 0.006 0.001 0.003 0.000 0.009 0.010 0.080 0.010 0.010 0.010 0.010 0.010 0.010 0.034 0.010 0.010 0.009 0.006 0.009 0.009 0.010 0.009 0.010 0.010 0.010 0.025 0.005 0.009 0.007 0.005 0.004 0.005 0.000 0.092 0.010 0.000 0.004 0.010 0.000 0.086 0.018 0.025 0.120 0.111 0.010 0.004 0.007 0.006 0.002 0.002 0.000 0.004 0.006 0.000 0.007 0.010 0.000 0.000 0.000 0.010 0.000 0.000 0.000 0.000 0.000 0.000 0.000
0.000 0.000 0.000 0.000 0.000 0.000 0.010 0.007 0.009 0.006 0.009 0.000 0.010 0.010 0.010 0.129 0.076 0.010 0.010 0.010 0.027 0.096 0.044 0.010 0.010 0.010 0.010 0.004 0.000 0.000 0.000 0.000 0.000 0.000 0.000 0.007 0.003 0.010 0.011 0.000 0.007 0.010 0.010 0.058 0.008 0.005 0.003 0.000 0.000 0.012 0.000 0.137 0.271 0.204 0.010 0.000 0.000 0.002 0.002 0.003 0.002 0.000 0.007 0.000 0.010 0.010 0.000 0.000 0.000 0.071 0.000 0.000 0.000 0.000 0.000 0.000 0.000
0.000 0.000 0.000 0.000 0.000 0.000 0.010 0.009 0.009 0.005 0.009 0.010 0.010 0.010 0.010 0.082 0.010 0.010 0.053 0.028 0.010 0.010 0.010 0.010 0.125 0.010 0.010 0.007 0.010 0.008 0.004 0.002 0.000 0.051 0.000 0.010 0.004 0.010 0.010 0.000 0.009 0.010 0.007 0.010 0.161 0.007 0.000 0.000 0.003 0.010 0.000 0.217 0.000 0.006 0.027 0.000 0.004 0.000 0.002 0.004 0.000 0.000 0.015 0.010 0.007 0.009 0.036 0.000 0.000 0.000 0.010 0.000 0.000 0.000 0.000 0.000 0.000
0.000 0.000 0.000 0.000 0.000 0.000 0.010 0.009 0.010 0.008 0.067 0.000 0.046 0.049 0.010 0.010 0.010 0.010 0.140 0.010 0.010 0.010 0.115 0.010 0.009 0.008 0.009 0.008 0.000 0.008 0.005 0.005 0.003 0.016 0.000 0.000 0.427 0.010 0.010 0.000 0.009 0.010 0.008 0.009 0.000 0.006 0.000 0.001 0.003 0.003 0.002 0.000 0.000 0.000 0.006 0.003 0.002 0.000 0.004 0.002 0.006 0.007 0.002 0.001 0.003 0.007 0.010 0.000 0.000 0.000 0.010 0.000 0.000 0.000 0.000 0.000 0.000
0.000 0.000 0.000 0.000 0.000 0.000 0.010 0.009 0.010 0.009 0.010 0.000 0.152 0.043 0.010 0.010 0.010 0.010 0.010 0.010 0.010 0.010 0.000 0.010 0.000 0.095 0.008 0.006 0.000 0.009 0.006 0.005 0.003 0.000 0.000 0.000 0.028 0.011 0.003 0.009 0.009 0.031 0.008 0.009 0.000 0.006 0.000 0.003 0.006 0.004 0.003 0.001 0.000 0.000 0.006 0.009 0.004 0.010 0.000 0.003 0.008 0.004 0.000 0.003 0.005 0.006 0.010 0.000 0.000 0.000 0.073 0.000 0.000 0.000 0.000 0.000 0.000
0.000 0.000 0.000 0.000 0.000 0.000 0.057 0.008 0.010 0.009 0.008 0.010 0.010 0.010 0.113 0.134 0.010 0.010 0.010 0.010 0.010 0.009 0.010 0.000 0.000 0.010 0.008 0.004 0.010 0.010 0.005 0.007 0.007 0.004 0.000 0.000 0.010 0.010 0.006 0.008 0.008 0.000 0.000 0.000 0.359 0.008 0.000 0.000 0.007 0.008 0.007 0.004 0.006 0.006 0.005 0.003 0.004 0.004 0.004 0.003 0.005 0.005 0.015 0.003 0.004 0.006 0.010 0.000 0.000 0.000 0.010 0.000 0.000 0.000 0.000 0.000 0.000
0.000 0.000 0.000 0.000 0.000 0.000 0.000 0.009 0.010 0.008 0.003 0.008 0.010 0.010 0.010 0.010 0.064 0.113 0.183 0.012 0.008 0.000 0.010 0.008 0.007 0.006 0.008 0.007 0.010 0.010 0.010 0.010 0.000 0.014 0.005 0.000 0.070 0.010 0.007 0.005 0.005 0.003 0.000 0.000 0.012 0.006 0.010 0.060 0.134 0.000 0.000 0.004 0.000 0.003 0.002 0.000 0.000 0.002 0.007 0.004 0.006 0.004 0.000 0.008 0.009 0.006 0.010 0.000 0.000 0.000 0.010 0.000 0.000 0.000 0.000 0.000 0.000
0.000 0.000 0.000 0.000 0.000 0.000 0.028 0.010 0.010 0.008 0.003 0.007 0.000 0.010 0.010 0.010 0.087 0.010 0.008 0.008 0.006 0.010 0.069 0.010 0.141 0.010 0.044 0.010 0.168 0.157 0.101 0.010 0.010 0.010 0.004 0.005 0.003 0.024 0.003 0.000 0.004 0.000 0.000 0.004 0.003 0.068 0.010 0.178 0.085 0.000 0.000 0.008 0.003 0.003 0.003 0.002 0.003 0.003 0.000 0.001 0.003 0.002 0.000 0.000 0.000 0.007 0.009 0.045 0.000 0.000 0.058 0.000 0.000 0.000 0.000 0.000 0.000
0.000 0.000 0.000 0.000 0.000 0.000 0.010 0.020 0.010 0.008 0.068 0.010 0.000 0.010 0.010 0.090 0.009 0.000 0.009 0.006 0.000 0.000 0.000 0.010 0.022 0.010 0.010 0.007 0.122 0.122 0.010 0.010 0.010 0.010 0.000 0.000 0.000 0.010 0.010 0.013 0.006 0.000 0.007 0.003 0.048 0.008 0.004 0.103 0.033 0.000 0.000 0.013 0.010 0.010 0.045 0.010 0.008 0.004 0.004 0.004 0.002 0.003 0.000 0.002 0.005 0.010 0.010 0.010 0.000 0.000 0.000 0.010 0.000 0.000 0.000 0.000 0.000
0.000 0.000 0.000 0.000 0.000 0.000 0.010 0.009 0.010 0.009 0.009 0.022 0.010 0.187 0.010 0.010 0.008 0.006 0.008 0.000 0.000 0.000 0.000 0.000 0.000 0.010 0.010 0.008 0.000 0.140 0.010 0.010 0.010 0.008 0.005 0.008 0.002 0.010 0.010 0.010 0.010 0.015 0.000 0.005 0.004 0.000 0.004 0.000 0.100 0.010 0.010 0.006 0.010 0.000 0.010 0.010 0.030 0.010 0.003 0.000 0.003 0.003 0.000 0.000 0.007 0.010 0.007 0.010 0.000 0.000 0.000 0.045 0.000 0.000 0.000 0.000 0.000
0.000 0.000 0.000 0.000 0.000 0.000 0.010 0.007 0.010 0.009 0.010 0.007 0.082 0.010 0.000 0.008 0.006 0.006 0.000 0.000 0.008 0.009 0.064 0.000 0.000 0.000 0.000 0.006 0.000 0.000 0.000 0.000 0.000 0.000 0.004 0.000 0.005 0.010 0.011 0.010 0.000 0.006 0.000 0.000 0.010 0.006 0.010 0.010 0.010 0.012 0.000 0.004 0.010 0.000 0.010 0.010 0.071 0.010 0.008 0.003 0.004 0.004 0.008 0.010 0.008 0.010 0.008 0.010 0.000 0.000 0.000 0.000 0.000 0.000 0.000 0.000 0.000
0.000 0.000 0.000 0.000 0.000 0.000 0.062 0.008 0.010 0.010 0.028 0.000 0.000 0.000 0.006 0.007 0.005 0.000 0.005 0.004 0.010 0.000 0.010 0.010 0.010 0.000 0.000 0.010 0.000 0.000 0.000 0.000 0.000 0.000 0.009 0.010 0.010 0.010 0.010 0.010 0.010 0.005 0.002 0.008 0.010 0.020 0.010 0.000 0.008 0.007 0.010 0.005 0.004 0.005 0.010 0.010 0.007 0.005 0.004 0.008 0.009 0.002 0.008 0.010 0.010 0.008 0.005 0.010 0.000 0.000 0.000 0.000 0.000 0.000 0.000 0.000 0.000
0.000 0.000 0.000 0.000 0.000 0.000 0.010 0.008 0.010 0.009 0.000 0.000 0.005 0.000 0.007 0.000 0.006 0.010 0.082 0.022 0.010 0.010 0.010 0.048 0.023 0.010 0.010 0.006 0.000 0.000 0.055 0.010 0.000 0.000 0.000 0.010 0.010 0.010 0.011 0.004 0.009 0.004 0.006 0.006 0.007 0.005 0.010 0.004 0.003 0.004 0.007 0.004 0.004 0.006 0.006 0.005 0.006 0.007 0.008 0.010 0.010 0.003 0.009 0.008 0.008 0.008 0.006 0.010 0.000 0.000 0.000 0.010 0.000 0.000 0.000 0.000 0.000
0.000 0.000 0.000 0.000 0.000 0.000 0.010 0.010 0.010 0.010 0.009 0.004 0.000 0.005 0.010 0.007 0.000 0.010 0.010 0.000 0.000 0.102 0.150 0.098 0.024 0.010 0.010 0.008 0.000 0.000 0.000 0.000 0.010 0.009 0.004 0.005 0.004 0.010 0.260 0.007 0.047 0.009 0.006 0.008 0.008 0.010 0.010 0.004 0.010 0.006 0.006 0.005 0.005 0.009 0.007 0.008 0.010 0.010 0.009 0.006 0.009 0.003 0.000 0.003 0.006 0.005 0.010 0.010 0.000 0.000 0.000 0.075 0.000 0.000 0.000 0.000 0.000
