hx_30m/njhx/rain/result-0024.wd
ncols         211
nrows         286
xllcorner     660279.582600
yllcorner     3541874.325092
cellsize      30.000000
NODATA_value  -9999.000000
[rows 238 to 271 of 286, columns 77 to 153 of 211]
0.010 0.010 0.010 0.037 0.010 0.010 0.000 0.000 0.000 0.010 0.008 0.009 0.000 0.000 0.009 0.007 0.000 0.010 0.022 0.010 0.010 0.010 0.010 0.010 0.010 0.010 0.010 0.000 0.010 0.010 0.007 0.006 0.006 0.006 0.007 0.006 0.010 0.000 0.010 0.010 0.010 0.579 0.010 0.010 0.010 0.010 0.000 0.010 0.000 0.000 0.010 0.116 0.020 0.010 0.010 0.010 0.010 0.010 0.069 0.010 0.010 0.000 0.010 0.010 0.010 0.010 0.010 0.000 0.000 0.008 0.010 0.010 0.010 0.000 0.010 0.010 0.007
0.071 0.010 0.010 0.010 0.033 0.010 0.010 0.000 0.000 0.010 0.000 0.010 0.000 0.010 0.017 0.000 0.010 0.008 0.010 0.010 0.010 0.010 0.010 0.010 0.010 0.010 0.039 0.000 0.000 0.008 0.007 0.006 0.005 0.007 0.007 0.006 0.010 0.010 0.010 0.010 0.000 0.038 0.000 0.008 0.009 0.010 0.010 0.000 0.010 0.010 0.010 0.017 0.010 0.061 0.010 0.010 0.010 0.000 0.035 0.010 0.010 0.010 0.010 0.050 0.010 0.000 0.009 0.000 0.010 0.010 0.031 0.010 0.010 0.010 0.000 0.012 0.010
0.000 0.000 0.010 0.046 0.010 0.010 0.010 0.010 0.010 0.000 0.000 0.010 0.007 0.010 0.010 0.010 0.010 0.042 0.010 0.010 0.010 0.084 0.010 0.010 0.010 0.010 0.010 0.025 0.008 0.008 0.000 0.008 0.007 0.008 0.006 0.008 0.028 0.010 0.025 0.000 0.056 0.038 0.000 0.010 0.010 0.010 0.026 0.010 0.010 0.010 0.010 0.010 0.010 0.010 0.010 0.010 0.000 0.086 0.010 0.010 0.021 0.000 0.010 0.010 0.010 0.010 0.005 0.000 0.008 0.011 0.000 0.010 0.023 0.010 0.000 0.008 0.008
0.000 0.029 0.000 0.000 0.023 0.010 0.010 0.010 0.010 0.010 0.010 0.000 0.010 0.010 0.010 0.010 0.176 0.010 0.010 0.010 0.091 0.010 0.016 0.010 0.016 0.010 0.000 0.000 0.010 0.016 0.010 0.008 0.008 0.010 0.022 0.010 0.010 0.010 0.010 0.018 0.010 0.010 0.010 0.010 0.010 0.010 0.000 0.010 0.016 0.010 0.010 0.010 0.010 0.028 0.019 0.064 0.000 0.010 0.010 0.010 0.000 0.000 0.076 0.087 0.010 0.000 0.010 0.010 0.010 0.010 0.017 0.000 0.006 0.011 0.000 0.000 0.000
0.000 0.000 0.010 0.044 0.000 0.053 0.010 0.010 0.010 0.032 0.010 0.010 0.010 0.010 0.010 0.013 0.010 0.010 0.010 0.010 0.010 0.010 0.010 0.010 0.010 0.000 0.000 0.010 0.010 0.010 0.020 0.010 0.010 0.044 0.010 0.010 0.010 0.010 0.000 0.010 0.010 0.010 0.010 0.014 0.000 0.010 0.010 0.010 0.010 0.010 0.010 0.010 0.010 0.010 0.010 0.010 0.282 0.010 0.010 0.000 0.032 0.000 0.010 0.010 0.000 0.000 0.030 0.000 0.000 0.008 0.008 0.000 0.010 0.007 0.009 0.000 0.010
0.000 0.000 0.000 0.000 0.000 0.010 0.000 0.199 0.010 0.010 0.010 0.022 0.010 0.010 0.010 0.059 0.010 0.010 0.010 0.056 0.010 0.010 0.010 0.010 0.010 0.010 0.000 0.010 0.010 0.010 0.010 0.010 0.012 0.010 0.000 0.010 0.010 0.000 0.010 0.010 0.010 0.010 0.023 0.000 0.010 0.012 0.010 0.010 0.010 0.010 0.000 0.010 0.009 0.010 0.010 0.010 0.010 0.010 0.017 0.000 0.000 0.011 0.123 0.010 0.000 0.077 0.000 0.000 0.000 0.000 0.013 0.008 0.000 0.010 0.009 0.009 0.052
0.000 0.000 0.000 0.000 0.000 0.000 0.000 0.010 0.000 0.076 0.010 0.010 0.035 0.010 0.010 0.010 0.050 0.010 0.049 0.010 0.010 0.014 0.010 0.010 0.010 0.042 0.010 0.010 0.010 0.010 0.018 0.000 0.000 0.010 0.029 0.010 0.010 0.067 0.010 0.010 0.010 0.010 0.010 0.000 0.009 0.000 0.010 0.012 0.010 0.000 0.011 0.000 0.000 0.010 0.012 0.010 0.010 0.021 0.000 0.000 0.010 0.010 0.010 0.058 0.000 0.045 0.010 0.034 0.000 0.000 0.000 0.000 0.014 0.010 0.010 0.010 0.010
0.000 0.000 0.000 0.000 0.000 0.000 0.000 0.000 0.000 0.010 0.000 0.045 0.010 0.010 0.050 0.010 0.010 0.010 0.010 0.010 0.010 0.010 0.010 0.020 0.010 0.000 0.000 0.010 0.010 0.010 0.000 0.000 0.000 0.010 0.010 0.010 0.000 0.010 0.010 0.028 0.010 0.010 0.010 0.000 0.000 0.017 0.008 0.000 0.000 0.010 0.010 0.000 0.011 0.000 0.000 0.010 0.010 0.010 0.010 0.000 0.068 0.079 0.010 0.000 0.139 0.010 0.010 0.010 0.010 0.010 0.059 0.010 0.000 0.000 0.010 0.010 0.008
0.000 0.000 0.000 0.000 0.000 0.000 0.000 0.000 0.000 0.000 0.000 0.010 0.000 0.194 0.107 0.010 0.082 0.011 0.010 0.010 0.010 0.010 0.010 0.000 0.000 0.000 0.010 0.084 0.010 0.010 0.009 0.000 0.010 0.010 0.010 0.000 0.010 0.015 0.010 0.010 0.010 0.010 0.010 0.010 0.010 0.010 0.010 0.000 0.011 0.010 0.010 0.010 0.000 0.010 0.000 0.010 0.010 0.010 0.047 0.010 0.010 0.010 0.052 0.010 0.074 0.010 0.010 0.010 0.010 0.000 0.033 0.010 0.000 0.000 0.017 0.010 0.010
0.000 0.000 0.000 0.000 0.000 0.000 0.000 0.000 0.000 0.000 0.000 0.000 0.026 0.000 0.087 0.010 0.010 0.010 0.010 0.010 0.010 0.010 0.010 0.068 0.000 0.000 0.000 0.000 0.000 0.000 0.023 0.010 0.010 0.010 0.010 0.010 0.017 0.010 0.032 0.037 0.010 0.010 0.010 0.010 0.010 0.010 0.010 0.010 0.000 0.010 0.032 0.010 0.010 0.010 0.010 0.010 0.010 0.010 0.010 0.010 0.027 0.010 0.010 0.010 0.010 0.000 0.010 0.000 0.012 0.000 0.010 0.000 0.054 0.011 0.010 0.052 0.010
0.000 0.000 0.000 0.000 0.000 0.000 0.000 0.000 0.000 0.000 0.000 0.000 0.000 0.000 0.000 0.000 0.010 0.010 0.010 0.010 0.010 0.010 0.010 0.010 0.010 0.010 0.043 0.000 0.000 0.000 0.000 0.080 0.010 0.010 0.000 0.010 0.010 0.010 0.010 0.010 0.010 0.010 0.010 0.010 0.010 0.010 0.024 0.000 0.010 0.020 0.010 0.013 0.010 0.010 0.010 0.010 0.137 0.075 0.010 0.010 0.010 0.010 0.010 0.010 0.010 0.000 0.010 0.010 0.000 0.000 0.000 0.000 0.066 0.010 0.035 0.046 0.039
0.000 0.000 0.000 0.000 0.000 0.000 0.000 0.000 0.000 0.000 0.000 0.000 0.000 0.000 0.000 0.010 0.093 0.000 0.116 0.010 0.010 0.010 0.033 0.010 0.010 0.010 0.010 0.029 0.000 0.000 0.000 0.010 0.010 0.000 0.010 0.022 0.000 0.010 0.016 0.010 0.010 0.035 0.010 0.000 0.010 0.043 0.010 0.010 0.024 0.010 0.032 0.010 0.010 0.010 0.010 0.000 0.000 0.010 0.010 0.010 0.010 0.010 0.010 0.010 0.028 0.010 0.010 0.069 0.000 0.000 0.000 0.000 0.010 0.010 0.078 0.086 0.130
0.000 0.000 0.000 0.000 0.000 0.000 0.000 0.000 0.000 0.000 0.000 0.000 0.000 0.000 0.000 0.000 0.000 0.029 0.000 0.000 0.048 0.010 0.010 0.036 0.010 0.010 0.010 0.010 0.038 0.000 0.044 0.010 0.010 0.010 0.000 0.010 0.012 0.000 0.000 0.010 0.010 0.010 0.010 0.010 0.027 0.000 0.000 0.010 0.010 0.010 0.016 0.010 0.010 0.018 0.000 0.032 0.048 0.010 0.010 0.079 0.010 0.028 0.345 0.010 0.010 0.010 0.010 0.010 0.029 0.000 0.000 0.010 0.010 0.010 0.010 0.010 0.111
0.000 0.000 0.000 0.000 0.000 0.000 0.000 0.000 0.000 0.000 0.000 0.000 0.000 0.000 0.000 0.000 0.000 0.000 0.000 0.000 0.000 0.000 0.010 0.010 0.013 0.010 0.010 0.010 0.010 0.041 0.010 0.010 0.010 0.028 0.010 0.010 0.010 0.010 0.023 0.010 0.012 0.015 0.010 0.010 0.000 0.000 0.010 0.010 0.010 0.010 0.010 0.010 0.066 0.010 0.000 0.000 0.000 0.065 0.010 0.010 0.010 0.037 0.010 0.010 0.010 0.010 0.010 0.010 0.023 0.010 0.010 0.035 0.010 0.000 0.010 0.016 0.010
0.000 0.000 0.000 0.000 0.000 0.000 0.000 0.000 0.000 0.000 0.000 0.000 0.000 0.000 0.000 0.000 0.000 0.000 0.000 0.000 0.000 0.000 0.043 0.000 0.010 0.010 0.010 0.010 0.010 0.010 0.010 0.000 0.018 0.010 0.010 0.010 0.010 0.010 0.010 0.010 0.010 0.010 0.010 0.036 0.010 0.000 0.044 0.010 0.025 0.010 0.010 0.010 0.040 0.000 0.010 0.000 0.078 0.010 0.010 0.010 0.010 0.010 0.057 0.010 0.010 0.010 0.010 0.010 0.010 0.010 0.010 0.010 0.010 0.045 0.070 0.000 0.105
0.000 0.000 0.000 0.000 0.000 0.000 0.000 0.000 0.000 0.000 0.000 0.000 0.000 0.000 0.000 0.000 0.000 0.000 0.000 0.000 0.000 0.000 0.000 0.000 0.169 0.000 0.010 0.010 0.010 0.010 0.010 0.516 0.010 0.010 0.010 0.010 0.010 0.010 0.010 0.010 0.000 0.010 0.010 0.000 0.010 0.010 0.014 0.012 0.010 0.010 0.010 0.012 0.010 0.000 0.035 0.010 0.010 0.010 0.010 0.010 0.000 0.010 0.091 0.000 0.035 0.010 0.010 0.157 0.010 0.010 0.010 0.010 0.010 0.010 0.010 0.139 0.000
0.000 0.000 0.000 0.000 0.000 0.000 0.000 0.000 0.000 0.000 0.000 0.000 0.000 0.000 0.000 0.000 0.000 0.000 0.000 0.000 0.000 0.000 0.000 0.000 0.000 0.000 0.000 0.036 0.010 0.010 0.000 0.010 0.010 0.024 0.010 0.010 0.021 0.000 0.010 0.010 0.010 0.010 0.050 0.010 0.000 0.010 0.010 0.010 0.010 0.010 0.010 0.068 0.000 0.000 0.000 0.000 0.063 0.010 0.010 0.010 0.085 0.093 0.000 0.000 0.068 0.057 0.010 0.010 0.010 0.010 0.010 0.010 0.010 0.010 0.010 0.010 0.041
0.000 0.000 0.000 0.000 0.000 0.000 0.000 0.000 0.000 0.000 0.000 0.000 0.000 0.000 0.000 0.000 0.000 0.000 0.000 0.000 0.000 0.000 0.000 0.000 0.000 0.000 0.000 0.010 0.053 0.000 0.010 0.010 0.010 0.010 0.010 0.010 0.000 0.010 0.010 0.010 0.010 0.019 0.010 0.069 0.010 0.010 0.010 0.010 0.010 0.010 0.010 0.010 0.000 0.037 0.025 0.059 0.010 0.010 0.097 0.000 0.073 0.058 0.010 0.000 0.000 0.061 0.083 0.000 0.010 0.010 0.010 0.058 0.010 0.010 0.010 0.010 0.010
0.000 0.000 0.000 0.000 0.000 0.000 0.000 0.000 0.000 0.000 0.000 0.000 0.000 0.000 0.000 0.000 0.000 0.000 0.000 0.000 0.000 0.000 0.000 0.000 0.000 0.000 0.000 0.000 0.000 0.000 0.000 0.010 0.010 0.010 0.048 0.010 0.010 0.010 0.010 0.010 0.090 0.000 0.000 0.010 0.010 0.059 0.010 0.000 0.000 0.010 0.010 0.000 0.032 0.000 0.000 0.032 0.010 0.010 0.010 0.010 0.023 0.010 0.000 0.000 0.000 0.000 0.000 0.129 0.010 0.010 0.063 0.000 0.010 0.010 0.072 0.010 0.010
0.000 0.000 0.000 0.000 0.000 0.000 0.000 0.000 0.000 0.000 0.000 0.000 0.000 0.000 0.000 0.000 0.000 0.000 0.000 0.000 0.000 0.000 0.000 0.000 0.000 0.000 0.000 0.000 0.000 0.000 0.000 0.076 0.000 0.010 0.010 0.010 0.010 0.010 0.010 0.016 0.010 0.000 0.000 0.009 0.000 0.010 0.024 0.010 0.010 0.010 0.020 0.072 0.000 0.000 0.110 0.010 0.010 0.010 0.010 0.010 0.010 0.010 0.000 0.010 0.024 0.113 0.125 0.010 0.010 0.068 0.010 0.000 0.010 0.000 0.000 0.029 0.027
0.000 0.000 0.000 0.000 0.000 0.000 0.000 0.000 0.000 0.000 0.000 0.000 0.000 0.000 0.000 0.000 0.000 0.000 0.000 0.000 0.000 0.000 0.000 0.000 0.000 0.000 0.000 0.000 0.000 0.000 0.000 0.000 0.000 0.014 0.194 0.010 0.010 0.010 0.010 0.010 0.010 0.016 0.000 0.000 0.000 0.013 0.010 0.010 0.010 0.010 0.000 0.000 0.032 0.000 0.010 0.010 0.010 0.181 0.010 0.071 0.010 0.010 0.010 0.000 0.000 0.010 0.060 0.010 0.010 0.010 0.010 0.010 0.010 0.000 0.030 0.027 0.023
0.000 0.000 0.000 0.000 0.000 0.000 0.000 0.000 0.000 0.000 0.000 0.000 0.000 0.000 0.000 0.000 0.000 0.000 0.000 0.000 0.000 0.000 0.000 0.000 0.000 0.000 0.000 0.000 0.000 0.000 0.000 0.000 0.000 0.000 0.010 0.000 0.010 0.010 0.010 0.010 0.010 0.010 0.010 0.000 0.010 0.000 0.000 0.010 0.010 0.013 0.091 0.141 0.000 0.000 0.010 0.010 0.011 0.062 0.010 0.077 0.010 0.182 0.000 0.000 0.010 0.000 0.010 0.000 0.048 0.010 0.010 0.010 0.010 0.010 0.048 0.010 0.010
0.000 0.000 0.000 0.000 0.000 0.000 0.000 0.000 0.000 0.000 0.000 0.000 0.000 0.000 0.000 0.000 0.000 0.000 0.000 0.000 0.000 0.000 0.000 0.000 0.000 0.000 0.000 0.000 0.000 0.000 0.000 0.000 0.000 0.000 0.000 0.000 0.115 0.000 0.010 0.010 0.010 0.010 0.047 0.010 0.010 0.000 0.010 0.010 0.010 0.010 0.010 0.010 0.063 0.010 0.010 0.010 0.065 0.010 0.010 0.010 0.010 0.010 0.010 0.010 0.010 0.010 0.014 0.000 0.010 0.010 0.019 0.010 0.010 0.010 0.010 0.010 0.010
0.000 0.000 0.000 0.000 0.000 0.000 0.000 0.000 0.000 0.000 0.000 0.000 0.000 0.000 0.000 0.000 0.000 0.000 0.000 0.000 0.000 0.000 0.000 0.000 0.000 0.000 0.000 0.000 0.000 0.000 0.000 0.000 0.000 0.000 0.000 0.000 0.000 0.000 0.422 0.000 0.010 0.010 0.010 0.010 0.010 0.010 0.010 0.027 0.010 0.010 0.011 0.000 0.000 0.019 0.010 0.010 0.010 0.010 0.048 0.017 0.010 0.010 0.010 0.010 0.000 0.010 0.010 0.010 0.010 0.010 0.021 0.010 0.010 0.010 0.010 0.010 0.010
0.000 0.000 0.000 0.000 0.000 0.000 0.000 0.000 0.000 0.000 0.000 0.000 0.000 0.000 0.000 0.000 0.000 0.000 0.000 0.000 0.000 0.000 0.000 0.000 0.000 0.000 0.000 0.000 0.000 0.000 0.000 0.000 0.000 0.000 0.000 0.000 0.000 0.000 0.000 0.000 0.092 0.010 0.010 0.010 0.010 0.010 0.010 0.010 0.010 0.010 0.000 0.000 0.000 0.000 0.039 0.010 0.010 0.000 0.010 0.010 0.010 0.010 0.010 0.010 0.010 0.073 0.010 0.010 0.010 0.010 0.010 0.014 0.010 0.010 0.047 0.010 0.010
0.000 0.000 0.000 0.000 0.000 0.000 0.000 0.000 0.000 0.000 0.000 0.000 0.000 0.000 0.000 0.000 0.000 0.000 0.000 0.000 0.000 0.000 0.000 0.000 0.000 0.000 0.000 0.000 0.000 0.000 0.000 0.000 0.000 0.000 0.000 0.000 0.000 0.000 0.000 0.000 0.000 0.010 0.000 0.010 0.026 0.010 0.073 0.010 0.010 0.010 0.032 0.010 0.000 0.000 0.010 0.010 0.000 0.000 0.010 0.010 0.010 0.010 0.010 0.010 0.010 0.010 0.010 0.010 0.010 0.010 0.043 0.010 0.010 0.010 0.010 0.010 0.010
0.000 0.000 0.000 0.000 0.000 0.000 0.000 0.000 0.000 0.000 0.000 0.000 0.000 0.000 0.000 0.000 0.000 0.000 0.000 0.000 0.000 0.000 0.000 0.000 0.000 0.000 0.000 0.000 0.000 0.000 0.000 0.000 0.000 0.000 0.000 0.000 0.000 0.000 0.000 0.000 0.000 0.000 0.000 0.052 0.000 0.010 0.040 0.010 0.010 0.029 0.010 0.010 0.010 0.010 0.010 0.010 0.000 0.079 0.010 0.010 0.010 0.010 0.010 0.010 0.090 0.010 0.010 0.010 0.010 0.010 0.035 0.101 0.206 0.034 0.010 0.010 0.091
0.000 0.000 0.000 0.000 0.000 0.000 0.000 0.000 0.000 0.000 0.000 0.000 0.000 0.000 0.000 0.000 0.000 0.000 0.000 0.000 0.000 0.000 0.000 0.000 0.000 0.000 0.000 0.000 0.000 0.000 0.000 0.000 0.000 0.000 0.000 0.000 0.000 0.000 0.000 0.000 0.000 0.000 0.000 0.000 0.000 0.010 0.000 0.010 0.010 0.010 0.030 0.010 0.010 0.010 0.072 0.010 0.000 0.011 0.014 0.010 0.010 0.020 0.010 0.010 0.010 0.010 0.000 0.000 0.010 0.010 0.010 0.374 0.079 0.047 0.010 0.010 0.010
0.000 0.000 0.000 0.000 0.000 0.000 0.000 0.000 0.000 0.000 0.000 0.000 0.000 0.000 0.000 0.000 0.000 0.000 0.000 0.000 0.000 0.000 0.000 0.000 0.000 0.000 0.000 0.000 0.000 0.000 0.000 0.000 0.000 0.000 0.000 0.000 0.000 0.000 0.000 0.000 0.000 0.000 0.000 0.000 0.000 0.000 0.000 0.060 0.000 0.048 0.019 0.010 0.000 0.010 0.010 0.010 0.000 0.010 0.010 0.010 0.010 0.010 0.010 0.053 0.010 0.016 0.000 0.000 0.000 0.010 0.010 0.010 0.057 0.075 0.010 0.010 0.010
0.000 0.000 0.000 0.000 0.000 0.000 0.000 0.000 0.000 0.000 0.000 0.000 0.000 0.000 0.000 0.000 0.000 0.000 0.000 0.000 0.000 0.000 0.000 0.000 0.000 0.000 0.000 0.000 0.000 0.000 0.000 0.000 0.000 0.000 0.000 0.000 0.000 0.000 0.000 0.000 0.000 0.000 0.000 0.000 0.000 0.000 0.000 0.000 0.000 0.000 0.537 0.010 0.010 0.010 0.010 0.010 0.010 0.000 0.010 0.010 0.010 0.010 0.046 0.010 0.010 0.000 0.000 0.000 0.000 0.000 0.000 0.010 0.010 0.071 0.010 0.010 0.010
0.000 0.000 0.000 0.000 0.000 0.000 0.000 0.000 0.000 0.000 0.000 0.000 0.000 0.000 0.000 0.000 0.000 0.000 0.000 0.000 0.000 0.000 0.000 0.000 0.000 0.000 0.000 0.000 0.000 0.000 0.000 0.000 0.000 0.000 0.000 0.000 0.000 0.000 0.000 0.000 0.000 0.000 0.000 0.000 0.000 0.000 0.000 0.000 0.000 0.000 0.010 0.000 0.010 0.010 0.010 0.010 0.012 0.062 0.010 0.041 0.010 0.010 0.082 0.010 0.013 0.010 0.000 0.000 0.000 0.000 0.000 0.000 0.000 0.010 0.010 0.078 0.010
0.000 0.000 0.000 0.000 0.000 0.000 0.000 0.000 0.000 0.000 0.000 0.000 0.000 0.000 0.000 0.000 0.000 0.000 0.000 0.000 0.000 0.000 0.000 0.000 0.000 0.000 0.000 0.000 0.000 0.000 0.000 0.000 0.000 0.000 0.000 0.000 0.000 0.000 0.000 0.000 0.000 0.000 0.000 0.000 0.000 0.000 0.000 0.000 0.000 0.000 0.000 0.000 0.058 0.000 0.010 0.010 0.010 0.054 0.010 0.010 0.010 0.036 0.010 0.010 0.057 0.010 0.045 0.030 0.000 0.000 0.000 0.000 0.015 0.000 0.000 0.010 0.010
0.000 0.000 0.000 0.000 0.000 0.000 0.000 0.000 0.000 0.000 0.000 0.000 0.000 0.000 0.000 0.000 0.000 0.000 0.000 0.000 0.000 0.000 0.000 0.000 0.000 0.000 0.000 0.000 0.000 0.000 0.000 0.000 0.000 0.000 0.000 0.000 0.000 0.000 0.000 0.000 0.000 0.000 0.000 0.000 0.000 0.000 0.000 0.000 0.000 0.000 0.000 0.000 0.000 0.000 0.055 0.000 0.010 0.010 0.023 0.010 0.030 0.010 0.010 0.010 0.010 0.010 0.010 0.010 0.074 0.010 0.000 0.000 0.000 0.000 0.030 0.010 0.010
0.000 0.000 0.000 0.000 0.000 0.000 0.000 0.000 0.000 0.000 0.000 0.000 0.000 0.000 0.000 0.000 0.000 0.000 0.000 0.000 0.000 0.000 0.000 0.000 0.000 0.000 0.000 0.000 0.000 0.000 0.000 0.000 0.000 0.000 0.000 0.000 0.000 0.000 0.000 0.000 0.000 0.000 0.000 0.000 0.000 0.000 0.000 0.000 0.000 0.000 0.000 0.000 0.000 0.000 0.000 0.000 0.000 0.051 0.010 0.010 0.018 0.010 0.010 0.010 0.010 0.010 0.010 0.010 0.010 0.010 0.000 0.000 0.000 0.000 0.000 0.010 0.000
