hx_30m/njhx/rain/result-0043.wd
ncols         211
nrows         286
xllcorner     660279.582600
yllcorner     3541874.325092
cellsize      30.000000
NODATA_value  -9999.000000
[rows 102 to 135 of 286, columns 77 to 153 of 211]
0.000 0.058 0.010 0.003 0.006 0.003 0.001 0.001 0.001 0.001 0.006 0.003 0.001 0.000 0.001 0.000 0.000 0.006 0.030 0.003 0.010 0.047 0.144 0.010 0.010 0.010 0.018 0.001 0.004 0.004 0.000 0.000 0.000 0.002 0.002 0.000 0.002 0.002 0.004 0.001 0.002 0.001 0.008 0.008 0.000 0.002 0.002 0.001 0.000 0.001 0.004 0.010 0.003 0.000 0.015 0.000 0.000 0.003 0.003 0.001 0.000 0.000 0.000 0.003 0.001 0.002 0.001 0.000 0.001 0.001 0.001 0.001 0.000 0.002 0.004 0.006 0.000
0.010 0.010 0.004 0.002 0.006 0.001 0.000 0.000 0.001 0.010 0.004 0.001 0.000 0.000 0.001 0.003 0.003 0.003 0.003 0.010 0.027 0.010 0.010 0.010 0.010 0.010 0.010 0.001 0.001 0.001 0.000 0.000 0.000 0.005 0.001 0.000 0.001 0.001 0.001 0.001 0.004 0.004 0.039 0.000 0.000 0.000 0.001 0.002 0.001 0.001 0.001 0.004 0.004 0.000 0.000 0.000 0.000 0.001 0.003 0.001 0.000 0.000 0.000 0.001 0.004 0.001 0.001 0.000 0.001 0.001 0.000 0.001 0.001 0.001 0.000 0.003 0.000
0.010 0.010 0.004 0.003 0.010 0.002 0.002 0.002 0.000 0.001 0.010 0.003 0.000 0.001 0.001 0.001 0.001 0.001 0.000 0.002 0.010 0.022 0.010 0.010 0.010 0.010 0.010 0.006 0.002 0.002 0.010 0.004 0.003 0.006 0.001 0.004 0.004 0.004 0.003 0.001 0.000 0.010 0.000 0.000 0.000 0.002 0.001 0.000 0.000 0.000 0.001 0.006 0.001 0.000 0.012 0.042 0.010 0.030 0.004 0.002 0.001 0.005 0.010 0.001 0.001 0.001 0.001 0.001 0.004 0.010 0.005 0.000 0.000 0.001 0.004 0.010 0.004
0.010 0.010 0.004 0.006 0.006 0.014 0.006 0.001 0.001 0.001 0.010 0.001 0.000 0.001 0.001 0.000 0.001 0.002 0.002 0.001 0.096 0.107 0.010 0.010 0.010 0.010 0.010 0.166 0.010 0.010 0.010 0.010 0.010 0.010 0.147 0.010 0.004 0.004 0.002 0.001 0.000 0.043 0.010 0.001 0.001 0.001 0.001 0.001 0.000 0.001 0.000 0.003 0.000 0.001 0.001 0.002 0.003 0.000 0.001 0.000 0.001 0.000 0.000 0.005 0.001 0.001 0.002 0.003 0.000 0.002 0.000 0.000 0.000 0.010 0.010 0.010 0.010
0.010 0.010 0.002 0.006 0.004 0.000 0.000 0.001 0.000 0.001 0.000 0.001 0.000 0.001 0.001 0.001 0.002 0.001 0.000 0.002 0.010 0.010 0.010 0.010 0.010 0.010 0.010 0.010 0.010 0.010 0.010 0.010 0.010 0.010 0.010 0.010 0.004 0.004 0.002 0.002 0.010 0.010 0.010 0.010 0.007 0.001 0.000 0.002 0.001 0.002 0.001 0.019 0.010 0.000 0.000 0.000 0.000 0.000 0.000 0.000 0.001 0.000 0.000 0.001 0.001 0.014 0.000 0.000 0.010 0.000 0.000 0.000 0.003 0.010 0.000 0.010 0.003
0.010 0.010 0.004 0.006 0.004 0.002 0.000 0.000 0.000 0.000 0.000 0.000 0.000 0.001 0.000 0.000 0.000 0.000 0.001 0.010 0.010 0.050 0.232 0.158 0.010 0.010 0.010 0.010 0.189 0.076 0.010 0.010 0.000 0.146 0.000 0.010 0.004 0.004 0.001 0.008 0.010 0.010 0.010 0.010 0.002 0.000 0.001 0.000 0.001 0.000 0.000 0.001 0.010 0.000 0.001 0.000 0.000 0.001 0.001 0.000 0.001 0.000 0.000 0.000 0.000 0.010 0.000 0.001 0.001 0.000 0.001 0.001 0.001 0.010 0.000 0.000 0.010
0.290 0.033 0.003 0.006 0.004 0.000 0.000 0.000 0.000 0.000 0.001 0.000 0.000 0.000 0.005 0.000 0.000 0.001 0.001 0.004 0.010 0.622 0.010 0.010 0.010 0.010 0.010 0.010 0.010 0.010 0.010 0.010 0.117 0.010 0.024 0.000 0.004 0.279 0.008 0.000 0.010 0.110 0.002 0.001 0.003 0.000 0.002 0.001 0.002 0.001 0.001 0.001 0.004 0.000 0.002 0.004 0.001 0.001 0.001 0.001 0.002 0.001 0.000 0.002 0.000 0.007 0.000 0.001 0.001 0.000 0.002 0.010 0.000 0.000 0.000 0.032 0.004
0.074 0.010 0.002 0.010 0.007 0.004 0.002 0.001 0.001 0.002 0.001 0.001 0.001 0.000 0.003 0.002 0.010 0.003 0.001 0.004 0.002 0.003 0.003 0.010 0.010 0.010 0.003 0.006 0.010 0.011 0.004 0.006 0.002 0.006 0.006 0.010 0.003 0.010 0.001 0.010 0.011 0.010 0.006 0.001 0.006 0.000 0.002 0.000 0.000 0.000 0.000 0.002 0.002 0.000 0.000 0.000 0.001 0.001 0.000 0.000 0.000 0.003 0.001 0.000 0.000 0.001 0.000 0.000 0.001 0.001 0.057 0.010 0.000 0.000 0.000 0.010 0.002
0.010 0.010 0.002 0.010 0.001 0.000 0.000 0.000 0.000 0.001 0.002 0.006 0.001 0.010 0.002 0.025 0.010 0.010 0.009 0.004 0.002 0.002 0.010 0.002 0.047 0.010 0.010 0.006 0.010 0.006 0.003 0.002 0.002 0.002 0.003 0.007 0.001 0.051 0.004 0.010 0.010 0.006 0.001 0.007 0.003 0.002 0.003 0.002 0.002 0.002 0.003 0.002 0.010 0.013 0.010 0.011 0.003 0.003 0.003 0.003 0.002 0.001 0.002 0.000 0.000 0.003 0.002 0.003 0.002 0.002 0.004 0.010 0.006 0.010 0.010 0.010 0.010
0.010 0.004 0.004 0.004 0.002 0.000 0.000 0.001 0.001 0.001 0.009 0.000 0.001 0.004 0.018 0.000 0.000 0.000 0.006 0.010 0.010 0.010 0.008 0.009 0.010 0.006 0.035 0.003 0.006 0.010 0.002 0.001 0.001 0.003 0.002 0.006 0.010 0.042 0.003 0.004 0.006 0.006 0.002 0.003 0.002 0.001 0.001 0.002 0.004 0.001 0.006 0.002 0.001 0.003 0.003 0.007 0.004 0.001 0.003 0.001 0.003 0.005 0.006 0.002 0.003 0.001 0.002 0.002 0.002 0.002 0.001 0.002 0.001 0.001 0.002 0.010 0.010
0.010 0.004 0.004 0.004 0.001 0.000 0.001 0.001 0.001 0.001 0.010 0.010 0.005 0.010 0.010 0.039 0.001 0.004 0.003 0.001 0.001 0.001 0.001 0.000 0.002 0.010 0.010 0.010 0.010 0.010 0.002 0.000 0.008 0.000 0.000 0.000 0.003 0.263 0.004 0.010 0.000 0.000 0.010 0.010 0.010 0.001 0.002 0.001 0.010 0.010 0.010 0.004 0.018 0.010 0.140 0.010 0.003 0.001 0.001 0.001 0.001 0.001 0.010 0.001 0.000 0.002 0.000 0.000 0.002 0.010 0.010 0.001 0.001 0.000 0.000 0.000 0.005
0.010 0.002 0.010 0.003 0.001 0.001 0.002 0.003 0.001 0.001 0.010 0.005 0.026 0.013 0.009 0.001 0.001 0.001 0.009 0.010 0.010 0.056 0.010 0.001 0.002 0.010 0.010 0.010 0.010 0.010 0.044 0.001 0.010 0.000 0.002 0.000 0.002 0.010 0.009 0.010 0.010 0.010 0.103 0.010 0.010 0.001 0.000 0.001 0.010 0.010 0.010 0.002 0.000 0.010 0.010 0.010 0.001 0.002 0.001 0.001 0.000 0.003 0.000 0.000 0.002 0.004 0.002 0.010 0.007 0.010 0.031 0.002 0.001 0.000 0.000 0.000 0.002
0.006 0.003 0.010 0.002 0.001 0.003 0.001 0.001 0.001 0.002 0.034 0.010 0.010 0.000 0.001 0.001 0.010 0.004 0.001 0.002 0.001 0.000 0.001 0.000 0.004 0.002 0.010 0.010 0.058 0.010 0.002 0.010 0.010 0.001 0.000 0.000 0.001 0.010 0.004 0.002 0.002 0.001 0.001 0.000 0.001 0.029 0.000 0.000 0.010 0.004 0.002 0.007 0.004 0.004 0.003 0.010 0.000 0.000 0.000 0.000 0.001 0.001 0.000 0.000 0.000 0.001 0.001 0.000 0.010 0.019 0.008 0.000 0.001 0.022 0.000 0.000 0.004
0.002 0.004 0.004 0.001 0.001 0.010 0.004 0.001 0.001 0.002 0.010 0.000 0.000 0.000 0.000 0.000 0.002 0.001 0.043 0.001 0.002 0.001 0.001 0.001 0.002 0.004 0.010 0.010 0.010 0.034 0.001 0.010 0.010 0.000 0.001 0.000 0.002 0.067 0.001 0.002 0.006 0.002 0.000 0.000 0.002 0.235 0.000 0.001 0.010 0.006 0.000 0.002 0.006 0.000 0.006 0.006 0.003 0.004 0.010 0.010 0.004 0.000 0.001 0.000 0.002 0.001 0.000 0.001 0.001 0.001 0.002 0.003 0.000 0.000 0.000 0.000 0.002
0.004 0.004 0.003 0.000 0.000 0.005 0.000 0.000 0.000 0.000 0.010 0.000 0.004 0.004 0.002 0.000 0.000 0.002 0.002 0.000 0.000 0.000 0.000 0.000 0.002 0.019 0.010 0.010 0.010 0.006 0.002 0.010 0.020 0.001 0.001 0.006 0.002 0.006 0.001 0.010 0.006 0.002 0.000 0.000 0.005 0.010 0.001 0.002 0.002 0.001 0.000 0.000 0.001 0.000 0.000 0.001 0.004 0.006 0.004 0.010 0.003 0.000 0.000 0.002 0.002 0.008 0.000 0.000 0.000 0.001 0.002 0.006 0.000 0.000 0.002 0.000 0.001
0.001 0.010 0.002 0.003 0.001 0.001 0.000 0.000 0.000 0.000 0.010 0.000 0.001 0.002 0.002 0.000 0.012 0.000 0.001 0.000 0.000 0.000 0.000 0.000 0.002 0.001 0.002 0.006 0.006 0.005 0.000 0.000 0.010 0.010 0.001 0.004 0.003 0.010 0.002 0.004 0.006 0.004 0.000 0.000 0.001 0.001 0.002 0.001 0.004 0.000 0.000 0.001 0.000 0.000 0.002 0.000 0.001 0.001 0.001 0.007 0.001 0.000 0.000 0.000 0.004 0.031 0.000 0.012 0.038 0.000 0.002 0.010 0.003 0.003 0.010 0.000 0.000
0.004 0.010 0.004 0.006 0.001 0.000 0.002 0.000 0.000 0.002 0.141 0.000 0.000 0.000 0.093 0.000 0.259 0.000 0.000 0.000 0.000 0.000 0.000 0.000 0.002 0.002 0.000 0.001 0.006 0.010 0.000 0.010 0.000 0.010 0.058 0.000 0.001 0.010 0.004 0.010 0.010 0.010 0.000 0.000 0.000 0.006 0.007 0.004 0.006 0.002 0.003 0.010 0.000 0.000 0.000 0.000 0.000 0.000 0.001 0.001 0.001 0.001 0.000 0.000 0.001 0.066 0.075 0.010 0.010 0.010 0.098 0.204 0.036 0.232 0.000 0.002 0.010
0.004 0.004 0.000 0.000 0.000 0.001 0.000 0.002 0.004 0.001 0.323 0.008 0.010 0.010 0.040 0.331 0.117 0.001 0.006 0.004 0.005 0.002 0.001 0.001 0.002 0.002 0.006 0.002 0.002 0.002 0.022 0.211 0.327 0.433 0.017 0.000 0.002 0.010 0.002 0.002 0.006 0.010 0.000 0.000 0.030 0.004 0.000 0.006 0.002 0.010 0.010 0.004 0.001 0.002 0.000 0.001 0.001 0.000 0.001 0.001 0.001 0.001 0.000 0.000 0.002 0.009 0.056 0.000 0.000 0.000 0.010 0.023 0.040 0.051 0.005 0.006 0.040
0.010 0.003 0.006 0.004 0.002 0.001 0.000 0.000 0.001 0.000 0.286 0.006 0.543 0.010 0.137 0.283 0.106 0.065 0.004 0.010 0.010 0.010 0.004 0.002 0.004 0.006 0.010 0.001 0.004 0.004 0.108 0.462 0.434 0.362 0.032 0.000 0.005 0.010 0.003 0.002 0.002 0.003 0.007 0.001 0.001 0.001 0.001 0.001 0.001 0.001 0.006 0.001 0.001 0.000 0.000 0.001 0.001 0.001 0.001 0.001 0.001 0.000 0.000 0.001 0.002 0.055 0.010 0.001 0.000 0.000 0.010 0.012 0.047 0.054 0.001 0.010 0.000
0.010 0.002 0.001 0.001 0.001 0.001 0.006 0.001 0.000 0.000 0.356 0.006 0.010 0.010 0.010 0.010 0.265 0.115 0.004 0.010 0.010 0.000 0.004 0.003 0.000 0.006 0.000 0.001 0.000 0.000 0.010 0.479 0.457 0.065 0.002 0.000 0.015 0.006 0.010 0.000 0.000 0.003 0.010 0.006 0.000 0.002 0.002 0.002 0.001 0.002 0.002 0.001 0.001 0.001 0.001 0.001 0.001 0.000 0.002 0.001 0.000 0.001 0.001 0.001 0.010 0.000 0.010 0.010 0.000 0.000 0.013 0.010 0.019 0.010 0.002 0.001 0.000
0.002 0.003 0.002 0.002 0.000 0.000 0.001 0.010 0.010 0.010 0.239 0.010 0.006 0.010 0.010 0.010 0.088 0.055 0.002 0.000 0.000 0.010 0.004 0.003 0.000 0.004 0.000 0.006 0.000 0.000 0.001 0.201 0.390 0.001 0.001 0.001 0.005 0.002 0.006 0.000 0.002 0.004 0.001 0.004 0.001 0.001 0.001 0.001 0.004 0.001 0.002 0.002 0.004 0.002 0.011 0.002 0.010 0.000 0.000 0.000 0.000 0.001 0.001 0.001 0.004 0.012 0.004 0.004 0.007 0.000 0.266 0.028 0.091 0.041 0.372 0.001 0.000
0.003 0.004 0.001 0.002 0.000 0.002 0.001 0.002 0.003 0.004 0.010 0.004 0.004 0.010 0.007 0.002 0.010 0.010 0.001 0.002 0.002 0.010 0.009 0.001 0.002 0.006 0.002 0.104 0.026 0.022 0.016 0.024 0.010 0.002 0.002 0.065 0.004 0.004 0.010 0.000 0.010 0.010 0.004 0.001 0.000 0.002 0.002 0.002 0.004 0.006 0.010 0.002 0.010 0.010 0.010 0.000 0.000 0.001 0.000 0.000 0.001 0.001 0.006 0.002 0.001 0.000 0.000 0.000 0.000 0.000 0.000 0.000 0.008 0.002 0.000 0.002 0.000
0.001 0.000 0.001 0.000 0.000 0.001 0.000 0.002 0.003 0.000 0.258 0.000 0.003 0.000 0.010 0.000 0.000 0.010 0.000 0.000 0.000 0.000 0.027 0.068 0.065 0.045 0.071 0.000 0.000 0.000 0.000 0.038 0.006 0.010 0.002 0.389 0.006 0.006 0.002 0.000 0.003 0.010 0.001 0.000 0.001 0.000 0.000 0.003 0.012 0.010 0.002 0.001 0.006 0.000 0.000 0.000 0.000 0.001 0.000 0.000 0.001 0.000 0.000 0.002 0.001 0.000 0.000 0.000 0.000 0.001 0.000 0.001 0.001 0.000 0.000 0.006 0.000
0.002 0.000 0.001 0.001 0.002 0.000 0.001 0.002 0.003 0.000 0.304 0.000 0.001 0.000 0.018 0.001 0.001 0.049 0.000 0.000 0.000 0.000 0.031 0.022 0.129 0.116 0.002 0.002 0.002 0.004 0.002 0.001 0.047 0.000 0.000 0.075 0.010 0.002 0.000 0.002 0.001 0.010 0.002 0.001 0.001 0.001 0.000 0.000 0.002 0.001 0.006 0.000 0.005 0.010 0.024 0.000 0.000 0.001 0.000 0.000 0.000 0.000 0.001 0.001 0.001 0.000 0.002 0.010 0.004 0.002 0.000 0.001 0.000 0.006 0.000 0.004 0.000
0.006 0.000 0.000 0.000 0.000 0.000 0.000 0.000 0.000 0.000 0.200 0.000 0.000 0.000 0.001 0.010 0.010 0.002 0.002 0.002 0.000 0.000 0.082 0.153 0.111 0.002 0.005 0.014 0.004 0.001 0.002 0.007 0.000 0.000 0.000 0.004 0.004 0.001 0.000 0.002 0.000 0.000 0.006 0.002 0.000 0.001 0.001 0.000 0.000 0.000 0.002 0.001 0.001 0.002 0.001 0.000 0.000 0.000 0.000 0.000 0.000 0.000 0.001 0.000 0.002 0.004 0.004 0.032 0.000 0.002 0.000 0.002 0.000 0.000 0.006 0.002 0.000
0.001 0.002 0.000 0.000 0.000 0.001 0.000 0.000 0.000 0.000 0.202 0.000 0.000 0.000 0.001 0.001 0.000 0.003 0.000 0.003 0.000 0.000 0.075 0.001 0.000 0.001 0.000 0.000 0.001 0.000 0.000 0.001 0.000 0.000 0.000 0.001 0.006 0.002 0.000 0.000 0.000 0.002 0.006 0.004 0.002 0.002 0.002 0.006 0.001 0.001 0.001 0.001 0.001 0.003 0.000 0.000 0.000 0.000 0.000 0.000 0.000 0.000 0.000 0.000 0.001 0.000 0.001 0.010 0.000 0.000 0.001 0.003 0.001 0.001 0.001 0.005 0.002
0.002 0.001 0.006 0.001 0.004 0.001 0.001 0.000 0.000 0.004 0.007 0.000 0.000 0.000 0.000 0.000 0.000 0.001 0.001 0.001 0.000 0.000 0.243 0.000 0.000 0.001 0.000 0.000 0.000 0.001 0.001 0.000 0.000 0.000 0.000 0.001 0.010 0.004 0.000 0.000 0.000 0.000 0.000 0.002 0.004 0.008 0.004 0.010 0.002 0.002 0.001 0.001 0.000 0.000 0.001 0.001 0.000 0.000 0.000 0.000 0.000 0.000 0.000 0.000 0.002 0.000 0.000 0.000 0.000 0.000 0.000 0.000 0.006 0.006 0.002 0.010 0.000
0.004 0.000 0.000 0.001 0.001 0.001 0.000 0.001 0.001 0.004 0.006 0.002 0.001 0.000 0.000 0.001 0.000 0.001 0.001 0.001 0.000 0.000 0.407 0.000 0.000 0.001 0.000 0.000 0.002 0.010 0.002 0.000 0.000 0.000 0.006 0.001 0.006 0.002 0.000 0.000 0.010 0.007 0.000 0.004 0.010 0.007 0.000 0.000 0.000 0.000 0.000 0.001 0.000 0.000 0.001 0.000 0.000 0.000 0.000 0.000 0.001 0.001 0.001 0.000 0.001 0.041 0.000 0.000 0.000 0.000 0.000 0.000 0.000 0.004 0.002 0.001 0.003
0.001 0.003 0.002 0.004 0.006 0.001 0.000 0.001 0.004 0.006 0.002 0.001 0.001 0.003 0.000 0.000 0.000 0.002 0.010 0.010 0.000 0.000 0.479 0.000 0.000 0.000 0.000 0.000 0.000 0.010 0.002 0.000 0.000 0.002 0.000 0.002 0.010 0.006 0.000 0.000 0.003 0.001 0.000 0.000 0.007 0.010 0.002 0.004 0.001 0.002 0.002 0.002 0.003 0.004 0.002 0.006 0.001 0.001 0.000 0.000 0.000 0.000 0.000 0.010 0.002 0.002 0.000 0.000 0.001 0.000 0.002 0.002 0.001 0.000 0.001 0.000 0.002
0.001 0.000 0.003 0.001 0.001 0.003 0.001 0.001 0.002 0.010 0.006 0.010 0.006 0.009 0.010 0.075 0.002 0.001 0.000 0.001 0.000 0.000 0.445 0.001 0.001 0.001 0.000 0.000 0.000 0.010 0.001 0.001 0.000 0.001 0.000 0.001 0.006 0.004 0.004 0.004 0.070 0.001 0.001 0.001 0.002 0.002 0.000 0.000 0.001 0.001 0.002 0.002 0.000 0.000 0.000 0.000 0.001 0.003 0.001 0.000 0.003 0.001 0.001 0.001 0.010 0.001 0.000 0.001 0.001 0.001 0.000 0.000 0.000 0.010 0.044 0.002 0.001
0.000 0.000 0.003 0.000 0.000 0.000 0.001 0.001 0.002 0.009 0.001 0.074 0.000 0.000 0.000 0.000 0.000 0.001 0.000 0.000 0.000 0.000 0.571 0.001 0.001 0.002 0.000 0.000 0.000 0.001 0.000 0.000 0.000 0.004 0.000 0.004 0.010 0.001 0.000 0.000 0.000 0.000 0.000 0.000 0.000 0.001 0.000 0.000 0.000 0.000 0.000 0.004 0.000 0.000 0.000 0.000 0.001 0.000 0.000 0.000 0.000 0.001 0.000 0.002 0.002 0.000 0.000 0.001 0.000 0.001 0.005 0.001 0.000 0.000 0.000 0.016 0.000
0.001 0.001 0.006 0.002 0.001 0.001 0.001 0.003 0.000 0.006 0.004 0.173 0.004 0.004 0.003 0.004 0.010 0.002 0.002 0.004 0.000 0.000 0.405 0.001 0.001 0.000 0.000 0.000 0.000 0.000 0.000 0.001 0.001 0.004 0.000 0.001 0.438 0.001 0.000 0.001 0.010 0.036 0.000 0.000 0.000 0.001 0.001 0.000 0.000 0.000 0.000 0.000 0.002 0.006 0.000 0.000 0.000 0.000 0.001 0.002 0.001 0.000 0.000 0.000 0.002 0.000 0.000 0.053 0.000 0.001 0.001 0.001 0.000 0.000 0.000 0.000 0.000
0.000 0.006 0.000 0.001 0.002 0.001 0.001 0.001 0.000 0.003 0.003 0.010 0.000 0.000 0.010 0.000 0.000 0.003 0.000 0.000 0.002 0.000 0.270 0.002 0.001 0.001 0.001 0.001 0.001 0.001 0.000 0.001 0.010 0.003 0.006 0.004 0.010 0.001 0.010 0.000 0.004 0.000 0.010 0.000 0.000 0.004 0.001 0.006 0.001 0.000 0.000 0.000 0.010 0.002 0.001 0.001 0.001 0.001 0.001 0.000 0.000 0.000 0.000 0.000 0.001 0.037 0.000 0.000 0.008 0.000 0.000 0.001 0.001 0.001 0.000 0.001 0.001
0.004 0.010 0.001 0.001 0.024 0.010 0.002 0.004 0.003 0.004 0.006 0.014 0.010 0.010 0.006 0.006 0.010 0.002 0.000 0.000 0.004 0.002 0.004 0.003 0.002 0.001 0.001 0.002 0.002 0.001 0.001 0.001 0.002 0.001 0.001 0.001 0.010 0.006 0.001 0.001 0.001 0.001 0.001 0.003 0.001 0.002 0.000 0.000 0.000 0.000 0.010 0.000 0.004 0.004 0.000 0.000 0.000 0.000 0.000 0.001 0.000 0.001 0.010 0.000 0.002 0.000 0.010 0.001 0.000 0.000 0.000 0.000 0.006 0.001 0.000 0.000 0.004
