hx_30m/njhx/rain/result-0018.wd
ncols         211
nrows         286
xllcorner     660279.582600
yllcorner     3541874.325092
cellsize      30.000000
NODATA_value  -9999.000000
[rows 136 to 169 of 286, columns 77 to 153 of 211]
0.007 0.006 0.007 0.007 0.007 0.009 0.006 0.007 0.007 0.009 0.007 0.007 0.010 0.007 0.010 0.015 0.007 0.007 0.005 0.006 0.006 0.009 0.005 0.005 0.007 0.010 0.007 0.007 0.007 0.007 0.006 0.006 0.008 0.009 0.002 0.002 0.010 0.002 0.006 0.004 0.010 0.003 0.003 0.002 0.008 0.003 0.006 0.004 0.002 0.004 0.010 0.000 0.003 0.003 0.002 0.001 0.002 0.000 0.000 0.000 0.000 0.002 0.000 0.000 0.003 0.007 0.000 0.007 0.002 0.000 0.001 0.001 0.000 0.009 0.005 0.006 0.001
0.004 0.004 0.007 0.007 0.007 0.005 0.009 0.007 0.005 0.005 0.008 0.004 0.007 0.005 0.010 0.007 0.004 0.004 0.005 0.004 0.007 0.005 0.008 0.023 0.007 0.011 0.007 0.007 0.003 0.000 0.000 0.002 0.000 0.000 0.005 0.003 0.010 0.006 0.010 0.000 0.000 0.003 0.000 0.000 0.003 0.008 0.000 0.004 0.000 0.006 0.004 0.003 0.005 0.003 0.007 0.002 0.002 0.005 0.000 0.000 0.000 0.001 0.004 0.005 0.002 0.005 0.000 0.000 0.004 0.001 0.002 0.000 0.003 0.000 0.000 0.000 0.002
0.002 0.002 0.000 0.000 0.000 0.000 0.000 0.000 0.006 0.007 0.005 0.000 0.000 0.000 0.003 0.000 0.008 0.006 0.004 0.000 0.000 0.006 0.007 0.005 0.010 0.009 0.010 0.010 0.003 0.000 0.000 0.002 0.000 0.000 0.000 0.006 0.029 0.004 0.000 0.010 0.003 0.002 0.010 0.010 0.010 0.013 0.000 0.001 0.000 0.002 0.001 0.002 0.001 0.000 0.000 0.002 0.002 0.001 0.002 0.003 0.000 0.001 0.003 0.003 0.002 0.005 0.003 0.003 0.004 0.004 0.004 0.004 0.008 0.002 0.002 0.000 0.001
0.004 0.004 0.009 0.005 0.005 0.004 0.009 0.006 0.003 0.007 0.002 0.002 0.003 0.007 0.003 0.000 0.000 0.010 0.021 0.010 0.010 0.007 0.007 0.004 0.010 0.010 0.010 0.005 0.000 0.000 0.003 0.006 0.000 0.000 0.000 0.003 0.010 0.003 0.012 0.002 0.000 0.000 0.006 0.010 0.000 0.008 0.000 0.003 0.001 0.001 0.002 0.001 0.004 0.002 0.000 0.001 0.001 0.001 0.001 0.002 0.002 0.003 0.003 0.002 0.003 0.004 0.001 0.002 0.002 0.002 0.003 0.003 0.003 0.008 0.003 0.002 0.002
0.008 0.003 0.003 0.005 0.005 0.004 0.003 0.004 0.008 0.009 0.007 0.007 0.003 0.007 0.007 0.003 0.003 0.003 0.002 0.005 0.005 0.005 0.007 0.005 0.010 0.010 0.010 0.008 0.000 0.000 0.000 0.004 0.000 0.000 0.000 0.006 0.010 0.004 0.010 0.004 0.001 0.000 0.002 0.010 0.010 0.006 0.000 0.006 0.003 0.005 0.009 0.009 0.005 0.002 0.002 0.000 0.001 0.000 0.000 0.000 0.000 0.000 0.000 0.000 0.001 0.001 0.000 0.007 0.005 0.008 0.007 0.007 0.000 0.008 0.006 0.004 0.002
0.009 0.000 0.000 0.009 0.000 0.000 0.005 0.002 0.006 0.008 0.010 0.010 0.046 0.010 0.010 0.010 0.000 0.000 0.020 0.010 0.010 0.010 0.005 0.006 0.010 0.010 0.010 0.054 0.000 0.000 0.000 0.009 0.000 0.000 0.000 0.003 0.010 0.003 0.003 0.005 0.003 0.002 0.000 0.010 0.000 0.002 0.006 0.003 0.002 0.002 0.000 0.000 0.001 0.000 0.003 0.000 0.002 0.000 0.001 0.000 0.000 0.000 0.000 0.000 0.002 0.002 0.000 0.000 0.007 0.008 0.007 0.007 0.006 0.000 0.008 0.008 0.007
0.012 0.003 0.009 0.010 0.012 0.010 0.010 0.010 0.007 0.005 0.026 0.010 0.026 0.010 0.033 0.010 0.028 0.010 0.010 0.010 0.039 0.009 0.005 0.007 0.010 0.010 0.010 0.009 0.000 0.003 0.002 0.004 0.002 0.002 0.000 0.004 0.005 0.004 0.003 0.000 0.004 0.010 0.000 0.000 0.000 0.000 0.000 0.003 0.000 0.002 0.002 0.004 0.000 0.002 0.001 0.000 0.001 0.001 0.001 0.003 0.008 0.008 0.000 0.000 0.002 0.001 0.001 0.003 0.007 0.008 0.008 0.008 0.008 0.008 0.008 0.000 0.007
0.010 0.010 0.007 0.007 0.007 0.004 0.005 0.004 0.006 0.007 0.010 0.010 0.010 0.036 0.010 0.010 0.010 0.010 0.032 0.010 0.010 0.010 0.005 0.009 0.010 0.010 0.010 0.007 0.009 0.000 0.000 0.000 0.000 0.000 0.008 0.004 0.005 0.004 0.000 0.002 0.010 0.000 0.012 0.000 0.000 0.000 0.002 0.002 0.000 0.000 0.003 0.010 0.010 0.009 0.001 0.002 0.002 0.002 0.002 0.003 0.000 0.004 0.002 0.004 0.002 0.000 0.001 0.002 0.008 0.008 0.008 0.008 0.000 0.000 0.008 0.007 0.007
0.010 0.010 0.010 0.010 0.010 0.010 0.000 0.007 0.010 0.010 0.010 0.010 0.010 0.010 0.000 0.000 0.000 0.000 0.010 0.010 0.038 0.010 0.009 0.009 0.010 0.035 0.010 0.010 0.006 0.010 0.007 0.009 0.006 0.010 0.010 0.005 0.003 0.002 0.004 0.010 0.010 0.012 0.010 0.011 0.000 0.004 0.003 0.009 0.009 0.009 0.009 0.009 0.008 0.003 0.009 0.009 0.009 0.009 0.009 0.008 0.000 0.000 0.000 0.000 0.002 0.000 0.001 0.001 0.008 0.008 0.008 0.008 0.000 0.008 0.000 0.007 0.000
0.009 0.010 0.010 0.010 0.010 0.010 0.000 0.002 0.011 0.009 0.010 0.010 0.010 0.010 0.010 0.010 0.010 0.010 0.010 0.010 0.010 0.009 0.005 0.007 0.010 0.010 0.010 0.023 0.007 0.006 0.007 0.005 0.010 0.005 0.005 0.006 0.008 0.000 0.010 0.010 0.010 0.010 0.012 0.006 0.000 0.002 0.009 0.009 0.009 0.009 0.009 0.006 0.006 0.002 0.009 0.009 0.009 0.009 0.009 0.008 0.009 0.000 0.000 0.000 0.003 0.000 0.001 0.001 0.003 0.006 0.002 0.000 0.008 0.008 0.008 0.007 0.007
0.007 0.006 0.009 0.009 0.009 0.007 0.000 0.002 0.006 0.010 0.010 0.010 0.010 0.010 0.010 0.010 0.010 0.010 0.010 0.010 0.030 0.007 0.005 0.007 0.007 0.005 0.003 0.004 0.004 0.004 0.006 0.009 0.012 0.008 0.005 0.004 0.003 0.002 0.002 0.003 0.003 0.008 0.003 0.004 0.008 0.003 0.004 0.000 0.000 0.000 0.009 0.002 0.001 0.002 0.006 0.000 0.000 0.009 0.009 0.009 0.000 0.000 0.000 0.000 0.004 0.003 0.000 0.001 0.000 0.010 0.008 0.000 0.003 0.002 0.004 0.000 0.000
0.010 0.010 0.010 0.009 0.007 0.007 0.007 0.009 0.007 0.010 0.025 0.010 0.010 0.010 0.010 0.010 0.010 0.010 0.010 0.010 0.010 0.010 0.007 0.009 0.012 0.000 0.006 0.006 0.004 0.007 0.009 0.006 0.010 0.006 0.005 0.007 0.003 0.006 0.010 0.010 0.011 0.010 0.010 0.010 0.010 0.007 0.010 0.004 0.002 0.002 0.008 0.001 0.001 0.002 0.000 0.000 0.000 0.009 0.009 0.000 0.000 0.008 0.008 0.000 0.003 0.000 0.002 0.001 0.000 0.002 0.001 0.000 0.004 0.000 0.004 0.000 0.001
0.016 0.010 0.010 0.010 0.010 0.020 0.010 0.005 0.006 0.010 0.010 0.010 0.010 0.010 0.010 0.010 0.010 0.010 0.010 0.010 0.010 0.007 0.009 0.003 0.005 0.006 0.004 0.004 0.003 0.006 0.008 0.005 0.005 0.004 0.003 0.003 0.003 0.008 0.010 0.010 0.010 0.010 0.010 0.011 0.010 0.004 0.000 0.004 0.002 0.000 0.008 0.000 0.002 0.000 0.009 0.009 0.009 0.008 0.009 0.000 0.009 0.007 0.005 0.000 0.002 0.000 0.000 0.001 0.001 0.000 0.001 0.001 0.001 0.002 0.005 0.000 0.001
0.000 0.013 0.010 0.010 0.010 0.010 0.010 0.006 0.006 0.010 0.010 0.153 0.010 0.010 0.010 0.010 0.010 0.010 0.010 0.010 0.010 0.007 0.006 0.007 0.009 0.010 0.007 0.007 0.007 0.010 0.009 0.010 0.010 0.009 0.003 0.002 0.004 0.008 0.010 0.014 0.010 0.010 0.010 0.000 0.000 0.003 0.005 0.000 0.000 0.004 0.003 0.007 0.003 0.003 0.002 0.004 0.006 0.009 0.008 0.000 0.007 0.004 0.008 0.001 0.005 0.006 0.000 0.001 0.001 0.000 0.002 0.005 0.001 0.001 0.001 0.000 0.001
0.010 0.010 0.010 0.010 0.010 0.010 0.010 0.010 0.009 0.010 0.010 0.010 0.010 0.010 0.010 0.010 0.010 0.010 0.010 0.024 0.010 0.007 0.004 0.027 0.010 0.010 0.010 0.010 0.010 0.010 0.010 0.017 0.010 0.005 0.004 0.008 0.004 0.002 0.009 0.006 0.009 0.004 0.003 0.001 0.002 0.001 0.001 0.000 0.000 0.002 0.000 0.009 0.006 0.006 0.002 0.006 0.004 0.002 0.003 0.002 0.006 0.002 0.000 0.001 0.001 0.001 0.002 0.001 0.000 0.001 0.002 0.000 0.000 0.002 0.001 0.000 0.001
0.010 0.010 0.010 0.010 0.010 0.010 0.010 0.007 0.006 0.010 0.010 0.010 0.010 0.010 0.010 0.010 0.010 0.010 0.010 0.010 0.039 0.010 0.010 0.007 0.007 0.000 0.000 0.000 0.000 0.000 0.006 0.009 0.010 0.009 0.005 0.010 0.005 0.008 0.010 0.010 0.010 0.002 0.000 0.000 0.000 0.006 0.004 0.000 0.000 0.010 0.010 0.009 0.005 0.009 0.009 0.009 0.009 0.008 0.008 0.004 0.004 0.002 0.002 0.003 0.002 0.001 0.004 0.000 0.000 0.000 0.000 0.000 0.003 0.002 0.001 0.001 0.001
0.028 0.010 0.010 0.010 0.010 0.010 0.007 0.007 0.005 0.010 0.010 0.010 0.010 0.010 0.010 0.010 0.010 0.010 0.010 0.010 0.010 0.007 0.007 0.009 0.006 0.000 0.000 0.000 0.000 0.000 0.000 0.005 0.010 0.007 0.005 0.007 0.003 0.010 0.010 0.010 0.010 0.010 0.009 0.008 0.006 0.004 0.004 0.000 0.010 0.010 0.009 0.009 0.000 0.009 0.004 0.004 0.006 0.004 0.002 0.002 0.002 0.003 0.003 0.002 0.005 0.004 0.002 0.001 0.002 0.003 0.000 0.001 0.001 0.003 0.000 0.006 0.000
0.010 0.056 0.010 0.010 0.010 0.029 0.009 0.009 0.010 0.010 0.010 0.010 0.010 0.010 0.010 0.010 0.010 0.010 0.010 0.010 0.010 0.007 0.007 0.009 0.007 0.000 0.000 0.000 0.000 0.000 0.000 0.007 0.010 0.006 0.003 0.006 0.002 0.010 0.010 0.008 0.008 0.005 0.010 0.010 0.010 0.010 0.010 0.007 0.005 0.006 0.005 0.003 0.003 0.003 0.005 0.002 0.002 0.004 0.002 0.003 0.002 0.002 0.002 0.002 0.002 0.004 0.001 0.002 0.003 0.003 0.002 0.002 0.001 0.004 0.000 0.002 0.003
0.010 0.010 0.010 0.010 0.010 0.010 0.008 0.006 0.007 0.010 0.010 0.010 0.010 0.010 0.010 0.010 0.010 0.010 0.010 0.010 0.010 0.007 0.007 0.007 0.006 0.009 0.009 0.010 0.010 0.000 0.007 0.007 0.009 0.010 0.006 0.005 0.003 0.010 0.010 0.005 0.008 0.010 0.005 0.006 0.005 0.006 0.004 0.004 0.003 0.004 0.003 0.003 0.003 0.006 0.006 0.003 0.004 0.004 0.005 0.005 0.002 0.002 0.001 0.000 0.002 0.003 0.000 0.000 0.000 0.003 0.003 0.002 0.006 0.002 0.004 0.000 0.000
0.010 0.010 0.010 0.010 0.010 0.010 0.010 0.010 0.010 0.010 0.010 0.010 0.010 0.010 0.010 0.107 0.010 0.010 0.010 0.010 0.010 0.010 0.010 0.007 0.007 0.007 0.007 0.007 0.007 0.009 0.005 0.005 0.009 0.003 0.005 0.058 0.005 0.003 0.005 0.006 0.006 0.008 0.005 0.005 0.005 0.005 0.004 0.007 0.003 0.006 0.008 0.009 0.009 0.006 0.004 0.008 0.008 0.008 0.008 0.004 0.000 0.001 0.001 0.000 0.000 0.002 0.001 0.000 0.001 0.001 0.000 0.000 0.004 0.002 0.003 0.002 0.006
0.000 0.010 0.010 0.010 0.020 0.010 0.006 0.010 0.010 0.010 0.010 0.072 0.010 0.010 0.010 0.076 0.061 0.010 0.010 0.010 0.046 0.009 0.007 0.005 0.006 0.014 0.009 0.006 0.006 0.010 0.005 0.006 0.004 0.004 0.005 0.004 0.005 0.004 0.004 0.006 0.006 0.004 0.008 0.010 0.008 0.010 0.010 0.010 0.009 0.008 0.008 0.000 0.000 0.005 0.004 0.000 0.000 0.000 0.000 0.000 0.000 0.001 0.001 0.001 0.000 0.002 0.001 0.001 0.000 0.001 0.001 0.001 0.002 0.001 0.000 0.000 0.003
0.014 0.021 0.010 0.010 0.010 0.009 0.004 0.006 0.010 0.020 0.017 0.011 0.010 0.010 0.010 0.085 0.066 0.010 0.010 0.010 0.017 0.007 0.004 0.004 0.006 0.006 0.007 0.005 0.009 0.009 0.008 0.008 0.006 0.005 0.003 0.005 0.004 0.008 0.008 0.006 0.000 0.008 0.006 0.017 0.010 0.000 0.000 0.000 0.000 0.000 0.000 0.000 0.000 0.004 0.005 0.008 0.008 0.000 0.007 0.000 0.002 0.002 0.002 0.000 0.000 0.003 0.000 0.001 0.001 0.001 0.002 0.000 0.003 0.005 0.002 0.000 0.008
0.010 0.010 0.010 0.010 0.010 0.010 0.009 0.006 0.010 0.010 0.010 0.010 0.010 0.010 0.021 0.017 0.010 0.010 0.010 0.010 0.010 0.007 0.006 0.009 0.009 0.000 0.000 0.000 0.000 0.000 0.000 0.005 0.005 0.009 0.006 0.006 0.004 0.004 0.000 0.000 0.000 0.006 0.010 0.000 0.000 0.010 0.010 0.010 0.000 0.000 0.000 0.000 0.003 0.003 0.004 0.000 0.004 0.002 0.002 0.004 0.002 0.000 0.000 0.000 0.000 0.003 0.000 0.003 0.001 0.001 0.002 0.001 0.000 0.001 0.003 0.003 0.000
0.010 0.010 0.010 0.010 0.010 0.009 0.006 0.007 0.010 0.010 0.010 0.010 0.010 0.010 0.010 0.010 0.010 0.010 0.022 0.010 0.010 0.006 0.004 0.000 0.000 0.000 0.000 0.000 0.000 0.000 0.006 0.008 0.010 0.010 0.005 0.004 0.006 0.003 0.010 0.000 0.008 0.008 0.010 0.000 0.010 0.010 0.010 0.010 0.010 0.000 0.000 0.010 0.000 0.003 0.000 0.008 0.002 0.001 0.001 0.000 0.003 0.003 0.002 0.002 0.000 0.006 0.000 0.000 0.002 0.002 0.001 0.001 0.001 0.002 0.001 0.000 0.000
0.010 0.010 0.010 0.010 0.010 0.007 0.006 0.010 0.010 0.010 0.029 0.010 0.010 0.010 0.010 0.010 0.010 0.010 0.010 0.010 0.010 0.007 0.005 0.000 0.000 0.000 0.000 0.000 0.000 0.000 0.000 0.004 0.006 0.005 0.005 0.003 0.005 0.002 0.012 0.010 0.010 0.010 0.010 0.000 0.034 0.000 0.010 0.010 0.015 0.010 0.010 0.010 0.010 0.003 0.000 0.004 0.001 0.001 0.001 0.000 0.000 0.005 0.000 0.005 0.003 0.002 0.000 0.000 0.001 0.001 0.001 0.000 0.001 0.002 0.000 0.001 0.001
0.010 0.010 0.010 0.010 0.010 0.010 0.009 0.010 0.010 0.010 0.010 0.010 0.043 0.010 0.010 0.010 0.010 0.010 0.010 0.010 0.010 0.007 0.004 0.000 0.000 0.000 0.000 0.000 0.000 0.000 0.000 0.000 0.000 0.005 0.010 0.004 0.005 0.002 0.007 0.013 0.010 0.010 0.023 0.010 0.010 0.000 0.000 0.000 0.010 0.010 0.010 0.010 0.004 0.003 0.006 0.007 0.001 0.001 0.002 0.001 0.004 0.006 0.000 0.006 0.007 0.002 0.002 0.001 0.002 0.001 0.001 0.001 0.002 0.000 0.000 0.001 0.003
0.010 0.000 0.010 0.010 0.010 0.005 0.005 0.010 0.010 0.012 0.010 0.010 0.010 0.010 0.010 0.010 0.029 0.010 0.010 0.010 0.010 0.006 0.004 0.000 0.000 0.000 0.000 0.000 0.000 0.000 0.000 0.000 0.000 0.005 0.008 0.006 0.005 0.002 0.007 0.010 0.010 0.010 0.000 0.000 0.010 0.010 0.010 0.010 0.010 0.000 0.000 0.000 0.005 0.003 0.008 0.000 0.001 0.001 0.000 0.001 0.003 0.002 0.000 0.000 0.006 0.002 0.000 0.000 0.000 0.000 0.000 0.001 0.002 0.002 0.000 0.000 0.004
0.010 0.007 0.009 0.009 0.009 0.006 0.005 0.010 0.010 0.010 0.024 0.010 0.010 0.009 0.010 0.011 0.062 0.010 0.010 0.010 0.022 0.005 0.010 0.009 0.010 0.010 0.000 0.000 0.000 0.000 0.000 0.000 0.000 0.006 0.010 0.005 0.002 0.003 0.006 0.013 0.010 0.000 0.000 0.008 0.010 0.000 0.000 0.000 0.010 0.010 0.010 0.000 0.004 0.005 0.000 0.000 0.001 0.001 0.001 0.001 0.001 0.001 0.001 0.001 0.002 0.001 0.000 0.000 0.000 0.000 0.002 0.002 0.001 0.000 0.001 0.010 0.010
0.008 0.004 0.007 0.006 0.003 0.010 0.010 0.006 0.004 0.004 0.005 0.009 0.006 0.007 0.010 0.007 0.007 0.007 0.007 0.010 0.007 0.004 0.006 0.009 0.006 0.004 0.005 0.004 0.007 0.000 0.006 0.005 0.007 0.004 0.010 0.006 0.006 0.005 0.004 0.010 0.010 0.006 0.005 0.007 0.007 0.002 0.002 0.004 0.005 0.005 0.007 0.000 0.004 0.003 0.008 0.001 0.001 0.000 0.000 0.001 0.000 0.001 0.001 0.001 0.002 0.003 0.000 0.004 0.001 0.003 0.010 0.004 0.001 0.010 0.010 0.010 0.055
0.009 0.000 0.000 0.000 0.005 0.010 0.005 0.000 0.004 0.004 0.003 0.005 0.004 0.004 0.004 0.005 0.005 0.005 0.005 0.006 0.005 0.007 0.005 0.004 0.004 0.005 0.006 0.007 0.006 0.008 0.004 0.008 0.004 0.005 0.010 0.006 0.003 0.007 0.005 0.004 0.004 0.004 0.010 0.010 0.010 0.000 0.000 0.000 0.003 0.003 0.003 0.003 0.006 0.005 0.002 0.002 0.000 0.000 0.001 0.002 0.000 0.000 0.001 0.001 0.002 0.003 0.000 0.001 0.001 0.001 0.003 0.001 0.001 0.001 0.010 0.020 0.000
0.010 0.005 0.003 0.005 0.004 0.010 0.004 0.003 0.004 0.006 0.003 0.005 0.003 0.005 0.005 0.004 0.005 0.006 0.006 0.005 0.006 0.003 0.005 0.000 0.000 0.004 0.005 0.003 0.004 0.003 0.003 0.002 0.003 0.000 0.000 0.006 0.003 0.006 0.003 0.010 0.010 0.010 0.010 0.009 0.010 0.003 0.004 0.007 0.005 0.010 0.000 0.002 0.003 0.002 0.000 0.003 0.002 0.002 0.000 0.003 0.000 0.000 0.001 0.001 0.003 0.002 0.000 0.002 0.000 0.000 0.001 0.001 0.000 0.000 0.000 0.003 0.000
0.003 0.002 0.003 0.002 0.004 0.010 0.002 0.004 0.002 0.003 0.009 0.003 0.003 0.003 0.004 0.009 0.017 0.009 0.009 0.010 0.005 0.004 0.005 0.009 0.010 0.010 0.010 0.003 0.002 0.004 0.004 0.000 0.003 0.010 0.000 0.007 0.004 0.007 0.004 0.004 0.009 0.009 0.009 0.009 0.009 0.005 0.004 0.010 0.003 0.007 0.004 0.004 0.003 0.000 0.000 0.000 0.002 0.000 0.000 0.004 0.002 0.001 0.000 0.001 0.001 0.002 0.001 0.001 0.001 0.000 0.001 0.001 0.001 0.000 0.006 0.002 0.001
0.004 0.010 0.010 0.008 0.007 0.014 0.002 0.005 0.002 0.004 0.004 0.007 0.005 0.009 0.007 0.010 0.009 0.010 0.000 0.000 0.005 0.004 0.003 0.002 0.007 0.010 0.000 0.010 0.010 0.005 0.006 0.005 0.003 0.010 0.009 0.007 0.005 0.004 0.004 0.003 0.009 0.009 0.009 0.009 0.009 0.010 0.010 0.010 0.007 0.010 0.000 0.003 0.007 0.006 0.000 0.004 0.000 0.000 0.000 0.007 0.002 0.001 0.000 0.002 0.002 0.002 0.003 0.000 0.000 0.000 0.001 0.001 0.000 0.001 0.004 0.000 0.001
0.002 0.004 0.000 0.000 0.004 0.010 0.003 0.004 0.006 0.010 0.010 0.004 0.020 0.004 0.007 0.012 0.010 0.010 0.009 0.009 0.007 0.007 0.000 0.009 0.000 0.000 0.000 0.005 0.000 0.000 0.002 0.000 0.000 0.009 0.007 0.000 0.009 0.003 0.004 0.003 0.009 0.009 0.010 0.010 0.010 0.010 0.007 0.002 0.002 0.000 0.002 0.009 0.000 0.005 0.000 0.002 0.000 0.000 0.001 0.003 0.000 0.003 0.000 0.001 0.001 0.000 0.000 0.002 0.002 0.001 0.004 0.001 0.000 0.000 0.002 0.000 0.001
