hx_30m/njhx/rain/result-0029.wd
ncols         211
nrows         286
xllcorner     660279.582600
yllcorner     3541874.325092
cellsize      30.000000
NODATA_value  -9999.000000
[rows 170 to 203 of 286, columns 0 to 76 of 211]
0.000 0.000 0.000 0.000 0.000 0.000 0.000 0.000 0.000 0.000 0.000 0.000 0.000 0.000 0.000 0.000 0.000 0.000 0.000 0.000 0.000 0.000 0.000 0.000 0.000 0.000 0.000 0.000 0.000 0.000 0.000 0.000 0.000 0.209 0.010 0.010 0.010 0.010 0.010 0.010 0.010 0.010 0.283 0.010 0.007 0.007 0.007 0.007 0.000 0.011 0.017 0.121 0.009 0.009 0.004 0.006 0.006 0.010 0.000 0.010 0.008 0.012 0.009 0.008 0.072 0.010 0.010 0.007 0.016 0.010 0.009 0.008 0.007 0.008 0.008 0.000 0.000
0.000 0.000 0.000 0.000 0.000 0.000 0.000 0.000 0.000 0.000 0.000 0.000 0.000 0.000 0.000 0.000 0.000 0.000 0.000 0.000 0.000 0.000 0.000 0.000 0.000 0.000 0.000 0.000 0.000 0.000 0.000 0.000 0.000 0.010 0.010 0.010 0.010 0.010 0.010 0.010 0.010 0.010 0.010 0.010 0.013 0.010 0.010 0.010 0.253 0.437 0.000 0.014 0.000 0.000 0.004 0.006 0.006 0.009 0.000 0.010 0.010 0.000 0.008 0.118 0.010 0.010 0.010 0.334 0.444 0.010 0.010 0.008 0.009 0.008 0.008 0.010 0.010
0.000 0.000 0.000 0.000 0.000 0.000 0.000 0.000 0.000 0.000 0.000 0.000 0.000 0.000 0.000 0.000 0.000 0.000 0.000 0.000 0.000 0.000 0.000 0.000 0.000 0.000 0.000 0.000 0.000 0.000 0.000 0.000 0.145 0.010 0.010 0.010 0.010 0.010 0.010 0.010 0.043 0.000 0.010 0.010 0.006 0.010 0.007 0.364 0.327 0.010 0.007 0.000 0.018 0.000 0.007 0.010 0.010 0.010 0.010 0.010 0.009 0.007 0.006 0.010 0.010 0.010 0.436 0.404 0.437 0.027 0.010 0.010 0.009 0.008 0.065 0.059 0.010
0.000 0.000 0.000 0.000 0.000 0.000 0.000 0.000 0.000 0.000 0.000 0.000 0.000 0.000 0.000 0.000 0.000 0.000 0.000 0.000 0.000 0.000 0.000 0.000 0.000 0.000 0.000 0.000 0.000 0.000 0.000 0.000 0.010 0.010 0.010 0.010 0.010 0.010 0.010 0.065 0.000 0.059 0.010 0.007 0.007 0.010 0.077 0.427 0.446 0.010 0.007 0.000 0.000 0.000 0.005 0.006 0.008 0.022 0.006 0.010 0.007 0.006 0.010 0.010 0.010 0.000 0.473 0.399 0.339 0.010 0.159 0.044 0.010 0.010 0.010 0.210 0.010
0.000 0.000 0.000 0.000 0.000 0.000 0.000 0.000 0.000 0.000 0.000 0.000 0.000 0.000 0.000 0.000 0.000 0.000 0.000 0.000 0.000 0.000 0.000 0.000 0.000 0.000 0.000 0.000 0.000 0.000 0.000 0.000 0.010 0.009 0.010 0.112 0.010 0.010 0.139 0.010 0.010 0.010 0.010 0.009 0.010 0.007 0.007 0.172 0.010 0.010 0.009 0.010 0.010 0.059 0.209 0.006 0.007 0.000 0.007 0.009 0.008 0.008 0.010 0.315 0.000 0.158 0.400 0.307 0.010 0.010 0.010 0.055 0.010 0.010 0.161 0.013 0.010
0.000 0.000 0.000 0.000 0.000 0.000 0.000 0.000 0.000 0.000 0.000 0.000 0.000 0.000 0.000 0.000 0.000 0.000 0.000 0.000 0.000 0.000 0.027 0.000 0.000 0.000 0.000 0.000 0.000 0.000 0.000 0.069 0.009 0.010 0.010 0.010 0.010 0.010 0.010 0.010 0.010 0.083 0.009 0.016 0.010 0.007 0.009 0.010 0.010 0.006 0.010 0.014 0.000 0.010 0.148 0.179 0.000 0.007 0.000 0.006 0.005 0.010 0.010 0.000 0.117 0.010 0.123 0.300 0.010 0.010 0.010 0.123 0.010 0.010 0.000 0.010 0.000
0.000 0.000 0.000 0.000 0.000 0.000 0.000 0.000 0.000 0.000 0.000 0.000 0.000 0.000 0.000 0.000 0.000 0.000 0.000 0.000 0.000 0.000 0.000 0.000 0.000 0.000 0.000 0.000 0.000 0.000 0.000 0.010 0.010 0.083 0.010 0.010 0.010 0.039 0.095 0.010 0.010 0.010 0.007 0.009 0.007 0.007 0.009 0.010 0.007 0.010 0.000 0.072 0.000 0.010 0.024 0.196 0.010 0.010 0.024 0.005 0.010 0.010 0.010 0.115 0.010 0.010 0.010 0.010 0.010 0.010 0.010 0.010 0.000 0.010 0.086 0.010 0.032
0.000 0.000 0.000 0.000 0.000 0.000 0.000 0.000 0.000 0.000 0.000 0.000 0.000 0.000 0.000 0.000 0.000 0.000 0.000 0.000 0.000 0.000 0.000 0.000 0.000 0.000 0.000 0.000 0.000 0.000 0.184 0.010 0.010 0.010 0.010 0.010 0.010 0.010 0.000 0.010 0.010 0.043 0.007 0.010 0.022 0.010 0.007 0.010 0.006 0.027 0.019 0.010 0.010 0.255 0.125 0.010 0.010 0.010 0.010 0.000 0.010 0.206 0.010 0.010 0.010 0.010 0.010 0.010 0.000 0.010 0.010 0.010 0.000 0.010 0.010 0.010 0.010
0.000 0.000 0.000 0.000 0.000 0.000 0.000 0.000 0.000 0.000 0.000 0.000 0.000 0.000 0.000 0.000 0.000 0.000 0.000 0.000 0.000 0.000 0.000 0.000 0.000 0.000 0.000 0.000 0.000 0.000 0.010 0.010 0.010 0.010 0.010 0.010 0.010 0.010 0.010 0.010 0.010 0.008 0.007 0.009 0.030 0.009 0.007 0.010 0.007 0.008 0.007 0.010 0.010 0.011 0.010 0.010 0.010 0.010 0.010 0.010 0.010 0.010 0.219 0.010 0.010 0.099 0.010 0.010 0.000 0.078 0.043 0.010 0.010 0.010 0.010 0.010 0.010
0.000 0.000 0.000 0.000 0.000 0.000 0.000 0.000 0.000 0.000 0.000 0.000 0.000 0.000 0.000 0.000 0.000 0.000 0.000 0.000 0.000 0.000 0.000 0.000 0.000 0.000 0.000 0.000 0.132 0.010 0.010 0.010 0.010 0.118 0.010 0.010 0.010 0.010 0.253 0.010 0.010 0.007 0.010 0.007 0.010 0.009 0.007 0.005 0.010 0.276 0.008 0.010 0.010 0.010 0.010 0.010 0.010 0.027 0.010 0.010 0.010 0.010 0.010 0.010 0.010 0.026 0.000 0.033 0.051 0.010 0.010 0.010 0.010 0.010 0.010 0.010 0.010
0.000 0.000 0.000 0.000 0.000 0.000 0.000 0.000 0.000 0.000 0.000 0.000 0.000 0.000 0.000 0.000 0.000 0.000 0.000 0.000 0.000 0.000 0.000 0.000 0.000 0.000 0.000 0.000 0.000 0.010 0.010 0.010 0.103 0.010 0.135 0.010 0.097 0.010 0.000 0.010 0.010 0.007 0.010 0.007 0.009 0.009 0.007 0.009 0.010 0.010 0.101 0.010 0.010 0.011 0.010 0.010 0.010 0.058 0.010 0.010 0.010 0.010 0.010 0.010 0.010 0.010 0.010 0.076 0.120 0.093 0.010 0.010 0.010 0.010 0.010 0.010 0.010
0.000 0.000 0.000 0.000 0.000 0.000 0.000 0.000 0.000 0.000 0.000 0.000 0.000 0.000 0.000 0.000 0.000 0.000 0.000 0.000 0.000 0.000 0.000 0.000 0.000 0.000 0.000 0.000 0.000 0.107 0.010 0.010 0.010 0.025 0.009 0.010 0.010 0.010 0.000 0.010 0.008 0.008 0.010 0.010 0.006 0.052 0.007 0.007 0.010 0.010 0.010 0.010 0.010 0.010 0.010 0.010 0.010 0.010 0.010 0.010 0.010 0.010 0.010 0.010 0.010 0.010 0.010 0.010 0.010 0.010 0.010 0.006 0.009 0.009 0.009 0.009 0.010
0.000 0.000 0.000 0.000 0.000 0.000 0.000 0.000 0.000 0.000 0.000 0.000 0.000 0.000 0.000 0.000 0.000 0.051 0.000 0.000 0.000 0.000 0.000 0.000 0.000 0.000 0.000 0.000 0.000 0.010 0.010 0.762 0.010 0.007 0.010 0.010 0.008 0.010 0.000 0.102 0.006 0.010 0.010 0.008 0.009 0.007 0.007 0.007 0.010 0.010 0.010 0.010 0.160 0.809 0.010 0.010 0.166 0.010 0.010 0.010 0.010 0.010 0.010 0.010 0.010 0.010 0.010 0.010 0.010 0.010 0.010 0.006 0.006 0.009 0.007 0.008 0.006
0.000 0.000 0.000 0.000 0.000 0.000 0.000 0.000 0.000 0.000 0.000 0.000 0.000 0.000 0.000 0.000 0.000 0.010 0.000 0.000 0.000 0.000 0.000 0.000 0.000 0.000 0.000 0.000 0.062 0.010 0.010 0.010 0.007 0.009 0.010 0.010 0.008 0.010 0.115 0.010 0.004 0.008 0.020 0.010 0.028 0.009 0.007 0.007 0.007 0.008 0.010 0.010 0.010 0.043 0.010 0.010 0.010 0.010 0.010 0.010 0.044 0.010 0.010 0.010 0.010 0.010 0.044 0.010 0.010 0.010 0.008 0.005 0.007 0.009 0.006 0.005 0.010
0.000 0.000 0.000 0.000 0.000 0.000 0.000 0.000 0.000 0.000 0.000 0.000 0.000 0.000 0.000 0.000 0.000 0.000 0.000 0.000 0.000 0.000 0.000 0.000 0.000 0.000 0.000 0.069 0.010 0.009 0.008 0.007 0.056 0.010 0.010 0.009 0.009 0.010 0.010 0.010 0.006 0.040 0.007 0.007 0.007 0.010 0.006 0.007 0.009 0.009 0.007 0.010 0.010 0.010 0.010 0.010 0.010 0.010 0.010 0.010 0.010 0.010 0.010 0.010 0.010 0.015 0.133 0.058 0.010 0.034 0.007 0.008 0.006 0.009 0.009 0.009 0.009
0.000 0.000 0.000 0.000 0.000 0.000 0.000 0.000 0.000 0.000 0.000 0.000 0.000 0.000 0.000 0.000 0.000 0.000 0.000 0.000 0.000 0.000 0.000 0.000 0.000 0.000 0.063 0.010 0.009 0.009 0.080 0.009 0.026 0.010 0.009 0.010 0.283 0.010 0.051 0.009 0.007 0.010 0.007 0.007 0.015 0.010 0.010 0.041 0.006 0.008 0.010 0.008 0.008 0.010 0.010 0.010 0.010 0.010 0.010 0.035 0.010 0.010 0.010 0.010 0.008 0.009 0.018 0.057 0.010 0.008 0.007 0.005 0.006 0.006 0.005 0.006 0.008
0.000 0.000 0.000 0.000 0.000 0.000 0.000 0.000 0.000 0.000 0.000 0.000 0.000 0.000 0.000 0.000 0.057 0.000 0.000 0.000 0.000 0.000 0.000 0.000 0.000 0.142 0.010 0.008 0.009 0.010 0.008 0.010 0.010 0.010 0.010 0.000 0.010 0.010 0.009 0.007 0.009 0.010 0.028 0.007 0.010 0.052 0.000 0.010 0.000 0.008 0.006 0.007 0.009 0.007 0.006 0.008 0.010 0.010 0.017 0.102 0.010 0.010 0.010 0.076 0.011 0.005 0.007 0.006 0.008 0.007 0.006 0.010 0.010 0.010 0.164 0.077 0.009
0.000 0.000 0.000 0.000 0.000 0.000 0.000 0.000 0.000 0.000 0.000 0.000 0.000 0.000 0.000 0.000 0.010 0.000 0.000 0.000 0.000 0.000 0.000 0.000 0.000 0.010 0.010 0.007 0.091 0.087 0.010 0.009 0.010 0.010 0.010 0.260 0.010 0.010 0.009 0.007 0.010 0.008 0.009 0.008 0.048 0.010 0.082 0.010 0.000 0.046 0.009 0.011 0.006 0.007 0.009 0.006 0.007 0.009 0.010 0.010 0.097 0.010 0.010 0.009 0.008 0.008 0.008 0.009 0.007 0.007 0.008 0.010 0.010 0.010 0.010 0.010 0.009
0.000 0.000 0.000 0.000 0.000 0.000 0.000 0.000 0.000 0.000 0.000 0.000 0.000 0.000 0.000 0.000 0.000 0.000 0.000 0.000 0.000 0.000 0.000 0.000 0.000 0.010 0.008 0.007 0.058 0.010 0.007 0.010 0.010 0.008 0.000 0.010 0.010 0.010 0.010 0.020 0.009 0.022 0.009 0.055 0.010 0.010 0.010 0.010 0.010 0.010 0.010 0.000 0.022 0.007 0.008 0.006 0.008 0.006 0.138 0.010 0.010 0.010 0.046 0.007 0.006 0.008 0.009 0.010 0.009 0.023 0.009 0.009 0.044 0.008 0.008 0.008 0.008
0.000 0.000 0.000 0.000 0.000 0.000 0.000 0.000 0.000 0.000 0.000 0.000 0.000 0.000 0.000 0.000 0.000 0.000 0.000 0.000 0.000 0.000 0.000 0.000 0.039 0.005 0.177 0.050 0.010 0.010 0.009 0.010 0.010 0.007 0.000 0.031 0.010 0.010 0.006 0.009 0.009 0.008 0.007 0.010 0.010 0.010 0.010 0.010 0.010 0.010 0.010 0.010 0.010 0.009 0.010 0.025 0.020 0.006 0.008 0.008 0.010 0.010 0.010 0.036 0.006 0.008 0.032 0.008 0.009 0.009 0.009 0.053 0.009 0.006 0.009 0.009 0.028
0.000 0.000 0.000 0.000 0.000 0.000 0.000 0.000 0.000 0.000 0.000 0.000 0.000 0.000 0.036 0.000 0.000 0.000 0.000 0.000 0.000 0.000 0.000 0.000 0.000 0.006 0.177 0.018 0.010 0.007 0.010 0.010 0.008 0.010 0.121 0.010 0.010 0.010 0.007 0.010 0.011 0.009 0.038 0.010 0.010 0.010 0.137 0.010 0.010 0.256 0.010 0.010 0.010 0.065 0.010 0.010 0.009 0.008 0.009 0.043 0.006 0.008 0.008 0.006 0.007 0.006 0.005 0.007 0.009 0.009 0.036 0.008 0.010 0.026 0.006 0.008 0.008
0.000 0.000 0.000 0.000 0.000 0.000 0.000 0.000 0.000 0.000 0.000 0.000 0.000 0.000 0.000 0.000 0.000 0.000 0.000 0.000 0.000 0.000 0.000 0.135 0.010 0.008 0.010 0.010 0.009 0.010 0.010 0.008 0.009 0.010 0.010 0.000 0.009 0.007 0.016 0.010 0.007 0.009 0.010 0.010 0.010 0.175 0.010 0.010 0.010 0.010 0.184 0.010 0.010 0.010 0.010 0.010 0.009 0.008 0.000 0.008 0.008 0.007 0.030 0.007 0.007 0.008 0.008 0.006 0.008 0.006 0.007 0.008 0.009 0.147 0.010 0.005 0.008
0.000 0.000 0.000 0.000 0.000 0.000 0.000 0.000 0.000 0.000 0.000 0.000 0.000 0.000 0.000 0.000 0.000 0.000 0.000 0.000 0.000 0.000 0.000 0.010 0.010 0.008 0.009 0.010 0.009 0.010 0.010 0.010 0.009 0.010 0.545 0.000 0.008 0.013 0.007 0.009 0.007 0.005 0.007 0.010 0.010 0.010 0.079 0.010 0.010 0.010 0.010 0.010 0.010 0.010 0.012 0.032 0.006 0.008 0.010 0.007 0.008 0.005 0.003 0.007 0.014 0.007 0.007 0.006 0.007 0.007 0.008 0.008 0.008 0.008 0.007 0.009 0.006
0.000 0.000 0.000 0.000 0.000 0.000 0.000 0.000 0.000 0.000 0.000 0.000 0.000 0.000 0.000 0.000 0.000 0.000 0.000 0.000 0.000 0.116 0.010 0.010 0.010 0.010 0.017 0.010 0.010 0.010 0.010 0.008 0.010 0.010 0.010 0.000 0.007 0.008 0.009 0.009 0.006 0.010 0.007 0.006 0.006 0.006 0.010 0.010 0.010 0.010 0.148 0.010 0.010 0.010 0.010 0.007 0.007 0.007 0.009 0.000 0.019 0.007 0.008 0.000 0.000 0.009 0.007 0.006 0.008 0.049 0.006 0.008 0.008 0.008 0.008 0.008 0.007
0.000 0.000 0.000 0.000 0.000 0.000 0.000 0.000 0.000 0.000 0.000 0.000 0.000 0.000 0.000 0.000 0.000 0.000 0.000 0.000 0.000 0.062 0.010 0.010 0.010 0.009 0.039 0.008 0.009 0.010 0.007 0.010 0.136 0.000 0.010 0.010 0.009 0.012 0.010 0.010 0.009 0.010 0.010 0.094 0.007 0.036 0.010 0.007 0.009 0.010 0.010 0.010 0.010 0.010 0.008 0.007 0.011 0.008 0.010 0.007 0.007 0.015 0.005 0.007 0.009 0.010 0.010 0.000 0.005 0.006 0.006 0.009 0.008 0.008 0.027 0.007 0.019
0.000 0.000 0.000 0.000 0.000 0.000 0.000 0.000 0.000 0.000 0.000 0.000 0.000 0.000 0.000 0.000 0.000 0.000 0.000 0.000 0.192 0.010 0.009 0.008 0.008 0.009 0.010 0.010 0.010 0.010 0.010 0.007 0.000 0.010 0.010 0.000 0.008 0.008 0.009 0.008 0.103 0.010 0.010 0.010 0.010 0.010 0.009 0.009 0.006 0.009 0.010 0.010 0.010 0.010 0.009 0.022 0.008 0.016 0.008 0.008 0.004 0.005 0.007 0.007 0.007 0.007 0.009 0.045 0.009 0.010 0.000 0.000 0.005 0.007 0.007 0.009 0.008
0.000 0.000 0.000 0.000 0.000 0.000 0.000 0.000 0.000 0.000 0.000 0.000 0.000 0.000 0.000 0.000 0.000 0.000 0.000 0.000 0.010 0.007 0.009 0.010 0.009 0.008 0.007 0.010 0.010 0.012 0.000 0.000 0.000 0.010 0.000 0.010 0.005 0.010 0.009 0.008 0.057 0.107 0.010 0.010 0.010 0.010 0.010 0.010 0.128 0.008 0.009 0.005 0.007 0.010 0.006 0.007 0.009 0.010 0.000 0.000 0.008 0.007 0.007 0.011 0.020 0.005 0.007 0.000 0.006 0.010 0.010 0.008 0.007 0.013 0.000 0.000 0.007
0.000 0.000 0.000 0.000 0.000 0.000 0.000 0.000 0.000 0.034 0.000 0.000 0.000 0.000 0.000 0.000 0.000 0.000 0.000 0.104 0.010 0.008 0.009 0.010 0.008 0.074 0.010 0.010 0.010 0.009 0.000 0.000 0.009 0.110 0.010 0.010 0.026 0.010 0.022 0.010 0.010 0.010 0.010 0.010 0.010 0.010 0.090 0.000 0.010 0.010 0.010 0.008 0.008 0.007 0.006 0.008 0.000 0.007 0.006 0.006 0.007 0.008 0.004 0.004 0.006 0.008 0.000 0.000 0.009 0.007 0.008 0.007 0.021 0.000 0.008 0.009 0.007
0.000 0.000 0.000 0.000 0.000 0.000 0.000 0.000 0.000 0.000 0.000 0.000 0.000 0.000 0.000 0.000 0.000 0.000 0.072 0.010 0.010 0.010 0.009 0.010 0.044 0.010 0.010 0.009 0.008 0.007 0.008 0.000 0.013 0.000 0.010 0.008 0.009 0.010 0.007 0.010 0.010 0.010 0.010 0.010 0.000 0.000 0.000 0.000 0.010 0.010 0.010 0.008 0.006 0.005 0.007 0.006 0.006 0.005 0.008 0.009 0.005 0.007 0.008 0.010 0.109 0.000 0.000 0.008 0.008 0.000 0.000 0.008 0.009 0.000 0.000 0.005 0.040
0.000 0.000 0.000 0.000 0.000 0.000 0.000 0.000 0.000 0.000 0.000 0.000 0.000 0.000 0.000 0.000 0.000 0.000 0.010 0.010 0.010 0.010 0.009 0.008 0.033 0.010 0.010 0.010 0.008 0.007 0.007 0.000 0.000 0.014 0.010 0.025 0.008 0.019 0.006 0.024 0.010 0.010 0.010 0.010 0.000 0.008 0.000 0.000 0.025 0.010 0.010 0.013 0.000 0.000 0.000 0.000 0.007 0.009 0.005 0.008 0.007 0.006 0.010 0.010 0.008 0.000 0.000 0.052 0.000 0.000 0.010 0.008 0.006 0.009 0.007 0.008 0.008
0.000 0.000 0.000 0.000 0.000 0.000 0.000 0.000 0.000 0.000 0.000 0.000 0.000 0.000 0.000 0.000 0.000 0.038 0.068 0.022 0.010 0.007 0.008 0.010 0.094 0.010 0.010 0.010 0.058 0.000 0.006 0.009 0.067 0.010 0.010 0.005 0.010 0.006 0.027 0.010 0.010 0.010 0.010 0.010 0.089 0.000 0.014 0.010 0.000 0.000 0.007 0.010 0.008 0.005 0.006 0.142 0.010 0.000 0.008 0.006 0.033 0.007 0.058 0.010 0.000 0.000 0.008 0.007 0.000 0.000 0.010 0.147 0.000 0.004 0.008 0.010 0.010
0.000 0.000 0.000 0.000 0.000 0.000 0.000 0.000 0.000 0.000 0.000 0.000 0.000 0.000 0.000 0.000 0.000 0.081 0.010 0.010 0.010 0.009 0.006 0.069 0.049 0.010 0.007 0.007 0.000 0.010 0.009 0.000 0.000 0.010 0.014 0.006 0.007 0.010 0.010 0.013 0.007 0.010 0.010 0.000 0.000 0.000 0.005 0.009 0.007 0.005 0.010 0.009 0.008 0.007 0.010 0.000 0.000 0.000 0.005 0.000 0.008 0.008 0.010 0.008 0.040 0.010 0.008 0.000 0.000 0.007 0.288 0.237 0.009 0.007 0.007 0.009 0.000
0.000 0.000 0.000 0.000 0.000 0.000 0.000 0.000 0.000 0.000 0.000 0.000 0.000 0.000 0.000 0.000 0.010 0.010 0.010 0.091 0.009 0.010 0.008 0.006 0.010 0.010 0.010 0.012 0.000 0.008 0.007 0.007 0.094 0.000 0.006 0.009 0.007 0.009 0.005 0.008 0.006 0.010 0.006 0.009 0.000 0.004 0.006 0.000 0.000 0.007 0.005 0.006 0.010 0.010 0.007 0.009 0.007 0.000 0.003 0.000 0.008 0.006 0.008 0.005 0.000 0.049 0.010 0.048 0.015 0.007 0.105 0.005 0.000 0.010 0.000 0.009 0.008
0.000 0.000 0.000 0.000 0.000 0.000 0.000 0.000 0.000 0.000 0.000 0.000 0.000 0.000 0.000 0.247 0.030 0.010 0.008 0.010 0.007 0.009 0.007 0.008 0.010 0.010 0.010 0.008 0.006 0.009 0.010 0.010 0.000 0.071 0.007 0.010 0.009 0.010 0.009 0.010 0.008 0.009 0.007 0.035 0.008 0.005 0.006 0.000 0.010 0.007 0.006 0.008 0.005 0.007 0.006 0.005 0.010 0.006 0.005 0.004 0.000 0.008 0.005 0.002 0.000 0.006 0.000 0.004 0.004 0.041 0.098 0.113 0.035 0.010 0.000 0.099 0.206
