hx_30m/njhx/rain/result-0077.wd
ncols         211
nrows         286
xllcorner     660279.582600
yllcorner     3541874.325092
cellsize      30.000000
NODATA_value  -9999.000000
[rows 136 to 169 of 286, columns 77 to 153 of 211]
0.001 0.000 0.001 0.001 0.001 0.003 0.000 0.001 0.001 0.003 0.001 0.001 0.010 0.001 0.000 0.000 0.001 0.001 0.000 0.000 0.000 0.003 0.000 0.000 0.001 0.010 0.001 0.001 0.001 0.001 0.001 0.001 0.002 0.003 0.000 0.000 0.010 0.000 0.001 0.000 0.010 0.000 0.000 0.000 0.002 0.000 0.001 0.000 0.000 0.000 0.000 0.000 0.000 0.000 0.000 0.000 0.000 0.000 0.000 0.000 0.000 0.000 0.000 0.000 0.001 0.010 0.000 0.010 0.000 0.000 0.000 0.000 0.000 0.010 0.001 0.003 0.000
0.000 0.000 0.001 0.001 0.001 0.000 0.003 0.001 0.000 0.000 0.001 0.000 0.001 0.000 0.002 0.001 0.000 0.000 0.000 0.000 0.001 0.000 0.001 0.001 0.001 0.000 0.001 0.001 0.000 0.000 0.000 0.000 0.000 0.000 0.001 0.000 0.079 0.001 0.010 0.000 0.000 0.000 0.000 0.000 0.000 0.002 0.000 0.000 0.000 0.001 0.000 0.000 0.001 0.000 0.002 0.000 0.000 0.001 0.000 0.000 0.000 0.000 0.001 0.002 0.000 0.002 0.000 0.000 0.003 0.000 0.000 0.000 0.000 0.000 0.000 0.000 0.000
0.000 0.000 0.000 0.000 0.000 0.000 0.000 0.000 0.001 0.001 0.000 0.000 0.000 0.000 0.000 0.000 0.001 0.000 0.000 0.000 0.000 0.000 0.001 0.000 0.010 0.003 0.010 0.010 0.000 0.000 0.000 0.000 0.000 0.000 0.000 0.001 0.691 0.000 0.000 0.010 0.000 0.000 0.010 0.010 0.010 0.035 0.000 0.000 0.000 0.000 0.000 0.000 0.000 0.000 0.000 0.000 0.000 0.000 0.000 0.000 0.000 0.000 0.001 0.000 0.000 0.002 0.000 0.001 0.001 0.000 0.001 0.001 0.010 0.000 0.000 0.000 0.000
0.000 0.000 0.003 0.000 0.000 0.000 0.003 0.001 0.000 0.001 0.000 0.000 0.000 0.001 0.000 0.000 0.000 0.029 0.042 0.010 0.001 0.001 0.001 0.000 0.010 0.010 0.010 0.000 0.000 0.000 0.000 0.001 0.000 0.000 0.000 0.000 0.010 0.000 0.046 0.000 0.000 0.000 0.001 0.010 0.000 0.002 0.000 0.000 0.000 0.000 0.000 0.000 0.001 0.000 0.000 0.000 0.000 0.000 0.000 0.000 0.000 0.001 0.000 0.000 0.002 0.002 0.000 0.000 0.000 0.000 0.001 0.000 0.000 0.010 0.000 0.000 0.000
0.001 0.000 0.000 0.000 0.000 0.000 0.000 0.000 0.001 0.003 0.001 0.001 0.000 0.001 0.001 0.000 0.000 0.000 0.000 0.000 0.000 0.000 0.001 0.000 0.010 0.010 0.010 0.000 0.000 0.000 0.000 0.000 0.000 0.000 0.000 0.001 0.010 0.000 0.008 0.000 0.000 0.000 0.000 0.010 0.010 0.001 0.000 0.001 0.000 0.001 0.010 0.010 0.001 0.000 0.000 0.000 0.000 0.000 0.000 0.000 0.000 0.000 0.000 0.000 0.001 0.000 0.000 0.010 0.002 0.019 0.129 0.118 0.000 0.031 0.002 0.001 0.000
0.003 0.000 0.000 0.001 0.000 0.000 0.000 0.000 0.001 0.001 0.010 0.032 0.098 0.010 0.010 0.010 0.000 0.000 0.052 0.010 0.010 0.010 0.000 0.000 0.010 0.010 0.010 0.005 0.000 0.000 0.000 0.003 0.000 0.000 0.000 0.000 0.010 0.000 0.000 0.001 0.000 0.000 0.000 0.010 0.000 0.000 0.003 0.000 0.000 0.000 0.000 0.000 0.000 0.000 0.000 0.000 0.000 0.000 0.000 0.000 0.000 0.000 0.000 0.000 0.000 0.000 0.000 0.000 0.010 0.138 0.066 0.124 0.002 0.000 0.035 0.010 0.010
0.004 0.000 0.003 0.010 0.002 0.010 0.010 0.010 0.001 0.000 0.072 0.010 0.078 0.010 0.096 0.010 0.084 0.010 0.010 0.010 0.138 0.003 0.000 0.001 0.010 0.010 0.010 0.003 0.000 0.000 0.000 0.000 0.000 0.000 0.000 0.000 0.001 0.000 0.000 0.000 0.000 0.010 0.000 0.000 0.000 0.000 0.000 0.000 0.000 0.000 0.000 0.001 0.000 0.000 0.000 0.000 0.000 0.000 0.000 0.000 0.010 0.010 0.000 0.000 0.000 0.000 0.000 0.001 0.010 0.144 0.081 0.010 0.010 0.035 0.010 0.000 0.010
0.010 0.010 0.001 0.001 0.001 0.000 0.000 0.000 0.000 0.001 0.010 0.010 0.010 0.119 0.010 0.010 0.010 0.010 0.116 0.010 0.044 0.010 0.000 0.003 0.010 0.010 0.010 0.001 0.003 0.000 0.000 0.000 0.000 0.000 0.003 0.000 0.001 0.000 0.000 0.000 0.010 0.000 0.047 0.000 0.000 0.000 0.000 0.000 0.000 0.000 0.000 0.010 0.006 0.001 0.000 0.000 0.000 0.000 0.000 0.000 0.000 0.001 0.000 0.001 0.000 0.000 0.000 0.010 0.010 0.029 0.010 0.010 0.000 0.000 0.052 0.010 0.010
0.010 0.010 0.010 0.010 0.010 0.010 0.000 0.001 0.010 0.010 0.010 0.010 0.010 0.010 0.000 0.000 0.000 0.000 0.010 0.010 0.094 0.010 0.000 0.003 0.010 0.109 0.010 0.010 0.000 0.010 0.001 0.003 0.001 0.010 0.003 0.000 0.001 0.000 0.000 0.010 0.010 0.046 0.010 0.056 0.000 0.001 0.000 0.059 0.010 0.091 0.010 0.010 0.010 0.000 0.010 0.010 0.010 0.050 0.010 0.076 0.000 0.000 0.000 0.000 0.000 0.000 0.000 0.000 0.010 0.047 0.010 0.010 0.000 0.010 0.000 0.010 0.000
0.003 0.010 0.010 0.010 0.010 0.010 0.000 0.000 0.000 0.003 0.010 0.010 0.010 0.010 0.010 0.010 0.010 0.010 0.010 0.010 0.010 0.003 0.000 0.001 0.010 0.010 0.010 0.103 0.001 0.001 0.001 0.000 0.003 0.001 0.001 0.003 0.010 0.000 0.010 0.010 0.010 0.010 0.152 0.001 0.000 0.000 0.010 0.010 0.010 0.010 0.010 0.004 0.003 0.000 0.010 0.010 0.010 0.010 0.010 0.062 0.010 0.000 0.000 0.000 0.001 0.000 0.000 0.000 0.000 0.010 0.002 0.000 0.022 0.037 0.011 0.010 0.010
0.001 0.000 0.003 0.003 0.003 0.001 0.000 0.000 0.000 0.010 0.010 0.010 0.010 0.010 0.010 0.010 0.010 0.010 0.010 0.010 0.089 0.001 0.000 0.001 0.001 0.000 0.000 0.000 0.000 0.000 0.001 0.003 0.011 0.003 0.001 0.001 0.000 0.000 0.000 0.000 0.000 0.002 0.000 0.000 0.002 0.000 0.001 0.000 0.000 0.000 0.010 0.000 0.000 0.000 0.007 0.000 0.000 0.066 0.010 0.017 0.000 0.000 0.000 0.000 0.001 0.001 0.000 0.000 0.000 0.010 0.010 0.000 0.000 0.001 0.001 0.000 0.000
0.010 0.010 0.010 0.003 0.001 0.001 0.001 0.002 0.001 0.010 0.060 0.010 0.010 0.010 0.010 0.010 0.010 0.010 0.010 0.010 0.010 0.010 0.001 0.003 0.001 0.000 0.000 0.000 0.000 0.001 0.003 0.001 0.010 0.001 0.001 0.003 0.000 0.001 0.010 0.010 0.022 0.010 0.010 0.010 0.010 0.002 0.010 0.001 0.000 0.000 0.010 0.000 0.000 0.000 0.000 0.000 0.000 0.010 0.175 0.000 0.000 0.096 0.045 0.000 0.001 0.000 0.000 0.000 0.000 0.000 0.000 0.000 0.000 0.000 0.003 0.000 0.000
0.116 0.010 0.010 0.010 0.010 0.030 0.010 0.000 0.000 0.010 0.010 0.010 0.010 0.010 0.010 0.010 0.010 0.010 0.010 0.010 0.010 0.001 0.003 0.000 0.000 0.000 0.000 0.000 0.000 0.001 0.000 0.000 0.000 0.000 0.000 0.000 0.000 0.003 0.010 0.010 0.010 0.010 0.010 0.055 0.010 0.000 0.000 0.001 0.000 0.000 0.028 0.000 0.000 0.000 0.059 0.010 0.010 0.010 0.010 0.000 0.070 0.010 0.009 0.000 0.000 0.000 0.000 0.000 0.000 0.000 0.000 0.000 0.000 0.000 0.001 0.000 0.000
0.000 0.016 0.010 0.010 0.010 0.010 0.010 0.000 0.001 0.010 0.010 0.455 0.010 0.010 0.010 0.010 0.010 0.010 0.010 0.010 0.010 0.001 0.001 0.001 0.003 0.001 0.001 0.001 0.001 0.010 0.003 0.010 0.010 0.003 0.000 0.000 0.000 0.003 0.010 0.030 0.010 0.010 0.010 0.000 0.000 0.000 0.001 0.000 0.000 0.000 0.000 0.002 0.000 0.000 0.000 0.001 0.002 0.010 0.010 0.000 0.010 0.002 0.010 0.001 0.008 0.010 0.000 0.000 0.000 0.000 0.003 0.004 0.000 0.000 0.000 0.000 0.000
0.010 0.010 0.010 0.010 0.010 0.010 0.010 0.010 0.003 0.010 0.028 0.155 0.152 0.010 0.010 0.010 0.010 0.010 0.010 0.024 0.010 0.001 0.000 0.002 0.010 0.010 0.010 0.010 0.010 0.010 0.010 0.050 0.010 0.000 0.000 0.003 0.000 0.000 0.003 0.001 0.005 0.003 0.000 0.000 0.000 0.000 0.000 0.000 0.000 0.000 0.000 0.010 0.002 0.002 0.000 0.002 0.001 0.000 0.000 0.000 0.010 0.000 0.000 0.000 0.000 0.000 0.000 0.000 0.000 0.000 0.000 0.000 0.000 0.000 0.000 0.000 0.000
0.010 0.010 0.010 0.010 0.010 0.010 0.010 0.001 0.001 0.010 0.010 0.010 0.098 0.010 0.010 0.010 0.010 0.010 0.010 0.010 0.062 0.010 0.010 0.001 0.001 0.000 0.000 0.000 0.000 0.000 0.001 0.003 0.010 0.003 0.000 0.010 0.001 0.003 0.010 0.010 0.010 0.010 0.000 0.000 0.000 0.001 0.000 0.000 0.000 0.010 0.010 0.010 0.007 0.095 0.047 0.010 0.010 0.010 0.010 0.001 0.001 0.000 0.002 0.000 0.000 0.000 0.002 0.000 0.000 0.000 0.000 0.000 0.000 0.000 0.000 0.000 0.000
0.130 0.090 0.010 0.010 0.010 0.010 0.001 0.001 0.000 0.010 0.010 0.010 0.010 0.010 0.010 0.010 0.010 0.010 0.010 0.010 0.010 0.001 0.001 0.003 0.000 0.000 0.000 0.000 0.000 0.000 0.000 0.001 0.010 0.001 0.000 0.001 0.000 0.010 0.010 0.010 0.010 0.010 0.005 0.003 0.001 0.000 0.000 0.000 0.010 0.010 0.010 0.065 0.000 0.015 0.001 0.001 0.002 0.001 0.000 0.000 0.000 0.001 0.001 0.000 0.002 0.001 0.000 0.000 0.000 0.000 0.000 0.000 0.000 0.000 0.000 0.002 0.000
0.010 0.556 0.010 0.010 0.010 0.206 0.003 0.003 0.010 0.010 0.010 0.010 0.010 0.010 0.010 0.010 0.010 0.010 0.010 0.010 0.010 0.001 0.001 0.003 0.001 0.000 0.000 0.000 0.000 0.000 0.000 0.001 0.010 0.001 0.000 0.001 0.000 0.010 0.010 0.003 0.003 0.001 0.010 0.010 0.010 0.010 0.010 0.002 0.001 0.006 0.002 0.000 0.000 0.000 0.002 0.000 0.000 0.001 0.000 0.001 0.000 0.000 0.000 0.000 0.001 0.001 0.000 0.000 0.000 0.001 0.000 0.000 0.000 0.001 0.000 0.000 0.001
0.010 0.010 0.010 0.010 0.010 0.057 0.003 0.001 0.001 0.010 0.010 0.010 0.010 0.010 0.010 0.010 0.056 0.010 0.010 0.010 0.010 0.001 0.001 0.001 0.000 0.003 0.003 0.010 0.010 0.000 0.001 0.001 0.003 0.010 0.001 0.000 0.000 0.010 0.010 0.001 0.003 0.010 0.001 0.001 0.001 0.001 0.000 0.000 0.000 0.000 0.000 0.000 0.000 0.002 0.002 0.000 0.001 0.001 0.002 0.010 0.000 0.000 0.000 0.000 0.000 0.001 0.000 0.000 0.000 0.001 0.000 0.000 0.003 0.000 0.001 0.000 0.000
0.010 0.010 0.010 0.010 0.010 0.010 0.010 0.010 0.010 0.010 0.010 0.010 0.010 0.010 0.010 0.280 0.136 0.087 0.010 0.010 0.010 0.010 0.010 0.001 0.001 0.001 0.001 0.001 0.001 0.003 0.000 0.000 0.003 0.000 0.001 0.159 0.010 0.000 0.001 0.001 0.001 0.003 0.001 0.001 0.001 0.001 0.000 0.002 0.000 0.002 0.010 0.010 0.010 0.002 0.001 0.010 0.010 0.016 0.010 0.002 0.000 0.000 0.000 0.000 0.000 0.000 0.000 0.000 0.000 0.000 0.000 0.000 0.001 0.001 0.000 0.000 0.003
0.000 0.010 0.019 0.100 0.116 0.010 0.001 0.010 0.010 0.010 0.010 0.197 0.050 0.079 0.155 0.248 0.234 0.181 0.010 0.010 0.267 0.000 0.000 0.000 0.000 0.001 0.003 0.000 0.000 0.010 0.000 0.001 0.000 0.000 0.000 0.000 0.010 0.000 0.000 0.001 0.001 0.000 0.002 0.010 0.002 0.010 0.010 0.010 0.056 0.091 0.045 0.000 0.000 0.001 0.001 0.000 0.000 0.000 0.000 0.000 0.000 0.000 0.000 0.000 0.000 0.000 0.000 0.000 0.000 0.000 0.000 0.000 0.000 0.000 0.000 0.000 0.001
0.185 0.193 0.039 0.010 0.010 0.003 0.000 0.001 0.126 0.145 0.142 0.136 0.083 0.010 0.141 0.258 0.240 0.010 0.010 0.010 0.239 0.001 0.000 0.000 0.000 0.000 0.001 0.000 0.003 0.003 0.003 0.003 0.002 0.001 0.000 0.001 0.010 0.003 0.003 0.001 0.000 0.003 0.001 0.141 0.010 0.000 0.000 0.000 0.000 0.000 0.000 0.000 0.000 0.001 0.001 0.010 0.010 0.000 0.010 0.000 0.000 0.000 0.000 0.000 0.000 0.001 0.000 0.000 0.000 0.000 0.000 0.000 0.000 0.001 0.000 0.000 0.010
0.010 0.010 0.010 0.010 0.010 0.010 0.003 0.007 0.100 0.123 0.088 0.104 0.082 0.040 0.194 0.190 0.052 0.010 0.010 0.027 0.074 0.001 0.000 0.003 0.003 0.000 0.000 0.000 0.000 0.000 0.000 0.001 0.001 0.005 0.001 0.001 0.010 0.000 0.000 0.000 0.000 0.001 0.010 0.000 0.000 0.010 0.010 0.010 0.000 0.000 0.000 0.000 0.000 0.000 0.001 0.000 0.001 0.000 0.000 0.001 0.002 0.000 0.000 0.000 0.000 0.000 0.000 0.001 0.000 0.000 0.000 0.000 0.000 0.000 0.000 0.000 0.000
0.010 0.010 0.010 0.010 0.010 0.003 0.000 0.010 0.041 0.087 0.131 0.010 0.010 0.010 0.010 0.010 0.010 0.010 0.173 0.010 0.010 0.001 0.000 0.000 0.000 0.000 0.000 0.000 0.000 0.000 0.001 0.003 0.010 0.009 0.001 0.000 0.035 0.000 0.010 0.000 0.003 0.003 0.010 0.000 0.010 0.010 0.010 0.010 0.010 0.000 0.000 0.010 0.000 0.000 0.000 0.010 0.000 0.001 0.003 0.000 0.001 0.001 0.000 0.000 0.000 0.010 0.000 0.000 0.001 0.000 0.000 0.000 0.000 0.000 0.000 0.000 0.000
0.010 0.010 0.010 0.010 0.010 0.001 0.001 0.010 0.010 0.129 0.543 0.010 0.010 0.010 0.010 0.010 0.010 0.010 0.010 0.010 0.010 0.001 0.000 0.000 0.000 0.000 0.000 0.000 0.000 0.000 0.000 0.000 0.001 0.001 0.001 0.000 0.001 0.000 0.073 0.010 0.010 0.010 0.010 0.000 0.241 0.000 0.010 0.055 0.085 0.010 0.010 0.010 0.010 0.000 0.000 0.001 0.000 0.033 0.001 0.000 0.000 0.010 0.000 0.010 0.001 0.000 0.000 0.000 0.000 0.000 0.000 0.000 0.000 0.000 0.000 0.000 0.000
0.010 0.010 0.010 0.010 0.010 0.010 0.003 0.010 0.010 0.088 0.010 0.010 0.273 0.010 0.010 0.010 0.010 0.010 0.010 0.010 0.010 0.001 0.000 0.000 0.000 0.000 0.000 0.000 0.000 0.000 0.000 0.000 0.000 0.001 0.010 0.000 0.001 0.000 0.003 0.114 0.035 0.010 0.159 0.010 0.120 0.000 0.000 0.000 0.010 0.010 0.010 0.010 0.001 0.000 0.003 0.010 0.000 0.000 0.001 0.000 0.002 0.010 0.000 0.061 0.010 0.000 0.000 0.000 0.000 0.000 0.000 0.000 0.000 0.000 0.000 0.000 0.000
0.010 0.000 0.010 0.010 0.010 0.000 0.000 0.010 0.010 0.122 0.120 0.010 0.144 0.130 0.010 0.010 0.171 0.051 0.010 0.010 0.010 0.000 0.000 0.000 0.000 0.000 0.000 0.000 0.000 0.000 0.000 0.000 0.000 0.001 0.003 0.001 0.001 0.000 0.003 0.096 0.074 0.010 0.000 0.000 0.049 0.010 0.010 0.010 0.010 0.000 0.000 0.000 0.001 0.000 0.063 0.000 0.000 0.000 0.000 0.000 0.001 0.000 0.000 0.000 0.040 0.000 0.000 0.000 0.000 0.000 0.000 0.000 0.000 0.000 0.000 0.000 0.001
0.010 0.001 0.003 0.004 0.003 0.001 0.001 0.010 0.010 0.010 0.164 0.010 0.010 0.003 0.010 0.152 0.204 0.010 0.010 0.010 0.022 0.000 0.010 0.003 0.010 0.010 0.000 0.000 0.000 0.000 0.000 0.000 0.000 0.001 0.010 0.001 0.000 0.000 0.001 0.220 0.065 0.000 0.000 0.002 0.010 0.000 0.000 0.000 0.010 0.010 0.010 0.000 0.001 0.001 0.000 0.000 0.000 0.000 0.000 0.000 0.000 0.000 0.000 0.000 0.000 0.000 0.000 0.000 0.000 0.000 0.000 0.000 0.000 0.000 0.000 0.008 0.010
0.001 0.000 0.012 0.001 0.000 0.010 0.010 0.001 0.000 0.010 0.001 0.003 0.001 0.001 0.010 0.001 0.001 0.001 0.001 0.010 0.001 0.000 0.000 0.003 0.000 0.000 0.000 0.000 0.001 0.000 0.001 0.001 0.003 0.000 0.010 0.001 0.001 0.001 0.000 0.010 0.161 0.001 0.001 0.002 0.001 0.000 0.000 0.001 0.001 0.001 0.004 0.000 0.001 0.000 0.010 0.000 0.000 0.000 0.000 0.000 0.000 0.000 0.000 0.000 0.000 0.001 0.000 0.003 0.000 0.000 0.010 0.001 0.000 0.010 0.010 0.010 0.052
0.001 0.000 0.000 0.000 0.001 0.009 0.001 0.000 0.000 0.000 0.000 0.000 0.000 0.000 0.000 0.000 0.000 0.000 0.000 0.001 0.000 0.001 0.000 0.000 0.000 0.000 0.001 0.001 0.001 0.003 0.000 0.024 0.001 0.001 0.010 0.001 0.000 0.003 0.001 0.001 0.001 0.001 0.010 0.010 0.010 0.000 0.000 0.000 0.000 0.001 0.000 0.000 0.002 0.001 0.000 0.000 0.000 0.000 0.000 0.000 0.000 0.000 0.000 0.000 0.001 0.001 0.000 0.000 0.000 0.000 0.000 0.000 0.000 0.000 0.010 0.022 0.000
0.007 0.000 0.000 0.001 0.000 0.010 0.000 0.000 0.000 0.001 0.000 0.000 0.000 0.000 0.000 0.000 0.000 0.000 0.000 0.000 0.001 0.000 0.000 0.000 0.000 0.000 0.000 0.000 0.000 0.000 0.000 0.000 0.000 0.000 0.000 0.001 0.000 0.001 0.000 0.010 0.010 0.010 0.010 0.010 0.010 0.000 0.001 0.002 0.002 0.010 0.000 0.000 0.000 0.000 0.000 0.000 0.003 0.000 0.000 0.000 0.000 0.000 0.000 0.000 0.001 0.000 0.000 0.000 0.000 0.000 0.000 0.000 0.000 0.000 0.000 0.001 0.000
0.000 0.000 0.000 0.000 0.000 0.004 0.000 0.000 0.000 0.000 0.003 0.000 0.000 0.000 0.000 0.003 0.004 0.003 0.003 0.010 0.000 0.000 0.000 0.003 0.010 0.010 0.010 0.000 0.000 0.000 0.000 0.000 0.000 0.010 0.000 0.003 0.000 0.003 0.000 0.001 0.010 0.010 0.010 0.010 0.010 0.001 0.001 0.010 0.000 0.002 0.001 0.000 0.000 0.000 0.000 0.000 0.002 0.000 0.000 0.001 0.000 0.000 0.000 0.000 0.000 0.000 0.000 0.000 0.000 0.000 0.000 0.000 0.000 0.000 0.001 0.001 0.000
0.000 0.010 0.002 0.000 0.001 0.061 0.000 0.001 0.000 0.000 0.000 0.001 0.000 0.003 0.001 0.010 0.003 0.010 0.000 0.000 0.000 0.000 0.000 0.000 0.000 0.010 0.000 0.010 0.010 0.000 0.001 0.008 0.000 0.010 0.010 0.003 0.001 0.001 0.001 0.000 0.010 0.010 0.010 0.010 0.010 0.010 0.010 0.010 0.002 0.010 0.000 0.000 0.008 0.002 0.000 0.001 0.000 0.000 0.000 0.010 0.000 0.000 0.000 0.000 0.000 0.000 0.001 0.000 0.000 0.000 0.000 0.000 0.000 0.000 0.001 0.000 0.000
0.000 0.000 0.000 0.000 0.000 0.010 0.000 0.000 0.000 0.000 0.006 0.000 0.046 0.004 0.007 0.001 0.010 0.010 0.003 0.003 0.001 0.000 0.000 0.001 0.000 0.000 0.000 0.000 0.000 0.000 0.000 0.000 0.000 0.034 0.003 0.000 0.010 0.000 0.001 0.000 0.010 0.010 0.010 0.010 0.022 0.177 0.002 0.000 0.000 0.000 0.000 0.030 0.000 0.001 0.000 0.000 0.000 0.000 0.000 0.000 0.000 0.000 0.000 0.000 0.000 0.000 0.000 0.000 0.000 0.000 0.001 0.000 0.000 0.000 0.000 0.000 0.000
