hx_30m/njhx/rain/result-0049.wd
ncols         211
nrows         286
xllcorner     660279.582600
yllcorner     3541874.325092
cellsize      30.000000
NODATA_value  -9999.000000
[rows 68 to 101 of 286, columns 77 to 153 of 211]
0.000 0.000 0.000 0.000 0.000 0.000 0.010 0.010 0.010 0.000 0.000 0.003 0.007 0.010 0.714 0.000 0.028 0.065 0.065 0.000 0.000 0.000 0.000 0.003 0.000 0.000 0.000 0.001 0.001 0.010 0.001 0.001 0.001 0.002 0.001 0.001 0.001 0.003 0.401 0.006 0.001 0.001 0.001 0.002 0.001 0.005 0.010 0.008 0.007 0.000 0.000 0.003 0.001 0.000 0.010 0.046 0.010 0.010 0.001 0.001 0.000 0.001 0.000 0.000 0.000 0.000 0.003 0.010 0.000 0.000 0.000 0.010 0.000 0.000 0.000 0.000 0.000
0.000 0.000 0.000 0.000 0.000 0.010 0.010 0.002 0.003 0.010 0.057 0.032 0.003 0.008 0.000 0.011 0.002 0.002 0.002 0.010 0.002 0.001 0.000 0.000 0.002 0.001 0.001 0.001 0.001 0.000 0.001 0.007 0.010 0.032 0.028 0.010 0.010 0.001 0.400 0.000 0.000 0.000 0.000 0.000 0.000 0.001 0.007 0.001 0.000 0.013 0.003 0.000 0.001 0.000 0.010 0.002 0.007 0.010 0.001 0.001 0.001 0.001 0.000 0.000 0.001 0.000 0.001 0.010 0.000 0.000 0.000 0.010 0.000 0.000 0.000 0.000 0.000
0.000 0.000 0.000 0.000 0.000 0.084 0.010 0.001 0.006 0.003 0.002 0.001 0.001 0.001 0.010 0.010 0.002 0.000 0.001 0.001 0.004 0.001 0.000 0.000 0.010 0.000 0.000 0.001 0.000 0.000 0.001 0.001 0.000 0.000 0.000 0.007 0.000 0.002 0.084 0.001 0.000 0.000 0.000 0.000 0.000 0.002 0.001 0.000 0.000 0.000 0.000 0.000 0.000 0.000 0.004 0.001 0.003 0.002 0.000 0.000 0.002 0.000 0.000 0.000 0.000 0.000 0.002 0.010 0.000 0.000 0.000 0.010 0.000 0.000 0.000 0.000 0.000
0.000 0.000 0.000 0.000 0.000 0.010 0.003 0.010 0.006 0.001 0.000 0.000 0.000 0.000 0.001 0.010 0.000 0.001 0.001 0.001 0.010 0.001 0.000 0.001 0.000 0.000 0.001 0.002 0.000 0.000 0.001 0.000 0.000 0.000 0.002 0.001 0.000 0.003 0.679 0.001 0.000 0.000 0.000 0.000 0.001 0.001 0.001 0.000 0.000 0.000 0.000 0.000 0.001 0.000 0.010 0.002 0.010 0.000 0.000 0.000 0.001 0.000 0.000 0.000 0.000 0.000 0.008 0.010 0.000 0.000 0.000 0.136 0.000 0.000 0.000 0.000 0.000
0.000 0.000 0.000 0.000 0.000 0.076 0.006 0.003 0.010 0.000 0.000 0.000 0.000 0.000 0.000 0.012 0.000 0.000 0.000 0.000 0.000 0.000 0.000 0.000 0.000 0.008 0.010 0.000 0.000 0.000 0.001 0.000 0.000 0.000 0.000 0.000 0.000 0.000 0.220 0.001 0.000 0.034 0.000 0.000 0.000 0.000 0.001 0.000 0.000 0.001 0.000 0.000 0.001 0.001 0.000 0.002 0.002 0.000 0.001 0.000 0.000 0.000 0.000 0.000 0.000 0.000 0.004 0.010 0.000 0.000 0.000 0.010 0.000 0.000 0.000 0.000 0.000
0.000 0.000 0.000 0.000 0.000 0.010 0.003 0.003 0.002 0.000 0.000 0.000 0.000 0.001 0.000 0.000 0.001 0.001 0.000 0.000 0.002 0.000 0.000 0.001 0.000 0.002 0.000 0.001 0.001 0.000 0.000 0.000 0.000 0.000 0.001 0.000 0.000 0.002 0.004 0.004 0.010 0.010 0.000 0.000 0.000 0.000 0.000 0.000 0.000 0.000 0.000 0.000 0.001 0.000 0.000 0.001 0.000 0.001 0.001 0.000 0.000 0.000 0.000 0.000 0.000 0.000 0.002 0.010 0.000 0.000 0.000 0.010 0.000 0.000 0.000 0.000 0.000
0.000 0.000 0.000 0.000 0.000 0.006 0.006 0.003 0.003 0.001 0.000 0.000 0.000 0.000 0.000 0.206 0.001 0.000 0.000 0.002 0.022 0.001 0.000 0.000 0.001 0.003 0.000 0.001 0.000 0.000 0.000 0.000 0.000 0.000 0.000 0.001 0.001 0.000 0.003 0.001 0.000 0.002 0.000 0.000 0.000 0.000 0.002 0.001 0.000 0.000 0.000 0.000 0.001 0.000 0.001 0.000 0.000 0.000 0.000 0.000 0.000 0.000 0.000 0.000 0.000 0.001 0.003 0.010 0.000 0.000 0.000 0.010 0.000 0.000 0.000 0.000 0.000
0.000 0.000 0.000 0.000 0.096 0.006 0.006 0.003 0.003 0.001 0.006 0.002 0.001 0.000 0.000 0.010 0.010 0.000 0.000 0.000 0.001 0.001 0.000 0.000 0.000 0.006 0.001 0.001 0.001 0.001 0.002 0.001 0.001 0.001 0.002 0.001 0.002 0.001 0.003 0.001 0.010 0.003 0.000 0.000 0.000 0.001 0.001 0.001 0.001 0.001 0.001 0.001 0.002 0.000 0.000 0.000 0.000 0.000 0.000 0.000 0.000 0.000 0.000 0.001 0.000 0.003 0.004 0.010 0.000 0.000 0.000 0.000 0.000 0.000 0.000 0.000 0.000
0.000 0.000 0.000 0.000 0.010 0.003 0.006 0.006 0.003 0.010 0.001 0.001 0.031 0.002 0.000 0.000 0.031 0.000 0.000 0.000 0.000 0.000 0.000 0.000 0.000 0.000 0.000 0.003 0.000 0.010 0.001 0.000 0.001 0.000 0.001 0.000 0.003 0.000 0.001 0.001 0.010 0.010 0.000 0.000 0.000 0.000 0.002 0.001 0.000 0.000 0.000 0.000 0.001 0.005 0.001 0.000 0.001 0.000 0.000 0.000 0.000 0.000 0.000 0.000 0.000 0.001 0.010 0.010 0.000 0.000 0.000 0.000 0.000 0.000 0.000 0.000 0.000
0.000 0.000 0.000 0.000 0.010 0.004 0.006 0.010 0.004 0.000 0.000 0.000 0.001 0.000 0.000 0.000 0.000 0.000 0.001 0.001 0.000 0.002 0.010 0.001 0.001 0.000 0.000 0.006 0.001 0.000 0.000 0.001 0.004 0.003 0.002 0.000 0.010 0.000 0.001 0.001 0.010 0.010 0.000 0.000 0.000 0.000 0.000 0.000 0.000 0.000 0.001 0.000 0.000 0.000 0.000 0.001 0.000 0.000 0.000 0.000 0.000 0.000 0.000 0.000 0.000 0.001 0.003 0.077 0.000 0.000 0.000 0.000 0.000 0.000 0.000 0.000 0.000
0.000 0.000 0.000 0.000 0.010 0.010 0.010 0.010 0.001 0.000 0.000 0.000 0.000 0.001 0.001 0.000 0.002 0.003 0.000 0.000 0.001 0.002 0.000 0.001 0.000 0.000 0.000 0.006 0.000 0.000 0.000 0.000 0.001 0.002 0.003 0.000 0.010 0.001 0.010 0.001 0.010 0.010 0.000 0.000 0.000 0.000 0.000 0.001 0.000 0.000 0.000 0.000 0.000 0.001 0.001 0.001 0.001 0.000 0.000 0.000 0.000 0.000 0.000 0.000 0.001 0.003 0.004 0.010 0.000 0.000 0.000 0.041 0.000 0.000 0.000 0.000 0.000
0.000 0.000 0.000 0.000 0.010 0.003 0.010 0.004 0.001 0.000 0.000 0.000 0.000 0.001 0.000 0.000 0.000 0.003 0.010 0.000 0.006 0.007 0.010 0.001 0.001 0.000 0.000 0.001 0.000 0.000 0.001 0.000 0.001 0.000 0.000 0.000 0.000 0.000 0.003 0.001 0.048 0.010 0.000 0.000 0.001 0.004 0.000 0.010 0.000 0.000 0.000 0.000 0.000 0.002 0.001 0.000 0.000 0.000 0.001 0.000 0.000 0.000 0.000 0.001 0.000 0.001 0.004 0.010 0.000 0.000 0.105 0.000 0.000 0.000 0.000 0.000 0.000
0.000 0.000 0.000 0.096 0.010 0.003 0.010 0.010 0.002 0.000 0.000 0.000 0.000 0.000 0.000 0.000 0.000 0.003 0.000 0.000 0.001 0.005 0.000 0.001 0.010 0.010 0.000 0.001 0.000 0.000 0.001 0.000 0.000 0.000 0.000 0.000 0.010 0.001 0.003 0.001 0.010 0.010 0.000 0.000 0.001 0.001 0.000 0.006 0.001 0.002 0.002 0.003 0.001 0.001 0.000 0.000 0.000 0.000 0.006 0.001 0.000 0.001 0.002 0.001 0.000 0.002 0.004 0.127 0.000 0.000 0.010 0.000 0.000 0.000 0.000 0.000 0.000
0.000 0.000 0.000 0.010 0.044 0.004 0.010 0.006 0.001 0.000 0.000 0.000 0.002 0.001 0.000 0.000 0.000 0.000 0.001 0.000 0.002 0.008 0.048 0.009 0.010 0.010 0.001 0.005 0.000 0.010 0.000 0.000 0.000 0.000 0.000 0.000 0.000 0.001 0.003 0.001 0.010 0.010 0.000 0.000 0.000 0.003 0.000 0.008 0.000 0.002 0.000 0.000 0.000 0.002 0.000 0.000 0.000 0.000 0.000 0.001 0.000 0.000 0.000 0.000 0.000 0.001 0.006 0.000 0.000 0.000 0.010 0.000 0.000 0.000 0.000 0.000 0.000
0.000 0.000 0.087 0.010 0.010 0.003 0.010 0.004 0.002 0.000 0.000 0.000 0.000 0.000 0.000 0.000 0.000 0.001 0.010 0.000 0.000 0.000 0.318 0.252 0.000 0.000 0.000 0.003 0.000 0.018 0.007 0.010 0.016 0.000 0.000 0.010 0.001 0.001 0.006 0.001 0.003 0.006 0.004 0.005 0.001 0.005 0.000 0.006 0.000 0.003 0.010 0.000 0.001 0.002 0.000 0.000 0.000 0.000 0.000 0.000 0.000 0.000 0.000 0.000 0.000 0.001 0.006 0.000 0.000 0.000 0.010 0.000 0.000 0.000 0.000 0.000 0.000
0.000 0.000 0.010 0.010 0.010 0.003 0.010 0.004 0.079 0.182 0.000 0.000 0.000 0.000 0.000 0.000 0.000 0.001 0.057 0.006 0.120 0.054 0.001 0.017 0.001 0.005 0.001 0.062 0.010 0.205 0.010 0.010 0.002 0.001 0.001 0.009 0.001 0.000 0.001 0.001 0.001 0.002 0.003 0.001 0.000 0.000 0.000 0.005 0.021 0.002 0.000 0.000 0.001 0.003 0.000 0.000 0.000 0.001 0.003 0.000 0.000 0.002 0.000 0.000 0.000 0.001 0.010 0.000 0.000 0.000 0.113 0.000 0.000 0.000 0.000 0.000 0.000
0.000 0.000 0.006 0.006 0.006 0.002 0.006 0.002 0.174 0.000 0.000 0.000 0.330 0.016 0.476 0.010 0.076 0.239 0.017 0.010 0.010 0.010 0.086 0.074 0.020 0.010 0.017 0.010 0.000 0.000 0.000 0.000 0.000 0.000 0.001 0.005 0.343 0.001 0.003 0.001 0.010 0.000 0.002 0.002 0.000 0.000 0.006 0.010 0.010 0.003 0.000 0.000 0.000 0.001 0.001 0.001 0.001 0.000 0.000 0.001 0.010 0.001 0.000 0.000 0.000 0.001 0.010 0.000 0.000 0.000 0.010 0.000 0.000 0.000 0.000 0.000 0.000
0.000 0.061 0.010 0.118 0.115 0.001 0.010 0.017 0.000 0.000 0.000 0.000 0.000 0.000 0.000 0.000 0.001 0.000 0.000 0.001 0.000 0.000 0.000 0.000 0.001 0.000 0.000 0.011 0.000 0.000 0.001 0.002 0.005 0.010 0.001 0.003 0.010 0.002 0.001 0.001 0.000 0.002 0.001 0.006 0.001 0.000 0.002 0.010 0.010 0.010 0.005 0.004 0.000 0.006 0.010 0.010 0.005 0.010 0.000 0.000 0.000 0.000 0.000 0.000 0.001 0.010 0.010 0.000 0.000 0.000 0.000 0.000 0.000 0.000 0.000 0.000 0.000
0.074 0.010 0.010 0.010 0.006 0.003 0.010 0.000 0.000 0.000 0.000 0.000 0.000 0.000 0.000 0.000 0.001 0.002 0.001 0.002 0.001 0.001 0.002 0.001 0.001 0.008 0.001 0.003 0.001 0.000 0.000 0.001 0.003 0.000 0.004 0.009 0.011 0.001 0.003 0.001 0.000 0.002 0.002 0.000 0.001 0.000 0.001 0.010 0.010 0.010 0.000 0.000 0.000 0.002 0.010 0.010 0.006 0.010 0.010 0.001 0.000 0.000 0.000 0.000 0.007 0.010 0.006 0.000 0.000 0.000 0.000 0.000 0.000 0.000 0.000 0.000 0.000
0.010 0.010 0.010 0.010 0.004 0.006 0.053 0.000 0.000 0.000 0.000 0.000 0.000 0.000 0.000 0.000 0.003 0.000 0.000 0.004 0.003 0.001 0.010 0.058 0.001 0.000 0.000 0.001 0.001 0.001 0.000 0.001 0.001 0.005 0.010 0.010 0.003 0.000 0.001 0.001 0.000 0.003 0.007 0.000 0.001 0.000 0.002 0.054 0.011 0.083 0.089 0.000 0.152 0.002 0.010 0.010 0.010 0.002 0.002 0.010 0.006 0.000 0.002 0.006 0.000 0.010 0.003 0.000 0.000 0.000 0.000 0.000 0.000 0.000 0.000 0.000 0.000
0.010 0.010 0.010 0.010 0.003 0.006 0.009 0.001 0.000 0.000 0.000 0.000 0.000 0.000 0.000 0.000 0.000 0.006 0.001 0.008 0.001 0.000 0.000 0.000 0.001 0.001 0.000 0.001 0.000 0.000 0.001 0.003 0.001 0.001 0.006 0.000 0.000 0.000 0.001 0.003 0.000 0.000 0.002 0.000 0.000 0.002 0.000 0.016 0.011 0.051 0.069 0.214 0.192 0.001 0.001 0.006 0.001 0.000 0.000 0.001 0.000 0.000 0.010 0.010 0.010 0.008 0.002 0.003 0.000 0.000 0.000 0.038 0.000 0.000 0.000 0.000 0.000
0.010 0.172 0.010 0.058 0.003 0.006 0.001 0.000 0.000 0.000 0.000 0.010 0.000 0.000 0.000 0.000 0.000 0.001 0.001 0.002 0.000 0.000 0.002 0.001 0.001 0.001 0.002 0.002 0.000 0.000 0.005 0.006 0.010 0.000 0.000 0.001 0.010 0.001 0.002 0.002 0.003 0.001 0.002 0.001 0.001 0.002 0.001 0.011 0.002 0.000 0.000 0.000 0.000 0.176 0.001 0.001 0.006 0.006 0.004 0.002 0.000 0.002 0.006 0.007 0.006 0.004 0.006 0.001 0.000 0.000 0.000 0.000 0.037 0.000 0.000 0.000 0.000
0.010 0.029 0.115 0.010 0.002 0.010 0.001 0.000 0.000 0.001 0.001 0.000 0.000 0.001 0.000 0.000 0.001 0.003 0.002 0.001 0.001 0.002 0.001 0.001 0.002 0.001 0.003 0.003 0.002 0.005 0.001 0.003 0.010 0.001 0.001 0.001 0.001 0.001 0.001 0.005 0.004 0.004 0.002 0.002 0.002 0.003 0.002 0.010 0.012 0.014 0.178 0.011 0.043 0.088 0.007 0.010 0.053 0.010 0.010 0.174 0.124 0.076 0.166 0.055 0.048 0.006 0.010 0.010 0.010 0.000 0.000 0.000 0.000 0.035 0.000 0.000 0.000
0.010 0.010 0.010 0.010 0.001 0.010 0.000 0.000 0.000 0.000 0.000 0.010 0.000 0.000 0.000 0.000 0.000 0.000 0.002 0.010 0.000 0.002 0.002 0.003 0.000 0.000 0.000 0.003 0.002 0.002 0.000 0.000 0.005 0.000 0.000 0.000 0.000 0.001 0.001 0.010 0.000 0.000 0.000 0.000 0.000 0.000 0.000 0.000 0.014 0.000 0.000 0.000 0.000 0.000 0.006 0.010 0.010 0.010 0.004 0.002 0.001 0.002 0.003 0.010 0.006 0.000 0.365 0.006 0.001 0.004 0.000 0.000 0.000 0.000 0.031 0.000 0.000
0.010 0.010 0.010 0.010 0.002 0.010 0.000 0.000 0.000 0.002 0.000 0.000 0.000 0.001 0.000 0.000 0.001 0.001 0.001 0.001 0.001 0.000 0.001 0.000 0.001 0.000 0.001 0.005 0.000 0.000 0.002 0.002 0.001 0.000 0.000 0.005 0.000 0.000 0.002 0.005 0.000 0.000 0.009 0.000 0.000 0.000 0.000 0.000 0.002 0.001 0.000 0.001 0.001 0.000 0.000 0.000 0.000 0.000 0.000 0.000 0.000 0.001 0.010 0.000 0.001 0.000 0.087 0.001 0.001 0.002 0.004 0.000 0.000 0.000 0.000 0.032 0.000
0.010 0.010 0.010 0.010 0.002 0.089 0.000 0.002 0.004 0.000 0.000 0.000 0.000 0.001 0.001 0.001 0.000 0.001 0.000 0.000 0.001 0.001 0.000 0.000 0.003 0.003 0.001 0.001 0.000 0.000 0.002 0.044 0.013 0.001 0.001 0.003 0.001 0.001 0.005 0.005 0.010 0.000 0.003 0.002 0.002 0.000 0.000 0.000 0.000 0.000 0.001 0.000 0.003 0.000 0.000 0.014 0.000 0.002 0.000 0.000 0.001 0.000 0.000 0.010 0.003 0.001 0.042 0.000 0.000 0.001 0.002 0.002 0.000 0.000 0.000 0.000 0.034
0.010 0.010 0.010 0.047 0.001 0.010 0.001 0.001 0.001 0.000 0.000 0.000 0.005 0.000 0.000 0.000 0.005 0.000 0.000 0.000 0.005 0.006 0.010 0.010 0.002 0.001 0.001 0.001 0.000 0.000 0.000 0.000 0.010 0.010 0.033 0.000 0.015 0.001 0.010 0.005 0.149 0.010 0.002 0.001 0.000 0.001 0.001 0.001 0.001 0.000 0.000 0.001 0.000 0.000 0.000 0.000 0.001 0.002 0.003 0.003 0.000 0.000 0.000 0.000 0.001 0.000 0.027 0.001 0.010 0.002 0.001 0.004 0.006 0.000 0.000 0.000 0.000
0.010 0.010 0.010 0.003 0.005 0.003 0.001 0.000 0.004 0.003 0.010 0.010 0.002 0.010 0.010 0.006 0.001 0.001 0.000 0.000 0.001 0.010 0.010 0.010 0.001 0.000 0.000 0.002 0.001 0.000 0.000 0.000 0.010 0.010 0.010 0.010 0.019 0.001 0.002 0.010 0.000 0.000 0.010 0.010 0.000 0.001 0.000 0.000 0.002 0.000 0.001 0.001 0.002 0.000 0.000 0.000 0.001 0.001 0.001 0.002 0.000 0.000 0.000 0.006 0.889 0.001 0.017 0.010 0.002 0.001 0.012 0.010 0.002 0.010 0.000 0.000 0.000
0.000 0.000 0.010 0.002 0.005 0.003 0.003 0.002 0.005 0.001 0.000 0.000 0.001 0.010 0.041 0.010 0.001 0.000 0.000 0.001 0.003 0.010 0.002 0.002 0.001 0.000 0.000 0.002 0.004 0.010 0.004 0.002 0.006 0.001 0.000 0.000 0.002 0.007 0.001 0.012 0.000 0.000 0.003 0.001 0.001 0.001 0.000 0.000 0.001 0.000 0.000 0.001 0.001 0.000 0.000 0.000 0.000 0.000 0.000 0.000 0.000 0.000 0.000 0.058 0.010 0.010 0.010 0.000 0.003 0.003 0.002 0.000 0.000 0.001 0.003 0.000 0.000
0.010 0.010 0.010 0.003 0.005 0.007 0.002 0.064 0.001 0.001 0.000 0.004 0.001 0.001 0.005 0.000 0.001 0.000 0.001 0.000 0.000 0.000 0.001 0.000 0.000 0.000 0.000 0.002 0.000 0.009 0.010 0.010 0.003 0.001 0.000 0.008 0.000 0.001 0.003 0.010 0.000 0.000 0.010 0.000 0.000 0.001 0.000 0.000 0.000 0.108 0.010 0.000 0.001 0.000 0.001 0.000 0.000 0.000 0.000 0.000 0.000 0.000 0.000 0.005 0.027 0.000 0.196 0.006 0.002 0.001 0.010 0.007 0.001 0.000 0.002 0.003 0.000
0.000 0.000 0.006 0.002 0.005 0.010 0.004 0.000 0.010 0.000 0.000 0.003 0.000 0.000 0.001 0.000 0.000 0.005 0.003 0.000 0.001 0.001 0.000 0.000 0.001 0.001 0.000 0.001 0.000 0.023 0.010 0.027 0.010 0.001 0.000 0.010 0.000 0.001 0.001 0.010 0.000 0.000 0.010 0.001 0.001 0.002 0.006 0.006 0.005 0.556 0.000 0.000 0.000 0.000 0.001 0.000 0.000 0.000 0.000 0.000 0.000 0.001 0.000 0.000 0.000 0.001 0.010 0.001 0.001 0.000 0.000 0.000 0.002 0.001 0.000 0.001 0.005
0.000 0.010 0.030 0.010 0.010 0.010 0.026 0.001 0.002 0.010 0.002 0.001 0.002 0.002 0.001 0.001 0.001 0.001 0.001 0.001 0.000 0.001 0.001 0.001 0.001 0.001 0.001 0.002 0.002 0.001 0.001 0.000 0.001 0.001 0.003 0.003 0.022 0.001 0.002 0.007 0.000 0.000 0.003 0.001 0.006 0.003 0.003 0.006 0.002 0.203 0.000 0.000 0.000 0.000 0.000 0.000 0.000 0.000 0.000 0.001 0.000 0.000 0.000 0.001 0.001 0.006 0.061 0.003 0.001 0.000 0.003 0.010 0.007 0.001 0.000 0.000 0.001
0.000 0.000 0.010 0.003 0.010 0.009 0.002 0.000 0.000 0.000 0.000 0.000 0.001 0.005 0.000 0.000 0.000 0.010 0.002 0.000 0.001 0.010 0.010 0.010 0.010 0.010 0.010 0.001 0.005 0.010 0.000 0.000 0.000 0.000 0.001 0.001 0.002 0.005 0.003 0.002 0.001 0.000 0.000 0.010 0.001 0.001 0.001 0.001 0.056 0.070 0.145 0.029 0.044 0.009 0.008 0.008 0.006 0.006 0.010 0.001 0.001 0.001 0.003 0.001 0.001 0.002 0.004 0.000 0.000 0.001 0.000 0.001 0.001 0.001 0.000 0.001 0.001
0.036 0.043 0.010 0.003 0.009 0.004 0.000 0.000 0.000 0.001 0.000 0.002 0.000 0.000 0.000 0.000 0.000 0.010 0.003 0.002 0.001 0.010 0.010 0.010 0.010 0.010 0.208 0.001 0.000 0.000 0.000 0.001 0.000 0.001 0.000 0.001 0.001 0.003 0.003 0.008 0.000 0.002 0.001 0.010 0.000 0.001 0.001 0.000 0.001 0.010 0.254 0.000 0.004 0.005 0.005 0.004 0.001 0.010 0.003 0.000 0.000 0.000 0.001 0.003 0.001 0.001 0.001 0.000 0.000 0.004 0.001 0.003 0.010 0.001 0.001 0.004 0.000
