hx_30m/njhx/rain/result.max
ncols         211
nrows         286
xllcorner     660279.582600
yllcorner     3541874.325092
cellsize      30.000000
NODATA_value  -9999.000000
[rows 34 to 67 of 286, columns 77 to 153 of 211]
0.000 0.000 0.000 0.000 0.000 0.000 0.000 0.020 0.010 0.010 0.010 0.046 0.010 0.010 0.010 0.013 0.008 0.012 0.010 0.010 0.043 0.010 0.010 0.010 0.000 0.000 0.000 0.010 0.000 0.000 0.010 0.043 0.010 0.010 0.010 0.013 0.010 0.010 0.106 0.000 0.000 0.055 0.072 0.008 0.008 0.010 0.010 0.010 0.010 0.008 0.010 0.010 0.000 0.010 0.010 0.000 0.000 0.000 0.000 0.000 0.000 0.000 0.000 0.000 0.000 0.000 0.000 0.000 0.000 0.000 0.000 0.000 0.000 0.000 0.000 0.000 0.000
0.000 0.000 0.000 0.000 0.000 0.000 0.283 0.010 0.010 0.010 0.010 0.010 0.010 0.010 0.010 0.008 0.007 0.000 0.012 0.000 0.000 0.000 0.010 0.007 0.010 0.010 0.010 0.019 0.010 0.000 0.000 0.000 0.010 0.010 0.010 0.000 0.066 0.010 0.010 0.010 0.000 0.000 0.064 0.054 0.010 0.010 0.000 0.014 0.010 0.000 0.013 0.010 0.010 0.033 0.010 0.010 0.000 0.000 0.000 0.034 0.000 0.000 0.000 0.000 0.000 0.000 0.000 0.000 0.000 0.000 0.000 0.000 0.000 0.000 0.000 0.000 0.000
0.000 0.000 0.000 0.000 0.000 0.000 0.011 0.010 0.010 0.010 0.010 0.010 0.121 0.010 0.011 0.000 0.007 0.006 0.010 0.038 0.000 0.006 0.015 0.010 0.009 0.009 0.010 0.000 0.000 0.012 0.000 0.000 0.012 0.010 0.011 0.000 0.010 0.011 0.010 0.010 0.028 0.000 0.000 0.005 0.000 0.000 0.000 0.000 0.000 0.009 0.010 0.010 0.010 0.010 0.010 0.010 0.010 0.000 0.000 0.000 0.034 0.000 0.000 0.000 0.000 0.000 0.000 0.000 0.000 0.000 0.000 0.000 0.000 0.000 0.000 0.000 0.000
0.000 0.000 0.000 0.000 0.000 0.000 0.010 0.010 0.010 0.010 0.010 0.010 0.010 0.010 0.010 0.000 0.006 0.006 0.000 0.010 0.000 0.008 0.010 0.010 0.010 0.000 0.007 0.010 0.010 0.009 0.000 0.026 0.010 0.010 0.012 0.000 0.011 0.010 0.017 0.039 0.000 0.014 0.000 0.007 0.017 0.010 0.017 0.000 0.230 0.000 0.030 0.010 0.010 0.010 0.010 0.010 0.010 0.000 0.000 0.000 0.000 0.010 0.000 0.000 0.000 0.000 0.000 0.000 0.000 0.000 0.000 0.000 0.000 0.000 0.000 0.000 0.000
0.000 0.000 0.000 0.000 0.000 0.000 0.010 0.010 0.010 0.010 0.010 0.010 0.010 0.010 0.010 0.000 0.006 0.054 0.011 0.010 0.000 0.010 0.006 0.006 0.010 0.007 0.008 0.008 0.010 0.009 0.000 0.000 0.010 0.010 0.010 0.010 0.082 0.010 0.010 0.000 0.000 0.010 0.009 0.000 0.018 0.010 0.010 0.000 0.000 0.013 0.010 0.010 0.010 0.010 0.079 0.010 0.010 0.010 0.000 0.000 0.000 0.055 0.000 0.000 0.000 0.000 0.000 0.000 0.000 0.000 0.000 0.000 0.000 0.000 0.000 0.000 0.000
0.000 0.000 0.000 0.000 0.000 0.000 0.010 0.010 0.010 0.010 0.010 0.104 0.050 0.010 0.035 0.000 0.005 0.000 0.034 0.010 0.006 0.007 0.005 0.005 0.013 0.000 0.005 0.006 0.010 0.000 0.010 0.010 0.026 0.010 0.010 0.010 0.000 0.000 0.000 0.023 0.010 0.000 0.000 0.000 0.010 0.010 0.027 0.010 0.010 0.010 0.010 0.010 0.010 0.066 0.010 0.000 0.034 0.010 0.010 0.000 0.000 0.000 0.032 0.000 0.000 0.000 0.000 0.000 0.000 0.000 0.000 0.000 0.000 0.000 0.000 0.000 0.000
0.000 0.000 0.000 0.000 0.000 0.000 0.010 0.010 0.010 0.010 0.010 0.148 0.010 0.010 0.046 0.010 0.022 0.081 0.008 0.000 0.008 0.008 0.008 0.014 0.008 0.010 0.010 0.007 0.015 0.000 0.000 0.021 0.000 0.010 0.010 0.030 0.000 0.010 0.010 0.010 0.010 0.010 0.010 0.010 0.010 0.026 0.010 0.010 0.010 0.010 0.000 0.010 0.000 0.000 0.000 0.042 0.010 0.028 0.010 0.000 0.000 0.000 0.000 0.010 0.000 0.000 0.000 0.000 0.000 0.000 0.000 0.000 0.000 0.000 0.000 0.000 0.000
0.000 0.000 0.000 0.000 0.000 0.000 0.010 0.010 0.008 0.010 0.010 0.010 0.010 0.010 0.010 0.088 0.020 0.000 0.007 0.008 0.007 0.010 0.000 0.008 0.000 0.006 0.000 0.008 0.010 0.018 0.013 0.000 0.014 0.010 0.010 0.010 0.010 0.131 0.011 0.888 0.010 0.010 0.010 0.010 0.010 0.010 0.000 0.000 0.010 0.010 0.055 0.027 0.010 0.009 0.000 0.010 0.010 0.010 0.010 0.010 0.000 0.000 0.000 0.053 0.000 0.000 0.000 0.000 0.000 0.000 0.000 0.000 0.000 0.000 0.000 0.000 0.000
0.000 0.000 0.000 0.000 0.000 0.000 0.010 0.010 0.010 0.010 0.010 0.010 0.010 0.010 0.010 0.010 0.010 0.006 0.000 0.009 0.000 0.000 0.000 0.005 0.007 0.012 0.010 0.007 0.010 0.008 0.010 0.010 0.010 0.010 0.010 0.010 0.157 0.051 0.041 0.000 0.000 0.036 0.010 0.010 0.000 0.010 0.010 0.000 0.010 0.000 0.000 0.005 0.010 0.007 0.000 0.009 0.010 0.008 0.026 0.010 0.000 0.000 0.000 0.000 0.010 0.000 0.000 0.000 0.000 0.000 0.000 0.000 0.000 0.000 0.000 0.000 0.000
0.000 0.000 0.000 0.000 0.000 0.000 0.010 0.010 0.010 0.091 0.010 0.010 0.010 0.010 0.010 0.010 0.010 0.010 0.009 0.009 0.010 0.010 0.010 0.011 0.010 0.008 0.010 0.010 0.010 0.009 0.005 0.010 0.008 0.014 0.010 0.013 0.009 0.000 0.010 0.010 0.010 0.000 0.010 0.010 0.010 0.010 0.010 0.008 0.000 0.009 0.000 0.000 0.000 0.006 0.007 0.010 0.007 0.000 0.010 0.010 0.010 0.000 0.000 0.000 0.065 0.010 0.000 0.000 0.000 0.000 0.000 0.000 0.000 0.000 0.000 0.000 0.000
0.000 0.000 0.000 0.000 0.000 0.000 0.010 0.010 0.010 0.010 0.010 0.034 0.008 0.010 0.010 0.009 0.010 0.009 0.007 0.010 0.010 0.010 0.010 0.008 0.010 0.017 0.000 0.000 0.005 0.006 0.005 0.000 0.000 0.010 0.010 0.010 0.025 0.000 0.000 0.008 0.008 0.010 0.021 0.010 0.000 0.010 0.010 0.010 0.007 0.011 0.010 0.012 0.008 0.006 0.000 0.009 0.010 0.009 0.010 0.010 0.010 0.000 0.000 0.000 0.000 0.032 0.000 0.000 0.000 0.000 0.000 0.000 0.000 0.000 0.000 0.000 0.000
0.000 0.000 0.000 0.000 0.000 0.010 0.010 0.010 0.010 0.010 0.010 0.010 0.010 0.012 0.010 0.010 0.010 0.013 0.006 0.006 0.006 0.006 0.000 0.000 0.000 0.010 0.000 0.005 0.005 0.006 0.000 0.006 0.000 0.008 0.010 0.010 0.010 0.000 0.000 0.000 0.006 0.007 0.253 0.010 0.010 0.010 0.014 0.000 0.012 0.000 0.010 0.010 0.013 0.009 0.008 0.007 0.009 0.000 0.000 0.010 0.010 0.010 0.000 0.000 0.000 0.000 0.022 0.000 0.000 0.000 0.000 0.000 0.000 0.000 0.000 0.000 0.000
0.000 0.000 0.000 0.000 0.000 0.010 0.010 0.010 0.010 0.010 0.010 0.033 0.010 0.010 0.009 0.007 0.008 0.010 0.000 0.006 0.007 0.007 0.014 0.010 0.010 0.010 0.023 0.000 0.000 0.000 0.005 0.000 0.007 0.007 0.022 0.010 0.010 0.009 0.009 0.007 0.000 0.005 0.000 0.010 0.000 0.009 0.009 0.008 0.010 0.010 0.024 0.010 0.010 0.000 0.000 0.007 0.007 0.007 0.007 0.010 0.010 0.010 0.037 0.000 0.000 0.000 0.000 0.010 0.000 0.000 0.000 0.000 0.000 0.000 0.000 0.000 0.000
0.000 0.000 0.000 0.000 0.000 0.010 0.010 0.010 0.010 0.010 0.010 0.010 0.010 0.008 0.006 0.006 0.007 0.000 0.010 0.010 0.010 0.010 0.010 0.010 0.010 0.011 0.010 0.006 0.006 0.000 0.005 0.000 0.005 0.008 0.010 0.010 0.010 0.010 0.000 0.000 0.007 0.005 0.000 0.042 0.000 0.010 0.008 0.000 0.008 0.010 0.010 0.010 0.008 0.000 0.000 0.006 0.009 0.017 0.010 0.010 0.010 0.010 0.010 0.000 0.000 0.000 0.000 0.046 0.000 0.000 0.000 0.000 0.000 0.000 0.000 0.000 0.000
0.000 0.000 0.000 0.000 0.000 0.087 0.010 0.010 0.010 0.010 0.010 0.010 0.008 0.006 0.006 0.008 0.009 0.010 0.051 0.010 0.000 0.010 0.010 0.010 0.010 0.010 0.010 0.006 0.000 0.005 0.000 0.005 0.007 0.010 0.010 0.010 0.010 0.009 0.000 0.000 0.008 0.017 0.010 0.010 0.010 0.010 0.010 0.010 0.009 0.012 0.008 0.010 0.050 0.008 0.010 0.000 0.000 0.007 0.007 0.000 0.010 0.059 0.000 0.000 0.000 0.000 0.000 0.000 0.010 0.000 0.000 0.000 0.000 0.000 0.000 0.000 0.000
0.000 0.000 0.000 0.000 0.000 0.010 0.010 0.010 0.010 0.010 0.010 0.010 0.020 0.006 0.006 0.009 0.010 0.010 0.007 0.010 0.008 0.009 0.010 0.010 0.010 0.010 0.010 0.008 0.007 0.000 0.000 0.006 0.000 0.010 0.000 0.010 0.010 0.010 0.009 0.010 0.000 0.010 0.010 0.010 0.010 0.000 0.010 0.008 0.008 0.000 0.000 0.010 0.026 0.010 0.010 0.000 0.000 0.010 0.014 0.000 0.109 0.010 0.010 0.010 0.000 0.000 0.000 0.000 0.010 0.000 0.000 0.000 0.000 0.000 0.000 0.000 0.000
0.000 0.000 0.000 0.000 0.000 0.162 0.010 0.010 0.010 0.010 0.010 0.010 0.010 0.007 0.009 0.008 0.008 0.010 0.010 0.010 0.000 0.010 0.010 0.163 0.010 0.010 0.010 0.000 0.010 0.006 0.005 0.011 0.011 0.010 0.010 0.014 0.010 0.021 0.000 0.000 0.010 0.000 0.010 0.010 0.010 0.008 0.000 0.009 0.009 0.007 0.000 0.000 0.011 0.013 0.000 0.055 0.010 0.010 0.010 0.010 0.008 0.010 0.135 0.010 0.000 0.000 0.000 0.000 0.010 0.000 0.000 0.000 0.000 0.000 0.000 0.000 0.000
0.000 0.000 0.000 0.000 0.000 0.000 0.050 0.010 0.010 0.010 0.010 0.000 0.007 0.006 0.007 0.007 0.007 0.047 0.000 0.010 0.000 0.010 0.043 0.010 0.000 0.010 0.010 0.000 0.000 0.007 0.009 0.010 0.010 0.011 0.010 0.010 0.010 0.009 0.010 0.000 0.016 0.010 0.010 0.300 0.010 0.010 0.000 0.007 0.010 0.000 0.000 0.812 0.518 0.030 0.009 0.009 0.000 0.021 0.000 0.009 0.010 0.010 0.010 0.010 0.010 0.000 0.000 0.000 0.010 0.010 0.000 0.000 0.000 0.000 0.000 0.000 0.000
0.000 0.000 0.000 0.000 0.000 0.000 0.013 0.010 0.010 0.010 0.010 0.020 0.010 0.006 0.007 0.009 0.010 0.000 0.010 0.174 0.108 0.150 0.108 0.010 0.000 0.010 0.010 0.026 0.000 0.010 0.010 0.010 0.010 0.010 0.010 0.010 0.037 0.010 0.016 0.000 0.000 0.010 0.000 0.000 0.010 0.000 0.097 0.010 0.018 0.010 0.010 0.000 0.000 0.046 0.010 0.010 0.009 0.000 0.000 0.000 0.007 0.000 0.010 0.073 0.010 0.000 0.000 0.000 0.131 0.010 0.000 0.000 0.000 0.000 0.000 0.000 0.000
0.000 0.000 0.000 0.000 0.000 0.000 0.010 0.010 0.010 0.010 0.010 0.007 0.005 0.008 0.009 0.000 0.010 0.010 0.010 0.010 0.010 0.010 0.010 0.121 0.010 0.010 0.010 0.010 0.021 0.010 0.010 0.010 0.010 0.010 0.100 0.010 0.010 0.010 0.010 0.000 0.000 0.010 0.010 0.010 0.010 0.010 0.010 0.010 0.008 0.011 0.007 0.007 0.000 0.043 0.010 0.010 0.010 0.008 0.008 0.000 0.007 0.006 0.006 0.010 0.010 0.031 0.000 0.000 0.000 0.010 0.000 0.000 0.000 0.000 0.000 0.000 0.000
0.000 0.000 0.000 0.000 0.000 0.000 0.080 0.010 0.010 0.010 0.010 0.007 0.008 0.000 0.010 0.010 0.081 0.010 0.010 0.010 0.010 0.010 0.010 0.034 0.010 0.010 0.010 0.010 0.010 0.010 0.018 0.010 0.010 0.010 0.010 0.040 0.010 0.010 0.010 0.010 0.010 0.010 0.000 0.106 0.010 0.000 0.010 0.010 0.000 0.086 0.018 0.025 0.120 0.111 0.010 0.010 0.010 0.010 0.006 0.006 0.000 0.009 0.010 0.000 0.021 0.010 0.000 0.000 0.000 0.010 0.000 0.000 0.000 0.000 0.000 0.000 0.000
0.000 0.000 0.000 0.000 0.000 0.000 0.010 0.010 0.010 0.010 0.023 0.000 0.010 0.010 0.010 0.130 0.077 0.010 0.010 0.010 0.027 0.097 0.044 0.010 0.010 0.010 0.010 0.010 0.000 0.000 0.000 0.000 0.000 0.000 0.000 0.010 0.009 0.010 0.021 0.000 0.010 0.010 0.011 0.072 0.010 0.010 0.010 0.000 0.000 0.013 0.000 0.138 0.272 0.205 0.010 0.000 0.000 0.009 0.006 0.008 0.007 0.000 0.010 0.000 0.010 0.010 0.000 0.000 0.000 0.072 0.000 0.000 0.000 0.000 0.000 0.000 0.000
0.000 0.000 0.000 0.000 0.000 0.000 0.010 0.010 0.010 0.010 0.010 0.010 0.010 0.010 0.010 0.083 0.010 0.010 0.053 0.028 0.010 0.010 0.010 0.010 0.125 0.010 0.010 0.011 0.010 0.010 0.009 0.008 0.000 0.052 0.000 0.010 0.010 0.010 0.010 0.000 0.010 0.010 0.010 0.010 0.169 0.010 0.000 0.000 0.009 0.010 0.000 0.217 0.000 0.010 0.027 0.000 0.009 0.000 0.006 0.008 0.000 0.000 0.037 0.010 0.010 0.010 0.036 0.000 0.000 0.000 0.010 0.000 0.000 0.000 0.000 0.000 0.000
0.000 0.000 0.000 0.000 0.000 0.000 0.010 0.010 0.010 0.010 0.067 0.000 0.051 0.053 0.010 0.010 0.010 0.010 0.140 0.010 0.010 0.010 0.115 0.010 0.010 0.010 0.010 0.017 0.000 0.010 0.010 0.010 0.008 0.016 0.000 0.000 0.434 0.010 0.010 0.000 0.010 0.010 0.010 0.010 0.000 0.010 0.000 0.006 0.009 0.008 0.007 0.000 0.000 0.000 0.010 0.010 0.008 0.000 0.008 0.008 0.010 0.010 0.007 0.006 0.010 0.010 0.010 0.000 0.000 0.000 0.010 0.000 0.000 0.000 0.000 0.000 0.000
0.000 0.000 0.000 0.000 0.000 0.000 0.010 0.010 0.010 0.010 0.010 0.000 0.157 0.048 0.010 0.010 0.010 0.010 0.010 0.010 0.010 0.010 0.000 0.015 0.000 0.095 0.010 0.015 0.000 0.010 0.010 0.010 0.009 0.000 0.000 0.000 0.030 0.015 0.009 0.010 0.010 0.031 0.010 0.010 0.000 0.010 0.000 0.009 0.010 0.010 0.008 0.008 0.000 0.000 0.010 0.010 0.010 0.010 0.000 0.007 0.010 0.012 0.000 0.013 0.010 0.010 0.010 0.000 0.000 0.000 0.074 0.000 0.000 0.000 0.000 0.000 0.000
0.000 0.000 0.000 0.000 0.000 0.000 0.057 0.010 0.010 0.010 0.010 0.010 0.010 0.010 0.116 0.138 0.010 0.010 0.017 0.010 0.010 0.010 0.010 0.000 0.000 0.010 0.010 0.010 0.010 0.010 0.010 0.010 0.010 0.010 0.000 0.000 0.011 0.013 0.010 0.010 0.010 0.000 0.000 0.000 0.480 0.010 0.000 0.000 0.010 0.016 0.010 0.010 0.010 0.010 0.010 0.009 0.009 0.010 0.010 0.008 0.010 0.010 0.046 0.010 0.010 0.010 0.010 0.000 0.000 0.000 0.010 0.000 0.000 0.000 0.000 0.000 0.000
0.000 0.000 0.000 0.000 0.000 0.000 0.000 0.010 0.010 0.010 0.020 0.010 0.010 0.010 0.010 0.010 0.097 0.146 0.217 0.046 0.010 0.000 0.010 0.010 0.010 0.010 0.010 0.013 0.010 0.010 0.010 0.010 0.000 0.024 0.010 0.000 0.081 0.011 0.010 0.022 0.010 0.008 0.000 0.000 0.034 0.010 0.010 0.060 0.134 0.000 0.000 0.010 0.000 0.010 0.008 0.000 0.000 0.006 0.010 0.010 0.010 0.008 0.000 0.010 0.010 0.010 0.010 0.000 0.000 0.000 0.010 0.000 0.000 0.000 0.000 0.000 0.000
0.000 0.000 0.000 0.000 0.000 0.000 0.028 0.010 0.010 0.010 0.009 0.010 0.000 0.010 0.010 0.010 0.120 0.010 0.010 0.010 0.010 0.010 0.069 0.010 0.141 0.010 0.077 0.010 0.180 0.169 0.112 0.010 0.010 0.010 0.010 0.010 0.009 0.028 0.007 0.000 0.010 0.000 0.000 0.008 0.008 0.068 0.010 0.178 0.085 0.000 0.000 0.010 0.009 0.009 0.009 0.010 0.008 0.008 0.000 0.006 0.008 0.007 0.000 0.000 0.000 0.010 0.010 0.045 0.000 0.000 0.059 0.000 0.000 0.000 0.000 0.000 0.000
0.000 0.000 0.000 0.000 0.000 0.000 0.010 0.045 0.010 0.010 0.068 0.010 0.000 0.010 0.010 0.092 0.010 0.000 0.010 0.013 0.000 0.000 0.000 0.010 0.023 0.010 0.010 0.010 0.134 0.133 0.010 0.010 0.010 0.010 0.000 0.000 0.000 0.010 0.010 0.018 0.010 0.000 0.011 0.007 0.052 0.010 0.010 0.103 0.033 0.000 0.000 0.056 0.010 0.010 0.088 0.010 0.010 0.010 0.010 0.010 0.007 0.008 0.000 0.007 0.010 0.010 0.010 0.010 0.000 0.000 0.000 0.010 0.000 0.000 0.000 0.000 0.000
0.000 0.000 0.000 0.000 0.000 0.000 0.010 0.010 0.010 0.010 0.010 0.034 0.010 0.189 0.010 0.010 0.010 0.010 0.010 0.000 0.000 0.000 0.000 0.000 0.000 0.010 0.010 0.010 0.000 0.152 0.011 0.010 0.010 0.010 0.010 0.010 0.010 0.010 0.010 0.010 0.010 0.031 0.000 0.009 0.010 0.000 0.020 0.000 0.100 0.010 0.010 0.010 0.014 0.000 0.011 0.010 0.030 0.010 0.015 0.000 0.008 0.008 0.000 0.000 0.068 0.010 0.010 0.010 0.000 0.000 0.000 0.046 0.000 0.000 0.000 0.000 0.000
0.000 0.000 0.000 0.000 0.000 0.000 0.010 0.010 0.010 0.010 0.010 0.010 0.103 0.010 0.000 0.010 0.010 0.010 0.000 0.000 0.010 0.010 0.064 0.000 0.000 0.000 0.000 0.010 0.000 0.000 0.000 0.000 0.000 0.000 0.010 0.000 0.010 0.010 0.012 0.010 0.000 0.010 0.000 0.000 0.010 0.010 0.010 0.010 0.010 0.022 0.000 0.010 0.010 0.000 0.010 0.010 0.071 0.010 0.010 0.010 0.010 0.023 0.010 0.010 0.011 0.010 0.010 0.010 0.000 0.000 0.000 0.000 0.000 0.000 0.000 0.000 0.000
0.000 0.000 0.000 0.000 0.000 0.000 0.062 0.010 0.010 0.010 0.046 0.000 0.000 0.000 0.010 0.010 0.015 0.000 0.010 0.009 0.010 0.000 0.010 0.010 0.010 0.000 0.000 0.015 0.000 0.000 0.000 0.000 0.000 0.000 0.010 0.010 0.010 0.010 0.013 0.010 0.010 0.010 0.008 0.010 0.010 0.047 0.010 0.000 0.010 0.010 0.010 0.010 0.010 0.010 0.010 0.010 0.010 0.010 0.010 0.010 0.010 0.010 0.010 0.010 0.010 0.010 0.010 0.010 0.000 0.000 0.000 0.000 0.000 0.000 0.000 0.000 0.000
0.000 0.000 0.000 0.000 0.000 0.000 0.010 0.010 0.010 0.010 0.000 0.000 0.010 0.000 0.010 0.000 0.010 0.010 0.082 0.022 0.010 0.010 0.010 0.049 0.024 0.010 0.010 0.010 0.000 0.000 0.056 0.010 0.000 0.000 0.000 0.010 0.010 0.010 0.013 0.010 0.010 0.013 0.011 0.010 0.010 0.010 0.010 0.010 0.010 0.010 0.020 0.010 0.010 0.010 0.010 0.010 0.010 0.010 0.010 0.010 0.010 0.010 0.010 0.010 0.010 0.010 0.010 0.010 0.000 0.000 0.000 0.010 0.000 0.000 0.000 0.000 0.000
0.000 0.000 0.000 0.000 0.000 0.000 0.010 0.010 0.010 0.010 0.011 0.010 0.000 0.010 0.010 0.013 0.000 0.010 0.010 0.000 0.000 0.103 0.151 0.099 0.024 0.010 0.010 0.010 0.000 0.000 0.000 0.000 0.010 0.010 0.010 0.010 0.010 0.010 0.394 0.010 0.047 0.010 0.010 0.011 0.010 0.010 0.010 0.010 0.010 0.015 0.010 0.010 0.010 0.020 0.010 0.010 0.010 0.010 0.010 0.010 0.010 0.016 0.000 0.013 0.010 0.023 0.010 0.010 0.000 0.000 0.000 0.077 0.000 0.000 0.000 0.000 0.000
