hx_30m/njhx/rain/result-0005.wd
ncols         211
nrows         286
xllcorner     660279.582600
yllcorner     3541874.325092
cellsize      30.000000
NODATA_value  -9999.000000
[rows 204 to 237 of 286, columns 0 to 76 of 211]
0.000 0.000 0.000 0.000 0.000 0.000 0.000 0.000 0.000 0.000 0.000 0.000 0.000 0.000 0.000 0.010 0.016 0.010 0.000 0.008 0.010 0.009 0.009 0.010 0.010 0.010 0.010 0.014 0.006 0.009 0.009 0.009 0.000 0.008 0.009 0.008 0.008 0.008 0.010 0.010 0.010 0.000 0.010 0.025 0.010 0.010 0.010 0.010 0.010 0.010 0.000 0.010 0.000 0.010 0.013 0.010 0.010 0.006 0.000 0.000 0.004 0.004 0.004 0.004 0.000 0.003 0.004 0.003 0.000 0.005 0.005 0.003 0.003 0.003 0.003 0.004 0.000
0.000 0.000 0.000 0.000 0.000 0.000 0.000 0.000 0.000 0.000 0.000 0.000 0.000 0.000 0.016 0.010 0.010 0.009 0.006 0.009 0.010 0.010 0.010 0.010 0.010 0.010 0.010 0.009 0.006 0.008 0.009 0.009 0.000 0.010 0.010 0.009 0.009 0.008 0.010 0.009 0.008 0.000 0.010 0.010 0.010 0.010 0.010 0.010 0.010 0.010 0.010 0.010 0.034 0.010 0.044 0.010 0.010 0.008 0.000 0.003 0.000 0.000 0.000 0.003 0.004 0.004 0.005 0.000 0.004 0.004 0.000 0.004 0.004 0.004 0.000 0.006 0.003
0.000 0.000 0.000 0.000 0.000 0.000 0.000 0.000 0.000 0.000 0.000 0.000 0.000 0.000 0.010 0.013 0.009 0.009 0.010 0.009 0.010 0.010 0.010 0.010 0.010 0.012 0.010 0.007 0.009 0.007 0.009 0.009 0.000 0.009 0.010 0.009 0.008 0.009 0.010 0.009 0.000 0.010 0.010 0.010 0.010 0.010 0.010 0.010 0.010 0.010 0.010 0.010 0.010 0.010 0.010 0.010 0.009 0.008 0.007 0.000 0.000 0.004 0.004 0.004 0.005 0.005 0.005 0.005 0.005 0.004 0.005 0.004 0.004 0.000 0.004 0.004 0.004
0.000 0.000 0.000 0.000 0.000 0.000 0.000 0.000 0.000 0.000 0.000 0.000 0.000 0.000 0.010 0.010 0.009 0.010 0.009 0.009 0.010 0.012 0.010 0.010 0.011 0.008 0.007 0.008 0.007 0.007 0.007 0.009 0.008 0.010 0.010 0.010 0.009 0.008 0.008 0.009 0.010 0.018 0.010 0.010 0.010 0.010 0.010 0.010 0.010 0.000 0.010 0.010 0.014 0.043 0.010 0.010 0.013 0.000 0.000 0.000 0.000 0.003 0.003 0.004 0.005 0.005 0.005 0.005 0.004 0.005 0.005 0.000 0.004 0.004 0.004 0.000 0.004
0.000 0.000 0.000 0.000 0.000 0.000 0.000 0.000 0.000 0.000 0.000 0.000 0.000 0.000 0.010 0.010 0.008 0.010 0.010 0.016 0.010 0.010 0.010 0.014 0.010 0.009 0.009 0.007 0.008 0.008 0.008 0.000 0.008 0.010 0.009 0.008 0.008 0.008 0.008 0.010 0.010 0.018 0.010 0.010 0.010 0.010 0.010 0.027 0.000 0.010 0.010 0.010 0.010 0.000 0.010 0.015 0.010 0.008 0.009 0.005 0.004 0.004 0.004 0.005 0.005 0.005 0.005 0.004 0.004 0.005 0.000 0.004 0.004 0.003 0.000 0.003 0.000
0.000 0.000 0.000 0.000 0.000 0.000 0.000 0.000 0.000 0.000 0.000 0.000 0.000 0.010 0.010 0.009 0.010 0.010 0.010 0.010 0.010 0.010 0.010 0.010 0.008 0.010 0.009 0.009 0.007 0.007 0.009 0.000 0.008 0.010 0.009 0.008 0.000 0.007 0.009 0.010 0.010 0.010 0.010 0.010 0.010 0.010 0.010 0.010 0.010 0.010 0.000 0.039 0.010 0.000 0.000 0.009 0.010 0.010 0.008 0.007 0.005 0.005 0.004 0.005 0.005 0.005 0.005 0.000 0.000 0.007 0.005 0.003 0.003 0.004 0.000 0.003 0.003
0.000 0.000 0.000 0.000 0.000 0.000 0.000 0.000 0.000 0.000 0.000 0.000 0.015 0.010 0.010 0.009 0.011 0.010 0.010 0.012 0.010 0.010 0.010 0.010 0.010 0.010 0.010 0.007 0.000 0.009 0.000 0.009 0.010 0.009 0.009 0.005 0.000 0.007 0.008 0.010 0.010 0.010 0.010 0.010 0.010 0.010 0.050 0.010 0.010 0.010 0.010 0.010 0.000 0.000 0.000 0.012 0.000 0.010 0.009 0.007 0.006 0.007 0.005 0.004 0.005 0.005 0.005 0.005 0.005 0.005 0.004 0.004 0.003 0.000 0.003 0.003 0.003
0.000 0.000 0.000 0.000 0.000 0.000 0.000 0.000 0.000 0.000 0.000 0.000 0.010 0.010 0.009 0.012 0.010 0.010 0.010 0.010 0.010 0.010 0.010 0.010 0.009 0.010 0.007 0.009 0.000 0.000 0.000 0.008 0.010 0.009 0.008 0.000 0.006 0.006 0.008 0.010 0.011 0.010 0.010 0.010 0.010 0.010 0.035 0.015 0.011 0.010 0.000 0.010 0.000 0.000 0.010 0.010 0.000 0.000 0.000 0.008 0.007 0.006 0.006 0.005 0.025 0.006 0.000 0.006 0.006 0.004 0.005 0.004 0.004 0.004 0.003 0.003 0.004
0.000 0.000 0.000 0.000 0.000 0.000 0.000 0.000 0.000 0.000 0.000 0.000 0.010 0.010 0.010 0.010 0.010 0.010 0.010 0.010 0.010 0.010 0.010 0.014 0.009 0.010 0.008 0.009 0.000 0.000 0.000 0.009 0.010 0.009 0.009 0.008 0.006 0.010 0.008 0.008 0.000 0.009 0.010 0.015 0.010 0.030 0.010 0.010 0.010 0.010 0.010 0.010 0.000 0.000 0.010 0.010 0.010 0.009 0.009 0.008 0.007 0.000 0.006 0.007 0.006 0.006 0.006 0.005 0.005 0.000 0.005 0.004 0.004 0.003 0.003 0.003 0.000
0.000 0.000 0.000 0.000 0.000 0.000 0.000 0.000 0.000 0.000 0.000 0.000 0.012 0.010 0.010 0.010 0.044 0.010 0.010 0.010 0.010 0.010 0.010 0.010 0.008 0.010 0.010 0.009 0.000 0.010 0.000 0.010 0.009 0.010 0.008 0.007 0.007 0.008 0.000 0.000 0.008 0.000 0.000 0.000 0.010 0.010 0.000 0.010 0.010 0.010 0.000 0.010 0.010 0.010 0.031 0.010 0.010 0.010 0.008 0.007 0.007 0.007 0.000 0.007 0.006 0.006 0.007 0.006 0.006 0.005 0.005 0.000 0.000 0.004 0.004 0.000 0.000
0.000 0.000 0.000 0.000 0.000 0.000 0.000 0.000 0.000 0.000 0.000 0.010 0.009 0.009 0.010 0.010 0.010 0.010 0.010 0.010 0.010 0.010 0.010 0.010 0.015 0.010 0.010 0.009 0.010 0.018 0.010 0.010 0.016 0.010 0.007 0.010 0.009 0.009 0.009 0.000 0.009 0.009 0.011 0.010 0.010 0.010 0.010 0.010 0.010 0.010 0.010 0.000 0.010 0.044 0.010 0.000 0.010 0.009 0.009 0.008 0.008 0.000 0.007 0.007 0.007 0.006 0.006 0.000 0.008 0.006 0.005 0.004 0.004 0.000 0.000 0.000 0.004
0.000 0.000 0.000 0.000 0.000 0.000 0.000 0.000 0.000 0.000 0.000 0.013 0.010 0.009 0.012 0.010 0.010 0.010 0.010 0.010 0.010 0.010 0.010 0.010 0.010 0.010 0.014 0.010 0.010 0.000 0.010 0.010 0.010 0.010 0.009 0.008 0.010 0.009 0.010 0.008 0.010 0.000 0.000 0.009 0.015 0.010 0.010 0.019 0.086 0.010 0.010 0.000 0.010 0.010 0.010 0.010 0.010 0.010 0.010 0.000 0.008 0.008 0.008 0.007 0.000 0.006 0.006 0.008 0.007 0.000 0.005 0.004 0.004 0.003 0.003 0.004 0.004
0.000 0.000 0.000 0.000 0.000 0.000 0.000 0.000 0.000 0.000 0.022 0.010 0.010 0.010 0.010 0.010 0.010 0.010 0.010 0.010 0.010 0.010 0.008 0.010 0.010 0.010 0.010 0.010 0.010 0.000 0.014 0.010 0.010 0.009 0.008 0.010 0.009 0.008 0.000 0.008 0.009 0.009 0.010 0.009 0.010 0.000 0.000 0.010 0.010 0.020 0.088 0.010 0.010 0.010 0.010 0.011 0.010 0.010 0.000 0.009 0.008 0.008 0.000 0.000 0.006 0.006 0.000 0.000 0.006 0.005 0.005 0.004 0.004 0.003 0.003 0.003 0.004
0.000 0.000 0.000 0.000 0.000 0.000 0.000 0.000 0.000 0.000 0.010 0.010 0.010 0.010 0.010 0.010 0.010 0.010 0.010 0.010 0.010 0.010 0.010 0.010 0.010 0.010 0.010 0.009 0.000 0.037 0.010 0.010 0.010 0.000 0.000 0.009 0.015 0.010 0.010 0.008 0.006 0.006 0.004 0.010 0.010 0.010 0.013 0.013 0.010 0.010 0.000 0.010 0.041 0.010 0.010 0.010 0.000 0.011 0.009 0.009 0.008 0.000 0.000 0.007 0.006 0.005 0.006 0.005 0.006 0.005 0.004 0.004 0.004 0.003 0.000 0.003 0.003
0.000 0.000 0.000 0.000 0.000 0.000 0.000 0.000 0.000 0.000 0.010 0.010 0.010 0.010 0.010 0.010 0.010 0.010 0.010 0.012 0.000 0.010 0.014 0.010 0.010 0.010 0.010 0.000 0.018 0.010 0.010 0.010 0.010 0.009 0.010 0.014 0.010 0.010 0.013 0.010 0.008 0.005 0.004 0.010 0.010 0.010 0.010 0.019 0.029 0.045 0.010 0.010 0.014 0.010 0.010 0.000 0.010 0.010 0.000 0.009 0.008 0.000 0.007 0.007 0.005 0.005 0.000 0.004 0.000 0.004 0.005 0.004 0.003 0.003 0.003 0.003 0.003
0.000 0.000 0.000 0.000 0.000 0.000 0.000 0.000 0.000 0.000 0.000 0.010 0.019 0.010 0.010 0.010 0.010 0.010 0.012 0.000 0.000 0.000 0.010 0.013 0.000 0.000 0.019 0.010 0.010 0.010 0.010 0.010 0.010 0.000 0.000 0.010 0.010 0.000 0.009 0.008 0.008 0.005 0.006 0.009 0.010 0.016 0.029 0.044 0.010 0.022 0.010 0.010 0.010 0.000 0.017 0.010 0.009 0.008 0.007 0.000 0.008 0.008 0.007 0.007 0.006 0.005 0.005 0.004 0.005 0.006 0.005 0.005 0.004 0.000 0.000 0.003 0.003
0.000 0.000 0.000 0.000 0.000 0.000 0.000 0.000 0.000 0.000 0.000 0.000 0.000 0.000 0.027 0.010 0.010 0.010 0.000 0.000 0.000 0.000 0.000 0.010 0.000 0.010 0.010 0.010 0.010 0.010 0.010 0.010 0.010 0.000 0.013 0.010 0.000 0.010 0.009 0.008 0.000 0.005 0.008 0.010 0.010 0.010 0.012 0.010 0.010 0.010 0.010 0.010 0.000 0.016 0.010 0.009 0.010 0.000 0.007 0.006 0.007 0.007 0.007 0.006 0.007 0.005 0.005 0.005 0.005 0.005 0.006 0.000 0.004 0.000 0.003 0.003 0.000
0.000 0.000 0.000 0.000 0.000 0.000 0.000 0.000 0.000 0.000 0.000 0.000 0.010 0.010 0.010 0.010 0.010 0.010 0.000 0.000 0.000 0.000 0.000 0.000 0.000 0.025 0.010 0.010 0.010 0.017 0.010 0.010 0.010 0.010 0.010 0.009 0.000 0.010 0.010 0.008 0.006 0.005 0.006 0.000 0.010 0.010 0.012 0.010 0.010 0.027 0.000 0.016 0.010 0.012 0.000 0.000 0.009 0.000 0.009 0.000 0.000 0.006 0.006 0.006 0.006 0.000 0.005 0.005 0.000 0.000 0.005 0.005 0.005 0.004 0.003 0.003 0.003
0.000 0.000 0.000 0.000 0.000 0.000 0.000 0.000 0.000 0.000 0.000 0.000 0.000 0.000 0.000 0.010 0.010 0.010 0.010 0.000 0.000 0.000 0.013 0.000 0.000 0.000 0.000 0.019 0.010 0.010 0.010 0.010 0.010 0.010 0.011 0.010 0.010 0.010 0.000 0.000 0.007 0.008 0.008 0.013 0.010 0.010 0.055 0.010 0.010 0.000 0.010 0.045 0.010 0.010 0.010 0.010 0.009 0.008 0.000 0.000 0.006 0.000 0.005 0.005 0.004 0.006 0.006 0.000 0.006 0.006 0.005 0.006 0.005 0.005 0.004 0.003 0.003
0.000 0.000 0.000 0.000 0.000 0.000 0.000 0.000 0.000 0.000 0.000 0.000 0.000 0.000 0.000 0.000 0.010 0.010 0.010 0.010 0.010 0.025 0.000 0.000 0.000 0.000 0.000 0.000 0.000 0.023 0.010 0.021 0.010 0.009 0.010 0.010 0.010 0.010 0.011 0.010 0.008 0.008 0.000 0.010 0.000 0.000 0.010 0.000 0.071 0.010 0.033 0.010 0.010 0.010 0.010 0.009 0.009 0.009 0.007 0.007 0.006 0.007 0.005 0.007 0.000 0.000 0.007 0.009 0.007 0.006 0.006 0.006 0.000 0.005 0.005 0.005 0.000
0.000 0.000 0.000 0.000 0.000 0.000 0.000 0.000 0.000 0.000 0.000 0.000 0.000 0.000 0.000 0.000 0.000 0.010 0.010 0.016 0.000 0.000 0.000 0.015 0.000 0.029 0.010 0.010 0.022 0.000 0.000 0.000 0.000 0.000 0.000 0.010 0.014 0.010 0.010 0.010 0.009 0.008 0.010 0.010 0.010 0.010 0.000 0.029 0.010 0.010 0.010 0.010 0.009 0.009 0.009 0.009 0.009 0.008 0.007 0.007 0.007 0.006 0.006 0.006 0.005 0.006 0.006 0.006 0.006 0.005 0.005 0.005 0.000 0.006 0.005 0.000 0.000
0.000 0.000 0.000 0.000 0.000 0.000 0.000 0.000 0.000 0.000 0.000 0.000 0.000 0.000 0.000 0.000 0.000 0.000 0.000 0.060 0.000 0.000 0.000 0.010 0.000 0.010 0.010 0.000 0.000 0.000 0.000 0.022 0.010 0.010 0.014 0.000 0.010 0.010 0.011 0.009 0.009 0.009 0.008 0.012 0.010 0.046 0.010 0.010 0.010 0.010 0.010 0.010 0.010 0.009 0.006 0.006 0.007 0.008 0.007 0.007 0.008 0.005 0.006 0.006 0.006 0.000 0.000 0.004 0.004 0.000 0.000 0.005 0.005 0.006 0.006 0.000 0.005
0.000 0.000 0.000 0.000 0.000 0.000 0.000 0.000 0.000 0.000 0.000 0.000 0.000 0.000 0.000 0.000 0.000 0.000 0.000 0.000 0.012 0.000 0.000 0.000 0.000 0.010 0.000 0.000 0.000 0.000 0.000 0.000 0.000 0.000 0.000 0.010 0.018 0.000 0.000 0.010 0.010 0.007 0.008 0.009 0.000 0.010 0.010 0.010 0.010 0.042 0.010 0.010 0.000 0.008 0.006 0.007 0.008 0.007 0.008 0.007 0.006 0.006 0.007 0.006 0.006 0.007 0.006 0.004 0.004 0.004 0.004 0.005 0.005 0.005 0.006 0.005 0.005
0.000 0.000 0.000 0.000 0.000 0.000 0.000 0.000 0.000 0.000 0.000 0.000 0.000 0.000 0.000 0.000 0.000 0.000 0.000 0.000 0.000 0.009 0.000 0.000 0.013 0.000 0.000 0.000 0.000 0.000 0.000 0.000 0.000 0.000 0.000 0.000 0.000 0.010 0.010 0.019 0.000 0.000 0.000 0.010 0.000 0.010 0.010 0.010 0.010 0.010 0.023 0.010 0.010 0.009 0.009 0.000 0.000 0.000 0.000 0.000 0.007 0.006 0.007 0.005 0.006 0.000 0.007 0.007 0.005 0.004 0.005 0.006 0.005 0.006 0.004 0.004 0.004
0.000 0.000 0.000 0.000 0.000 0.000 0.000 0.000 0.000 0.000 0.000 0.000 0.000 0.000 0.000 0.000 0.000 0.000 0.000 0.000 0.000 0.000 0.000 0.012 0.000 0.000 0.000 0.000 0.000 0.000 0.000 0.000 0.000 0.000 0.000 0.000 0.000 0.000 0.000 0.010 0.011 0.009 0.010 0.013 0.000 0.000 0.000 0.013 0.010 0.010 0.010 0.010 0.013 0.007 0.006 0.007 0.009 0.008 0.000 0.007 0.007 0.007 0.005 0.004 0.005 0.007 0.007 0.007 0.006 0.000 0.008 0.007 0.007 0.006 0.005 0.006 0.000
0.000 0.000 0.000 0.000 0.000 0.000 0.000 0.000 0.000 0.000 0.000 0.000 0.000 0.000 0.000 0.000 0.000 0.000 0.000 0.000 0.000 0.000 0.000 0.000 0.000 0.000 0.000 0.000 0.000 0.000 0.000 0.000 0.000 0.000 0.000 0.000 0.000 0.000 0.000 0.000 0.000 0.000 0.000 0.000 0.000 0.000 0.000 0.055 0.000 0.000 0.034 0.009 0.009 0.008 0.008 0.009 0.008 0.007 0.007 0.007 0.007 0.008 0.000 0.000 0.000 0.005 0.007 0.007 0.007 0.000 0.006 0.007 0.007 0.007 0.005 0.004 0.004
0.000 0.000 0.000 0.000 0.000 0.000 0.000 0.000 0.000 0.000 0.000 0.000 0.000 0.000 0.000 0.000 0.000 0.000 0.000 0.000 0.000 0.000 0.000 0.000 0.000 0.000 0.000 0.000 0.000 0.000 0.000 0.000 0.000 0.000 0.000 0.000 0.000 0.000 0.000 0.000 0.000 0.000 0.000 0.000 0.000 0.000 0.000 0.000 0.000 0.012 0.000 0.000 0.010 0.008 0.006 0.007 0.007 0.009 0.008 0.007 0.007 0.006 0.007 0.007 0.007 0.000 0.000 0.007 0.000 0.008 0.006 0.007 0.006 0.000 0.004 0.002 0.003
0.000 0.000 0.000 0.000 0.000 0.000 0.000 0.000 0.000 0.000 0.000 0.000 0.000 0.000 0.000 0.000 0.000 0.000 0.000 0.000 0.000 0.000 0.000 0.000 0.000 0.000 0.000 0.000 0.000 0.000 0.000 0.000 0.000 0.000 0.000 0.000 0.000 0.000 0.000 0.000 0.000 0.000 0.000 0.000 0.000 0.000 0.000 0.000 0.000 0.000 0.000 0.011 0.000 0.000 0.000 0.008 0.009 0.007 0.008 0.008 0.008 0.008 0.007 0.007 0.006 0.008 0.008 0.010 0.000 0.009 0.000 0.006 0.005 0.007 0.004 0.000 0.004
0.000 0.000 0.000 0.000 0.000 0.000 0.000 0.000 0.000 0.000 0.000 0.000 0.000 0.000 0.000 0.000 0.000 0.000 0.000 0.000 0.000 0.000 0.000 0.000 0.000 0.000 0.000 0.000 0.000 0.000 0.000 0.000 0.000 0.000 0.000 0.000 0.000 0.000 0.000 0.000 0.000 0.000 0.000 0.000 0.000 0.000 0.000 0.000 0.000 0.000 0.000 0.000 0.000 0.000 0.009 0.009 0.000 0.000 0.000 0.000 0.008 0.007 0.007 0.007 0.009 0.008 0.006 0.008 0.010 0.009 0.008 0.009 0.000 0.000 0.006 0.005 0.000
0.000 0.000 0.000 0.000 0.000 0.000 0.000 0.000 0.000 0.000 0.000 0.000 0.000 0.000 0.000 0.000 0.000 0.000 0.000 0.000 0.000 0.000 0.000 0.000 0.000 0.000 0.000 0.000 0.000 0.000 0.000 0.000 0.000 0.000 0.000 0.000 0.000 0.000 0.000 0.000 0.000 0.000 0.000 0.000 0.000 0.000 0.000 0.000 0.000 0.000 0.000 0.000 0.000 0.000 0.000 0.000 0.000 0.000 0.000 0.009 0.000 0.000 0.000 0.000 0.007 0.007 0.008 0.010 0.009 0.008 0.008 0.008 0.007 0.008 0.000 0.007 0.006
0.000 0.000 0.000 0.000 0.000 0.000 0.000 0.000 0.000 0.000 0.000 0.000 0.000 0.000 0.000 0.000 0.000 0.000 0.000 0.000 0.000 0.000 0.000 0.000 0.000 0.000 0.000 0.000 0.000 0.000 0.000 0.000 0.000 0.000 0.000 0.000 0.000 0.000 0.000 0.000 0.000 0.000 0.000 0.000 0.000 0.000 0.000 0.000 0.000 0.000 0.000 0.000 0.000 0.000 0.000 0.000 0.000 0.000 0.000 0.000 0.000 0.000 0.009 0.009 0.000 0.000 0.000 0.008 0.009 0.008 0.008 0.009 0.008 0.007 0.008 0.007 0.000
0.000 0.000 0.000 0.000 0.000 0.000 0.000 0.000 0.000 0.000 0.000 0.000 0.000 0.000 0.000 0.000 0.000 0.000 0.000 0.000 0.000 0.000 0.000 0.000 0.000 0.000 0.000 0.000 0.000 0.000 0.000 0.000 0.000 0.000 0.000 0.000 0.000 0.000 0.000 0.000 0.000 0.000 0.000 0.000 0.000 0.000 0.000 0.000 0.000 0.000 0.000 0.000 0.000 0.000 0.000 0.000 0.000 0.000 0.000 0.000 0.000 0.000 0.000 0.000 0.000 0.009 0.010 0.000 0.000 0.011 0.009 0.006 0.009 0.009 0.007 0.009 0.008
0.000 0.000 0.000 0.000 0.000 0.000 0.000 0.000 0.000 0.000 0.000 0.000 0.000 0.000 0.000 0.000 0.000 0.000 0.000 0.000 0.000 0.000 0.000 0.000 0.000 0.000 0.000 0.000 0.000 0.000 0.000 0.000 0.000 0.000 0.000 0.000 0.000 0.000 0.000 0.000 0.000 0.000 0.000 0.000 0.000 0.000 0.000 0.000 0.000 0.000 0.000 0.000 0.000 0.000 0.000 0.000 0.000 0.000 0.000 0.000 0.000 0.000 0.000 0.000 0.000 0.000 0.000 0.000 0.000 0.000 0.000 0.000 0.008 0.007 0.010 0.009 0.008
0.000 0.000 0.000 0.000 0.000 0.000 0.000 0.000 0.000 0.000 0.000 0.000 0.000 0.000 0.000 0.000 0.000 0.000 0.000 0.000 0.000 0.000 0.000 0.000 0.000 0.000 0.000 0.000 0.000 0.000 0.000 0.000 0.000 0.000 0.000 0.000 0.000 0.000 0.000 0.000 0.000 0.000 0.000 0.000 0.000 0.000 0.000 0.000 0.000 0.000 0.000 0.000 0.000 0.000 0.000 0.000 0.000 0.000 0.000 0.000 0.000 0.000 0.000 0.000 0.000 0.000 0.000 0.000 0.000 0.000 0.000 0.000 0.000 0.000 0.008 0.008 0.009
