hx_30m/njhx/rain/result.totaltm
ncols         211
nrows         286
xllcorner     660279.582600
yllcorner     3541874.325092
cellsize      30.000000
NODATA_value  -9999.000000
[rows 136 to 169 of 286, columns 77 to 153 of 211]
0.285 0.374 0.482 0.532 0.574 0.267 0.141 0.522 0.105 0.235 0.162 0.307 0.598 0.776 2.571 3.219 0.161 0.326 0.055 1.223 0.258 0.727 0.319 0.129 0.205 0.199 0.385 2.221 0.191 0.386 0.598 0.477 3.711 2.252 0.133 0.023 12.707 0.194 0.472 0.859 0.747 0.466 0.284 0.086 0.295 0.536 0.718 0.848 0.694 2.515 3.429 0.000 2.129 0.075 0.063 0.000 0.097 0.000 0.000 0.000 0.000 0.476 0.000 0.000 0.137 0.886 0.000 0.507 1.738 0.000 0.000 0.000 0.000 0.293 0.400 3.679 0.000
0.023 0.014 0.074 0.123 0.234 0.043 0.262 0.029 0.184 0.484 2.121 0.004 0.098 0.016 0.378 0.075 0.014 0.112 0.018 0.022 0.255 0.051 0.742 3.471 0.852 3.014 0.399 0.049 0.027 0.000 0.000 0.060 0.000 0.000 0.178 0.042 12.538 0.089 0.231 0.000 0.000 0.234 0.000 0.000 0.231 0.894 0.000 0.449 0.000 0.567 0.167 0.171 0.900 0.210 0.309 0.177 0.071 0.256 0.000 0.000 0.000 0.000 0.325 0.122 0.074 0.821 0.000 0.000 1.033 0.124 0.496 0.000 0.630 0.000 0.000 0.000 0.000
0.008 0.000 0.000 0.000 0.000 0.000 0.000 0.000 0.039 0.262 0.012 0.000 0.000 0.000 0.000 0.000 1.393 0.088 0.052 0.000 0.000 0.079 0.804 0.159 0.659 0.125 0.050 0.173 0.347 0.000 0.000 0.035 0.000 0.000 0.000 0.036 15.099 0.159 0.000 0.229 0.105 0.403 0.975 0.332 0.379 13.713 0.000 0.160 0.000 0.075 0.139 0.017 0.173 0.000 0.000 0.161 1.072 0.080 0.068 1.022 0.000 0.000 0.264 0.212 0.663 0.733 0.387 0.337 0.058 0.103 0.033 0.131 0.099 0.996 0.061 0.000 0.597
0.019 0.008 0.254 0.206 0.075 0.055 0.219 0.057 0.011 0.379 0.000 0.000 0.000 0.048 0.265 0.000 0.000 13.095 13.793 0.091 3.447 0.044 0.633 0.117 0.052 0.100 0.248 0.193 0.000 0.000 0.351 0.352 0.000 0.000 0.000 0.233 0.686 0.019 13.766 0.136 0.000 0.000 0.303 0.272 0.000 0.596 0.000 0.312 0.082 0.092 0.224 0.069 0.377 0.057 0.000 0.000 0.000 0.000 0.000 0.056 0.092 0.336 1.502 0.180 3.044 0.149 0.000 0.262 0.079 0.000 0.022 0.005 0.334 0.058 0.054 0.218 0.321
2.343 0.131 0.223 0.164 0.230 0.697 0.181 0.269 2.142 1.844 0.023 0.018 0.024 0.038 0.019 0.030 0.056 0.011 0.000 0.077 0.058 0.049 0.679 0.244 0.511 0.156 1.844 2.889 0.000 0.000 0.000 1.192 0.000 0.000 0.000 0.600 0.908 0.099 0.323 1.508 0.000 0.000 0.007 0.604 0.320 0.562 0.000 0.135 0.107 0.205 0.350 0.378 0.251 0.148 0.121 0.000 0.000 0.000 0.000 0.000 0.000 0.000 0.000 0.000 0.036 0.000 0.000 0.320 0.416 11.913 12.778 12.773 0.000 12.777 0.378 0.144 0.168
0.039 0.000 0.000 2.858 0.000 0.000 0.192 0.019 0.212 2.511 0.108 12.806 15.128 0.438 0.118 0.253 0.000 0.000 13.794 0.069 0.439 0.067 0.580 0.011 0.228 1.364 1.043 7.348 0.000 0.000 0.000 0.574 0.000 0.000 0.000 0.598 0.889 0.033 0.081 0.337 0.026 0.010 0.000 0.980 0.000 0.115 0.268 0.107 0.076 0.059 0.000 0.000 0.006 0.000 0.778 0.000 0.000 0.000 0.000 0.000 0.000 0.000 0.000 0.000 0.045 0.062 0.000 0.000 1.127 12.779 12.517 12.782 0.400 0.000 12.774 0.196 0.368
5.917 0.102 0.555 0.750 4.496 0.783 0.223 0.091 0.350 0.065 13.802 0.511 13.860 0.243 13.806 0.041 13.790 0.161 0.310 0.168 13.800 0.101 0.644 0.229 0.061 0.178 1.473 1.565 0.000 0.379 0.100 0.203 0.310 0.107 0.000 0.804 0.151 1.728 0.033 0.000 1.453 0.700 0.000 0.000 0.000 0.000 0.000 0.230 0.000 0.028 0.067 0.379 0.000 2.006 0.000 0.000 0.000 0.000 0.000 1.715 0.524 5.609 0.000 0.000 0.000 0.000 0.000 0.767 0.896 12.786 12.619 0.460 0.384 12.781 0.168 0.000 0.114
0.049 0.059 0.475 0.404 1.223 0.295 0.949 0.042 0.558 0.605 0.048 0.104 0.187 13.795 0.087 0.252 0.084 0.420 13.782 0.203 12.772 0.122 0.527 0.563 0.459 0.085 1.075 0.775 0.964 0.000 0.000 0.000 0.000 0.000 0.218 0.845 0.418 0.242 0.000 1.059 0.130 0.000 13.731 0.000 0.000 0.000 0.099 0.176 0.000 0.000 0.455 1.352 1.114 1.383 0.000 0.010 0.001 0.025 0.000 0.190 0.000 0.721 0.051 0.616 0.615 0.000 0.000 0.508 0.923 12.776 0.267 0.574 0.000 0.000 12.772 1.024 0.841
0.194 0.175 0.051 0.028 0.244 0.629 0.000 0.050 0.895 0.311 0.051 0.088 0.186 0.296 0.000 0.000 0.000 0.000 0.090 0.572 13.789 0.110 2.323 0.632 0.287 13.804 0.082 0.479 0.551 1.391 0.746 1.093 0.673 0.649 1.427 0.961 0.458 0.610 1.626 0.158 0.194 13.733 0.277 13.714 0.000 1.853 0.439 12.818 0.521 12.817 0.313 0.609 0.366 0.381 0.527 0.120 0.328 12.809 0.195 12.803 0.000 0.000 0.000 0.000 0.068 0.000 0.000 0.000 0.471 12.791 4.425 0.237 0.000 1.634 0.000 0.858 0.000
0.218 0.073 0.048 0.051 0.054 0.073 0.000 0.011 3.163 0.525 0.156 0.361 0.267 0.287 0.096 0.145 0.144 0.187 0.238 0.087 0.490 0.256 0.419 0.066 0.637 0.490 0.295 13.782 0.506 0.192 0.361 0.460 3.842 0.141 0.216 0.676 0.922 0.000 0.286 0.511 1.088 0.529 13.723 0.808 0.000 0.166 0.375 0.547 0.292 0.090 0.589 0.667 0.347 0.243 5.318 0.646 0.541 0.272 0.154 12.807 0.478 0.000 0.000 0.000 1.892 0.000 0.000 0.000 0.262 1.306 2.392 0.000 12.793 12.789 12.676 0.691 4.407
0.670 0.714 0.823 0.498 0.206 0.150 0.000 0.000 0.531 0.261 0.078 0.432 0.510 0.358 0.393 0.376 0.265 0.162 0.241 0.126 13.780 0.060 0.487 0.176 0.351 0.167 0.072 0.080 1.460 0.328 0.610 0.388 13.741 0.124 0.648 0.763 0.419 0.764 0.227 0.466 0.164 0.240 0.016 0.711 0.654 0.031 0.518 0.000 0.000 0.000 3.178 0.033 0.008 0.022 8.025 0.000 0.000 12.818 0.191 12.564 0.000 0.000 0.000 0.000 0.347 0.479 0.000 0.000 0.000 0.160 1.205 0.000 1.005 3.071 0.551 0.000 0.000
0.077 0.063 0.852 0.351 0.160 0.426 0.507 3.536 0.372 0.059 13.764 0.384 0.716 0.414 0.311 0.434 0.697 0.257 0.229 1.100 0.678 0.207 0.479 0.328 3.566 0.000 0.235 0.442 0.439 0.575 0.176 0.184 0.232 0.025 0.161 0.618 1.857 0.738 1.237 0.491 13.699 0.120 0.085 0.133 0.558 0.098 0.282 0.579 0.398 0.185 0.706 0.114 0.050 0.063 0.000 0.000 0.000 0.378 12.817 0.000 0.000 12.801 12.675 0.000 0.286 0.000 0.373 0.000 0.000 0.000 0.000 0.000 0.281 0.000 0.887 0.000 0.140
13.728 0.249 0.148 0.358 0.661 13.772 0.184 0.085 0.330 0.190 0.549 0.215 0.456 0.761 0.534 0.420 0.879 0.749 0.752 0.656 0.103 1.323 0.989 0.170 0.087 0.247 0.186 0.156 0.061 0.336 2.635 0.779 0.577 0.374 1.032 0.062 0.008 1.180 0.642 0.667 1.017 0.408 0.072 13.702 0.360 0.239 0.000 0.454 0.087 0.000 12.814 0.000 0.026 0.000 12.805 0.524 0.268 0.249 0.719 0.000 12.808 0.325 2.091 0.000 0.251 0.000 0.000 0.366 0.000 0.000 0.000 0.000 0.000 0.087 0.444 0.000 1.019
0.000 13.739 0.505 0.666 0.368 0.295 0.160 1.241 0.048 0.466 0.323 13.753 0.915 1.030 0.823 0.729 0.529 0.962 1.002 0.651 0.559 0.282 0.154 0.225 0.238 2.431 0.739 0.620 0.660 1.507 1.307 0.732 0.086 0.312 0.162 0.078 0.229 0.054 1.223 13.711 0.383 0.094 0.505 0.000 0.000 1.095 0.210 0.000 0.000 0.179 0.163 0.375 0.311 0.217 0.180 0.419 0.095 0.078 0.315 0.000 0.390 0.696 0.133 2.991 0.090 1.655 0.000 0.033 0.000 0.000 0.568 5.031 0.000 0.043 0.000 0.000 0.000
0.254 0.127 0.118 0.555 0.091 0.505 0.214 0.696 0.309 0.640 12.699 12.987 13.034 1.015 0.822 0.572 0.111 1.230 2.109 13.778 0.641 0.243 0.098 4.699 1.393 1.165 0.561 0.510 0.339 0.667 0.682 13.743 0.308 0.257 0.137 0.862 0.916 0.930 1.265 0.943 1.128 0.963 0.389 0.196 0.241 0.000 0.000 0.000 0.000 0.038 0.000 0.039 0.148 0.264 0.178 0.437 0.570 0.285 0.425 0.339 0.074 0.159 0.000 0.227 0.369 0.229 0.395 0.000 0.000 0.000 0.000 0.000 0.000 0.138 0.059 0.000 0.000
0.307 0.112 1.229 1.042 0.167 0.186 0.325 0.253 0.101 0.233 0.453 0.599 12.708 0.149 0.229 0.094 0.381 1.558 1.926 1.011 13.777 0.588 0.178 1.213 0.410 0.000 0.000 0.000 0.000 0.000 0.528 0.367 0.309 0.621 0.177 0.717 0.587 0.052 0.208 0.469 0.460 0.156 0.000 0.000 0.000 2.525 0.147 0.000 0.000 0.061 0.041 0.050 8.436 12.806 12.805 0.713 0.377 0.272 0.188 0.132 0.153 0.093 0.072 0.036 0.000 0.162 0.078 0.000 0.000 0.000 0.000 0.000 1.463 0.149 0.000 0.000 0.000
13.739 12.649 1.086 0.709 0.619 0.228 0.186 1.692 0.070 0.279 0.697 0.264 0.128 0.626 0.180 0.222 0.224 0.992 1.508 0.942 0.381 0.353 0.948 0.083 0.448 0.000 0.000 0.000 0.000 0.000 0.000 0.344 1.301 0.579 0.115 1.008 0.105 0.104 0.120 0.302 0.326 0.425 5.927 1.756 0.832 0.288 0.542 0.000 0.409 1.373 0.085 12.818 0.000 12.617 0.302 0.027 0.178 0.232 0.096 0.205 0.186 0.116 1.449 0.487 0.228 0.455 0.292 0.010 0.025 0.749 0.000 0.000 0.000 0.168 0.000 2.802 0.000
0.195 13.746 0.876 1.142 0.441 13.742 0.110 0.086 0.332 1.399 0.859 0.314 0.186 0.933 0.252 0.182 0.289 1.314 1.468 0.731 0.935 0.247 0.165 0.118 0.308 0.000 0.000 0.000 0.000 0.000 0.000 1.009 0.653 0.230 0.069 3.969 0.058 0.044 0.292 0.391 0.206 0.113 0.034 0.016 0.018 0.017 0.014 0.099 0.725 1.561 5.214 0.251 0.405 0.317 3.158 0.274 0.310 0.387 0.049 2.122 0.062 0.287 0.004 0.124 2.189 0.115 0.000 0.242 0.104 0.117 0.418 0.000 0.000 0.054 0.000 0.000 0.193
0.686 0.719 0.767 0.447 0.412 12.631 0.142 0.114 0.189 0.372 1.134 0.833 1.052 0.381 0.526 0.311 13.102 1.833 1.615 0.767 1.041 0.531 0.766 0.204 0.406 0.213 0.230 0.188 0.162 0.000 0.461 0.587 0.313 0.285 0.173 0.089 0.067 0.054 0.060 0.374 3.035 0.930 0.222 0.290 2.326 0.690 0.493 0.345 0.083 0.082 0.090 0.024 0.356 0.174 0.696 0.821 0.935 0.391 0.225 0.058 0.254 0.129 0.000 0.000 0.000 0.342 0.000 0.000 0.000 0.152 0.156 0.000 3.358 0.248 0.137 0.000 0.000
0.517 1.070 0.333 0.566 0.194 0.554 0.772 0.395 0.117 0.148 0.129 0.388 0.432 0.511 0.724 13.759 13.135 13.072 0.114 0.716 0.620 0.170 0.540 0.388 0.516 0.701 0.339 0.768 0.623 0.702 0.423 0.784 0.721 0.450 0.055 13.917 9.453 0.509 0.812 0.832 0.773 0.563 0.759 0.344 0.115 0.202 0.124 0.592 0.050 0.094 0.254 0.556 0.408 0.422 2.289 0.225 0.857 12.788 0.585 0.488 0.000 0.000 0.000 0.000 0.000 0.216 0.000 0.000 0.000 0.000 0.000 0.000 0.421 2.160 0.433 0.268 2.990
0.000 0.523 12.442 12.886 13.712 0.774 0.044 0.080 0.166 0.226 0.180 13.751 12.603 12.736 13.027 13.751 13.758 13.259 0.051 0.404 13.758 0.962 0.681 0.188 0.781 3.772 1.760 0.913 0.862 0.811 0.530 0.377 0.096 0.154 0.104 0.155 8.911 0.176 0.338 0.559 0.115 0.311 0.050 0.488 0.229 0.726 0.748 0.836 12.693 12.812 12.618 0.000 0.000 0.650 0.346 0.000 0.000 0.000 0.000 0.000 0.000 0.000 0.000 0.000 0.000 0.070 0.000 0.000 0.000 0.000 0.000 0.000 0.217 0.000 0.000 0.000 0.204
13.721 13.717 12.537 0.515 0.408 0.353 0.169 0.159 12.911 13.739 13.746 13.753 12.706 0.232 12.666 13.753 13.752 0.912 0.272 0.158 13.754 0.172 0.071 0.031 0.208 0.080 0.095 0.133 0.185 0.711 0.610 0.392 3.291 0.340 0.153 0.108 6.137 0.050 0.030 0.342 0.000 0.397 0.125 13.783 0.706 0.000 0.000 0.000 0.000 0.000 0.000 0.000 0.000 2.525 0.609 0.234 0.095 0.000 0.172 0.000 0.001 0.000 0.216 0.000 0.000 0.345 0.000 0.000 0.000 0.000 0.000 0.000 0.177 0.233 0.035 0.000 0.524
0.440 0.689 0.397 0.188 0.143 0.322 0.419 0.741 12.677 12.906 12.408 12.748 12.717 12.503 13.757 13.754 12.454 0.158 0.188 12.587 12.589 0.349 0.371 0.081 0.548 0.000 0.000 0.000 0.000 0.000 0.000 0.847 0.996 5.507 0.215 0.013 10.248 0.029 0.000 0.000 0.000 0.583 0.612 0.000 0.000 0.270 0.493 0.313 0.000 0.000 0.000 0.000 0.366 0.179 0.299 0.000 0.333 0.040 0.088 0.188 0.059 0.000 0.000 0.000 0.000 0.208 0.000 0.237 0.215 0.000 0.000 0.000 0.000 0.000 0.272 0.402 0.000
0.109 0.569 0.059 0.235 0.341 1.630 0.725 0.242 12.505 12.504 12.397 0.883 1.076 0.480 0.238 0.464 0.283 0.893 13.748 2.299 0.991 0.717 0.988 0.000 0.000 0.000 0.000 0.000 0.000 0.000 0.654 0.769 0.811 1.209 0.047 0.057 11.518 0.011 0.525 0.000 0.569 0.059 1.034 0.000 0.374 0.542 0.508 0.392 0.734 0.000 0.000 0.483 0.000 0.251 0.000 0.082 0.434 6.544 2.749 0.000 0.445 1.758 0.000 0.000 0.000 0.248 0.000 0.000 0.673 0.292 0.000 0.000 0.000 0.000 0.000 0.000 0.000
0.233 0.399 0.286 0.776 0.726 0.918 0.775 0.074 0.545 12.426 13.732 0.056 0.983 0.106 0.606 0.157 0.218 1.481 0.270 0.595 0.253 1.457 0.843 0.000 0.000 0.000 0.000 0.000 0.000 0.000 0.000 1.090 0.456 0.693 0.057 0.048 0.385 0.011 13.692 0.042 0.023 0.138 0.631 0.000 13.822 0.000 0.545 12.879 13.706 0.791 0.639 1.173 0.958 1.017 0.000 0.033 1.442 12.690 5.951 0.000 0.000 0.217 0.000 0.244 0.125 0.247 0.000 0.000 0.000 0.000 0.000 0.000 0.000 0.006 0.000 0.000 0.000
0.592 1.165 0.233 0.182 0.083 0.381 0.301 0.100 0.141 12.493 0.042 0.213 13.748 0.906 0.994 0.382 0.337 2.370 1.898 2.130 1.842 1.865 1.128 0.000 0.000 0.000 0.000 0.000 0.000 0.000 0.000 0.000 0.000 0.791 0.397 0.181 0.256 0.017 0.093 13.703 12.420 0.721 13.785 0.088 12.766 0.000 0.000 0.000 0.160 0.525 0.476 1.025 0.029 0.935 0.689 0.874 0.710 0.000 0.346 0.316 0.131 0.688 0.000 12.744 0.403 0.225 0.000 0.000 0.041 0.000 0.000 0.000 0.000 0.000 0.000 0.000 0.066
0.353 0.000 0.297 0.198 0.097 0.200 0.473 0.106 0.066 13.713 12.787 1.248 12.712 12.757 2.212 2.039 13.750 12.769 1.532 1.000 0.648 2.639 0.164 0.000 0.000 0.000 0.000 0.000 0.000 0.000 0.000 0.000 0.000 0.282 0.839 0.344 0.232 0.035 0.188 12.670 12.650 0.719 0.000 0.000 12.616 0.283 0.534 0.271 0.675 0.000 0.000 0.000 0.478 0.557 12.784 0.000 0.000 0.000 0.000 0.334 0.176 0.463 0.000 0.000 12.740 0.084 0.000 0.000 0.000 0.000 0.000 0.000 0.000 0.000 0.000 0.000 0.159
0.845 0.532 0.410 0.197 0.129 0.503 0.479 0.142 0.057 1.225 13.721 1.256 0.147 0.237 0.522 13.752 13.759 1.574 0.334 1.482 13.778 0.317 0.275 0.115 0.191 0.387 0.000 0.000 0.000 0.000 0.000 0.000 0.000 0.360 0.841 0.405 0.065 0.157 0.071 13.695 12.496 0.000 0.000 0.526 0.801 0.000 0.000 0.000 0.786 0.306 0.236 0.000 0.579 1.823 0.000 0.000 0.000 0.000 0.000 0.000 0.000 0.297 0.242 0.060 0.000 0.000 0.000 0.000 0.000 0.000 0.000 0.000 0.000 0.000 0.000 3.441 12.593
2.822 0.592 10.372 0.991 0.147 0.055 1.213 1.147 0.942 0.381 0.120 0.190 0.174 0.072 0.131 0.125 0.158 0.134 0.180 0.526 0.765 0.288 0.216 0.171 0.227 0.136 0.055 0.210 0.192 0.000 0.234 0.105 0.134 0.192 0.665 0.555 0.232 0.113 0.097 0.559 13.681 0.945 0.821 0.267 0.473 0.616 0.586 0.715 0.857 0.399 3.812 0.000 1.987 0.094 0.176 0.108 0.000 0.000 0.000 0.000 0.000 0.014 0.000 0.019 0.884 0.160 0.000 1.887 0.000 0.468 0.302 0.091 0.000 0.348 14.238 9.340 14.732
0.514 0.000 0.000 0.000 4.648 2.622 3.819 0.000 0.186 0.165 0.052 0.232 0.038 0.099 0.016 0.205 0.021 0.031 0.184 0.060 0.259 0.406 0.215 0.227 0.231 0.197 1.518 0.283 0.345 0.419 0.283 12.701 3.365 0.715 0.706 0.555 0.478 0.099 0.442 0.205 0.362 0.068 0.876 0.362 0.359 0.000 0.000 0.000 0.060 0.492 0.199 0.289 0.372 0.204 0.835 0.000 0.000 0.000 0.000 0.389 0.000 0.000 0.000 0.000 2.928 0.121 0.000 0.000 0.000 0.000 0.221 0.000 0.000 0.000 11.154 13.878 0.000
0.134 0.399 0.692 0.069 0.010 4.569 0.074 0.033 0.026 0.114 0.029 0.249 0.542 0.183 0.190 0.111 0.109 0.487 1.683 0.096 0.016 0.212 0.050 0.000 0.000 0.071 0.130 0.021 0.088 0.000 0.000 0.000 0.112 0.000 0.000 0.227 1.534 0.217 0.035 0.337 0.527 0.542 0.911 0.645 0.836 0.214 0.015 0.028 3.112 0.157 0.000 0.000 0.021 0.679 0.000 0.162 3.201 0.181 0.000 0.166 0.000 0.000 0.000 0.000 1.166 0.000 0.000 0.000 0.000 0.000 0.000 0.000 0.000 0.000 0.000 4.595 0.000
0.042 0.081 0.013 0.002 0.041 4.766 0.893 0.021 0.018 0.501 0.057 0.036 0.069 0.012 0.031 0.177 6.367 0.498 0.130 0.029 0.010 0.258 0.100 0.391 0.871 0.086 0.379 0.007 0.000 0.092 0.223 0.000 0.181 0.215 0.000 0.107 0.182 0.150 0.175 0.397 0.700 0.510 0.800 0.734 0.451 0.349 0.048 0.391 0.366 0.041 0.036 0.052 1.314 0.000 0.000 0.000 0.108 0.000 0.000 0.134 0.105 0.000 0.000 0.131 0.451 0.241 0.600 0.228 0.000 0.000 0.000 0.000 0.000 0.000 0.250 4.139 1.951
0.029 5.579 2.141 1.314 0.983 13.680 0.006 0.147 0.708 0.006 0.008 0.045 0.165 0.051 0.428 0.232 0.181 0.468 0.000 0.000 0.014 0.235 0.010 0.278 1.677 0.226 0.000 0.162 0.330 1.339 0.172 0.262 0.065 0.743 0.428 0.279 2.524 0.197 0.236 0.189 0.823 0.353 0.076 0.090 0.226 0.182 0.081 0.489 0.176 0.315 0.000 0.081 0.529 0.281 0.000 0.285 0.000 0.000 0.000 0.034 0.170 0.207 0.000 0.056 0.000 0.024 0.238 0.000 0.000 0.000 0.000 0.000 0.000 0.000 0.292 0.000 0.038
0.071 0.128 0.000 0.000 0.039 12.157 0.003 0.109 0.158 0.565 0.492 0.008 13.366 0.064 0.852 3.827 0.255 0.197 0.250 0.034 0.071 1.117 0.000 0.260 0.000 0.000 0.000 0.719 0.000 0.000 0.000 0.000 0.000 12.806 0.120 0.000 0.055 0.178 0.077 0.173 0.605 0.102 0.467 0.278 12.443 13.683 0.106 0.113 0.448 0.000 0.000 12.808 0.000 0.520 0.000 0.155 0.000 0.000 0.000 0.010 0.000 0.088 0.000 0.000 0.215 0.000 0.000 0.000 0.932 0.000 0.050 0.000 0.000 0.000 0.000 0.000 0.000
