hx_30m/njhx/rain/result-0043.wd
ncols         211
nrows         286
xllcorner     660279.582600
yllcorner     3541874.325092
cellsize      30.000000
NODATA_value  -9999.000000
[rows 170 to 203 of 286, columns 0 to 76 of 211]
0.000 0.000 0.000 0.000 0.000 0.000 0.000 0.000 0.000 0.000 0.000 0.000 0.000 0.000 0.000 0.000 0.000 0.000 0.000 0.000 0.000 0.000 0.000 0.000 0.000 0.000 0.000 0.000 0.000 0.000 0.000 0.000 0.000 0.209 0.010 0.010 0.010 0.010 0.010 0.010 0.010 0.010 0.283 0.010 0.003 0.003 0.003 0.003 0.000 0.010 0.010 0.106 0.004 0.004 0.000 0.001 0.002 0.010 0.000 0.010 0.003 0.002 0.006 0.003 0.068 0.010 0.010 0.003 0.010 0.010 0.006 0.003 0.002 0.003 0.003 0.000 0.000
0.000 0.000 0.000 0.000 0.000 0.000 0.000 0.000 0.000 0.000 0.000 0.000 0.000 0.000 0.000 0.000 0.000 0.000 0.000 0.000 0.000 0.000 0.000 0.000 0.000 0.000 0.000 0.000 0.000 0.000 0.000 0.000 0.000 0.010 0.010 0.010 0.010 0.010 0.010 0.010 0.010 0.010 0.010 0.010 0.003 0.010 0.010 0.010 0.244 0.427 0.000 0.010 0.000 0.000 0.001 0.001 0.002 0.006 0.000 0.010 0.010 0.000 0.004 0.119 0.010 0.010 0.010 0.429 0.539 0.010 0.009 0.003 0.004 0.003 0.003 0.008 0.010
0.000 0.000 0.000 0.000 0.000 0.000 0.000 0.000 0.000 0.000 0.000 0.000 0.000 0.000 0.000 0.000 0.000 0.000 0.000 0.000 0.000 0.000 0.000 0.000 0.000 0.000 0.000 0.000 0.000 0.000 0.000 0.000 0.145 0.010 0.010 0.010 0.010 0.010 0.010 0.010 0.043 0.000 0.010 0.010 0.002 0.010 0.003 0.355 0.317 0.010 0.003 0.000 0.009 0.000 0.002 0.010 0.010 0.010 0.010 0.010 0.007 0.002 0.002 0.010 0.010 0.010 0.530 0.498 0.531 0.123 0.049 0.010 0.004 0.026 0.117 0.112 0.010
0.000 0.000 0.000 0.000 0.000 0.000 0.000 0.000 0.000 0.000 0.000 0.000 0.000 0.000 0.000 0.000 0.000 0.000 0.000 0.000 0.000 0.000 0.000 0.000 0.000 0.000 0.000 0.000 0.000 0.000 0.000 0.000 0.010 0.010 0.010 0.010 0.010 0.010 0.010 0.065 0.000 0.059 0.010 0.003 0.002 0.010 0.067 0.417 0.436 0.010 0.002 0.000 0.000 0.000 0.001 0.001 0.002 0.022 0.002 0.010 0.002 0.002 0.010 0.010 0.010 0.000 0.566 0.493 0.433 0.010 0.196 0.079 0.010 0.010 0.014 0.262 0.010
0.000 0.000 0.000 0.000 0.000 0.000 0.000 0.000 0.000 0.000 0.000 0.000 0.000 0.000 0.000 0.000 0.000 0.000 0.000 0.000 0.000 0.000 0.000 0.000 0.000 0.000 0.000 0.000 0.000 0.000 0.000 0.000 0.010 0.009 0.010 0.112 0.010 0.010 0.139 0.010 0.010 0.010 0.010 0.005 0.010 0.003 0.003 0.162 0.010 0.002 0.006 0.010 0.010 0.062 0.212 0.001 0.002 0.000 0.003 0.004 0.004 0.004 0.010 0.320 0.000 0.252 0.494 0.401 0.010 0.010 0.010 0.089 0.032 0.048 0.212 0.062 0.010
0.000 0.000 0.000 0.000 0.000 0.000 0.000 0.000 0.000 0.000 0.000 0.000 0.000 0.000 0.000 0.000 0.000 0.000 0.000 0.000 0.000 0.000 0.027 0.000 0.000 0.000 0.000 0.000 0.000 0.000 0.000 0.069 0.009 0.010 0.010 0.010 0.010 0.010 0.010 0.010 0.010 0.083 0.004 0.003 0.010 0.002 0.005 0.010 0.010 0.002 0.010 0.015 0.000 0.010 0.151 0.182 0.000 0.003 0.000 0.002 0.001 0.010 0.010 0.000 0.200 0.079 0.217 0.394 0.010 0.010 0.010 0.158 0.010 0.010 0.000 0.010 0.000
0.000 0.000 0.000 0.000 0.000 0.000 0.000 0.000 0.000 0.000 0.000 0.000 0.000 0.000 0.000 0.000 0.000 0.000 0.000 0.000 0.000 0.000 0.000 0.000 0.000 0.000 0.000 0.000 0.000 0.000 0.000 0.010 0.010 0.083 0.010 0.010 0.010 0.039 0.094 0.010 0.010 0.010 0.003 0.005 0.002 0.003 0.005 0.010 0.003 0.010 0.000 0.073 0.000 0.010 0.027 0.199 0.010 0.010 0.011 0.001 0.010 0.010 0.010 0.119 0.010 0.010 0.010 0.010 0.010 0.010 0.010 0.010 0.000 0.010 0.086 0.010 0.032
0.000 0.000 0.000 0.000 0.000 0.000 0.000 0.000 0.000 0.000 0.000 0.000 0.000 0.000 0.000 0.000 0.000 0.000 0.000 0.000 0.000 0.000 0.000 0.000 0.000 0.000 0.000 0.000 0.000 0.000 0.184 0.010 0.010 0.010 0.010 0.010 0.010 0.010 0.000 0.010 0.010 0.015 0.002 0.010 0.004 0.010 0.003 0.010 0.002 0.027 0.019 0.010 0.010 0.258 0.128 0.010 0.010 0.010 0.010 0.000 0.010 0.211 0.010 0.010 0.010 0.010 0.010 0.010 0.000 0.010 0.010 0.010 0.000 0.010 0.010 0.010 0.010
0.000 0.000 0.000 0.000 0.000 0.000 0.000 0.000 0.000 0.000 0.000 0.000 0.000 0.000 0.000 0.000 0.000 0.000 0.000 0.000 0.000 0.000 0.000 0.000 0.000 0.000 0.000 0.000 0.000 0.000 0.010 0.010 0.010 0.010 0.010 0.010 0.010 0.010 0.010 0.010 0.010 0.003 0.002 0.005 0.007 0.005 0.003 0.010 0.002 0.003 0.002 0.010 0.010 0.014 0.010 0.010 0.010 0.010 0.010 0.010 0.010 0.010 0.225 0.010 0.010 0.099 0.010 0.010 0.000 0.078 0.043 0.010 0.010 0.010 0.010 0.010 0.010
0.000 0.000 0.000 0.000 0.000 0.000 0.000 0.000 0.000 0.000 0.000 0.000 0.000 0.000 0.000 0.000 0.000 0.000 0.000 0.000 0.000 0.000 0.000 0.000 0.000 0.000 0.000 0.000 0.132 0.010 0.010 0.010 0.010 0.118 0.010 0.010 0.010 0.010 0.253 0.010 0.010 0.003 0.010 0.002 0.010 0.005 0.002 0.001 0.010 0.276 0.003 0.010 0.010 0.010 0.010 0.010 0.010 0.027 0.010 0.010 0.010 0.010 0.010 0.010 0.010 0.026 0.000 0.035 0.052 0.010 0.010 0.010 0.010 0.010 0.010 0.010 0.010
0.000 0.000 0.000 0.000 0.000 0.000 0.000 0.000 0.000 0.000 0.000 0.000 0.000 0.000 0.000 0.000 0.000 0.000 0.000 0.000 0.000 0.000 0.000 0.000 0.000 0.000 0.000 0.000 0.000 0.010 0.010 0.010 0.103 0.010 0.135 0.010 0.097 0.010 0.000 0.010 0.010 0.003 0.010 0.003 0.005 0.005 0.002 0.005 0.010 0.010 0.102 0.010 0.010 0.013 0.010 0.010 0.010 0.058 0.010 0.010 0.010 0.010 0.010 0.010 0.010 0.010 0.010 0.078 0.122 0.096 0.010 0.010 0.010 0.010 0.010 0.010 0.010
0.000 0.000 0.000 0.000 0.000 0.000 0.000 0.000 0.000 0.000 0.000 0.000 0.000 0.000 0.000 0.000 0.000 0.000 0.000 0.000 0.000 0.000 0.000 0.000 0.000 0.000 0.000 0.000 0.000 0.107 0.010 0.010 0.010 0.006 0.006 0.010 0.010 0.010 0.000 0.010 0.004 0.004 0.010 0.003 0.002 0.052 0.003 0.003 0.010 0.010 0.010 0.010 0.012 0.012 0.010 0.010 0.010 0.010 0.010 0.010 0.010 0.010 0.010 0.010 0.010 0.010 0.010 0.010 0.010 0.010 0.010 0.002 0.006 0.004 0.004 0.006 0.010
0.000 0.000 0.000 0.000 0.000 0.000 0.000 0.000 0.000 0.000 0.000 0.000 0.000 0.000 0.000 0.000 0.000 0.051 0.000 0.000 0.000 0.000 0.000 0.000 0.000 0.000 0.000 0.000 0.000 0.010 0.010 1.095 0.010 0.002 0.010 0.010 0.003 0.010 0.000 0.102 0.002 0.010 0.010 0.005 0.005 0.002 0.003 0.003 0.010 0.010 0.010 0.010 0.164 0.814 0.010 0.010 0.170 0.010 0.010 0.010 0.010 0.010 0.010 0.010 0.010 0.010 0.010 0.010 0.010 0.010 0.010 0.002 0.001 0.004 0.002 0.003 0.001
0.000 0.000 0.000 0.000 0.000 0.000 0.000 0.000 0.000 0.000 0.000 0.000 0.000 0.000 0.000 0.000 0.000 0.010 0.000 0.000 0.000 0.000 0.000 0.000 0.000 0.000 0.000 0.000 0.063 0.010 0.010 0.010 0.002 0.006 0.010 0.010 0.003 0.010 0.115 0.010 0.001 0.004 0.004 0.010 0.011 0.005 0.003 0.002 0.003 0.003 0.010 0.010 0.010 0.048 0.010 0.010 0.010 0.010 0.010 0.010 0.045 0.010 0.010 0.010 0.010 0.010 0.045 0.010 0.010 0.010 0.003 0.001 0.002 0.006 0.002 0.001 0.010
0.000 0.000 0.000 0.000 0.000 0.000 0.000 0.000 0.000 0.000 0.000 0.000 0.000 0.000 0.000 0.000 0.000 0.000 0.000 0.000 0.000 0.000 0.000 0.000 0.000 0.000 0.000 0.072 0.010 0.007 0.004 0.002 0.023 0.010 0.010 0.007 0.004 0.010 0.010 0.010 0.002 0.040 0.002 0.002 0.003 0.002 0.002 0.002 0.006 0.006 0.002 0.010 0.010 0.010 0.010 0.010 0.010 0.010 0.010 0.010 0.010 0.010 0.010 0.010 0.010 0.016 0.134 0.059 0.010 0.034 0.002 0.003 0.002 0.004 0.004 0.006 0.004
0.000 0.000 0.000 0.000 0.000 0.000 0.000 0.000 0.000 0.000 0.000 0.000 0.000 0.000 0.000 0.000 0.000 0.000 0.000 0.000 0.000 0.000 0.000 0.000 0.000 0.000 0.065 0.010 0.007 0.007 0.081 0.007 0.010 0.010 0.007 0.010 0.289 0.010 0.052 0.006 0.003 0.010 0.003 0.002 0.005 0.010 0.010 0.014 0.001 0.004 0.010 0.004 0.004 0.010 0.010 0.010 0.010 0.010 0.010 0.032 0.010 0.010 0.010 0.010 0.003 0.006 0.019 0.058 0.010 0.004 0.002 0.001 0.002 0.002 0.001 0.002 0.003
0.000 0.000 0.000 0.000 0.000 0.000 0.000 0.000 0.000 0.000 0.000 0.000 0.000 0.000 0.000 0.000 0.058 0.000 0.000 0.000 0.000 0.000 0.000 0.000 0.000 0.149 0.010 0.004 0.004 0.010 0.004 0.010 0.010 0.010 0.010 0.000 0.010 0.010 0.006 0.002 0.006 0.010 0.012 0.003 0.010 0.052 0.000 0.010 0.000 0.004 0.002 0.003 0.006 0.003 0.002 0.003 0.010 0.010 0.014 0.098 0.010 0.010 0.010 0.021 0.003 0.001 0.003 0.002 0.003 0.002 0.002 0.010 0.010 0.007 0.084 0.010 0.004
0.000 0.000 0.000 0.000 0.000 0.000 0.000 0.000 0.000 0.000 0.000 0.000 0.000 0.000 0.000 0.000 0.010 0.000 0.000 0.000 0.000 0.000 0.000 0.000 0.000 0.010 0.010 0.002 0.052 0.049 0.010 0.007 0.010 0.010 0.010 0.276 0.010 0.010 0.006 0.003 0.010 0.004 0.006 0.004 0.049 0.010 0.082 0.010 0.000 0.046 0.006 0.002 0.001 0.003 0.006 0.002 0.001 0.006 0.010 0.010 0.159 0.010 0.010 0.004 0.003 0.004 0.004 0.006 0.002 0.003 0.003 0.010 0.010 0.008 0.006 0.007 0.003
0.000 0.000 0.000 0.000 0.000 0.000 0.000 0.000 0.000 0.000 0.000 0.000 0.000 0.000 0.000 0.000 0.000 0.000 0.000 0.000 0.000 0.000 0.000 0.000 0.000 0.010 0.004 0.002 0.019 0.010 0.003 0.010 0.010 0.004 0.000 0.010 0.010 0.010 0.010 0.020 0.006 0.006 0.006 0.056 0.010 0.010 0.010 0.010 0.010 0.010 0.010 0.000 0.010 0.003 0.002 0.002 0.004 0.002 0.041 0.010 0.010 0.010 0.044 0.002 0.002 0.004 0.006 0.010 0.006 0.006 0.006 0.006 0.012 0.004 0.004 0.003 0.003
0.000 0.000 0.000 0.000 0.000 0.000 0.000 0.000 0.000 0.000 0.000 0.000 0.000 0.000 0.000 0.000 0.000 0.000 0.000 0.000 0.000 0.000 0.000 0.000 0.041 0.001 0.183 0.055 0.010 0.010 0.007 0.010 0.010 0.002 0.000 0.031 0.010 0.010 0.002 0.007 0.006 0.004 0.002 0.010 0.010 0.010 0.010 0.010 0.010 0.010 0.010 0.010 0.010 0.006 0.010 0.011 0.006 0.002 0.004 0.004 0.009 0.009 0.009 0.011 0.002 0.004 0.005 0.004 0.006 0.006 0.006 0.017 0.006 0.002 0.006 0.004 0.005
0.000 0.000 0.000 0.000 0.000 0.000 0.000 0.000 0.000 0.000 0.000 0.000 0.000 0.000 0.037 0.000 0.000 0.000 0.000 0.000 0.000 0.000 0.000 0.000 0.000 0.002 0.182 0.024 0.010 0.003 0.010 0.010 0.005 0.010 0.140 0.010 0.010 0.010 0.003 0.010 0.002 0.006 0.014 0.010 0.010 0.010 0.141 0.010 0.010 0.261 0.010 0.010 0.010 0.019 0.010 0.010 0.004 0.004 0.006 0.006 0.001 0.004 0.004 0.002 0.002 0.001 0.001 0.003 0.006 0.006 0.013 0.003 0.010 0.011 0.002 0.004 0.002
0.000 0.000 0.000 0.000 0.000 0.000 0.000 0.000 0.000 0.000 0.000 0.000 0.000 0.000 0.000 0.000 0.000 0.000 0.000 0.000 0.000 0.000 0.000 0.145 0.010 0.004 0.010 0.010 0.007 0.010 0.010 0.005 0.006 0.010 0.030 0.000 0.006 0.003 0.003 0.010 0.003 0.007 0.010 0.010 0.010 0.180 0.010 0.010 0.010 0.010 0.189 0.010 0.010 0.010 0.010 0.010 0.006 0.004 0.000 0.004 0.004 0.002 0.012 0.002 0.002 0.004 0.004 0.002 0.003 0.002 0.002 0.003 0.006 0.133 0.010 0.001 0.003
0.000 0.000 0.000 0.000 0.000 0.000 0.000 0.000 0.000 0.000 0.000 0.000 0.000 0.000 0.000 0.000 0.000 0.000 0.000 0.000 0.000 0.000 0.000 0.010 0.010 0.005 0.007 0.010 0.007 0.010 0.010 0.010 0.007 0.010 0.612 0.000 0.004 0.004 0.003 0.007 0.001 0.002 0.003 0.010 0.010 0.010 0.081 0.010 0.010 0.010 0.010 0.010 0.010 0.010 0.010 0.007 0.002 0.004 0.010 0.002 0.004 0.001 0.000 0.002 0.004 0.002 0.002 0.002 0.002 0.002 0.004 0.004 0.004 0.003 0.002 0.007 0.002
0.000 0.000 0.000 0.000 0.000 0.000 0.000 0.000 0.000 0.000 0.000 0.000 0.000 0.000 0.000 0.000 0.000 0.000 0.000 0.000 0.000 0.123 0.010 0.010 0.010 0.010 0.003 0.010 0.010 0.010 0.010 0.005 0.010 0.010 0.010 0.000 0.003 0.004 0.006 0.004 0.002 0.010 0.003 0.002 0.002 0.002 0.010 0.010 0.010 0.010 0.153 0.010 0.010 0.010 0.010 0.003 0.003 0.003 0.006 0.000 0.004 0.003 0.003 0.000 0.000 0.004 0.002 0.001 0.004 0.008 0.002 0.003 0.004 0.004 0.004 0.004 0.003
0.000 0.000 0.000 0.000 0.000 0.000 0.000 0.000 0.000 0.000 0.000 0.000 0.000 0.000 0.000 0.000 0.000 0.000 0.000 0.000 0.000 0.068 0.010 0.010 0.010 0.007 0.016 0.005 0.007 0.010 0.003 0.010 0.142 0.000 0.010 0.010 0.007 0.002 0.010 0.001 0.007 0.010 0.010 0.097 0.003 0.014 0.003 0.003 0.006 0.010 0.010 0.010 0.010 0.010 0.004 0.003 0.002 0.004 0.010 0.002 0.003 0.004 0.001 0.002 0.006 0.010 0.010 0.000 0.001 0.002 0.001 0.007 0.004 0.004 0.007 0.003 0.006
0.000 0.000 0.000 0.000 0.000 0.000 0.000 0.000 0.000 0.000 0.000 0.000 0.000 0.000 0.000 0.000 0.000 0.000 0.000 0.000 0.227 0.010 0.007 0.004 0.005 0.007 0.010 0.010 0.010 0.010 0.010 0.004 0.000 0.010 0.010 0.000 0.004 0.005 0.007 0.004 0.109 0.010 0.010 0.010 0.010 0.010 0.006 0.006 0.002 0.006 0.010 0.010 0.010 0.010 0.006 0.006 0.004 0.005 0.004 0.004 0.001 0.001 0.003 0.002 0.003 0.002 0.006 0.046 0.006 0.010 0.000 0.000 0.001 0.003 0.002 0.007 0.004
0.000 0.000 0.000 0.000 0.000 0.000 0.000 0.000 0.000 0.000 0.000 0.000 0.000 0.000 0.000 0.000 0.000 0.000 0.000 0.000 0.010 0.003 0.007 0.010 0.007 0.004 0.003 0.010 0.010 0.002 0.000 0.000 0.000 0.010 0.000 0.010 0.001 0.010 0.005 0.004 0.063 0.114 0.010 0.010 0.010 0.010 0.010 0.010 0.128 0.004 0.007 0.001 0.003 0.010 0.002 0.003 0.006 0.010 0.000 0.000 0.001 0.003 0.002 0.010 0.002 0.001 0.002 0.000 0.002 0.010 0.010 0.003 0.003 0.002 0.000 0.000 0.003
0.000 0.000 0.000 0.000 0.000 0.000 0.000 0.000 0.000 0.036 0.000 0.000 0.000 0.000 0.000 0.000 0.000 0.000 0.000 0.114 0.010 0.005 0.007 0.010 0.004 0.003 0.004 0.010 0.010 0.004 0.000 0.000 0.007 0.120 0.010 0.010 0.007 0.010 0.005 0.010 0.010 0.010 0.010 0.010 0.010 0.010 0.095 0.000 0.010 0.010 0.010 0.004 0.004 0.003 0.002 0.004 0.000 0.003 0.002 0.002 0.002 0.004 0.001 0.001 0.002 0.004 0.000 0.000 0.006 0.002 0.003 0.003 0.002 0.000 0.004 0.002 0.002
0.000 0.000 0.000 0.000 0.000 0.000 0.000 0.000 0.000 0.000 0.000 0.000 0.000 0.000 0.000 0.000 0.000 0.000 0.078 0.010 0.010 0.010 0.007 0.010 0.005 0.010 0.010 0.007 0.005 0.003 0.004 0.000 0.008 0.000 0.010 0.005 0.007 0.010 0.004 0.010 0.010 0.010 0.010 0.010 0.000 0.000 0.000 0.000 0.010 0.010 0.010 0.004 0.002 0.001 0.001 0.002 0.002 0.001 0.004 0.006 0.001 0.002 0.004 0.010 0.107 0.000 0.000 0.004 0.004 0.000 0.000 0.004 0.003 0.000 0.000 0.001 0.041
0.000 0.000 0.000 0.000 0.000 0.000 0.000 0.000 0.000 0.000 0.000 0.000 0.000 0.000 0.000 0.000 0.000 0.000 0.010 0.010 0.010 0.010 0.007 0.002 0.004 0.010 0.010 0.010 0.005 0.002 0.002 0.000 0.000 0.008 0.010 0.007 0.004 0.010 0.002 0.024 0.010 0.010 0.010 0.010 0.000 0.003 0.000 0.000 0.026 0.010 0.010 0.003 0.000 0.000 0.000 0.000 0.002 0.006 0.001 0.004 0.003 0.001 0.005 0.010 0.004 0.000 0.000 0.054 0.000 0.000 0.010 0.004 0.002 0.007 0.003 0.004 0.004
0.000 0.000 0.000 0.000 0.000 0.000 0.000 0.000 0.000 0.000 0.000 0.000 0.000 0.000 0.000 0.000 0.000 0.042 0.072 0.027 0.010 0.003 0.004 0.004 0.008 0.010 0.010 0.010 0.061 0.000 0.002 0.007 0.069 0.010 0.010 0.001 0.010 0.002 0.005 0.010 0.010 0.010 0.010 0.010 0.098 0.000 0.004 0.010 0.000 0.000 0.003 0.010 0.004 0.001 0.001 0.202 0.010 0.000 0.004 0.002 0.007 0.003 0.014 0.010 0.000 0.000 0.004 0.002 0.000 0.000 0.010 0.067 0.000 0.001 0.004 0.010 0.010
0.000 0.000 0.000 0.000 0.000 0.000 0.000 0.000 0.000 0.000 0.000 0.000 0.000 0.000 0.000 0.000 0.000 0.086 0.010 0.010 0.010 0.007 0.002 0.019 0.005 0.010 0.002 0.003 0.000 0.010 0.007 0.000 0.000 0.010 0.003 0.002 0.003 0.003 0.007 0.002 0.004 0.010 0.010 0.000 0.000 0.000 0.001 0.006 0.003 0.001 0.003 0.006 0.004 0.002 0.010 0.000 0.000 0.000 0.001 0.000 0.004 0.004 0.010 0.004 0.003 0.008 0.004 0.000 0.000 0.002 0.207 0.157 0.006 0.003 0.002 0.007 0.000
0.000 0.000 0.000 0.000 0.000 0.000 0.000 0.000 0.000 0.000 0.000 0.000 0.000 0.000 0.000 0.000 0.010 0.010 0.010 0.099 0.007 0.010 0.005 0.002 0.010 0.010 0.006 0.002 0.000 0.005 0.003 0.002 0.097 0.000 0.001 0.007 0.003 0.007 0.001 0.004 0.002 0.002 0.002 0.007 0.000 0.001 0.002 0.000 0.000 0.003 0.001 0.002 0.010 0.010 0.002 0.003 0.002 0.000 0.000 0.000 0.002 0.002 0.004 0.001 0.000 0.034 0.010 0.020 0.003 0.003 0.029 0.001 0.000 0.010 0.000 0.006 0.010
0.000 0.000 0.000 0.000 0.000 0.000 0.000 0.000 0.000 0.000 0.000 0.000 0.000 0.000 0.000 0.290 0.074 0.010 0.005 0.010 0.002 0.007 0.002 0.005 0.010 0.010 0.010 0.004 0.001 0.007 0.010 0.010 0.000 0.075 0.003 0.010 0.002 0.010 0.007 0.010 0.004 0.007 0.003 0.017 0.005 0.002 0.002 0.000 0.010 0.001 0.002 0.004 0.001 0.002 0.002 0.001 0.003 0.002 0.001 0.001 0.000 0.004 0.001 0.000 0.000 0.002 0.000 0.001 0.001 0.013 0.026 0.042 0.010 0.010 0.000 0.228 0.336
