hx_30m/njhx/rain/result-0045.wd
ncols         211
nrows         286
xllcorner     660279.582600
yllcorner     3541874.325092
cellsize      30.000000
NODATA_value  -9999.000000
[rows 204 to 237 of 286, columns 77 to 153 of 211]
0.010 0.010 0.006 0.004 0.032 0.010 0.001 0.001 0.001 0.001 0.010 0.010 0.057 0.270 0.003 0.000 0.001 0.001 0.004 0.004 0.004 0.002 0.005 0.000 0.000 0.003 0.003 0.045 0.128 0.006 0.001 0.000 0.001 0.010 0.001 0.003 0.001 0.011 0.003 0.001 0.001 0.001 0.001 0.003 0.002 0.001 0.001 0.001 0.004 0.002 0.000 0.000 0.000 0.000 0.001 0.001 0.002 0.000 0.030 0.002 0.002 0.010 0.002 0.000 0.010 0.002 0.001 0.006 0.006 0.010 0.001 0.001 0.001 0.001 0.059 0.000 0.000
0.328 0.004 0.006 0.010 0.006 0.010 0.000 0.001 0.002 0.001 0.000 0.000 0.010 0.009 0.007 0.010 0.002 0.001 0.001 0.006 0.001 0.000 0.000 0.003 0.003 0.003 0.010 0.029 0.001 0.000 0.000 0.000 0.000 0.000 0.001 0.010 0.003 0.003 0.001 0.000 0.001 0.008 0.003 0.003 0.001 0.003 0.002 0.001 0.002 0.001 0.002 0.001 0.004 0.000 0.000 0.000 0.000 0.002 0.010 0.010 0.204 0.000 0.000 0.002 0.001 0.002 0.006 0.002 0.002 0.010 0.006 0.002 0.001 0.003 0.001 0.001 0.005
0.004 0.001 0.001 0.008 0.002 0.010 0.000 0.000 0.000 0.000 0.001 0.001 0.010 0.000 0.000 0.002 0.000 0.010 0.002 0.001 0.000 0.000 0.000 0.003 0.004 0.002 0.005 0.003 0.000 0.001 0.000 0.000 0.000 0.005 0.004 0.003 0.002 0.001 0.000 0.002 0.001 0.002 0.002 0.010 0.010 0.011 0.008 0.001 0.001 0.001 0.001 0.003 0.002 0.002 0.005 0.003 0.001 0.002 0.010 0.000 0.010 0.000 0.001 0.004 0.001 0.006 0.006 0.010 0.005 0.000 0.010 0.010 0.006 0.002 0.001 0.002 0.000
0.005 0.006 0.000 0.007 0.010 0.003 0.003 0.002 0.002 0.001 0.000 0.000 0.003 0.001 0.001 0.002 0.000 0.004 0.003 0.002 0.000 0.000 0.010 0.002 0.010 0.001 0.003 0.010 0.010 0.002 0.002 0.000 0.010 0.003 0.002 0.002 0.000 0.000 0.001 0.002 0.000 0.000 0.002 0.002 0.010 0.180 0.000 0.000 0.000 0.000 0.005 0.002 0.001 0.003 0.001 0.005 0.366 0.057 0.010 0.233 0.000 0.002 0.001 0.000 0.001 0.001 0.006 0.010 0.006 0.010 0.010 0.010 0.046 0.000 0.000 0.002 0.001
0.004 0.000 0.010 0.005 0.001 0.002 0.001 0.000 0.000 0.004 0.006 0.003 0.032 0.027 0.058 0.010 0.010 0.230 0.116 0.001 0.002 0.004 0.006 0.002 0.005 0.000 0.010 0.000 0.006 0.010 0.000 0.000 0.000 0.001 0.003 0.002 0.000 0.000 0.002 0.003 0.010 0.000 0.004 0.002 0.010 0.000 0.000 0.000 0.001 0.001 0.005 0.004 0.002 0.002 0.001 0.003 0.010 0.065 0.000 0.098 0.000 0.001 0.003 0.010 0.002 0.004 0.004 0.004 0.002 0.002 0.010 0.006 0.000 0.000 0.039 0.000 0.000
0.000 0.010 0.006 0.003 0.010 0.001 0.000 0.000 0.001 0.003 0.001 0.001 0.001 0.000 0.002 0.001 0.001 0.196 0.403 0.126 0.210 0.021 0.004 0.001 0.000 0.010 0.010 0.002 0.002 0.001 0.005 0.000 0.000 0.002 0.002 0.003 0.002 0.000 0.000 0.000 0.000 0.010 0.001 0.010 0.010 0.000 0.000 0.000 0.000 0.001 0.000 0.006 0.010 0.000 0.003 0.003 0.003 0.003 0.010 0.174 0.000 0.024 0.004 0.002 0.001 0.001 0.002 0.004 0.000 0.000 0.001 0.002 0.000 0.010 0.000 0.010 0.002
0.000 0.004 0.003 0.004 0.001 0.000 0.000 0.000 0.000 0.000 0.001 0.003 0.001 0.000 0.000 0.033 0.004 0.277 0.122 0.299 0.380 0.000 0.571 0.010 0.003 0.004 0.003 0.000 0.001 0.001 0.010 0.000 0.003 0.002 0.003 0.000 0.010 0.003 0.001 0.000 0.001 0.005 0.000 0.010 0.000 0.001 0.000 0.001 0.002 0.002 0.001 0.010 0.010 0.002 0.010 0.000 0.006 0.000 0.010 0.002 0.001 0.006 0.002 0.001 0.000 0.010 0.001 0.001 0.000 0.000 0.000 0.001 0.010 0.010 0.010 0.000 0.001
0.010 0.006 0.006 0.010 0.000 0.001 0.001 0.000 0.000 0.010 0.002 0.000 0.002 0.000 0.000 0.001 0.048 0.138 0.273 0.085 0.445 0.037 0.044 0.133 0.709 0.000 0.318 0.006 0.001 0.000 0.010 0.010 0.005 0.010 0.001 0.000 0.010 0.010 0.002 0.010 0.000 0.010 0.010 0.010 0.010 0.001 0.000 0.000 0.005 0.000 0.000 0.010 0.020 0.000 0.013 0.005 0.076 0.009 0.001 0.001 0.002 0.001 0.004 0.002 0.000 0.000 0.001 0.010 0.002 0.000 0.000 0.002 0.000 0.003 0.004 0.003 0.005
0.000 0.010 0.006 0.006 0.001 0.001 0.002 0.002 0.000 0.002 0.010 0.004 0.001 0.000 0.002 0.002 0.275 0.390 0.406 0.364 0.065 0.002 0.002 0.001 0.010 0.010 0.010 0.010 0.000 0.003 0.004 0.000 0.003 0.003 0.001 0.010 0.010 0.010 0.001 0.000 0.003 0.002 0.002 0.000 0.002 0.001 0.001 0.001 0.001 0.001 0.000 0.000 0.001 0.000 0.014 0.003 0.000 0.000 0.000 0.001 0.002 0.001 0.002 0.001 0.001 0.001 0.010 0.019 0.010 0.010 0.010 0.000 0.010 0.000 0.001 0.010 0.010
0.002 0.001 0.000 0.002 0.000 0.003 0.002 0.001 0.002 0.000 0.024 0.000 0.002 0.002 0.002 0.006 0.391 0.151 0.351 0.006 0.004 0.001 0.010 0.001 0.003 0.003 0.003 0.163 0.002 0.010 0.000 0.040 0.007 0.003 0.004 0.010 0.010 0.002 0.001 0.000 0.010 0.003 0.005 0.001 0.002 0.000 0.002 0.001 0.000 0.000 0.000 0.019 0.000 0.000 0.006 0.015 0.001 0.000 0.000 0.000 0.000 0.004 0.001 0.004 0.002 0.001 0.002 0.020 0.010 0.010 0.003 0.000 0.010 0.003 0.015 0.027 0.000
0.006 0.005 0.003 0.000 0.004 0.000 0.000 0.001 0.001 0.002 0.028 0.002 0.001 0.000 0.002 0.002 0.259 0.438 0.001 0.002 0.002 0.003 0.003 0.001 0.004 0.001 0.002 0.000 0.000 0.001 0.003 0.010 0.000 0.010 0.030 0.003 0.002 0.010 0.004 0.005 0.002 0.002 0.002 0.003 0.001 0.023 0.000 0.001 0.001 0.010 0.000 0.018 0.000 0.002 0.004 0.529 0.000 0.001 0.003 0.000 0.000 0.004 0.001 0.001 0.001 0.001 0.002 0.001 0.004 0.010 0.010 0.000 0.000 0.001 0.002 0.004 0.000
0.005 0.010 0.000 0.001 0.001 0.001 0.000 0.002 0.001 0.001 0.000 0.000 0.001 0.010 0.006 0.003 0.091 0.001 0.015 0.006 0.010 0.010 0.010 0.001 0.004 0.002 0.003 0.010 0.006 0.010 0.002 0.007 0.010 0.010 0.000 0.002 0.003 0.004 0.003 0.063 0.010 0.012 0.001 0.002 0.010 0.000 0.001 0.001 0.000 0.000 0.006 0.000 0.000 0.004 0.000 0.003 0.000 0.001 0.003 0.001 0.004 0.001 0.002 0.000 0.001 0.002 0.009 0.001 0.001 0.001 0.002 0.003 0.001 0.004 0.003 0.000 0.000
0.003 0.006 0.010 0.002 0.001 0.000 0.002 0.001 0.000 0.002 0.012 0.002 0.006 0.000 0.004 0.003 0.195 0.006 0.010 0.001 0.006 0.010 0.010 0.004 0.003 0.003 0.001 0.003 0.002 0.002 0.006 0.006 0.005 0.001 0.010 0.007 0.000 0.003 0.003 0.010 0.005 0.002 0.002 0.001 0.010 0.014 0.001 0.000 0.001 0.000 0.000 0.000 0.002 0.004 0.164 0.000 0.000 0.010 0.001 0.000 0.001 0.001 0.000 0.001 0.001 0.000 0.002 0.003 0.058 0.001 0.003 0.001 0.002 0.002 0.003 0.000 0.002
0.005 0.002 0.004 0.006 0.000 0.001 0.001 0.001 0.000 0.004 0.006 0.000 0.010 0.010 0.003 0.002 0.010 0.001 0.001 0.002 0.004 0.004 0.003 0.004 0.003 0.003 0.006 0.004 0.000 0.002 0.002 0.004 0.001 0.010 0.000 0.003 0.000 0.006 0.000 0.002 0.002 0.000 0.002 0.010 0.001 0.002 0.000 0.030 0.000 0.000 0.000 0.000 0.004 0.000 0.003 0.001 0.004 0.010 0.010 0.000 0.006 0.003 0.001 0.001 0.001 0.001 0.001 0.001 0.000 0.005 0.058 0.002 0.004 0.004 0.003 0.002 0.000
0.006 0.004 0.001 0.001 0.004 0.002 0.000 0.000 0.003 0.001 0.001 0.001 0.002 0.002 0.003 0.001 0.004 0.004 0.006 0.010 0.010 0.006 0.002 0.010 0.006 0.002 0.004 0.004 0.000 0.004 0.002 0.006 0.002 0.010 0.000 0.001 0.001 0.001 0.001 0.631 0.000 0.003 0.006 0.000 0.001 0.000 0.000 0.000 0.000 0.000 0.000 0.002 0.006 0.005 0.000 0.000 0.001 0.001 0.000 0.004 0.002 0.000 0.000 0.001 0.001 0.000 0.000 0.000 0.000 0.000 0.000 0.004 0.010 0.001 0.004 0.001 0.002
0.000 0.010 0.000 0.003 0.001 0.002 0.002 0.002 0.003 0.052 0.000 0.000 0.000 0.002 0.002 0.005 0.001 0.002 0.010 0.010 0.010 0.010 0.006 0.002 0.003 0.002 0.002 0.000 0.000 0.010 0.002 0.004 0.002 0.000 0.010 0.004 0.010 0.002 0.000 0.111 0.022 0.023 0.000 0.010 0.001 0.000 0.000 0.000 0.000 0.000 0.000 0.006 0.003 0.001 0.000 0.002 0.001 0.001 0.001 0.002 0.001 0.001 0.004 0.001 0.003 0.001 0.006 0.002 0.000 0.000 0.001 0.004 0.003 0.010 0.002 0.001 0.002
0.000 0.003 0.000 0.000 0.001 0.001 0.004 0.001 0.003 0.004 0.004 0.010 0.004 0.009 0.003 0.004 0.002 0.003 0.003 0.001 0.010 0.010 0.007 0.001 0.001 0.006 0.003 0.002 0.002 0.005 0.006 0.001 0.010 0.000 0.002 0.000 0.000 0.036 0.019 0.161 0.010 0.019 0.001 0.006 0.004 0.006 0.002 0.000 0.000 0.000 0.002 0.004 0.001 0.001 0.001 0.002 0.000 0.000 0.001 0.000 0.000 0.001 0.002 0.000 0.001 0.001 0.010 0.006 0.003 0.002 0.001 0.002 0.000 0.000 0.000 0.044 0.001
0.001 0.003 0.000 0.001 0.002 0.001 0.001 0.000 0.003 0.001 0.004 0.003 0.006 0.001 0.000 0.000 0.010 0.004 0.003 0.004 0.001 0.121 0.010 0.010 0.004 0.004 0.000 0.000 0.000 0.001 0.004 0.006 0.010 0.000 0.001 0.010 0.040 0.032 0.000 0.085 0.010 0.013 0.010 0.002 0.002 0.010 0.096 0.004 0.002 0.000 0.002 0.006 0.001 0.001 0.000 0.000 0.000 0.012 0.000 0.002 0.010 0.001 0.001 0.002 0.000 0.000 0.000 0.007 0.000 0.001 0.001 0.006 0.001 0.000 0.000 0.000 0.000
0.002 0.004 0.000 0.000 0.006 0.002 0.001 0.003 0.001 0.000 0.000 0.003 0.006 0.004 0.003 0.006 0.006 0.010 0.187 0.010 0.006 0.010 0.001 0.004 0.006 0.005 0.001 0.002 0.000 0.004 0.001 0.001 0.001 0.000 0.002 0.088 0.069 0.001 0.004 0.001 0.010 0.014 0.032 0.004 0.003 0.005 0.002 0.005 0.000 0.002 0.000 0.000 0.000 0.000 0.010 0.000 0.000 0.000 0.000 0.000 0.001 0.010 0.001 0.000 0.002 0.000 0.008 0.000 0.006 0.002 0.004 0.000 0.000 0.001 0.002 0.001 0.001
0.000 0.004 0.002 0.001 0.000 0.006 0.003 0.003 0.000 0.002 0.006 0.002 0.004 0.004 0.004 0.003 0.001 0.006 0.010 0.168 0.010 0.004 0.001 0.002 0.000 0.003 0.000 0.000 0.003 0.002 0.001 0.001 0.001 0.002 0.001 0.081 0.067 0.003 0.000 0.004 0.215 0.098 0.194 0.043 0.010 0.006 0.006 0.002 0.002 0.002 0.055 0.003 0.006 0.000 0.003 0.001 0.000 0.001 0.001 0.002 0.001 0.000 0.094 0.010 0.010 0.010 0.005 0.000 0.001 0.002 0.006 0.001 0.001 0.001 0.001 0.001 0.000
0.001 0.004 0.003 0.004 0.006 0.003 0.001 0.003 0.003 0.001 0.001 0.003 0.002 0.003 0.000 0.010 0.003 0.003 0.001 0.006 0.003 0.107 0.010 0.001 0.000 0.001 0.000 0.000 0.001 0.006 0.004 0.006 0.006 0.002 0.001 0.002 0.000 0.003 0.002 0.001 0.004 0.000 0.004 0.184 0.140 0.113 0.150 0.004 0.003 0.000 0.010 0.010 0.006 0.002 0.003 0.000 0.000 0.000 0.001 0.001 0.000 0.003 0.000 0.004 0.002 0.010 0.010 0.004 0.001 0.004 0.000 0.000 0.000 0.000 0.001 0.001 0.001
0.004 0.000 0.002 0.001 0.003 0.002 0.002 0.001 0.000 0.003 0.003 0.001 0.000 0.000 0.003 0.006 0.010 0.075 0.002 0.003 0.003 0.004 0.008 0.002 0.018 0.002 0.000 0.003 0.001 0.006 0.002 0.001 0.000 0.002 0.001 0.001 0.001 0.003 0.005 0.000 0.000 0.192 0.199 0.089 0.190 0.086 0.006 0.002 0.010 0.012 0.002 0.002 0.002 0.670 0.171 0.003 0.006 0.000 0.001 0.003 0.002 0.001 0.003 0.000 0.000 0.001 0.002 0.001 0.002 0.001 0.000 0.001 0.001 0.001 0.001 0.001 0.002
0.000 0.001 0.002 0.002 0.003 0.000 0.002 0.002 0.003 0.001 0.003 0.001 0.006 0.002 0.004 0.010 0.010 0.010 0.010 0.010 0.001 0.001 0.001 0.002 0.010 0.156 0.003 0.001 0.010 0.002 0.002 0.004 0.010 0.002 0.000 0.000 0.003 0.000 0.001 0.003 0.000 0.102 0.106 0.088 0.003 0.003 0.006 0.006 0.019 0.006 0.010 0.002 0.003 0.006 0.003 0.010 0.565 0.010 0.004 0.003 0.004 0.002 0.001 0.000 0.000 0.000 0.002 0.002 0.000 0.000 0.001 0.001 0.000 0.002 0.000 0.001 0.001
0.003 0.001 0.000 0.033 0.001 0.001 0.004 0.002 0.010 0.002 0.003 0.001 0.000 0.006 0.010 0.010 0.010 0.010 0.010 0.003 0.002 0.001 0.001 0.004 0.002 0.010 0.010 0.002 0.006 0.001 0.002 0.006 0.006 0.001 0.006 0.002 0.001 0.000 0.001 0.001 0.010 0.000 0.000 0.004 0.003 0.001 0.006 0.000 0.003 0.002 0.002 0.002 0.010 0.004 0.002 0.001 0.004 0.891 0.737 0.003 0.003 0.003 0.001 0.001 0.000 0.000 0.002 0.001 0.010 0.008 0.000 0.000 0.000 0.000 0.000 0.000 0.001
0.000 0.000 0.031 0.062 0.002 0.002 0.002 0.004 0.003 0.003 0.000 0.005 0.004 0.001 0.002 0.000 0.001 0.010 0.010 0.003 0.058 0.001 0.010 0.004 0.002 0.001 0.004 0.002 0.004 0.006 0.002 0.000 0.001 0.000 0.000 0.001 0.001 0.006 0.001 0.010 0.001 0.001 0.001 0.000 0.000 0.003 0.004 0.012 0.002 0.004 0.010 0.048 0.006 0.003 0.010 0.010 0.002 0.001 0.003 0.000 0.776 0.069 0.001 0.000 0.000 0.001 0.002 0.000 0.004 0.002 0.000 0.000 0.115 0.002 0.001 0.001 0.003
0.001 0.000 0.006 0.010 0.154 0.011 0.001 0.003 0.002 0.001 0.004 0.000 0.001 0.000 0.003 0.133 0.000 0.001 0.003 0.001 0.001 0.001 0.000 0.001 0.000 0.002 0.013 0.006 0.002 0.004 0.004 0.006 0.001 0.001 0.001 0.002 0.004 0.001 0.005 0.001 0.002 0.000 0.003 0.001 0.003 0.003 0.729 0.006 0.003 0.003 0.003 0.006 0.006 0.002 0.001 0.003 0.001 0.003 0.001 0.002 0.006 0.155 0.607 0.002 0.003 0.002 0.000 0.000 0.000 0.000 0.000 0.070 0.169 0.266 0.193 0.019 0.002
0.010 0.000 0.000 0.001 0.001 0.001 0.001 0.003 0.003 0.002 0.003 0.003 0.002 0.000 0.000 0.000 0.004 0.000 0.001 0.000 0.002 0.002 0.001 0.000 0.000 0.010 0.001 0.006 0.003 0.002 0.001 0.010 0.001 0.002 0.001 0.002 0.002 0.001 0.001 0.001 0.001 0.001 0.000 0.002 0.002 0.000 0.050 0.010 0.010 0.006 0.002 0.003 0.002 0.010 0.004 0.001 0.002 0.002 0.004 0.001 0.010 0.000 0.010 0.681 0.010 0.002 0.002 0.000 0.000 0.000 0.000 0.146 0.185 0.172 0.035 0.016 0.006
0.002 0.002 0.000 0.000 0.000 0.002 0.001 0.004 0.001 0.002 0.004 0.003 0.000 0.000 0.003 0.000 0.001 0.002 0.001 0.000 0.002 0.004 0.005 0.001 0.000 0.000 0.001 0.006 0.004 0.002 0.002 0.002 0.001 0.000 0.000 0.002 0.003 0.001 0.003 0.010 0.002 0.010 0.001 0.004 0.004 0.010 0.018 0.028 0.010 0.006 0.010 0.006 0.002 0.001 0.001 0.001 0.004 0.002 0.006 0.006 0.004 0.000 0.000 0.010 0.001 0.000 0.005 0.003 0.052 0.000 0.076 0.209 0.221 0.202 0.001 0.004 0.016
0.006 0.001 0.002 0.001 0.002 0.001 0.006 0.004 0.000 0.001 0.004 0.006 0.004 0.006 0.000 0.003 0.010 0.001 0.003 0.002 0.001 0.001 0.002 0.000 0.004 0.001 0.001 0.006 0.004 0.000 0.000 0.001 0.003 0.001 0.000 0.000 0.000 0.002 0.010 0.001 0.002 0.000 0.003 0.003 0.048 0.000 0.010 0.010 0.004 0.010 0.005 0.010 0.010 0.006 0.002 0.010 0.004 0.010 0.010 0.010 0.010 0.002 0.001 0.010 0.010 0.081 0.010 0.000 0.342 0.047 0.066 0.173 0.324 0.018 0.001 0.002 0.003
0.001 0.001 0.001 0.001 0.001 0.004 0.003 0.002 0.003 0.001 0.001 0.002 0.001 0.003 0.006 0.001 0.001 0.000 0.000 0.003 0.004 0.000 0.000 0.001 0.001 0.001 0.006 0.001 0.004 0.000 0.000 0.000 0.000 0.003 0.002 0.001 0.001 0.002 0.002 0.003 0.002 0.002 0.002 0.000 0.000 0.000 0.000 0.010 0.000 0.010 0.010 0.002 0.016 0.006 0.001 0.010 0.002 0.000 0.010 0.000 0.010 0.010 0.002 0.001 0.188 0.145 0.143 0.208 0.010 0.000 1.193 0.285 0.115 0.000 0.003 0.002 0.003
0.006 0.002 0.001 0.002 0.001 0.003 0.003 0.000 0.001 0.002 0.001 0.002 0.000 0.001 0.001 0.001 0.004 0.010 0.046 0.001 0.002 0.010 0.058 0.000 0.004 0.002 0.004 0.002 0.000 0.000 0.001 0.001 0.001 0.001 0.001 0.001 0.004 0.002 0.001 0.003 0.002 0.004 0.006 0.940 0.000 0.000 0.000 0.049 0.000 0.000 0.010 0.010 0.002 0.002 0.002 0.006 0.002 0.010 0.020 0.010 0.010 0.000 0.001 0.002 0.000 0.152 0.036 0.000 0.000 0.010 0.010 0.000 0.027 0.245 0.094 0.001 0.026
0.000 0.000 0.006 0.002 0.004 0.001 0.002 0.001 0.000 0.000 0.001 0.010 0.002 0.001 0.001 0.001 0.002 0.002 0.009 0.001 0.000 0.002 0.003 0.003 0.004 0.001 0.002 0.006 0.001 0.001 0.000 0.000 0.001 0.002 0.001 0.001 0.005 0.010 0.003 0.002 0.003 0.010 0.000 0.010 0.228 0.000 0.000 0.000 0.000 0.000 0.000 0.010 0.003 0.003 0.006 0.002 0.003 0.003 0.006 0.002 0.003 0.003 0.002 0.000 0.002 0.004 0.122 0.000 0.010 0.113 0.010 0.001 0.006 0.000 0.199 0.319 0.046
0.010 0.004 0.003 0.003 0.004 0.003 0.000 0.001 0.002 0.001 0.000 0.000 0.001 0.003 0.001 0.001 0.001 0.001 0.010 0.007 0.001 0.000 0.001 0.003 0.001 0.004 0.001 0.001 0.000 0.000 0.001 0.000 0.000 0.001 0.001 0.001 0.002 0.003 0.006 0.006 0.010 0.010 0.666 0.010 0.000 0.000 0.141 0.034 0.000 0.000 0.000 0.010 0.002 0.010 0.010 0.010 0.003 0.017 0.001 0.002 0.002 0.004 0.001 0.000 0.000 0.002 0.001 0.001 0.009 0.000 0.002 0.004 0.000 0.000 0.001 0.000 0.117
0.003 0.003 0.002 0.001 0.004 0.000 0.000 0.001 0.001 0.002 0.000 0.001 0.001 0.000 0.000 0.002 0.001 0.001 0.010 0.010 0.006 0.004 0.002 0.003 0.001 0.004 0.001 0.005 0.000 0.000 0.000 0.000 0.000 0.001 0.001 0.000 0.002 0.006 0.006 0.002 0.007 0.000 0.004 0.003 0.004 0.010 0.022 0.010 0.000 0.000 0.010 0.003 0.010 0.010 0.010 0.010 0.010 0.010 0.006 0.003 0.002 0.002 0.000 0.000 0.006 0.010 0.000 0.000 0.000 0.003 0.001 0.000 0.011 0.001 0.001 0.001 0.002
