hx_30m/njhx/rain/result-0027.wd
ncols         211
nrows         286
xllcorner     660279.582600
yllcorner     3541874.325092
cellsize      30.000000
NODATA_value  -9999.000000
[rows 68 to 101 of 286, columns 77 to 153 of 211]
0.000 0.000 0.000 0.000 0.000 0.000 0.010 0.010 0.010 0.000 0.000 0.010 0.027 0.010 0.395 0.000 0.025 0.062 0.062 0.000 0.000 0.000 0.000 0.010 0.007 0.007 0.007 0.019 0.009 0.010 0.009 0.008 0.009 0.010 0.007 0.008 0.008 0.009 0.203 0.010 0.007 0.010 0.008 0.009 0.008 0.010 0.010 0.010 0.038 0.005 0.000 0.009 0.008 0.000 0.010 0.044 0.010 0.010 0.010 0.010 0.000 0.010 0.000 0.000 0.000 0.000 0.057 0.010 0.000 0.000 0.000 0.010 0.000 0.000 0.000 0.000 0.000
0.000 0.000 0.000 0.000 0.000 0.010 0.010 0.010 0.010 0.010 0.092 0.067 0.010 0.022 0.000 0.062 0.009 0.009 0.010 0.010 0.017 0.009 0.007 0.006 0.010 0.009 0.009 0.008 0.008 0.007 0.010 0.010 0.010 0.081 0.076 0.010 0.010 0.008 0.200 0.004 0.000 0.000 0.000 0.000 0.000 0.009 0.110 0.010 0.000 0.039 0.009 0.007 0.010 0.000 0.010 0.009 0.017 0.010 0.009 0.022 0.010 0.010 0.006 0.000 0.020 0.010 0.010 0.010 0.000 0.000 0.000 0.010 0.000 0.000 0.000 0.000 0.000
0.000 0.000 0.000 0.000 0.000 0.076 0.010 0.009 0.010 0.010 0.009 0.008 0.009 0.009 0.010 0.010 0.009 0.007 0.007 0.008 0.010 0.008 0.000 0.000 0.010 0.000 0.000 0.009 0.000 0.000 0.021 0.010 0.000 0.000 0.000 0.010 0.000 0.009 0.010 0.007 0.000 0.000 0.000 0.000 0.000 0.009 0.009 0.000 0.000 0.000 0.000 0.000 0.010 0.007 0.011 0.009 0.009 0.009 0.000 0.000 0.010 0.000 0.000 0.000 0.000 0.000 0.010 0.010 0.000 0.000 0.000 0.010 0.000 0.000 0.000 0.000 0.000
0.000 0.000 0.000 0.000 0.000 0.010 0.010 0.010 0.010 0.009 0.000 0.000 0.006 0.000 0.007 0.010 0.006 0.007 0.007 0.009 0.010 0.008 0.000 0.009 0.000 0.000 0.008 0.009 0.000 0.006 0.008 0.000 0.000 0.008 0.010 0.010 0.000 0.010 0.359 0.007 0.000 0.000 0.000 0.000 0.011 0.009 0.008 0.000 0.000 0.000 0.000 0.000 0.009 0.000 0.010 0.009 0.010 0.010 0.006 0.007 0.010 0.000 0.000 0.000 0.000 0.000 0.048 0.010 0.000 0.000 0.000 0.118 0.000 0.000 0.000 0.000 0.000
0.000 0.000 0.000 0.000 0.000 0.072 0.010 0.009 0.010 0.007 0.005 0.000 0.004 0.000 0.000 0.096 0.005 0.000 0.008 0.005 0.000 0.006 0.006 0.007 0.000 0.025 0.010 0.007 0.000 0.000 0.009 0.008 0.000 0.006 0.006 0.004 0.000 0.006 0.010 0.008 0.000 0.036 0.000 0.000 0.000 0.000 0.007 0.000 0.000 0.007 0.000 0.000 0.007 0.008 0.007 0.009 0.013 0.000 0.008 0.008 0.011 0.009 0.010 0.036 0.000 0.000 0.045 0.010 0.000 0.000 0.000 0.010 0.000 0.000 0.000 0.000 0.000
0.000 0.000 0.000 0.000 0.000 0.010 0.010 0.010 0.009 0.006 0.008 0.000 0.005 0.008 0.000 0.000 0.008 0.008 0.005 0.005 0.010 0.010 0.000 0.008 0.000 0.009 0.000 0.015 0.008 0.005 0.007 0.008 0.000 0.000 0.008 0.000 0.000 0.010 0.010 0.010 0.010 0.010 0.000 0.000 0.000 0.000 0.008 0.007 0.000 0.000 0.000 0.000 0.008 0.000 0.000 0.012 0.006 0.007 0.007 0.006 0.000 0.000 0.010 0.022 0.023 0.010 0.010 0.010 0.000 0.000 0.000 0.010 0.000 0.000 0.000 0.000 0.000
0.000 0.000 0.000 0.000 0.000 0.010 0.010 0.010 0.010 0.008 0.005 0.006 0.005 0.000 0.000 0.266 0.008 0.000 0.004 0.009 0.068 0.050 0.000 0.008 0.008 0.010 0.000 0.008 0.000 0.006 0.005 0.003 0.000 0.000 0.006 0.009 0.008 0.007 0.009 0.008 0.000 0.009 0.000 0.000 0.005 0.000 0.010 0.007 0.000 0.000 0.000 0.000 0.010 0.000 0.008 0.006 0.000 0.006 0.006 0.000 0.000 0.000 0.009 0.010 0.015 0.018 0.010 0.010 0.000 0.000 0.000 0.010 0.000 0.000 0.000 0.000 0.000
0.000 0.000 0.000 0.000 0.090 0.010 0.010 0.009 0.009 0.008 0.021 0.009 0.008 0.006 0.006 0.010 0.010 0.005 0.003 0.004 0.009 0.008 0.000 0.000 0.000 0.010 0.008 0.008 0.009 0.010 0.009 0.008 0.016 0.008 0.009 0.008 0.009 0.007 0.009 0.008 0.010 0.036 0.000 0.000 0.004 0.009 0.008 0.008 0.008 0.008 0.008 0.007 0.009 0.000 0.000 0.000 0.007 0.006 0.000 0.000 0.009 0.000 0.000 0.010 0.010 0.018 0.010 0.010 0.000 0.000 0.000 0.000 0.000 0.000 0.000 0.000 0.000
0.000 0.000 0.000 0.000 0.010 0.009 0.010 0.010 0.009 0.010 0.009 0.008 0.031 0.009 0.000 0.000 0.208 0.000 0.000 0.000 0.007 0.005 0.005 0.007 0.000 0.000 0.000 0.009 0.000 0.010 0.010 0.006 0.007 0.000 0.008 0.000 0.009 0.006 0.009 0.008 0.010 0.010 0.000 0.000 0.000 0.000 0.009 0.020 0.006 0.007 0.007 0.000 0.011 0.010 0.009 0.000 0.009 0.000 0.000 0.000 0.000 0.015 0.010 0.000 0.000 0.010 0.010 0.010 0.000 0.000 0.000 0.000 0.000 0.000 0.000 0.000 0.000
0.000 0.000 0.000 0.000 0.010 0.019 0.010 0.010 0.009 0.008 0.008 0.005 0.007 0.000 0.004 0.000 0.000 0.007 0.008 0.008 0.007 0.009 0.010 0.009 0.009 0.000 0.000 0.010 0.008 0.007 0.006 0.007 0.010 0.009 0.019 0.000 0.010 0.007 0.008 0.037 0.010 0.010 0.000 0.000 0.000 0.000 0.000 0.000 0.007 0.006 0.009 0.000 0.000 0.006 0.000 0.009 0.007 0.003 0.003 0.003 0.000 0.010 0.034 0.010 0.010 0.010 0.010 0.071 0.000 0.000 0.000 0.000 0.000 0.000 0.000 0.000 0.000
0.000 0.000 0.000 0.000 0.010 0.010 0.010 0.010 0.008 0.000 0.006 0.000 0.004 0.008 0.008 0.000 0.012 0.009 0.000 0.000 0.007 0.009 0.000 0.007 0.007 0.000 0.000 0.010 0.000 0.000 0.006 0.007 0.009 0.009 0.009 0.000 0.010 0.021 0.010 0.009 0.010 0.010 0.000 0.000 0.000 0.000 0.000 0.008 0.005 0.004 0.000 0.005 0.006 0.008 0.008 0.009 0.008 0.005 0.006 0.003 0.010 0.010 0.010 0.000 0.010 0.010 0.010 0.010 0.000 0.000 0.000 0.037 0.000 0.000 0.000 0.000 0.000
0.000 0.000 0.000 0.000 0.010 0.009 0.010 0.009 0.008 0.000 0.005 0.000 0.000 0.008 0.000 0.000 0.007 0.009 0.010 0.000 0.028 0.022 0.010 0.009 0.010 0.000 0.000 0.020 0.000 0.006 0.007 0.006 0.008 0.000 0.000 0.000 0.000 0.007 0.009 0.008 0.048 0.010 0.000 0.000 0.007 0.024 0.000 0.010 0.007 0.004 0.005 0.004 0.006 0.009 0.009 0.000 0.003 0.004 0.008 0.004 0.006 0.010 0.000 0.010 0.000 0.023 0.010 0.010 0.000 0.000 0.095 0.000 0.000 0.000 0.000 0.000 0.000
0.000 0.000 0.000 0.088 0.010 0.009 0.010 0.010 0.022 0.000 0.000 0.003 0.000 0.006 0.000 0.000 0.005 0.024 0.000 0.000 0.008 0.009 0.000 0.010 0.012 0.010 0.005 0.008 0.000 0.000 0.007 0.007 0.006 0.000 0.000 0.000 0.010 0.015 0.009 0.008 0.010 0.010 0.000 0.000 0.008 0.010 0.000 0.049 0.009 0.012 0.009 0.009 0.008 0.008 0.000 0.003 0.004 0.004 0.010 0.013 0.000 0.010 0.010 0.016 0.033 0.056 0.010 0.119 0.000 0.000 0.010 0.000 0.000 0.000 0.000 0.000 0.000
0.000 0.000 0.000 0.010 0.044 0.009 0.010 0.010 0.007 0.000 0.000 0.000 0.009 0.007 0.000 0.002 0.002 0.000 0.008 0.000 0.009 0.010 0.010 0.010 0.010 0.010 0.008 0.056 0.000 0.023 0.005 0.007 0.007 0.000 0.000 0.000 0.000 0.007 0.009 0.033 0.010 0.010 0.000 0.000 0.000 0.063 0.000 0.047 0.000 0.008 0.000 0.000 0.000 0.009 0.002 0.003 0.002 0.000 0.000 0.008 0.005 0.017 0.000 0.000 0.000 0.032 0.010 0.000 0.000 0.000 0.010 0.000 0.000 0.000 0.000 0.000 0.000
0.000 0.000 0.081 0.010 0.010 0.009 0.010 0.009 0.121 0.000 0.000 0.000 0.000 0.006 0.000 0.000 0.005 0.007 0.034 0.000 0.000 0.000 0.178 0.111 0.000 0.000 0.000 0.010 0.000 0.036 0.010 0.010 0.090 0.000 0.000 0.010 0.009 0.008 0.010 0.009 0.009 0.010 0.010 0.010 0.010 0.010 0.000 0.010 0.000 0.008 0.010 0.000 0.008 0.009 0.003 0.002 0.002 0.000 0.006 0.006 0.008 0.010 0.000 0.011 0.000 0.010 0.010 0.000 0.000 0.000 0.010 0.000 0.000 0.000 0.000 0.000 0.000
0.000 0.000 0.010 0.010 0.010 0.009 0.010 0.009 0.213 0.316 0.000 0.000 0.000 0.000 0.000 0.003 0.003 0.008 0.083 0.010 0.087 0.021 0.009 0.016 0.008 0.009 0.009 0.134 0.018 0.221 0.011 0.013 0.010 0.010 0.010 0.010 0.008 0.007 0.008 0.008 0.024 0.009 0.025 0.009 0.000 0.000 0.000 0.010 0.034 0.005 0.006 0.006 0.008 0.024 0.006 0.005 0.009 0.008 0.009 0.000 0.000 0.010 0.000 0.010 0.000 0.010 0.010 0.000 0.000 0.000 0.101 0.000 0.000 0.000 0.000 0.000 0.000
0.000 0.000 0.010 0.010 0.010 0.009 0.010 0.009 0.306 0.000 0.000 0.000 0.286 0.013 0.482 0.016 0.098 0.261 0.041 0.018 0.010 0.010 0.096 0.084 0.034 0.011 0.102 0.080 0.000 0.000 0.000 0.000 0.007 0.000 0.008 0.010 0.303 0.008 0.009 0.012 0.010 0.000 0.009 0.013 0.008 0.007 0.010 0.010 0.012 0.007 0.004 0.005 0.000 0.008 0.007 0.008 0.009 0.000 0.000 0.008 0.010 0.010 0.010 0.019 0.000 0.010 0.010 0.000 0.000 0.000 0.010 0.000 0.000 0.000 0.000 0.000 0.000
0.000 0.057 0.010 0.112 0.110 0.008 0.010 0.048 0.000 0.000 0.000 0.000 0.000 0.000 0.000 0.000 0.007 0.005 0.006 0.008 0.000 0.000 0.005 0.000 0.007 0.000 0.000 0.086 0.007 0.000 0.008 0.013 0.010 0.010 0.012 0.010 0.010 0.009 0.009 0.007 0.000 0.009 0.008 0.010 0.009 0.000 0.010 0.010 0.013 0.010 0.010 0.013 0.000 0.010 0.010 0.010 0.025 0.010 0.000 0.006 0.006 0.007 0.010 0.023 0.010 0.010 0.010 0.000 0.000 0.000 0.000 0.000 0.000 0.000 0.000 0.000 0.000
0.070 0.010 0.010 0.010 0.010 0.009 0.010 0.000 0.003 0.000 0.003 0.000 0.000 0.000 0.000 0.000 0.009 0.009 0.008 0.061 0.008 0.009 0.009 0.007 0.017 0.010 0.008 0.009 0.007 0.011 0.007 0.007 0.009 0.000 0.030 0.010 0.011 0.008 0.009 0.013 0.000 0.011 0.010 0.000 0.008 0.006 0.009 0.010 0.014 0.015 0.000 0.000 0.000 0.029 0.010 0.010 0.010 0.010 0.010 0.008 0.006 0.009 0.010 0.010 0.031 0.010 0.010 0.000 0.000 0.000 0.000 0.000 0.000 0.000 0.000 0.000 0.000
0.010 0.010 0.010 0.010 0.009 0.010 0.053 0.000 0.007 0.004 0.004 0.000 0.000 0.000 0.000 0.000 0.014 0.000 0.005 0.010 0.009 0.008 0.010 0.055 0.009 0.007 0.000 0.007 0.009 0.008 0.007 0.009 0.008 0.027 0.010 0.010 0.009 0.007 0.009 0.008 0.000 0.035 0.010 0.000 0.007 0.007 0.009 0.061 0.014 0.084 0.091 0.000 0.153 0.009 0.010 0.010 0.010 0.009 0.009 0.010 0.010 0.010 0.010 0.010 0.000 0.010 0.010 0.000 0.000 0.000 0.000 0.000 0.000 0.000 0.000 0.000 0.000
0.010 0.010 0.010 0.010 0.009 0.010 0.010 0.009 0.007 0.004 0.000 0.000 0.000 0.000 0.000 0.000 0.000 0.010 0.008 0.010 0.008 0.006 0.000 0.007 0.008 0.008 0.000 0.009 0.000 0.000 0.008 0.010 0.008 0.008 0.028 0.000 0.000 0.007 0.009 0.015 0.000 0.000 0.010 0.000 0.007 0.013 0.000 0.021 0.014 0.053 0.070 0.216 0.193 0.008 0.008 0.010 0.008 0.000 0.000 0.008 0.008 0.010 0.010 0.010 0.012 0.010 0.010 0.010 0.000 0.000 0.000 0.036 0.000 0.000 0.000 0.000 0.000
0.010 0.175 0.010 0.058 0.009 0.010 0.009 0.006 0.009 0.000 0.005 0.010 0.000 0.000 0.000 0.000 0.006 0.008 0.008 0.009 0.000 0.000 0.009 0.009 0.007 0.008 0.009 0.015 0.000 0.000 0.010 0.010 0.010 0.000 0.000 0.009 0.010 0.008 0.009 0.009 0.009 0.009 0.010 0.008 0.008 0.009 0.007 0.015 0.009 0.000 0.000 0.000 0.000 0.234 0.008 0.008 0.010 0.010 0.009 0.009 0.005 0.064 0.010 0.013 0.010 0.010 0.010 0.010 0.000 0.000 0.000 0.000 0.035 0.000 0.000 0.000 0.000
0.010 0.032 0.118 0.010 0.009 0.010 0.007 0.005 0.005 0.008 0.008 0.007 0.007 0.007 0.004 0.006 0.008 0.085 0.034 0.026 0.008 0.009 0.008 0.009 0.009 0.008 0.009 0.009 0.027 0.010 0.009 0.009 0.010 0.009 0.025 0.009 0.008 0.008 0.008 0.010 0.030 0.061 0.010 0.010 0.009 0.009 0.009 0.013 0.014 0.018 0.187 0.018 0.100 0.146 0.019 0.047 0.176 0.010 0.057 0.273 0.223 0.176 0.266 0.156 0.149 0.021 0.014 0.010 0.010 0.000 0.000 0.000 0.000 0.032 0.000 0.000 0.000
0.010 0.010 0.010 0.010 0.008 0.010 0.006 0.007 0.005 0.006 0.007 0.010 0.006 0.006 0.004 0.006 0.000 0.000 0.009 0.010 0.000 0.009 0.009 0.009 0.007 0.006 0.000 0.009 0.009 0.009 0.000 0.007 0.011 0.005 0.005 0.000 0.000 0.008 0.007 0.010 0.000 0.000 0.000 0.000 0.000 0.000 0.000 0.000 0.017 0.000 0.000 0.000 0.000 0.000 0.010 0.010 0.010 0.010 0.009 0.009 0.009 0.009 0.010 0.010 0.010 0.000 0.398 0.010 0.010 0.022 0.000 0.000 0.000 0.000 0.028 0.000 0.000
0.010 0.010 0.010 0.010 0.009 0.010 0.000 0.000 0.000 0.009 0.000 0.000 0.006 0.007 0.004 0.007 0.009 0.008 0.008 0.007 0.008 0.000 0.009 0.000 0.007 0.000 0.009 0.010 0.000 0.000 0.010 0.021 0.118 0.006 0.006 0.010 0.000 0.009 0.009 0.010 0.000 0.000 0.036 0.005 0.000 0.005 0.000 0.005 0.009 0.008 0.007 0.008 0.014 0.005 0.006 0.005 0.000 0.006 0.000 0.000 0.000 0.008 0.010 0.000 0.010 0.000 0.119 0.010 0.010 0.010 0.023 0.000 0.000 0.000 0.000 0.029 0.000
0.010 0.010 0.010 0.010 0.009 0.085 0.000 0.009 0.026 0.000 0.000 0.000 0.000 0.008 0.008 0.008 0.007 0.008 0.000 0.000 0.009 0.025 0.000 0.000 0.009 0.009 0.009 0.009 0.000 0.000 0.129 0.229 0.196 0.101 0.010 0.009 0.008 0.008 0.010 0.010 0.010 0.000 0.009 0.009 0.009 0.000 0.006 0.004 0.006 0.000 0.008 0.000 0.009 0.000 0.000 0.018 0.006 0.014 0.006 0.007 0.008 0.005 0.008 0.010 0.010 0.010 0.069 0.000 0.018 0.010 0.010 0.010 0.000 0.000 0.000 0.000 0.031
0.010 0.010 0.010 0.045 0.009 0.010 0.007 0.008 0.008 0.000 0.000 0.000 0.044 0.000 0.000 0.000 0.010 0.012 0.000 0.000 0.010 0.010 0.010 0.010 0.019 0.008 0.008 0.008 0.000 0.000 0.000 0.000 0.069 0.111 0.181 0.000 0.034 0.009 0.010 0.010 0.146 0.010 0.009 0.008 0.007 0.008 0.008 0.008 0.012 0.000 0.006 0.008 0.006 0.000 0.004 0.000 0.008 0.009 0.009 0.010 0.006 0.005 0.000 0.000 0.010 0.000 0.050 0.010 0.010 0.010 0.010 0.010 0.010 0.000 0.000 0.000 0.000
0.010 0.010 0.010 0.009 0.010 0.009 0.008 0.000 0.009 0.009 0.010 0.010 0.009 0.010 0.010 0.010 0.007 0.008 0.000 0.000 0.016 0.010 0.010 0.010 0.008 0.000 0.000 0.019 0.009 0.000 0.011 0.000 0.020 0.010 0.010 0.010 0.039 0.009 0.009 0.010 0.000 0.000 0.010 0.010 0.000 0.008 0.007 0.000 0.009 0.006 0.008 0.007 0.017 0.000 0.006 0.000 0.009 0.009 0.008 0.014 0.000 0.004 0.000 0.010 0.382 0.010 0.033 0.010 0.010 0.010 0.063 0.010 0.010 0.010 0.000 0.000 0.000
0.000 0.000 0.010 0.009 0.010 0.009 0.009 0.009 0.010 0.014 0.000 0.000 0.008 0.010 0.039 0.010 0.009 0.007 0.006 0.010 0.009 0.010 0.009 0.009 0.008 0.000 0.000 0.015 0.009 0.010 0.010 0.025 0.010 0.008 0.000 0.000 0.030 0.010 0.009 0.050 0.000 0.000 0.009 0.008 0.008 0.007 0.005 0.005 0.096 0.010 0.007 0.008 0.009 0.000 0.030 0.000 0.000 0.000 0.000 0.000 0.000 0.004 0.000 0.057 0.010 0.019 0.016 0.000 0.010 0.010 0.010 0.000 0.010 0.010 0.010 0.000 0.000
0.010 0.010 0.010 0.009 0.010 0.010 0.010 0.064 0.009 0.007 0.006 0.025 0.007 0.009 0.010 0.000 0.008 0.005 0.009 0.000 0.000 0.000 0.008 0.000 0.005 0.000 0.000 0.009 0.000 0.010 0.010 0.010 0.009 0.008 0.000 0.026 0.000 0.009 0.009 0.016 0.000 0.000 0.010 0.000 0.006 0.007 0.000 0.000 0.014 0.261 0.010 0.006 0.011 0.000 0.054 0.000 0.000 0.000 0.000 0.000 0.000 0.004 0.000 0.010 0.039 0.000 0.215 0.010 0.060 0.010 0.010 0.014 0.010 0.007 0.010 0.010 0.000
0.000 0.000 0.010 0.009 0.010 0.010 0.010 0.000 0.010 0.000 0.000 0.009 0.000 0.000 0.008 0.000 0.009 0.010 0.009 0.000 0.009 0.008 0.007 0.000 0.008 0.008 0.000 0.034 0.000 0.037 0.010 0.056 0.010 0.009 0.000 0.010 0.000 0.009 0.008 0.010 0.000 0.000 0.010 0.008 0.010 0.019 0.010 0.010 0.010 0.709 0.000 0.007 0.000 0.000 0.028 0.000 0.000 0.000 0.000 0.000 0.000 0.007 0.000 0.000 0.008 0.008 0.023 0.010 0.010 0.000 0.000 0.009 0.063 0.010 0.010 0.010 0.010
0.000 0.010 0.174 0.010 0.010 0.010 0.087 0.032 0.009 0.010 0.009 0.008 0.018 0.009 0.009 0.010 0.008 0.009 0.008 0.008 0.007 0.008 0.008 0.007 0.008 0.008 0.007 0.010 0.010 0.010 0.008 0.007 0.008 0.008 0.010 0.010 0.072 0.008 0.010 0.010 0.006 0.006 0.009 0.008 0.010 0.038 0.009 0.010 0.009 0.356 0.000 0.000 0.000 0.000 0.025 0.000 0.000 0.000 0.000 0.008 0.000 0.006 0.000 0.008 0.009 0.010 0.122 0.010 0.010 0.010 0.010 0.010 0.010 0.022 0.007 0.000 0.014
0.000 0.000 0.010 0.009 0.010 0.010 0.010 0.005 0.004 0.000 0.005 0.000 0.007 0.010 0.005 0.000 0.000 0.010 0.015 0.000 0.008 0.010 0.010 0.010 0.010 0.010 0.010 0.009 0.010 0.010 0.000 0.000 0.000 0.007 0.008 0.009 0.009 0.010 0.009 0.025 0.008 0.009 0.007 0.010 0.008 0.008 0.055 0.029 0.208 0.222 0.296 0.119 0.118 0.047 0.083 0.143 0.197 0.234 0.297 0.088 0.008 0.007 0.010 0.009 0.008 0.068 0.010 0.007 0.017 0.010 0.008 0.010 0.024 0.008 0.007 0.007 0.008
0.034 0.042 0.010 0.009 0.010 0.010 0.005 0.000 0.003 0.006 0.006 0.010 0.006 0.005 0.000 0.000 0.000 0.010 0.009 0.015 0.009 0.010 0.010 0.010 0.010 0.010 0.203 0.008 0.006 0.007 0.000 0.008 0.000 0.010 0.010 0.021 0.008 0.009 0.025 0.010 0.000 0.009 0.010 0.026 0.000 0.008 0.008 0.000 0.008 0.010 0.404 0.000 0.016 0.086 0.093 0.106 0.084 0.010 0.009 0.006 0.006 0.006 0.007 0.010 0.009 0.008 0.009 0.008 0.010 0.010 0.009 0.010 0.010 0.009 0.009 0.018 0.000
