hx_30m/njhx/rain/result-0066.wd
ncols         211
nrows         286
xllcorner     660279.582600
yllcorner     3541874.325092
cellsize      30.000000
NODATA_value  -9999.000000
[rows 204 to 237 of 286, columns 77 to 153 of 211]
0.010 0.010 0.004 0.002 0.032 0.010 0.000 0.000 0.000 0.000 0.010 0.010 0.058 0.270 0.001 0.000 0.000 0.000 0.002 0.001 0.002 0.001 0.002 0.000 0.000 0.002 0.002 0.044 0.128 0.003 0.000 0.000 0.000 0.010 0.000 0.001 0.000 0.005 0.001 0.000 0.000 0.000 0.000 0.001 0.001 0.000 0.000 0.000 0.002 0.001 0.000 0.000 0.000 0.000 0.000 0.000 0.001 0.000 0.009 0.000 0.001 0.010 0.000 0.000 0.010 0.001 0.000 0.003 0.002 0.010 0.000 0.000 0.000 0.000 0.059 0.000 0.000
0.287 0.002 0.003 0.010 0.002 0.010 0.000 0.000 0.001 0.000 0.000 0.000 0.010 0.007 0.004 0.010 0.001 0.000 0.000 0.004 0.000 0.000 0.000 0.001 0.002 0.002 0.010 0.029 0.000 0.000 0.000 0.000 0.000 0.000 0.000 0.010 0.001 0.002 0.000 0.000 0.000 0.005 0.001 0.002 0.000 0.001 0.001 0.000 0.001 0.000 0.001 0.000 0.002 0.000 0.000 0.000 0.000 0.001 0.010 0.004 0.204 0.000 0.000 0.000 0.000 0.001 0.003 0.001 0.001 0.010 0.003 0.001 0.000 0.002 0.000 0.000 0.002
0.002 0.000 0.000 0.003 0.001 0.010 0.000 0.000 0.000 0.000 0.000 0.000 0.010 0.000 0.000 0.001 0.000 0.010 0.001 0.000 0.000 0.000 0.000 0.001 0.002 0.001 0.003 0.002 0.000 0.000 0.000 0.000 0.000 0.003 0.002 0.002 0.001 0.000 0.000 0.000 0.000 0.001 0.001 0.010 0.010 0.003 0.003 0.000 0.000 0.000 0.000 0.002 0.001 0.001 0.003 0.002 0.000 0.001 0.008 0.000 0.010 0.000 0.000 0.002 0.000 0.003 0.003 0.010 0.002 0.000 0.010 0.010 0.003 0.001 0.000 0.001 0.000
0.002 0.003 0.000 0.002 0.008 0.001 0.001 0.001 0.001 0.000 0.000 0.000 0.001 0.000 0.000 0.001 0.000 0.002 0.001 0.001 0.000 0.000 0.010 0.001 0.010 0.000 0.002 0.010 0.010 0.001 0.001 0.000 0.010 0.001 0.001 0.001 0.000 0.000 0.000 0.001 0.000 0.000 0.001 0.001 0.010 0.179 0.000 0.000 0.000 0.000 0.003 0.001 0.000 0.002 0.000 0.003 0.212 0.009 0.010 0.230 0.000 0.001 0.000 0.000 0.000 0.000 0.003 0.010 0.004 0.010 0.010 0.010 0.046 0.000 0.000 0.001 0.000
0.002 0.000 0.010 0.002 0.000 0.001 0.000 0.000 0.000 0.002 0.004 0.001 0.004 0.002 0.003 0.002 0.001 0.166 0.053 0.000 0.001 0.002 0.004 0.001 0.002 0.000 0.010 0.000 0.003 0.010 0.000 0.000 0.000 0.000 0.002 0.001 0.000 0.000 0.001 0.002 0.010 0.000 0.001 0.001 0.010 0.000 0.000 0.000 0.000 0.000 0.002 0.002 0.001 0.001 0.000 0.002 0.010 0.013 0.000 0.095 0.000 0.000 0.001 0.010 0.001 0.002 0.002 0.002 0.000 0.001 0.010 0.004 0.000 0.000 0.039 0.000 0.000
0.000 0.010 0.003 0.001 0.010 0.000 0.000 0.000 0.000 0.001 0.000 0.000 0.000 0.000 0.000 0.000 0.000 0.133 0.341 0.062 0.145 0.004 0.002 0.000 0.000 0.010 0.010 0.001 0.000 0.000 0.002 0.000 0.000 0.001 0.001 0.001 0.001 0.000 0.000 0.000 0.000 0.010 0.000 0.010 0.010 0.000 0.000 0.000 0.000 0.000 0.000 0.002 0.010 0.000 0.002 0.002 0.002 0.001 0.010 0.171 0.000 0.022 0.002 0.001 0.000 0.000 0.001 0.002 0.000 0.000 0.000 0.001 0.000 0.010 0.000 0.010 0.001
0.000 0.002 0.001 0.002 0.000 0.000 0.000 0.000 0.000 0.000 0.000 0.001 0.000 0.000 0.000 0.033 0.002 0.213 0.057 0.235 0.316 0.000 0.550 0.010 0.001 0.002 0.002 0.000 0.000 0.000 0.010 0.000 0.002 0.001 0.002 0.000 0.010 0.002 0.000 0.000 0.000 0.003 0.000 0.010 0.000 0.000 0.000 0.000 0.001 0.001 0.000 0.010 0.010 0.001 0.010 0.000 0.003 0.000 0.010 0.001 0.000 0.003 0.001 0.000 0.000 0.010 0.000 0.000 0.000 0.000 0.000 0.000 0.010 0.010 0.010 0.000 0.000
0.010 0.004 0.004 0.010 0.000 0.000 0.000 0.000 0.000 0.005 0.001 0.000 0.000 0.000 0.000 0.000 0.003 0.068 0.202 0.018 0.380 0.010 0.021 0.111 0.686 0.000 0.024 0.003 0.000 0.000 0.010 0.010 0.001 0.010 0.000 0.000 0.010 0.010 0.001 0.009 0.000 0.010 0.010 0.010 0.010 0.000 0.000 0.000 0.003 0.000 0.000 0.010 0.008 0.000 0.005 0.002 0.076 0.005 0.000 0.000 0.001 0.000 0.002 0.001 0.000 0.000 0.000 0.010 0.001 0.000 0.000 0.000 0.000 0.001 0.002 0.001 0.003
0.000 0.004 0.004 0.004 0.000 0.000 0.001 0.000 0.000 0.001 0.010 0.002 0.000 0.000 0.000 0.001 0.203 0.318 0.334 0.292 0.008 0.001 0.001 0.000 0.010 0.010 0.010 0.010 0.000 0.002 0.002 0.000 0.000 0.002 0.000 0.010 0.010 0.010 0.000 0.000 0.002 0.001 0.001 0.000 0.001 0.000 0.000 0.000 0.000 0.000 0.000 0.000 0.000 0.000 0.002 0.001 0.000 0.000 0.000 0.000 0.001 0.000 0.001 0.000 0.000 0.000 0.010 0.010 0.010 0.010 0.010 0.000 0.010 0.000 0.000 0.008 0.010
0.001 0.000 0.000 0.000 0.000 0.001 0.001 0.000 0.000 0.000 0.012 0.000 0.000 0.000 0.001 0.004 0.319 0.079 0.280 0.004 0.002 0.000 0.010 0.000 0.001 0.001 0.001 0.163 0.001 0.010 0.000 0.014 0.004 0.001 0.002 0.010 0.010 0.001 0.000 0.000 0.008 0.001 0.003 0.000 0.001 0.000 0.001 0.000 0.000 0.000 0.000 0.005 0.000 0.000 0.004 0.018 0.000 0.000 0.000 0.000 0.000 0.002 0.000 0.002 0.001 0.000 0.001 0.004 0.010 0.010 0.001 0.000 0.010 0.001 0.006 0.008 0.000
0.004 0.003 0.001 0.000 0.002 0.000 0.000 0.000 0.000 0.000 0.016 0.000 0.000 0.000 0.000 0.001 0.187 0.366 0.000 0.001 0.001 0.001 0.001 0.000 0.002 0.000 0.001 0.000 0.000 0.000 0.002 0.010 0.000 0.010 0.010 0.002 0.001 0.007 0.001 0.003 0.000 0.001 0.001 0.002 0.000 0.008 0.000 0.000 0.000 0.010 0.000 0.010 0.000 0.001 0.002 0.552 0.000 0.000 0.001 0.000 0.000 0.002 0.000 0.000 0.000 0.000 0.001 0.000 0.002 0.010 0.010 0.000 0.000 0.000 0.001 0.002 0.000
0.001 0.010 0.000 0.000 0.000 0.000 0.000 0.001 0.000 0.000 0.000 0.000 0.000 0.010 0.004 0.001 0.012 0.000 0.006 0.004 0.010 0.010 0.010 0.000 0.002 0.001 0.001 0.010 0.004 0.010 0.001 0.003 0.010 0.010 0.000 0.001 0.002 0.002 0.002 0.063 0.010 0.012 0.000 0.001 0.010 0.000 0.000 0.000 0.000 0.000 0.003 0.000 0.000 0.002 0.000 0.001 0.000 0.000 0.001 0.000 0.002 0.000 0.001 0.000 0.000 0.001 0.003 0.000 0.000 0.000 0.001 0.001 0.000 0.002 0.001 0.000 0.000
0.001 0.004 0.010 0.001 0.000 0.000 0.001 0.000 0.000 0.001 0.005 0.000 0.004 0.000 0.002 0.001 0.082 0.004 0.010 0.000 0.004 0.010 0.010 0.002 0.001 0.001 0.000 0.001 0.001 0.001 0.003 0.003 0.002 0.000 0.010 0.002 0.000 0.002 0.002 0.010 0.003 0.001 0.001 0.000 0.003 0.001 0.000 0.000 0.000 0.000 0.000 0.000 0.000 0.002 0.062 0.000 0.000 0.010 0.000 0.000 0.000 0.000 0.000 0.000 0.000 0.000 0.001 0.001 0.043 0.000 0.001 0.000 0.001 0.001 0.001 0.000 0.001
0.001 0.001 0.002 0.004 0.000 0.000 0.000 0.000 0.000 0.002 0.004 0.000 0.010 0.010 0.001 0.000 0.010 0.000 0.000 0.000 0.002 0.002 0.001 0.002 0.001 0.001 0.003 0.002 0.000 0.001 0.001 0.002 0.000 0.010 0.000 0.002 0.000 0.002 0.000 0.001 0.001 0.000 0.001 0.010 0.000 0.000 0.000 0.026 0.000 0.000 0.000 0.000 0.002 0.000 0.001 0.000 0.002 0.010 0.010 0.000 0.003 0.001 0.000 0.000 0.000 0.000 0.000 0.000 0.000 0.002 0.058 0.001 0.002 0.002 0.001 0.000 0.000
0.003 0.002 0.000 0.000 0.001 0.001 0.000 0.000 0.001 0.000 0.000 0.000 0.001 0.001 0.001 0.000 0.001 0.002 0.003 0.010 0.010 0.003 0.001 0.010 0.003 0.001 0.001 0.002 0.000 0.002 0.001 0.003 0.001 0.010 0.000 0.000 0.000 0.000 0.000 0.629 0.000 0.001 0.004 0.000 0.000 0.000 0.000 0.000 0.000 0.000 0.000 0.000 0.004 0.002 0.000 0.000 0.000 0.000 0.000 0.002 0.001 0.000 0.000 0.000 0.000 0.000 0.000 0.000 0.000 0.000 0.000 0.001 0.010 0.000 0.002 0.000 0.001
0.000 0.010 0.000 0.001 0.000 0.001 0.001 0.001 0.001 0.052 0.000 0.000 0.000 0.001 0.001 0.002 0.000 0.001 0.010 0.010 0.010 0.010 0.003 0.000 0.001 0.001 0.001 0.000 0.000 0.010 0.001 0.002 0.001 0.000 0.010 0.001 0.010 0.001 0.000 0.109 0.021 0.022 0.000 0.010 0.000 0.000 0.000 0.000 0.000 0.000 0.000 0.004 0.001 0.000 0.000 0.000 0.000 0.000 0.000 0.001 0.000 0.000 0.002 0.000 0.001 0.000 0.003 0.001 0.000 0.000 0.000 0.002 0.001 0.010 0.001 0.000 0.001
0.000 0.001 0.000 0.000 0.000 0.000 0.002 0.000 0.001 0.002 0.002 0.010 0.002 0.005 0.001 0.002 0.001 0.001 0.001 0.000 0.010 0.010 0.002 0.000 0.000 0.002 0.002 0.001 0.001 0.002 0.003 0.000 0.010 0.000 0.001 0.000 0.000 0.034 0.018 0.159 0.010 0.019 0.000 0.002 0.002 0.004 0.000 0.000 0.000 0.000 0.001 0.001 0.000 0.000 0.000 0.000 0.000 0.000 0.000 0.000 0.000 0.000 0.001 0.000 0.000 0.000 0.010 0.004 0.001 0.001 0.000 0.001 0.000 0.000 0.000 0.044 0.000
0.000 0.001 0.000 0.000 0.001 0.000 0.000 0.000 0.001 0.000 0.002 0.001 0.002 0.000 0.000 0.000 0.010 0.002 0.001 0.002 0.000 0.120 0.010 0.010 0.002 0.002 0.000 0.000 0.000 0.000 0.002 0.002 0.010 0.000 0.000 0.010 0.037 0.030 0.000 0.083 0.010 0.012 0.010 0.001 0.001 0.008 0.097 0.002 0.001 0.000 0.001 0.004 0.000 0.000 0.000 0.000 0.000 0.003 0.000 0.000 0.010 0.000 0.000 0.001 0.000 0.000 0.000 0.004 0.000 0.000 0.000 0.003 0.000 0.000 0.000 0.000 0.000
0.001 0.002 0.000 0.000 0.004 0.001 0.000 0.001 0.000 0.000 0.000 0.001 0.004 0.002 0.001 0.003 0.004 0.010 0.187 0.010 0.003 0.010 0.000 0.002 0.003 0.001 0.000 0.000 0.000 0.002 0.000 0.000 0.000 0.000 0.001 0.083 0.064 0.000 0.002 0.000 0.010 0.013 0.031 0.002 0.001 0.001 0.001 0.002 0.000 0.000 0.000 0.000 0.000 0.000 0.007 0.000 0.000 0.000 0.000 0.000 0.000 0.010 0.000 0.000 0.001 0.000 0.003 0.000 0.003 0.001 0.002 0.000 0.000 0.000 0.001 0.000 0.000
0.000 0.002 0.001 0.000 0.000 0.004 0.001 0.001 0.000 0.001 0.004 0.001 0.002 0.002 0.002 0.001 0.000 0.003 0.010 0.167 0.010 0.002 0.000 0.001 0.000 0.001 0.000 0.000 0.001 0.001 0.000 0.000 0.000 0.001 0.000 0.075 0.062 0.001 0.000 0.002 0.213 0.095 0.191 0.041 0.010 0.004 0.004 0.000 0.000 0.001 0.055 0.001 0.004 0.000 0.001 0.000 0.000 0.000 0.000 0.001 0.000 0.000 0.095 0.010 0.006 0.010 0.001 0.000 0.000 0.001 0.003 0.000 0.000 0.000 0.000 0.000 0.000
0.000 0.002 0.001 0.002 0.002 0.001 0.000 0.001 0.001 0.000 0.000 0.001 0.001 0.001 0.000 0.010 0.001 0.001 0.000 0.003 0.001 0.107 0.010 0.000 0.000 0.000 0.000 0.000 0.000 0.003 0.002 0.003 0.003 0.001 0.000 0.001 0.000 0.001 0.001 0.000 0.002 0.000 0.002 0.181 0.137 0.110 0.148 0.002 0.001 0.000 0.010 0.010 0.002 0.001 0.001 0.000 0.000 0.000 0.000 0.000 0.000 0.001 0.000 0.001 0.001 0.010 0.010 0.002 0.000 0.002 0.000 0.000 0.000 0.000 0.000 0.000 0.000
0.002 0.000 0.001 0.000 0.001 0.001 0.001 0.000 0.000 0.001 0.001 0.000 0.000 0.000 0.001 0.004 0.010 0.075 0.001 0.001 0.001 0.002 0.004 0.001 0.017 0.000 0.000 0.001 0.000 0.003 0.000 0.000 0.000 0.001 0.000 0.000 0.000 0.001 0.002 0.000 0.000 0.190 0.196 0.086 0.187 0.083 0.004 0.001 0.010 0.005 0.000 0.001 0.001 0.707 0.209 0.001 0.004 0.000 0.000 0.001 0.001 0.000 0.001 0.000 0.000 0.000 0.001 0.000 0.001 0.000 0.000 0.000 0.000 0.000 0.000 0.000 0.001
0.000 0.000 0.001 0.001 0.001 0.000 0.000 0.001 0.001 0.000 0.001 0.000 0.003 0.001 0.002 0.010 0.010 0.010 0.010 0.010 0.000 0.000 0.000 0.001 0.010 0.156 0.001 0.000 0.010 0.001 0.001 0.002 0.010 0.001 0.000 0.000 0.001 0.000 0.000 0.001 0.000 0.099 0.103 0.085 0.001 0.001 0.004 0.004 0.007 0.004 0.010 0.001 0.001 0.004 0.001 0.010 0.025 0.010 0.002 0.001 0.002 0.001 0.000 0.000 0.000 0.000 0.001 0.001 0.000 0.000 0.000 0.000 0.000 0.001 0.000 0.000 0.000
0.001 0.000 0.000 0.005 0.000 0.000 0.002 0.000 0.010 0.001 0.001 0.000 0.000 0.004 0.010 0.010 0.010 0.010 0.010 0.001 0.001 0.000 0.000 0.002 0.001 0.010 0.010 0.001 0.003 0.000 0.001 0.003 0.003 0.000 0.003 0.001 0.000 0.000 0.000 0.000 0.005 0.000 0.000 0.002 0.001 0.000 0.004 0.000 0.001 0.000 0.000 0.001 0.010 0.002 0.000 0.000 0.002 0.769 0.616 0.001 0.001 0.001 0.000 0.000 0.000 0.000 0.001 0.000 0.010 0.006 0.000 0.000 0.000 0.000 0.000 0.000 0.000
0.000 0.000 0.002 0.037 0.001 0.001 0.001 0.002 0.001 0.001 0.000 0.002 0.002 0.000 0.000 0.000 0.000 0.010 0.010 0.001 0.058 0.000 0.010 0.002 0.001 0.000 0.002 0.001 0.002 0.002 0.001 0.000 0.000 0.000 0.000 0.000 0.000 0.004 0.000 0.010 0.000 0.000 0.000 0.000 0.000 0.001 0.002 0.005 0.001 0.002 0.010 0.048 0.004 0.001 0.010 0.010 0.000 0.000 0.001 0.000 0.897 0.190 0.000 0.000 0.000 0.000 0.001 0.000 0.003 0.001 0.000 0.000 0.098 0.001 0.000 0.000 0.001
0.000 0.000 0.004 0.010 0.028 0.001 0.000 0.001 0.001 0.000 0.002 0.000 0.000 0.000 0.001 0.133 0.000 0.000 0.001 0.000 0.000 0.000 0.000 0.001 0.000 0.001 0.006 0.003 0.001 0.002 0.002 0.003 0.000 0.000 0.000 0.000 0.002 0.000 0.002 0.000 0.001 0.000 0.001 0.000 0.001 0.001 0.735 0.004 0.001 0.001 0.001 0.004 0.004 0.000 0.000 0.001 0.000 0.001 0.000 0.001 0.004 0.276 0.728 0.010 0.001 0.001 0.000 0.000 0.000 0.000 0.000 0.053 0.152 0.249 0.176 0.004 0.001
0.010 0.000 0.000 0.000 0.000 0.000 0.000 0.001 0.001 0.001 0.001 0.001 0.001 0.000 0.000 0.000 0.002 0.000 0.000 0.000 0.001 0.001 0.000 0.000 0.000 0.010 0.000 0.003 0.003 0.001 0.000 0.010 0.000 0.001 0.000 0.001 0.001 0.000 0.000 0.000 0.000 0.000 0.000 0.000 0.001 0.000 0.056 0.010 0.010 0.004 0.001 0.001 0.001 0.010 0.002 0.000 0.000 0.000 0.002 0.000 0.010 0.000 0.010 0.687 0.010 0.001 0.001 0.000 0.000 0.000 0.000 0.129 0.168 0.155 0.018 0.008 0.004
0.001 0.001 0.000 0.000 0.000 0.001 0.000 0.002 0.000 0.001 0.002 0.001 0.000 0.000 0.001 0.000 0.000 0.001 0.000 0.000 0.001 0.002 0.002 0.000 0.000 0.000 0.000 0.003 0.001 0.001 0.001 0.001 0.000 0.000 0.000 0.001 0.001 0.000 0.001 0.010 0.001 0.010 0.000 0.002 0.002 0.010 0.024 0.033 0.010 0.004 0.010 0.004 0.000 0.000 0.000 0.000 0.002 0.001 0.004 0.004 0.002 0.000 0.000 0.010 0.000 0.000 0.002 0.001 0.045 0.000 0.060 0.192 0.205 0.185 0.000 0.002 0.016
0.004 0.000 0.001 0.000 0.001 0.000 0.004 0.002 0.000 0.000 0.001 0.002 0.002 0.004 0.000 0.001 0.010 0.000 0.001 0.001 0.000 0.000 0.001 0.000 0.002 0.000 0.000 0.003 0.002 0.000 0.000 0.000 0.001 0.000 0.000 0.000 0.000 0.001 0.010 0.000 0.001 0.000 0.001 0.001 0.048 0.000 0.010 0.010 0.002 0.010 0.001 0.010 0.010 0.004 0.000 0.010 0.002 0.005 0.010 0.010 0.010 0.001 0.000 0.013 0.010 0.091 0.010 0.000 0.335 0.037 0.050 0.156 0.307 0.002 0.000 0.000 0.001
0.000 0.000 0.000 0.000 0.000 0.001 0.001 0.001 0.001 0.000 0.000 0.001 0.000 0.001 0.004 0.000 0.000 0.000 0.000 0.001 0.002 0.000 0.000 0.000 0.000 0.000 0.003 0.000 0.002 0.000 0.000 0.000 0.000 0.001 0.001 0.000 0.000 0.000 0.001 0.001 0.001 0.001 0.001 0.000 0.000 0.000 0.000 0.010 0.000 0.010 0.010 0.001 0.006 0.004 0.000 0.010 0.001 0.000 0.010 0.000 0.010 0.010 0.001 0.000 0.198 0.156 0.154 0.218 0.010 0.000 1.176 0.268 0.099 0.000 0.001 0.001 0.001
0.004 0.001 0.000 0.001 0.000 0.001 0.001 0.000 0.000 0.001 0.000 0.001 0.000 0.000 0.000 0.000 0.002 0.010 0.010 0.000 0.001 0.010 0.057 0.000 0.002 0.001 0.002 0.000 0.000 0.000 0.000 0.000 0.000 0.000 0.000 0.000 0.002 0.001 0.000 0.001 0.001 0.001 0.004 1.005 0.000 0.000 0.000 0.049 0.000 0.000 0.010 0.010 0.001 0.001 0.001 0.004 0.001 0.010 0.007 0.010 0.010 0.000 0.000 0.001 0.000 0.163 0.047 0.000 0.000 0.010 0.010 0.000 0.018 0.217 0.066 0.000 0.011
0.000 0.000 0.004 0.001 0.002 0.000 0.001 0.000 0.000 0.000 0.000 0.010 0.001 0.000 0.000 0.000 0.001 0.001 0.001 0.000 0.000 0.000 0.001 0.001 0.002 0.000 0.001 0.003 0.000 0.000 0.000 0.000 0.000 0.001 0.000 0.000 0.002 0.005 0.001 0.000 0.001 0.006 0.000 0.025 0.252 0.000 0.000 0.000 0.000 0.000 0.000 0.010 0.001 0.001 0.004 0.000 0.001 0.001 0.004 0.001 0.001 0.001 0.000 0.000 0.001 0.002 0.133 0.000 0.010 0.113 0.010 0.000 0.004 0.000 0.171 0.291 0.026
0.010 0.002 0.001 0.001 0.001 0.001 0.000 0.000 0.001 0.000 0.000 0.000 0.000 0.001 0.000 0.000 0.000 0.000 0.009 0.001 0.000 0.000 0.000 0.001 0.000 0.002 0.000 0.000 0.000 0.000 0.000 0.000 0.000 0.000 0.000 0.000 0.001 0.001 0.004 0.002 0.007 0.010 0.664 0.010 0.000 0.000 0.141 0.034 0.000 0.000 0.000 0.010 0.001 0.010 0.010 0.010 0.001 0.007 0.000 0.000 0.001 0.002 0.000 0.000 0.000 0.000 0.001 0.000 0.005 0.000 0.001 0.002 0.000 0.000 0.000 0.000 0.097
0.001 0.001 0.001 0.000 0.002 0.000 0.000 0.000 0.000 0.000 0.000 0.000 0.000 0.000 0.000 0.000 0.000 0.000 0.010 0.010 0.004 0.001 0.000 0.001 0.000 0.002 0.000 0.002 0.000 0.000 0.000 0.000 0.000 0.000 0.000 0.000 0.001 0.004 0.004 0.001 0.002 0.000 0.002 0.001 0.002 0.010 0.022 0.010 0.000 0.000 0.010 0.001 0.010 0.010 0.010 0.010 0.010 0.010 0.004 0.001 0.000 0.001 0.000 0.000 0.004 0.010 0.000 0.000 0.000 0.001 0.000 0.000 0.006 0.000 0.000 0.000 0.001
