hx_30m/njhx/rain/result-0047.wd
ncols         211
nrows         286
xllcorner     660279.582600
yllcorner     3541874.325092
cellsize      30.000000
NODATA_value  -9999.000000
[rows 170 to 203 of 286, columns 0 to 76 of 211]
0.000 0.000 0.000 0.000 0.000 0.000 0.000 0.000 0.000 0.000 0.000 0.000 0.000 0.000 0.000 0.000 0.000 0.000 0.000 0.000 0.000 0.000 0.000 0.000 0.000 0.000 0.000 0.000 0.000 0.000 0.000 0.000 0.000 0.209 0.010 0.010 0.010 0.010 0.010 0.010 0.010 0.010 0.283 0.010 0.003 0.003 0.003 0.003 0.000 0.010 0.010 0.105 0.003 0.003 0.000 0.001 0.001 0.010 0.000 0.010 0.002 0.002 0.005 0.002 0.068 0.010 0.010 0.002 0.010 0.010 0.005 0.002 0.002 0.002 0.002 0.000 0.000
0.000 0.000 0.000 0.000 0.000 0.000 0.000 0.000 0.000 0.000 0.000 0.000 0.000 0.000 0.000 0.000 0.000 0.000 0.000 0.000 0.000 0.000 0.000 0.000 0.000 0.000 0.000 0.000 0.000 0.000 0.000 0.000 0.000 0.010 0.010 0.010 0.010 0.010 0.010 0.010 0.010 0.010 0.010 0.010 0.003 0.010 0.010 0.010 0.234 0.418 0.000 0.010 0.000 0.000 0.000 0.001 0.001 0.005 0.000 0.010 0.010 0.000 0.003 0.119 0.010 0.010 0.010 0.430 0.540 0.010 0.009 0.002 0.003 0.002 0.002 0.007 0.010
0.000 0.000 0.000 0.000 0.000 0.000 0.000 0.000 0.000 0.000 0.000 0.000 0.000 0.000 0.000 0.000 0.000 0.000 0.000 0.000 0.000 0.000 0.000 0.000 0.000 0.000 0.000 0.000 0.000 0.000 0.000 0.000 0.145 0.010 0.010 0.010 0.010 0.010 0.010 0.010 0.043 0.000 0.010 0.010 0.001 0.010 0.003 0.346 0.308 0.010 0.003 0.000 0.008 0.000 0.002 0.010 0.010 0.010 0.010 0.010 0.006 0.002 0.001 0.010 0.010 0.010 0.531 0.499 0.532 0.124 0.050 0.010 0.003 0.034 0.126 0.120 0.010
0.000 0.000 0.000 0.000 0.000 0.000 0.000 0.000 0.000 0.000 0.000 0.000 0.000 0.000 0.000 0.000 0.000 0.000 0.000 0.000 0.000 0.000 0.000 0.000 0.000 0.000 0.000 0.000 0.000 0.000 0.000 0.000 0.010 0.010 0.010 0.010 0.010 0.010 0.010 0.065 0.000 0.059 0.010 0.003 0.002 0.010 0.058 0.407 0.427 0.010 0.002 0.000 0.000 0.000 0.001 0.001 0.002 0.022 0.001 0.010 0.002 0.001 0.010 0.010 0.010 0.000 0.568 0.494 0.434 0.010 0.197 0.081 0.010 0.010 0.022 0.270 0.010
0.000 0.000 0.000 0.000 0.000 0.000 0.000 0.000 0.000 0.000 0.000 0.000 0.000 0.000 0.000 0.000 0.000 0.000 0.000 0.000 0.000 0.000 0.000 0.000 0.000 0.000 0.000 0.000 0.000 0.000 0.000 0.000 0.010 0.009 0.010 0.111 0.010 0.010 0.139 0.010 0.010 0.010 0.010 0.005 0.010 0.003 0.003 0.153 0.010 0.002 0.005 0.010 0.010 0.062 0.212 0.001 0.002 0.000 0.002 0.003 0.003 0.003 0.010 0.320 0.000 0.253 0.495 0.402 0.010 0.010 0.010 0.091 0.034 0.054 0.219 0.070 0.010
0.000 0.000 0.000 0.000 0.000 0.000 0.000 0.000 0.000 0.000 0.000 0.000 0.000 0.000 0.000 0.000 0.000 0.000 0.000 0.000 0.000 0.000 0.027 0.000 0.000 0.000 0.000 0.000 0.000 0.000 0.000 0.069 0.009 0.010 0.010 0.010 0.010 0.010 0.010 0.010 0.010 0.083 0.003 0.002 0.010 0.002 0.005 0.010 0.010 0.001 0.010 0.015 0.000 0.010 0.151 0.182 0.000 0.002 0.000 0.001 0.001 0.010 0.010 0.000 0.201 0.080 0.218 0.395 0.010 0.010 0.010 0.159 0.010 0.010 0.000 0.010 0.000
0.000 0.000 0.000 0.000 0.000 0.000 0.000 0.000 0.000 0.000 0.000 0.000 0.000 0.000 0.000 0.000 0.000 0.000 0.000 0.000 0.000 0.000 0.000 0.000 0.000 0.000 0.000 0.000 0.000 0.000 0.000 0.010 0.010 0.083 0.010 0.010 0.010 0.039 0.094 0.010 0.010 0.010 0.003 0.005 0.002 0.003 0.005 0.010 0.003 0.010 0.000 0.073 0.000 0.010 0.027 0.199 0.010 0.010 0.009 0.001 0.010 0.010 0.010 0.119 0.010 0.010 0.010 0.010 0.010 0.010 0.010 0.010 0.000 0.010 0.086 0.010 0.032
0.000 0.000 0.000 0.000 0.000 0.000 0.000 0.000 0.000 0.000 0.000 0.000 0.000 0.000 0.000 0.000 0.000 0.000 0.000 0.000 0.000 0.000 0.000 0.000 0.000 0.000 0.000 0.000 0.000 0.000 0.184 0.010 0.010 0.010 0.010 0.010 0.010 0.010 0.000 0.010 0.010 0.012 0.002 0.010 0.003 0.010 0.003 0.010 0.001 0.027 0.019 0.010 0.010 0.258 0.128 0.010 0.010 0.010 0.010 0.000 0.010 0.211 0.010 0.010 0.010 0.010 0.010 0.010 0.000 0.010 0.010 0.010 0.000 0.010 0.010 0.010 0.010
0.000 0.000 0.000 0.000 0.000 0.000 0.000 0.000 0.000 0.000 0.000 0.000 0.000 0.000 0.000 0.000 0.000 0.000 0.000 0.000 0.000 0.000 0.000 0.000 0.000 0.000 0.000 0.000 0.000 0.000 0.010 0.010 0.010 0.010 0.010 0.010 0.010 0.010 0.010 0.010 0.010 0.003 0.002 0.005 0.005 0.005 0.003 0.010 0.002 0.002 0.002 0.010 0.010 0.014 0.010 0.010 0.010 0.010 0.010 0.010 0.010 0.010 0.225 0.010 0.010 0.099 0.010 0.010 0.000 0.078 0.043 0.010 0.010 0.010 0.010 0.010 0.010
0.000 0.000 0.000 0.000 0.000 0.000 0.000 0.000 0.000 0.000 0.000 0.000 0.000 0.000 0.000 0.000 0.000 0.000 0.000 0.000 0.000 0.000 0.000 0.000 0.000 0.000 0.000 0.000 0.132 0.010 0.010 0.010 0.010 0.118 0.010 0.010 0.010 0.010 0.253 0.010 0.010 0.003 0.010 0.002 0.010 0.005 0.002 0.001 0.010 0.276 0.003 0.010 0.010 0.010 0.010 0.010 0.010 0.027 0.010 0.010 0.010 0.010 0.010 0.010 0.010 0.026 0.000 0.035 0.053 0.010 0.010 0.010 0.010 0.010 0.010 0.010 0.010
0.000 0.000 0.000 0.000 0.000 0.000 0.000 0.000 0.000 0.000 0.000 0.000 0.000 0.000 0.000 0.000 0.000 0.000 0.000 0.000 0.000 0.000 0.000 0.000 0.000 0.000 0.000 0.000 0.000 0.010 0.010 0.010 0.103 0.010 0.135 0.010 0.097 0.010 0.000 0.010 0.010 0.003 0.010 0.003 0.005 0.005 0.002 0.005 0.010 0.010 0.102 0.010 0.010 0.013 0.010 0.010 0.010 0.058 0.010 0.010 0.010 0.010 0.010 0.010 0.010 0.010 0.010 0.078 0.122 0.096 0.010 0.010 0.010 0.010 0.010 0.010 0.010
0.000 0.000 0.000 0.000 0.000 0.000 0.000 0.000 0.000 0.000 0.000 0.000 0.000 0.000 0.000 0.000 0.000 0.000 0.000 0.000 0.000 0.000 0.000 0.000 0.000 0.000 0.000 0.000 0.000 0.107 0.010 0.010 0.010 0.005 0.005 0.010 0.010 0.010 0.000 0.010 0.003 0.003 0.010 0.002 0.001 0.052 0.003 0.003 0.010 0.010 0.010 0.010 0.012 0.012 0.010 0.010 0.010 0.010 0.010 0.010 0.010 0.010 0.010 0.010 0.010 0.010 0.010 0.010 0.010 0.010 0.010 0.001 0.005 0.003 0.003 0.006 0.010
0.000 0.000 0.000 0.000 0.000 0.000 0.000 0.000 0.000 0.000 0.000 0.000 0.000 0.000 0.000 0.000 0.000 0.051 0.000 0.000 0.000 0.000 0.000 0.000 0.000 0.000 0.000 0.000 0.000 0.010 0.010 1.140 0.010 0.002 0.010 0.010 0.002 0.010 0.000 0.102 0.001 0.010 0.010 0.005 0.005 0.002 0.003 0.003 0.010 0.010 0.010 0.010 0.164 0.814 0.010 0.010 0.170 0.010 0.010 0.010 0.010 0.010 0.010 0.010 0.010 0.010 0.010 0.010 0.010 0.010 0.010 0.001 0.001 0.003 0.001 0.002 0.001
0.000 0.000 0.000 0.000 0.000 0.000 0.000 0.000 0.000 0.000 0.000 0.000 0.000 0.000 0.000 0.000 0.000 0.010 0.000 0.000 0.000 0.000 0.000 0.000 0.000 0.000 0.000 0.000 0.063 0.010 0.010 0.010 0.001 0.006 0.010 0.010 0.002 0.010 0.115 0.010 0.001 0.003 0.003 0.010 0.009 0.005 0.003 0.002 0.003 0.003 0.010 0.010 0.010 0.048 0.010 0.010 0.010 0.010 0.010 0.010 0.045 0.010 0.010 0.010 0.010 0.010 0.045 0.010 0.010 0.010 0.002 0.001 0.002 0.005 0.001 0.001 0.010
0.000 0.000 0.000 0.000 0.000 0.000 0.000 0.000 0.000 0.000 0.000 0.000 0.000 0.000 0.000 0.000 0.000 0.000 0.000 0.000 0.000 0.000 0.000 0.000 0.000 0.000 0.000 0.072 0.010 0.006 0.003 0.002 0.017 0.010 0.010 0.006 0.004 0.010 0.010 0.010 0.001 0.040 0.002 0.002 0.003 0.002 0.001 0.002 0.005 0.005 0.002 0.010 0.010 0.010 0.010 0.010 0.010 0.010 0.010 0.010 0.010 0.010 0.010 0.010 0.010 0.016 0.134 0.059 0.010 0.034 0.001 0.002 0.001 0.003 0.003 0.005 0.003
0.000 0.000 0.000 0.000 0.000 0.000 0.000 0.000 0.000 0.000 0.000 0.000 0.000 0.000 0.000 0.000 0.000 0.000 0.000 0.000 0.000 0.000 0.000 0.000 0.000 0.000 0.065 0.010 0.006 0.006 0.081 0.006 0.010 0.010 0.006 0.010 0.289 0.010 0.052 0.005 0.002 0.010 0.002 0.002 0.004 0.010 0.010 0.011 0.001 0.003 0.010 0.003 0.003 0.010 0.010 0.010 0.010 0.010 0.010 0.031 0.010 0.010 0.010 0.010 0.003 0.005 0.019 0.058 0.010 0.003 0.002 0.001 0.001 0.001 0.001 0.001 0.002
0.000 0.000 0.000 0.000 0.000 0.000 0.000 0.000 0.000 0.000 0.000 0.000 0.000 0.000 0.000 0.000 0.058 0.000 0.000 0.000 0.000 0.000 0.000 0.000 0.000 0.149 0.010 0.003 0.004 0.010 0.003 0.010 0.010 0.010 0.010 0.000 0.010 0.010 0.005 0.002 0.005 0.010 0.010 0.002 0.010 0.052 0.000 0.010 0.000 0.003 0.001 0.002 0.005 0.002 0.001 0.002 0.010 0.010 0.013 0.097 0.010 0.010 0.010 0.016 0.002 0.001 0.002 0.001 0.002 0.002 0.001 0.010 0.010 0.005 0.070 0.010 0.003
0.000 0.000 0.000 0.000 0.000 0.000 0.000 0.000 0.000 0.000 0.000 0.000 0.000 0.000 0.000 0.000 0.010 0.000 0.000 0.000 0.000 0.000 0.000 0.000 0.000 0.010 0.010 0.002 0.045 0.042 0.010 0.006 0.010 0.010 0.010 0.276 0.010 0.010 0.006 0.002 0.010 0.003 0.005 0.003 0.049 0.010 0.082 0.010 0.000 0.046 0.005 0.002 0.001 0.002 0.005 0.001 0.001 0.005 0.010 0.010 0.159 0.010 0.010 0.003 0.002 0.003 0.003 0.005 0.002 0.002 0.002 0.010 0.008 0.006 0.005 0.006 0.002
0.000 0.000 0.000 0.000 0.000 0.000 0.000 0.000 0.000 0.000 0.000 0.000 0.000 0.000 0.000 0.000 0.000 0.000 0.000 0.000 0.000 0.000 0.000 0.000 0.000 0.010 0.003 0.002 0.012 0.010 0.002 0.010 0.010 0.004 0.000 0.010 0.010 0.010 0.010 0.020 0.006 0.005 0.005 0.056 0.010 0.010 0.010 0.010 0.010 0.010 0.010 0.000 0.008 0.002 0.001 0.001 0.003 0.001 0.022 0.010 0.008 0.010 0.044 0.002 0.001 0.003 0.005 0.010 0.005 0.005 0.005 0.005 0.009 0.003 0.003 0.002 0.002
0.000 0.000 0.000 0.000 0.000 0.000 0.000 0.000 0.000 0.000 0.000 0.000 0.000 0.000 0.000 0.000 0.000 0.000 0.000 0.000 0.000 0.000 0.000 0.000 0.041 0.001 0.182 0.055 0.010 0.010 0.006 0.010 0.010 0.002 0.000 0.031 0.010 0.010 0.001 0.006 0.006 0.003 0.002 0.010 0.010 0.010 0.010 0.010 0.010 0.010 0.010 0.010 0.010 0.006 0.010 0.009 0.005 0.001 0.003 0.003 0.006 0.005 0.005 0.006 0.001 0.003 0.003 0.003 0.005 0.005 0.005 0.013 0.005 0.001 0.005 0.003 0.003
0.000 0.000 0.000 0.000 0.000 0.000 0.000 0.000 0.000 0.000 0.000 0.000 0.000 0.000 0.037 0.000 0.000 0.000 0.000 0.000 0.000 0.000 0.000 0.000 0.000 0.001 0.182 0.024 0.010 0.002 0.010 0.010 0.004 0.010 0.143 0.010 0.010 0.010 0.003 0.010 0.002 0.006 0.012 0.010 0.010 0.010 0.141 0.010 0.010 0.261 0.010 0.010 0.010 0.015 0.010 0.010 0.003 0.003 0.005 0.003 0.001 0.003 0.003 0.001 0.001 0.001 0.001 0.002 0.005 0.005 0.011 0.002 0.010 0.009 0.001 0.004 0.001
0.000 0.000 0.000 0.000 0.000 0.000 0.000 0.000 0.000 0.000 0.000 0.000 0.000 0.000 0.000 0.000 0.000 0.000 0.000 0.000 0.000 0.000 0.000 0.145 0.010 0.003 0.010 0.010 0.006 0.010 0.010 0.004 0.006 0.010 0.033 0.000 0.006 0.002 0.002 0.010 0.002 0.006 0.010 0.010 0.010 0.180 0.010 0.010 0.010 0.010 0.189 0.010 0.010 0.010 0.010 0.010 0.006 0.003 0.000 0.003 0.003 0.001 0.010 0.002 0.002 0.003 0.003 0.001 0.002 0.001 0.002 0.002 0.005 0.132 0.010 0.001 0.002
0.000 0.000 0.000 0.000 0.000 0.000 0.000 0.000 0.000 0.000 0.000 0.000 0.000 0.000 0.000 0.000 0.000 0.000 0.000 0.000 0.000 0.000 0.000 0.010 0.010 0.004 0.006 0.010 0.006 0.010 0.010 0.010 0.006 0.010 0.616 0.000 0.003 0.003 0.002 0.006 0.001 0.001 0.002 0.010 0.010 0.010 0.081 0.010 0.010 0.010 0.010 0.010 0.010 0.010 0.010 0.006 0.001 0.003 0.010 0.002 0.003 0.001 0.000 0.002 0.003 0.002 0.002 0.001 0.002 0.002 0.003 0.003 0.003 0.002 0.002 0.006 0.001
0.000 0.000 0.000 0.000 0.000 0.000 0.000 0.000 0.000 0.000 0.000 0.000 0.000 0.000 0.000 0.000 0.000 0.000 0.000 0.000 0.000 0.122 0.010 0.010 0.010 0.010 0.002 0.010 0.010 0.010 0.010 0.004 0.010 0.010 0.010 0.000 0.002 0.003 0.006 0.003 0.001 0.010 0.002 0.001 0.002 0.002 0.010 0.010 0.010 0.010 0.153 0.010 0.010 0.010 0.010 0.002 0.002 0.002 0.005 0.000 0.003 0.002 0.002 0.000 0.000 0.003 0.002 0.001 0.003 0.006 0.001 0.002 0.003 0.004 0.004 0.004 0.002
0.000 0.000 0.000 0.000 0.000 0.000 0.000 0.000 0.000 0.000 0.000 0.000 0.000 0.000 0.000 0.000 0.000 0.000 0.000 0.000 0.000 0.068 0.010 0.010 0.010 0.006 0.012 0.004 0.006 0.010 0.002 0.010 0.142 0.000 0.010 0.010 0.006 0.002 0.010 0.001 0.006 0.010 0.010 0.097 0.002 0.011 0.003 0.002 0.005 0.010 0.010 0.010 0.010 0.010 0.003 0.002 0.002 0.003 0.010 0.002 0.002 0.003 0.001 0.002 0.005 0.010 0.010 0.000 0.001 0.001 0.001 0.006 0.004 0.004 0.005 0.002 0.005
0.000 0.000 0.000 0.000 0.000 0.000 0.000 0.000 0.000 0.000 0.000 0.000 0.000 0.000 0.000 0.000 0.000 0.000 0.000 0.000 0.231 0.010 0.006 0.004 0.004 0.006 0.010 0.010 0.010 0.010 0.010 0.003 0.000 0.010 0.010 0.000 0.004 0.004 0.006 0.004 0.109 0.010 0.010 0.010 0.010 0.010 0.006 0.006 0.001 0.006 0.010 0.010 0.010 0.010 0.005 0.005 0.003 0.004 0.003 0.003 0.001 0.001 0.002 0.002 0.002 0.002 0.005 0.046 0.005 0.010 0.000 0.000 0.001 0.002 0.002 0.006 0.004
0.000 0.000 0.000 0.000 0.000 0.000 0.000 0.000 0.000 0.000 0.000 0.000 0.000 0.000 0.000 0.000 0.000 0.000 0.000 0.000 0.010 0.002 0.006 0.010 0.006 0.004 0.003 0.010 0.010 0.001 0.000 0.000 0.000 0.010 0.000 0.010 0.001 0.010 0.004 0.004 0.063 0.114 0.010 0.010 0.010 0.010 0.010 0.010 0.128 0.004 0.006 0.001 0.002 0.010 0.001 0.002 0.005 0.010 0.000 0.000 0.001 0.002 0.002 0.010 0.002 0.001 0.002 0.000 0.001 0.010 0.010 0.003 0.002 0.002 0.000 0.000 0.002
0.000 0.000 0.000 0.000 0.000 0.000 0.000 0.000 0.000 0.036 0.000 0.000 0.000 0.000 0.000 0.000 0.000 0.000 0.000 0.114 0.010 0.004 0.006 0.010 0.004 0.002 0.003 0.010 0.010 0.003 0.000 0.000 0.006 0.120 0.010 0.010 0.006 0.010 0.003 0.010 0.010 0.010 0.010 0.010 0.010 0.010 0.095 0.000 0.010 0.010 0.010 0.003 0.003 0.002 0.001 0.003 0.000 0.002 0.001 0.001 0.001 0.003 0.001 0.001 0.001 0.003 0.000 0.000 0.005 0.002 0.003 0.002 0.002 0.000 0.004 0.001 0.002
0.000 0.000 0.000 0.000 0.000 0.000 0.000 0.000 0.000 0.000 0.000 0.000 0.000 0.000 0.000 0.000 0.000 0.000 0.078 0.010 0.010 0.010 0.006 0.010 0.003 0.010 0.010 0.006 0.004 0.002 0.003 0.000 0.007 0.000 0.010 0.004 0.006 0.010 0.003 0.010 0.010 0.010 0.010 0.010 0.000 0.000 0.000 0.000 0.010 0.010 0.010 0.003 0.001 0.001 0.000 0.001 0.001 0.001 0.003 0.005 0.001 0.001 0.003 0.010 0.107 0.000 0.000 0.003 0.003 0.000 0.000 0.004 0.008 0.000 0.000 0.001 0.041
0.000 0.000 0.000 0.000 0.000 0.000 0.000 0.000 0.000 0.000 0.000 0.000 0.000 0.000 0.000 0.000 0.000 0.000 0.010 0.010 0.010 0.010 0.006 0.002 0.003 0.010 0.010 0.010 0.004 0.002 0.002 0.000 0.000 0.007 0.010 0.005 0.004 0.008 0.002 0.024 0.010 0.010 0.010 0.010 0.000 0.002 0.000 0.000 0.026 0.010 0.010 0.002 0.000 0.000 0.000 0.000 0.002 0.005 0.001 0.003 0.002 0.001 0.003 0.010 0.003 0.000 0.000 0.054 0.000 0.000 0.010 0.003 0.001 0.006 0.002 0.003 0.003
0.000 0.000 0.000 0.000 0.000 0.000 0.000 0.000 0.000 0.000 0.000 0.000 0.000 0.000 0.000 0.000 0.000 0.042 0.072 0.027 0.010 0.002 0.004 0.003 0.004 0.010 0.010 0.010 0.061 0.000 0.001 0.006 0.069 0.010 0.010 0.001 0.010 0.001 0.004 0.010 0.010 0.010 0.010 0.010 0.098 0.000 0.003 0.010 0.000 0.000 0.002 0.010 0.003 0.001 0.001 0.197 0.010 0.000 0.003 0.001 0.006 0.002 0.010 0.010 0.000 0.000 0.003 0.002 0.000 0.000 0.010 0.010 0.000 0.000 0.003 0.010 0.010
0.000 0.000 0.000 0.000 0.000 0.000 0.000 0.000 0.000 0.000 0.000 0.000 0.000 0.000 0.000 0.000 0.000 0.086 0.010 0.010 0.010 0.006 0.001 0.014 0.003 0.010 0.002 0.003 0.000 0.010 0.006 0.000 0.000 0.010 0.002 0.002 0.002 0.002 0.006 0.001 0.003 0.010 0.010 0.000 0.000 0.000 0.001 0.005 0.002 0.001 0.003 0.005 0.003 0.002 0.010 0.000 0.000 0.000 0.001 0.000 0.003 0.003 0.010 0.003 0.002 0.007 0.003 0.000 0.000 0.002 0.148 0.098 0.005 0.002 0.002 0.006 0.000
0.000 0.000 0.000 0.000 0.000 0.000 0.000 0.000 0.000 0.000 0.000 0.000 0.000 0.000 0.000 0.000 0.010 0.010 0.010 0.099 0.006 0.010 0.004 0.001 0.010 0.010 0.005 0.002 0.000 0.004 0.003 0.002 0.097 0.000 0.001 0.006 0.002 0.006 0.001 0.004 0.002 0.001 0.001 0.006 0.000 0.001 0.001 0.000 0.000 0.002 0.001 0.001 0.010 0.010 0.002 0.002 0.002 0.000 0.000 0.000 0.002 0.001 0.003 0.001 0.000 0.028 0.010 0.016 0.003 0.002 0.011 0.001 0.000 0.010 0.000 0.006 0.007
0.000 0.000 0.000 0.000 0.000 0.000 0.000 0.000 0.000 0.000 0.000 0.000 0.000 0.000 0.000 0.292 0.076 0.010 0.004 0.010 0.002 0.006 0.002 0.004 0.010 0.010 0.010 0.004 0.001 0.006 0.010 0.010 0.000 0.075 0.003 0.010 0.001 0.010 0.006 0.010 0.004 0.006 0.002 0.013 0.004 0.001 0.001 0.000 0.010 0.001 0.001 0.003 0.001 0.002 0.001 0.001 0.002 0.001 0.001 0.001 0.000 0.003 0.001 0.000 0.000 0.001 0.000 0.000 0.000 0.010 0.015 0.031 0.010 0.010 0.000 0.218 0.325
