hx_30m/njhx/rain/result-0072.wd
ncols         211
nrows         286
xllcorner     660279.582600
yllcorner     3541874.325092
cellsize      30.000000
NODATA_value  -9999.000000
[rows 204 to 237 of 286, columns 77 to 153 of 211]
0.010 0.010 0.003 0.001 0.032 0.010 0.000 0.000 0.000 0.000 0.010 0.010 0.058 0.270 0.001 0.000 0.000 0.000 0.001 0.001 0.001 0.001 0.002 0.000 0.000 0.001 0.001 0.044 0.128 0.003 0.000 0.000 0.000 0.010 0.000 0.001 0.000 0.004 0.001 0.000 0.000 0.000 0.000 0.001 0.000 0.000 0.000 0.000 0.001 0.001 0.000 0.000 0.000 0.000 0.000 0.000 0.000 0.000 0.008 0.000 0.000 0.010 0.000 0.000 0.010 0.001 0.000 0.003 0.002 0.010 0.000 0.000 0.000 0.000 0.059 0.000 0.000
0.181 0.001 0.003 0.010 0.001 0.010 0.000 0.000 0.000 0.000 0.000 0.000 0.010 0.006 0.004 0.010 0.001 0.000 0.000 0.003 0.000 0.000 0.000 0.001 0.001 0.001 0.010 0.029 0.000 0.000 0.000 0.000 0.000 0.000 0.000 0.010 0.001 0.001 0.000 0.000 0.000 0.004 0.001 0.001 0.000 0.001 0.001 0.000 0.001 0.000 0.001 0.000 0.001 0.000 0.000 0.000 0.000 0.000 0.010 0.004 0.204 0.000 0.000 0.000 0.000 0.000 0.003 0.000 0.001 0.010 0.003 0.000 0.000 0.001 0.000 0.000 0.002
0.001 0.000 0.000 0.002 0.001 0.010 0.000 0.000 0.000 0.000 0.000 0.000 0.010 0.000 0.000 0.001 0.000 0.010 0.000 0.000 0.000 0.000 0.000 0.001 0.001 0.001 0.003 0.001 0.000 0.000 0.000 0.000 0.000 0.003 0.001 0.001 0.001 0.000 0.000 0.000 0.000 0.001 0.000 0.010 0.010 0.002 0.003 0.000 0.000 0.000 0.000 0.001 0.001 0.001 0.003 0.001 0.000 0.001 0.007 0.000 0.010 0.000 0.000 0.001 0.000 0.003 0.003 0.010 0.002 0.000 0.010 0.010 0.003 0.001 0.000 0.001 0.000
0.002 0.003 0.000 0.001 0.007 0.001 0.001 0.001 0.000 0.000 0.000 0.000 0.001 0.000 0.000 0.001 0.000 0.001 0.001 0.001 0.000 0.000 0.010 0.001 0.010 0.000 0.001 0.010 0.010 0.001 0.001 0.000 0.010 0.001 0.001 0.000 0.000 0.000 0.000 0.000 0.000 0.000 0.001 0.001 0.010 0.179 0.000 0.000 0.000 0.000 0.003 0.000 0.000 0.001 0.000 0.003 0.159 0.006 0.010 0.230 0.000 0.001 0.000 0.000 0.000 0.000 0.003 0.010 0.003 0.010 0.010 0.010 0.046 0.000 0.000 0.001 0.000
0.001 0.000 0.010 0.002 0.000 0.001 0.000 0.000 0.000 0.001 0.003 0.001 0.003 0.001 0.002 0.002 0.001 0.156 0.043 0.000 0.001 0.001 0.003 0.001 0.001 0.000 0.010 0.000 0.003 0.010 0.000 0.000 0.000 0.000 0.001 0.000 0.000 0.000 0.001 0.001 0.010 0.000 0.001 0.001 0.010 0.000 0.000 0.000 0.000 0.000 0.002 0.001 0.000 0.000 0.000 0.001 0.010 0.011 0.000 0.095 0.000 0.000 0.001 0.010 0.000 0.001 0.001 0.001 0.000 0.000 0.010 0.003 0.000 0.000 0.039 0.000 0.000
0.000 0.010 0.002 0.001 0.010 0.000 0.000 0.000 0.000 0.001 0.000 0.000 0.000 0.000 0.000 0.000 0.000 0.123 0.331 0.052 0.135 0.003 0.002 0.000 0.000 0.010 0.010 0.000 0.000 0.000 0.002 0.000 0.000 0.000 0.001 0.001 0.001 0.000 0.000 0.000 0.000 0.010 0.000 0.010 0.010 0.000 0.000 0.000 0.000 0.000 0.000 0.002 0.010 0.000 0.001 0.001 0.001 0.001 0.010 0.171 0.000 0.022 0.001 0.001 0.000 0.000 0.000 0.001 0.000 0.000 0.000 0.001 0.000 0.010 0.000 0.010 0.001
0.000 0.001 0.001 0.001 0.000 0.000 0.000 0.000 0.000 0.000 0.000 0.001 0.000 0.000 0.000 0.033 0.001 0.203 0.046 0.225 0.306 0.000 0.549 0.010 0.001 0.001 0.001 0.000 0.000 0.000 0.010 0.000 0.001 0.001 0.001 0.000 0.010 0.001 0.000 0.000 0.000 0.003 0.000 0.010 0.000 0.000 0.000 0.000 0.000 0.000 0.000 0.010 0.010 0.001 0.010 0.000 0.003 0.000 0.010 0.001 0.000 0.003 0.001 0.000 0.000 0.010 0.000 0.000 0.000 0.000 0.000 0.000 0.010 0.010 0.010 0.000 0.000
0.010 0.003 0.003 0.010 0.000 0.000 0.000 0.000 0.000 0.004 0.001 0.000 0.000 0.000 0.000 0.000 0.002 0.055 0.187 0.010 0.370 0.010 0.020 0.110 0.686 0.000 0.018 0.003 0.000 0.000 0.010 0.010 0.001 0.010 0.000 0.000 0.010 0.010 0.000 0.009 0.000 0.010 0.010 0.010 0.010 0.000 0.000 0.000 0.003 0.000 0.000 0.010 0.006 0.000 0.004 0.002 0.076 0.005 0.000 0.000 0.001 0.000 0.001 0.000 0.000 0.000 0.000 0.010 0.001 0.000 0.000 0.000 0.000 0.001 0.001 0.001 0.002
0.000 0.003 0.003 0.003 0.000 0.000 0.001 0.000 0.000 0.001 0.010 0.001 0.000 0.000 0.000 0.001 0.188 0.303 0.319 0.277 0.006 0.001 0.001 0.000 0.010 0.010 0.010 0.010 0.000 0.001 0.001 0.000 0.000 0.001 0.000 0.010 0.010 0.010 0.000 0.000 0.001 0.000 0.000 0.000 0.001 0.000 0.000 0.000 0.000 0.000 0.000 0.000 0.000 0.000 0.001 0.001 0.000 0.000 0.000 0.000 0.001 0.000 0.001 0.000 0.000 0.000 0.010 0.010 0.010 0.010 0.009 0.000 0.010 0.000 0.000 0.006 0.010
0.001 0.000 0.000 0.000 0.000 0.001 0.001 0.000 0.000 0.000 0.011 0.000 0.000 0.000 0.001 0.003 0.304 0.064 0.265 0.003 0.001 0.000 0.010 0.000 0.001 0.001 0.001 0.163 0.001 0.010 0.000 0.012 0.003 0.001 0.001 0.010 0.010 0.001 0.000 0.000 0.007 0.001 0.003 0.000 0.000 0.000 0.001 0.000 0.000 0.000 0.000 0.003 0.000 0.000 0.003 0.016 0.000 0.000 0.000 0.000 0.000 0.001 0.000 0.001 0.000 0.000 0.000 0.002 0.010 0.010 0.001 0.000 0.010 0.001 0.005 0.005 0.000
0.003 0.002 0.001 0.000 0.001 0.000 0.000 0.000 0.000 0.000 0.014 0.000 0.000 0.000 0.000 0.001 0.172 0.351 0.000 0.001 0.000 0.001 0.001 0.000 0.001 0.000 0.001 0.000 0.000 0.000 0.001 0.010 0.000 0.010 0.009 0.001 0.001 0.007 0.001 0.003 0.000 0.000 0.001 0.001 0.000 0.005 0.000 0.000 0.000 0.010 0.000 0.010 0.000 0.001 0.001 0.544 0.000 0.000 0.001 0.000 0.000 0.001 0.000 0.000 0.000 0.000 0.000 0.000 0.001 0.010 0.010 0.000 0.000 0.000 0.001 0.001 0.000
0.001 0.010 0.000 0.000 0.000 0.000 0.000 0.001 0.000 0.000 0.000 0.000 0.000 0.010 0.003 0.001 0.005 0.000 0.005 0.003 0.010 0.010 0.010 0.000 0.001 0.001 0.001 0.010 0.003 0.010 0.001 0.003 0.010 0.010 0.000 0.001 0.001 0.001 0.001 0.063 0.010 0.012 0.000 0.000 0.009 0.000 0.000 0.000 0.000 0.000 0.003 0.000 0.000 0.001 0.000 0.001 0.000 0.000 0.001 0.000 0.001 0.000 0.000 0.000 0.000 0.001 0.002 0.000 0.000 0.000 0.001 0.001 0.000 0.001 0.001 0.000 0.000
0.001 0.003 0.010 0.001 0.000 0.000 0.001 0.000 0.000 0.001 0.005 0.000 0.003 0.000 0.001 0.001 0.014 0.003 0.010 0.000 0.003 0.010 0.010 0.002 0.001 0.001 0.000 0.001 0.001 0.000 0.003 0.003 0.002 0.000 0.010 0.002 0.000 0.001 0.001 0.010 0.003 0.000 0.000 0.000 0.001 0.000 0.000 0.000 0.000 0.000 0.000 0.000 0.000 0.001 0.049 0.000 0.000 0.010 0.000 0.000 0.000 0.000 0.000 0.000 0.000 0.000 0.000 0.001 0.039 0.000 0.001 0.000 0.001 0.001 0.001 0.000 0.001
0.001 0.001 0.001 0.003 0.000 0.000 0.000 0.000 0.000 0.001 0.003 0.000 0.010 0.010 0.001 0.000 0.010 0.000 0.000 0.000 0.001 0.001 0.001 0.001 0.001 0.001 0.003 0.001 0.000 0.001 0.001 0.001 0.000 0.010 0.000 0.001 0.000 0.002 0.000 0.001 0.000 0.000 0.000 0.010 0.000 0.000 0.000 0.026 0.000 0.000 0.000 0.000 0.001 0.000 0.001 0.000 0.001 0.010 0.010 0.000 0.003 0.001 0.000 0.000 0.000 0.000 0.000 0.000 0.000 0.002 0.058 0.001 0.001 0.001 0.001 0.000 0.000
0.003 0.001 0.000 0.000 0.001 0.001 0.000 0.000 0.001 0.000 0.000 0.000 0.001 0.001 0.001 0.000 0.001 0.001 0.003 0.010 0.010 0.003 0.000 0.010 0.003 0.001 0.001 0.001 0.000 0.001 0.001 0.003 0.001 0.010 0.000 0.000 0.000 0.000 0.000 0.629 0.000 0.001 0.003 0.000 0.000 0.000 0.000 0.000 0.000 0.000 0.000 0.000 0.003 0.002 0.000 0.000 0.000 0.000 0.000 0.001 0.001 0.000 0.000 0.000 0.000 0.000 0.000 0.000 0.000 0.000 0.000 0.001 0.010 0.000 0.001 0.000 0.001
0.000 0.010 0.000 0.001 0.000 0.001 0.001 0.001 0.001 0.052 0.000 0.000 0.000 0.001 0.001 0.002 0.000 0.001 0.010 0.010 0.010 0.010 0.003 0.000 0.001 0.000 0.001 0.000 0.000 0.010 0.001 0.001 0.001 0.000 0.010 0.001 0.010 0.000 0.000 0.109 0.021 0.022 0.000 0.010 0.000 0.000 0.000 0.000 0.000 0.000 0.000 0.003 0.001 0.000 0.000 0.000 0.000 0.000 0.000 0.000 0.000 0.000 0.001 0.000 0.001 0.000 0.003 0.001 0.000 0.000 0.000 0.001 0.001 0.010 0.001 0.000 0.001
0.000 0.001 0.000 0.000 0.000 0.000 0.001 0.000 0.001 0.001 0.002 0.010 0.001 0.004 0.001 0.001 0.001 0.001 0.001 0.000 0.010 0.010 0.002 0.000 0.000 0.002 0.001 0.001 0.001 0.002 0.003 0.000 0.010 0.000 0.001 0.000 0.000 0.033 0.018 0.159 0.010 0.019 0.000 0.002 0.001 0.003 0.000 0.000 0.000 0.000 0.001 0.001 0.000 0.000 0.000 0.000 0.000 0.000 0.000 0.000 0.000 0.000 0.000 0.000 0.000 0.000 0.010 0.003 0.001 0.001 0.000 0.001 0.000 0.000 0.000 0.044 0.000
0.000 0.001 0.000 0.000 0.001 0.000 0.000 0.000 0.001 0.000 0.001 0.001 0.002 0.000 0.000 0.000 0.010 0.001 0.001 0.001 0.000 0.120 0.010 0.010 0.001 0.001 0.000 0.000 0.000 0.000 0.001 0.002 0.010 0.000 0.000 0.010 0.036 0.029 0.000 0.083 0.010 0.012 0.010 0.001 0.001 0.007 0.097 0.001 0.000 0.000 0.001 0.003 0.000 0.000 0.000 0.000 0.000 0.002 0.000 0.000 0.010 0.000 0.000 0.001 0.000 0.000 0.000 0.003 0.000 0.000 0.000 0.003 0.000 0.000 0.000 0.000 0.000
0.001 0.001 0.000 0.000 0.003 0.001 0.000 0.001 0.000 0.000 0.000 0.001 0.003 0.001 0.001 0.003 0.003 0.010 0.187 0.010 0.003 0.010 0.000 0.001 0.003 0.001 0.000 0.000 0.000 0.001 0.000 0.000 0.000 0.000 0.000 0.082 0.063 0.000 0.001 0.000 0.010 0.013 0.030 0.001 0.001 0.001 0.001 0.002 0.000 0.000 0.000 0.000 0.000 0.000 0.006 0.000 0.000 0.000 0.000 0.000 0.000 0.010 0.000 0.000 0.001 0.000 0.002 0.000 0.003 0.000 0.001 0.000 0.000 0.000 0.000 0.000 0.000
0.000 0.001 0.001 0.000 0.000 0.003 0.001 0.001 0.000 0.001 0.003 0.001 0.001 0.001 0.001 0.001 0.000 0.003 0.010 0.167 0.010 0.001 0.000 0.001 0.000 0.001 0.000 0.000 0.001 0.001 0.000 0.000 0.000 0.000 0.000 0.074 0.061 0.001 0.000 0.001 0.211 0.094 0.190 0.039 0.010 0.003 0.003 0.000 0.000 0.001 0.055 0.001 0.003 0.000 0.000 0.000 0.000 0.000 0.000 0.001 0.000 0.000 0.095 0.009 0.005 0.010 0.001 0.000 0.000 0.001 0.003 0.000 0.000 0.000 0.000 0.000 0.000
0.000 0.001 0.001 0.001 0.002 0.001 0.000 0.001 0.001 0.000 0.000 0.001 0.000 0.001 0.000 0.010 0.001 0.000 0.000 0.003 0.001 0.107 0.010 0.000 0.000 0.000 0.000 0.000 0.000 0.003 0.001 0.003 0.003 0.000 0.000 0.001 0.000 0.001 0.001 0.000 0.001 0.000 0.001 0.178 0.134 0.107 0.144 0.001 0.001 0.000 0.010 0.010 0.002 0.000 0.001 0.000 0.000 0.000 0.000 0.000 0.000 0.001 0.000 0.001 0.000 0.010 0.010 0.001 0.000 0.001 0.000 0.000 0.000 0.000 0.000 0.000 0.000
0.001 0.000 0.000 0.000 0.001 0.000 0.000 0.000 0.000 0.001 0.001 0.000 0.000 0.000 0.001 0.003 0.010 0.075 0.001 0.001 0.001 0.001 0.004 0.000 0.017 0.000 0.000 0.001 0.000 0.003 0.000 0.000 0.000 0.001 0.000 0.000 0.000 0.001 0.002 0.000 0.000 0.186 0.193 0.083 0.184 0.080 0.003 0.001 0.010 0.005 0.000 0.001 0.001 0.648 0.149 0.001 0.003 0.000 0.000 0.001 0.001 0.000 0.001 0.000 0.000 0.000 0.001 0.000 0.000 0.000 0.000 0.000 0.000 0.000 0.000 0.000 0.001
0.000 0.000 0.000 0.000 0.001 0.000 0.000 0.001 0.001 0.000 0.001 0.000 0.003 0.000 0.001 0.010 0.010 0.010 0.010 0.010 0.000 0.000 0.000 0.001 0.010 0.156 0.001 0.000 0.010 0.001 0.001 0.001 0.010 0.001 0.000 0.000 0.001 0.000 0.000 0.001 0.000 0.096 0.100 0.082 0.001 0.001 0.003 0.003 0.006 0.003 0.010 0.001 0.001 0.003 0.001 0.010 0.012 0.010 0.001 0.001 0.001 0.001 0.000 0.000 0.000 0.000 0.001 0.000 0.000 0.000 0.000 0.000 0.000 0.000 0.000 0.000 0.000
0.001 0.000 0.000 0.002 0.000 0.000 0.001 0.000 0.010 0.001 0.001 0.000 0.000 0.003 0.010 0.010 0.010 0.010 0.010 0.001 0.000 0.000 0.000 0.001 0.001 0.010 0.010 0.001 0.003 0.000 0.001 0.003 0.003 0.000 0.003 0.001 0.000 0.000 0.000 0.000 0.004 0.000 0.000 0.001 0.001 0.000 0.003 0.000 0.001 0.000 0.000 0.001 0.010 0.001 0.000 0.000 0.001 0.724 0.570 0.001 0.001 0.001 0.000 0.000 0.000 0.000 0.000 0.000 0.010 0.002 0.000 0.000 0.000 0.000 0.000 0.000 0.000
0.000 0.000 0.001 0.027 0.001 0.000 0.000 0.001 0.001 0.001 0.000 0.002 0.001 0.000 0.000 0.000 0.000 0.010 0.010 0.001 0.058 0.000 0.010 0.001 0.001 0.000 0.001 0.001 0.001 0.002 0.001 0.000 0.000 0.000 0.000 0.000 0.000 0.003 0.000 0.010 0.000 0.000 0.000 0.000 0.000 0.001 0.002 0.005 0.001 0.001 0.010 0.048 0.003 0.001 0.010 0.010 0.000 0.000 0.001 0.000 0.897 0.189 0.000 0.000 0.000 0.000 0.000 0.000 0.001 0.001 0.000 0.000 0.088 0.000 0.000 0.000 0.001
0.000 0.000 0.003 0.010 0.024 0.000 0.000 0.001 0.001 0.000 0.001 0.000 0.000 0.000 0.001 0.133 0.000 0.000 0.001 0.000 0.000 0.000 0.000 0.000 0.000 0.000 0.005 0.003 0.000 0.001 0.001 0.003 0.000 0.000 0.000 0.000 0.001 0.000 0.002 0.000 0.001 0.000 0.001 0.000 0.001 0.001 0.735 0.003 0.001 0.001 0.001 0.003 0.003 0.000 0.000 0.001 0.000 0.001 0.000 0.001 0.003 0.276 0.728 0.010 0.001 0.001 0.000 0.000 0.000 0.000 0.000 0.043 0.142 0.239 0.166 0.002 0.001
0.010 0.000 0.000 0.000 0.000 0.000 0.000 0.001 0.001 0.001 0.001 0.001 0.001 0.000 0.000 0.000 0.001 0.000 0.000 0.000 0.001 0.001 0.000 0.000 0.000 0.010 0.000 0.003 0.004 0.001 0.000 0.010 0.000 0.000 0.000 0.001 0.001 0.000 0.000 0.000 0.000 0.000 0.000 0.000 0.001 0.000 0.056 0.010 0.010 0.003 0.001 0.001 0.001 0.010 0.001 0.000 0.000 0.000 0.001 0.000 0.010 0.000 0.010 0.686 0.010 0.000 0.001 0.000 0.000 0.000 0.000 0.119 0.158 0.145 0.008 0.006 0.003
0.001 0.001 0.000 0.000 0.000 0.001 0.000 0.001 0.000 0.001 0.001 0.001 0.000 0.000 0.001 0.000 0.000 0.001 0.000 0.000 0.001 0.001 0.002 0.000 0.000 0.000 0.000 0.003 0.000 0.001 0.000 0.000 0.000 0.000 0.000 0.001 0.001 0.000 0.001 0.010 0.001 0.010 0.000 0.001 0.001 0.010 0.025 0.034 0.010 0.003 0.010 0.003 0.000 0.000 0.000 0.000 0.001 0.001 0.003 0.003 0.001 0.000 0.000 0.010 0.000 0.000 0.002 0.001 0.041 0.000 0.049 0.182 0.194 0.175 0.000 0.002 0.016
0.003 0.000 0.001 0.000 0.001 0.000 0.003 0.001 0.000 0.000 0.000 0.002 0.001 0.003 0.000 0.001 0.010 0.000 0.001 0.001 0.000 0.000 0.001 0.000 0.001 0.000 0.000 0.003 0.001 0.000 0.000 0.000 0.001 0.000 0.000 0.000 0.000 0.001 0.010 0.000 0.001 0.000 0.001 0.001 0.048 0.000 0.010 0.010 0.002 0.010 0.001 0.010 0.010 0.003 0.000 0.010 0.001 0.004 0.010 0.010 0.010 0.000 0.000 0.013 0.010 0.111 0.010 0.000 0.331 0.032 0.040 0.146 0.296 0.001 0.000 0.000 0.001
0.000 0.000 0.000 0.000 0.000 0.001 0.001 0.001 0.001 0.000 0.000 0.001 0.000 0.001 0.003 0.000 0.000 0.000 0.000 0.001 0.001 0.000 0.000 0.000 0.000 0.000 0.003 0.000 0.001 0.000 0.000 0.000 0.000 0.001 0.000 0.000 0.000 0.000 0.001 0.001 0.001 0.000 0.001 0.000 0.000 0.000 0.000 0.010 0.000 0.010 0.010 0.001 0.005 0.003 0.000 0.010 0.001 0.000 0.010 0.000 0.010 0.010 0.001 0.000 0.218 0.175 0.173 0.238 0.010 0.000 1.166 0.257 0.088 0.000 0.001 0.001 0.001
0.003 0.001 0.000 0.001 0.000 0.001 0.001 0.000 0.000 0.001 0.000 0.001 0.000 0.000 0.000 0.000 0.001 0.010 0.008 0.000 0.001 0.010 0.057 0.000 0.001 0.001 0.001 0.000 0.000 0.000 0.000 0.000 0.000 0.000 0.000 0.000 0.001 0.001 0.000 0.001 0.000 0.001 0.003 1.009 0.000 0.000 0.000 0.049 0.000 0.000 0.010 0.010 0.001 0.000 0.000 0.003 0.001 0.010 0.006 0.010 0.010 0.000 0.000 0.001 0.000 0.182 0.066 0.000 0.000 0.010 0.010 0.000 0.016 0.203 0.052 0.000 0.010
0.000 0.000 0.003 0.001 0.001 0.000 0.001 0.000 0.000 0.000 0.000 0.010 0.000 0.000 0.000 0.000 0.001 0.001 0.001 0.000 0.000 0.000 0.001 0.001 0.001 0.000 0.000 0.003 0.000 0.000 0.000 0.000 0.000 0.001 0.000 0.000 0.002 0.004 0.001 0.000 0.001 0.005 0.000 0.029 0.255 0.000 0.000 0.000 0.000 0.000 0.000 0.010 0.001 0.001 0.003 0.000 0.001 0.001 0.003 0.001 0.001 0.001 0.000 0.000 0.001 0.001 0.152 0.000 0.010 0.113 0.010 0.000 0.003 0.000 0.157 0.277 0.021
0.010 0.001 0.001 0.001 0.001 0.001 0.000 0.000 0.001 0.000 0.000 0.000 0.000 0.001 0.000 0.000 0.000 0.000 0.008 0.000 0.000 0.000 0.000 0.001 0.000 0.001 0.000 0.000 0.000 0.000 0.000 0.000 0.000 0.000 0.000 0.000 0.001 0.001 0.003 0.001 0.006 0.010 0.664 0.010 0.000 0.000 0.141 0.034 0.000 0.000 0.000 0.010 0.000 0.010 0.010 0.010 0.001 0.005 0.000 0.000 0.001 0.001 0.000 0.000 0.000 0.000 0.000 0.000 0.004 0.000 0.001 0.002 0.000 0.000 0.000 0.000 0.094
0.001 0.001 0.001 0.000 0.001 0.000 0.000 0.000 0.000 0.000 0.000 0.000 0.000 0.000 0.000 0.000 0.000 0.000 0.010 0.010 0.003 0.001 0.000 0.001 0.000 0.001 0.000 0.002 0.000 0.000 0.000 0.000 0.000 0.000 0.000 0.000 0.001 0.003 0.003 0.001 0.002 0.000 0.001 0.001 0.002 0.010 0.022 0.010 0.000 0.000 0.010 0.001 0.010 0.010 0.010 0.010 0.010 0.010 0.003 0.001 0.000 0.001 0.000 0.000 0.003 0.010 0.000 0.000 0.000 0.001 0.000 0.000 0.005 0.000 0.000 0.000 0.001
