hx_30m/njhx/rain/result-0024.wd
ncols         211
nrows         286
xllcorner     660279.582600
yllcorner     3541874.325092
cellsize      30.000000
NODATA_value  -9999.000000
[rows 170 to 203 of 286, columns 0 to 76 of 211]
0.000 0.000 0.000 0.000 0.000 0.000 0.000 0.000 0.000 0.000 0.000 0.000 0.000 0.000 0.000 0.000 0.000 0.000 0.000 0.000 0.000 0.000 0.000 0.000 0.000 0.000 0.000 0.000 0.000 0.000 0.000 0.000 0.000 0.161 0.010 0.010 0.010 0.010 0.010 0.010 0.010 0.010 0.239 0.010 0.010 0.010 0.010 0.010 0.000 0.015 0.025 0.134 0.010 0.010 0.023 0.010 0.010 0.010 0.000 0.010 0.010 0.028 0.010 0.010 0.049 0.010 0.010 0.009 0.010 0.010 0.010 0.010 0.010 0.010 0.010 0.000 0.000
0.000 0.000 0.000 0.000 0.000 0.000 0.000 0.000 0.000 0.000 0.000 0.000 0.000 0.000 0.000 0.000 0.000 0.000 0.000 0.000 0.000 0.000 0.000 0.000 0.000 0.000 0.000 0.000 0.000 0.000 0.000 0.000 0.000 0.010 0.010 0.010 0.010 0.010 0.010 0.010 0.010 0.010 0.010 0.010 0.026 0.010 0.010 0.010 0.110 0.294 0.000 0.021 0.000 0.000 0.010 0.010 0.010 0.010 0.000 0.010 0.010 0.000 0.010 0.077 0.010 0.010 0.010 0.148 0.258 0.010 0.010 0.010 0.010 0.010 0.010 0.010 0.010
0.000 0.000 0.000 0.000 0.000 0.000 0.000 0.000 0.000 0.000 0.000 0.000 0.000 0.000 0.000 0.000 0.000 0.000 0.000 0.000 0.000 0.000 0.000 0.000 0.000 0.000 0.000 0.000 0.000 0.000 0.000 0.000 0.112 0.010 0.010 0.010 0.010 0.010 0.010 0.010 0.036 0.000 0.010 0.010 0.010 0.010 0.010 0.221 0.183 0.010 0.010 0.000 0.020 0.000 0.010 0.010 0.010 0.010 0.010 0.010 0.010 0.010 0.010 0.010 0.010 0.010 0.249 0.217 0.251 0.010 0.010 0.010 0.010 0.010 0.020 0.010 0.010
0.000 0.000 0.000 0.000 0.000 0.000 0.000 0.000 0.000 0.000 0.000 0.000 0.000 0.000 0.000 0.000 0.000 0.000 0.000 0.000 0.000 0.000 0.000 0.000 0.000 0.000 0.000 0.000 0.000 0.000 0.000 0.000 0.010 0.010 0.010 0.010 0.010 0.010 0.010 0.054 0.000 0.050 0.010 0.010 0.010 0.010 0.010 0.282 0.302 0.010 0.010 0.000 0.000 0.000 0.010 0.010 0.010 0.026 0.010 0.010 0.010 0.010 0.010 0.010 0.010 0.000 0.286 0.212 0.153 0.010 0.089 0.010 0.010 0.010 0.010 0.122 0.010
0.000 0.000 0.000 0.000 0.000 0.000 0.000 0.000 0.000 0.000 0.000 0.000 0.000 0.000 0.000 0.000 0.000 0.000 0.000 0.000 0.000 0.000 0.000 0.000 0.000 0.000 0.000 0.000 0.000 0.000 0.000 0.000 0.010 0.009 0.010 0.088 0.010 0.010 0.110 0.010 0.010 0.010 0.010 0.010 0.010 0.010 0.010 0.026 0.010 0.027 0.010 0.010 0.010 0.013 0.167 0.010 0.010 0.000 0.010 0.010 0.010 0.010 0.010 0.214 0.000 0.010 0.213 0.120 0.010 0.010 0.010 0.026 0.010 0.010 0.133 0.010 0.010
0.000 0.000 0.000 0.000 0.000 0.000 0.000 0.000 0.000 0.000 0.000 0.000 0.000 0.000 0.000 0.000 0.000 0.000 0.000 0.000 0.000 0.000 0.023 0.000 0.000 0.000 0.000 0.000 0.000 0.000 0.000 0.054 0.009 0.010 0.010 0.010 0.010 0.010 0.010 0.010 0.010 0.086 0.010 0.045 0.010 0.010 0.010 0.010 0.010 0.010 0.010 0.010 0.000 0.010 0.106 0.137 0.000 0.010 0.000 0.010 0.010 0.010 0.010 0.000 0.073 0.010 0.010 0.113 0.010 0.010 0.010 0.094 0.010 0.010 0.000 0.010 0.000
0.000 0.000 0.000 0.000 0.000 0.000 0.000 0.000 0.000 0.000 0.000 0.000 0.000 0.000 0.000 0.000 0.000 0.000 0.000 0.000 0.000 0.000 0.000 0.000 0.000 0.000 0.000 0.000 0.000 0.000 0.000 0.010 0.010 0.066 0.010 0.010 0.010 0.026 0.081 0.010 0.010 0.010 0.010 0.010 0.010 0.010 0.010 0.010 0.010 0.010 0.000 0.064 0.000 0.010 0.010 0.155 0.011 0.012 0.032 0.009 0.010 0.010 0.010 0.079 0.010 0.010 0.010 0.010 0.010 0.010 0.010 0.010 0.000 0.010 0.093 0.010 0.036
0.000 0.000 0.000 0.000 0.000 0.000 0.000 0.000 0.000 0.000 0.000 0.000 0.000 0.000 0.000 0.000 0.000 0.000 0.000 0.000 0.000 0.000 0.000 0.000 0.000 0.000 0.000 0.000 0.000 0.000 0.143 0.010 0.010 0.010 0.010 0.010 0.010 0.010 0.000 0.010 0.010 0.057 0.010 0.010 0.055 0.010 0.010 0.010 0.010 0.032 0.024 0.010 0.010 0.190 0.060 0.010 0.010 0.011 0.010 0.000 0.010 0.155 0.010 0.010 0.010 0.010 0.010 0.010 0.000 0.010 0.010 0.010 0.000 0.010 0.010 0.010 0.010
0.000 0.000 0.000 0.000 0.000 0.000 0.000 0.000 0.000 0.000 0.000 0.000 0.000 0.000 0.000 0.000 0.000 0.000 0.000 0.000 0.000 0.000 0.000 0.000 0.000 0.000 0.000 0.000 0.000 0.000 0.010 0.010 0.010 0.010 0.010 0.010 0.010 0.010 0.010 0.010 0.010 0.010 0.010 0.010 0.063 0.010 0.010 0.010 0.010 0.010 0.010 0.010 0.010 0.010 0.010 0.010 0.010 0.015 0.010 0.010 0.010 0.010 0.169 0.010 0.010 0.089 0.010 0.010 0.000 0.080 0.045 0.010 0.010 0.010 0.010 0.010 0.010
0.000 0.000 0.000 0.000 0.000 0.000 0.000 0.000 0.000 0.000 0.000 0.000 0.000 0.000 0.000 0.000 0.000 0.000 0.000 0.000 0.000 0.000 0.000 0.000 0.000 0.000 0.000 0.000 0.102 0.010 0.010 0.010 0.010 0.123 0.010 0.010 0.010 0.010 0.172 0.010 0.010 0.010 0.010 0.010 0.010 0.010 0.010 0.010 0.010 0.210 0.010 0.010 0.010 0.010 0.010 0.010 0.010 0.038 0.010 0.010 0.010 0.010 0.010 0.010 0.010 0.016 0.000 0.010 0.023 0.010 0.010 0.010 0.010 0.010 0.010 0.010 0.010
0.000 0.000 0.000 0.000 0.000 0.000 0.000 0.000 0.000 0.000 0.000 0.000 0.000 0.000 0.000 0.000 0.000 0.000 0.000 0.000 0.000 0.000 0.000 0.000 0.000 0.000 0.000 0.000 0.000 0.010 0.010 0.010 0.068 0.010 0.095 0.010 0.098 0.010 0.000 0.010 0.010 0.010 0.010 0.010 0.010 0.010 0.010 0.010 0.010 0.010 0.082 0.010 0.010 0.014 0.010 0.010 0.010 0.070 0.010 0.010 0.010 0.010 0.010 0.010 0.010 0.010 0.010 0.048 0.093 0.066 0.010 0.010 0.010 0.010 0.010 0.010 0.010
0.000 0.000 0.000 0.000 0.000 0.000 0.000 0.000 0.000 0.000 0.000 0.000 0.000 0.000 0.000 0.000 0.000 0.000 0.000 0.000 0.000 0.000 0.000 0.000 0.000 0.000 0.000 0.000 0.000 0.085 0.010 0.010 0.010 0.035 0.010 0.010 0.010 0.010 0.000 0.010 0.010 0.010 0.010 0.018 0.010 0.042 0.010 0.010 0.010 0.010 0.010 0.010 0.010 0.010 0.010 0.010 0.010 0.010 0.010 0.010 0.010 0.010 0.010 0.010 0.010 0.010 0.010 0.010 0.010 0.010 0.010 0.007 0.010 0.010 0.010 0.010 0.010
0.000 0.000 0.000 0.000 0.000 0.000 0.000 0.000 0.000 0.000 0.000 0.000 0.000 0.000 0.000 0.000 0.000 0.047 0.000 0.000 0.000 0.000 0.000 0.000 0.000 0.000 0.000 0.000 0.000 0.010 0.010 0.475 0.010 0.010 0.010 0.010 0.010 0.010 0.000 0.087 0.010 0.010 0.010 0.010 0.010 0.010 0.010 0.010 0.010 0.010 0.010 0.010 0.025 0.681 0.010 0.010 0.124 0.010 0.010 0.010 0.010 0.010 0.010 0.010 0.010 0.010 0.010 0.010 0.010 0.010 0.010 0.006 0.006 0.009 0.007 0.010 0.010
0.000 0.000 0.000 0.000 0.000 0.000 0.000 0.000 0.000 0.000 0.000 0.000 0.000 0.000 0.000 0.000 0.000 0.010 0.000 0.000 0.000 0.000 0.000 0.000 0.000 0.000 0.000 0.000 0.051 0.010 0.010 0.010 0.010 0.010 0.010 0.010 0.010 0.010 0.088 0.010 0.010 0.010 0.051 0.010 0.034 0.010 0.010 0.010 0.010 0.010 0.010 0.010 0.010 0.011 0.010 0.010 0.010 0.010 0.010 0.010 0.037 0.010 0.010 0.010 0.010 0.010 0.022 0.010 0.010 0.010 0.010 0.005 0.007 0.010 0.007 0.007 0.010
0.000 0.000 0.000 0.000 0.000 0.000 0.000 0.000 0.000 0.000 0.000 0.000 0.000 0.000 0.000 0.000 0.000 0.000 0.000 0.000 0.000 0.000 0.000 0.000 0.000 0.000 0.000 0.058 0.010 0.010 0.010 0.010 0.063 0.010 0.010 0.010 0.010 0.010 0.010 0.010 0.010 0.034 0.010 0.010 0.010 0.024 0.010 0.010 0.010 0.010 0.010 0.010 0.010 0.010 0.010 0.010 0.010 0.010 0.010 0.010 0.010 0.010 0.010 0.010 0.010 0.010 0.111 0.036 0.010 0.036 0.010 0.008 0.006 0.008 0.009 0.010 0.010
0.000 0.000 0.000 0.000 0.000 0.000 0.000 0.000 0.000 0.000 0.000 0.000 0.000 0.000 0.000 0.000 0.000 0.000 0.000 0.000 0.000 0.000 0.000 0.000 0.000 0.000 0.053 0.010 0.010 0.010 0.068 0.010 0.033 0.010 0.010 0.010 0.218 0.010 0.042 0.010 0.010 0.010 0.010 0.010 0.023 0.010 0.010 0.048 0.010 0.010 0.010 0.010 0.010 0.010 0.010 0.010 0.010 0.010 0.010 0.023 0.010 0.010 0.010 0.010 0.010 0.010 0.010 0.035 0.010 0.010 0.009 0.005 0.005 0.005 0.005 0.008 0.010
0.000 0.000 0.000 0.000 0.000 0.000 0.000 0.000 0.000 0.000 0.000 0.000 0.000 0.000 0.000 0.000 0.050 0.000 0.000 0.000 0.000 0.000 0.000 0.000 0.000 0.119 0.010 0.010 0.010 0.010 0.010 0.010 0.010 0.010 0.010 0.000 0.010 0.010 0.010 0.010 0.010 0.010 0.032 0.010 0.010 0.044 0.000 0.010 0.000 0.010 0.010 0.010 0.010 0.010 0.010 0.010 0.010 0.010 0.010 0.089 0.010 0.010 0.010 0.088 0.022 0.008 0.009 0.007 0.010 0.008 0.007 0.010 0.010 0.010 0.050 0.010 0.010
0.000 0.000 0.000 0.000 0.000 0.000 0.000 0.000 0.000 0.000 0.000 0.000 0.000 0.000 0.000 0.000 0.010 0.000 0.000 0.000 0.000 0.000 0.000 0.000 0.000 0.010 0.010 0.010 0.094 0.091 0.010 0.010 0.010 0.010 0.010 0.207 0.010 0.010 0.010 0.011 0.010 0.010 0.010 0.010 0.040 0.010 0.065 0.010 0.000 0.042 0.010 0.019 0.010 0.010 0.010 0.010 0.014 0.010 0.010 0.010 0.052 0.010 0.010 0.010 0.010 0.010 0.010 0.010 0.010 0.009 0.009 0.010 0.010 0.010 0.010 0.010 0.010
0.000 0.000 0.000 0.000 0.000 0.000 0.000 0.000 0.000 0.000 0.000 0.000 0.000 0.000 0.000 0.000 0.000 0.000 0.000 0.000 0.000 0.000 0.000 0.000 0.000 0.010 0.010 0.010 0.061 0.010 0.010 0.010 0.010 0.010 0.000 0.010 0.010 0.010 0.010 0.022 0.010 0.032 0.010 0.043 0.010 0.010 0.010 0.010 0.010 0.010 0.010 0.000 0.020 0.010 0.013 0.009 0.009 0.009 0.014 0.010 0.010 0.010 0.045 0.009 0.008 0.010 0.010 0.010 0.010 0.014 0.010 0.010 0.025 0.010 0.010 0.010 0.010
0.000 0.000 0.000 0.000 0.000 0.000 0.000 0.000 0.000 0.000 0.000 0.000 0.000 0.000 0.000 0.000 0.000 0.000 0.000 0.000 0.000 0.000 0.000 0.000 0.036 0.010 0.146 0.018 0.010 0.010 0.010 0.010 0.010 0.010 0.000 0.034 0.010 0.010 0.010 0.010 0.010 0.010 0.010 0.010 0.010 0.010 0.010 0.010 0.010 0.010 0.010 0.010 0.010 0.010 0.010 0.025 0.019 0.010 0.010 0.010 0.010 0.010 0.010 0.016 0.008 0.010 0.026 0.010 0.010 0.010 0.010 0.020 0.010 0.010 0.010 0.010 0.018
0.000 0.000 0.000 0.000 0.000 0.000 0.000 0.000 0.000 0.000 0.000 0.000 0.000 0.000 0.030 0.000 0.000 0.000 0.000 0.000 0.000 0.000 0.000 0.000 0.000 0.010 0.145 0.010 0.010 0.010 0.010 0.010 0.010 0.010 0.130 0.010 0.010 0.010 0.010 0.010 0.032 0.010 0.040 0.010 0.010 0.010 0.104 0.010 0.010 0.179 0.010 0.010 0.010 0.075 0.010 0.010 0.010 0.010 0.010 0.027 0.009 0.010 0.010 0.008 0.008 0.008 0.008 0.010 0.010 0.010 0.030 0.010 0.010 0.010 0.008 0.010 0.010
0.000 0.000 0.000 0.000 0.000 0.000 0.000 0.000 0.000 0.000 0.000 0.000 0.000 0.000 0.000 0.000 0.000 0.000 0.000 0.000 0.000 0.000 0.000 0.110 0.010 0.010 0.010 0.010 0.010 0.010 0.010 0.010 0.010 0.010 0.010 0.000 0.010 0.010 0.044 0.010 0.010 0.010 0.010 0.010 0.010 0.129 0.010 0.010 0.010 0.010 0.136 0.010 0.010 0.010 0.010 0.010 0.010 0.010 0.000 0.010 0.010 0.010 0.016 0.009 0.009 0.010 0.010 0.008 0.010 0.008 0.010 0.010 0.010 0.059 0.010 0.010 0.010
0.000 0.000 0.000 0.000 0.000 0.000 0.000 0.000 0.000 0.000 0.000 0.000 0.000 0.000 0.000 0.000 0.000 0.000 0.000 0.000 0.000 0.000 0.000 0.010 0.010 0.010 0.010 0.010 0.010 0.010 0.010 0.010 0.010 0.010 0.357 0.000 0.010 0.021 0.010 0.010 0.026 0.010 0.010 0.010 0.010 0.010 0.061 0.010 0.010 0.010 0.010 0.010 0.010 0.010 0.014 0.034 0.009 0.010 0.010 0.010 0.010 0.008 0.006 0.009 0.010 0.010 0.010 0.008 0.009 0.009 0.010 0.010 0.010 0.010 0.010 0.010 0.010
0.000 0.000 0.000 0.000 0.000 0.000 0.000 0.000 0.000 0.000 0.000 0.000 0.000 0.000 0.000 0.000 0.000 0.000 0.000 0.000 0.000 0.092 0.010 0.010 0.010 0.010 0.030 0.010 0.010 0.010 0.010 0.010 0.010 0.010 0.010 0.000 0.010 0.010 0.010 0.014 0.010 0.010 0.010 0.010 0.010 0.010 0.010 0.010 0.010 0.010 0.107 0.010 0.010 0.010 0.010 0.010 0.010 0.010 0.010 0.000 0.024 0.010 0.010 0.000 0.000 0.010 0.010 0.010 0.010 0.039 0.010 0.010 0.010 0.010 0.010 0.010 0.010
0.000 0.000 0.000 0.000 0.000 0.000 0.000 0.000 0.000 0.000 0.000 0.000 0.000 0.000 0.000 0.000 0.000 0.000 0.000 0.000 0.000 0.037 0.010 0.010 0.010 0.010 0.053 0.010 0.010 0.010 0.010 0.010 0.079 0.000 0.010 0.010 0.010 0.031 0.010 0.027 0.010 0.010 0.010 0.050 0.010 0.038 0.012 0.010 0.010 0.010 0.010 0.010 0.010 0.010 0.010 0.010 0.013 0.010 0.010 0.010 0.010 0.014 0.008 0.010 0.010 0.010 0.010 0.000 0.010 0.010 0.009 0.010 0.010 0.010 0.028 0.010 0.019
0.000 0.000 0.000 0.000 0.000 0.000 0.000 0.000 0.000 0.000 0.000 0.000 0.000 0.000 0.000 0.000 0.000 0.000 0.000 0.000 0.134 0.010 0.010 0.010 0.010 0.010 0.010 0.010 0.010 0.010 0.010 0.010 0.000 0.010 0.010 0.000 0.010 0.010 0.010 0.010 0.070 0.010 0.010 0.010 0.010 0.010 0.010 0.010 0.010 0.010 0.010 0.010 0.010 0.010 0.010 0.021 0.010 0.017 0.010 0.010 0.010 0.008 0.010 0.010 0.010 0.010 0.010 0.028 0.010 0.010 0.000 0.000 0.009 0.010 0.010 0.010 0.010
0.000 0.000 0.000 0.000 0.000 0.000 0.000 0.000 0.000 0.000 0.000 0.000 0.000 0.000 0.000 0.000 0.000 0.000 0.000 0.000 0.010 0.010 0.010 0.010 0.010 0.010 0.010 0.010 0.010 0.023 0.000 0.000 0.000 0.010 0.000 0.010 0.010 0.010 0.010 0.010 0.024 0.075 0.010 0.010 0.010 0.010 0.010 0.010 0.081 0.010 0.010 0.010 0.010 0.010 0.010 0.010 0.010 0.010 0.000 0.000 0.010 0.010 0.010 0.011 0.021 0.010 0.010 0.000 0.010 0.010 0.010 0.010 0.010 0.028 0.000 0.000 0.010
0.000 0.000 0.000 0.000 0.000 0.000 0.000 0.000 0.000 0.029 0.000 0.000 0.000 0.000 0.000 0.000 0.000 0.000 0.000 0.074 0.010 0.010 0.010 0.010 0.010 0.050 0.010 0.010 0.010 0.018 0.000 0.000 0.010 0.067 0.010 0.010 0.033 0.010 0.033 0.010 0.010 0.010 0.010 0.010 0.010 0.010 0.061 0.000 0.010 0.010 0.010 0.010 0.010 0.010 0.010 0.010 0.000 0.010 0.010 0.010 0.010 0.010 0.007 0.007 0.010 0.010 0.000 0.000 0.010 0.010 0.010 0.010 0.052 0.000 0.010 0.015 0.010
0.000 0.000 0.000 0.000 0.000 0.000 0.000 0.000 0.000 0.000 0.000 0.000 0.000 0.000 0.000 0.000 0.000 0.000 0.053 0.010 0.010 0.010 0.010 0.010 0.028 0.010 0.010 0.010 0.010 0.010 0.010 0.000 0.014 0.000 0.010 0.010 0.010 0.010 0.010 0.010 0.010 0.010 0.010 0.010 0.000 0.000 0.000 0.000 0.010 0.010 0.010 0.010 0.010 0.010 0.041 0.009 0.009 0.010 0.010 0.010 0.008 0.010 0.010 0.010 0.088 0.000 0.000 0.010 0.010 0.000 0.000 0.010 0.012 0.000 0.000 0.010 0.026
0.000 0.000 0.000 0.000 0.000 0.000 0.000 0.000 0.000 0.000 0.000 0.000 0.000 0.000 0.000 0.000 0.000 0.000 0.010 0.010 0.010 0.010 0.010 0.010 0.014 0.010 0.010 0.010 0.010 0.010 0.011 0.000 0.000 0.016 0.010 0.024 0.010 0.016 0.008 0.029 0.010 0.010 0.010 0.010 0.000 0.009 0.000 0.000 0.020 0.010 0.010 0.023 0.000 0.000 0.000 0.000 0.009 0.010 0.010 0.010 0.010 0.008 0.010 0.010 0.010 0.000 0.000 0.032 0.000 0.000 0.010 0.010 0.010 0.010 0.010 0.010 0.010
0.000 0.000 0.000 0.000 0.000 0.000 0.000 0.000 0.000 0.000 0.000 0.000 0.000 0.000 0.000 0.000 0.000 0.024 0.054 0.011 0.010 0.010 0.010 0.010 0.070 0.010 0.010 0.010 0.032 0.000 0.010 0.010 0.029 0.010 0.010 0.010 0.010 0.010 0.034 0.010 0.010 0.010 0.010 0.010 0.055 0.000 0.015 0.010 0.000 0.000 0.010 0.010 0.010 0.007 0.010 0.011 0.009 0.000 0.010 0.010 0.020 0.010 0.048 0.010 0.000 0.000 0.010 0.010 0.000 0.000 0.010 0.010 0.000 0.010 0.010 0.010 0.010
0.000 0.000 0.000 0.000 0.000 0.000 0.000 0.000 0.000 0.000 0.000 0.000 0.000 0.000 0.000 0.000 0.000 0.067 0.010 0.010 0.010 0.010 0.010 0.045 0.025 0.010 0.010 0.010 0.000 0.010 0.010 0.000 0.000 0.010 0.023 0.009 0.010 0.010 0.010 0.032 0.010 0.010 0.010 0.000 0.000 0.000 0.009 0.010 0.009 0.007 0.010 0.010 0.010 0.009 0.010 0.000 0.000 0.000 0.007 0.000 0.010 0.010 0.010 0.010 0.044 0.010 0.010 0.000 0.000 0.010 0.143 0.093 0.010 0.010 0.010 0.010 0.000
0.000 0.000 0.000 0.000 0.000 0.000 0.000 0.000 0.000 0.000 0.000 0.000 0.000 0.000 0.000 0.000 0.010 0.010 0.010 0.064 0.010 0.010 0.010 0.010 0.010 0.010 0.010 0.021 0.000 0.010 0.010 0.010 0.031 0.000 0.008 0.010 0.010 0.010 0.008 0.010 0.009 0.015 0.010 0.010 0.000 0.006 0.008 0.000 0.000 0.009 0.007 0.008 0.010 0.010 0.008 0.008 0.009 0.000 0.005 0.000 0.009 0.007 0.010 0.007 0.000 0.052 0.010 0.048 0.016 0.010 0.014 0.010 0.000 0.010 0.000 0.010 0.010
0.000 0.000 0.000 0.000 0.000 0.000 0.000 0.000 0.000 0.000 0.000 0.000 0.000 0.000 0.000 0.199 0.010 0.010 0.010 0.010 0.010 0.010 0.010 0.010 0.010 0.010 0.010 0.010 0.009 0.010 0.010 0.010 0.000 0.029 0.010 0.010 0.012 0.010 0.010 0.010 0.009 0.010 0.008 0.010 0.010 0.007 0.007 0.000 0.010 0.010 0.008 0.010 0.008 0.010 0.008 0.006 0.009 0.008 0.007 0.006 0.000 0.009 0.006 0.005 0.000 0.010 0.000 0.009 0.009 0.010 0.021 0.040 0.014 0.010 0.000 0.026 0.118
