hx_30m/njhx/rain/result-0022.wd
ncols         211
nrows         286
xllcorner     660279.582600
yllcorner     3541874.325092
cellsize      30.000000
NODATA_value  -9999.000000
[rows 170 to 203 of 286, columns 0 to 76 of 211]
0.000 0.000 0.000 0.000 0.000 0.000 0.000 0.000 0.000 0.000 0.000 0.000 0.000 0.000 0.000 0.000 0.000 0.000 0.000 0.000 0.000 0.000 0.000 0.000 0.000 0.000 0.000 0.000 0.000 0.000 0.000 0.000 0.000 0.097 0.010 0.010 0.010 0.010 0.010 0.010 0.010 0.010 0.183 0.010 0.010 0.010 0.010 0.010 0.000 0.010 0.016 0.121 0.010 0.010 0.010 0.010 0.010 0.010 0.000 0.010 0.010 0.009 0.010 0.010 0.029 0.010 0.010 0.008 0.010 0.010 0.010 0.007 0.007 0.007 0.007 0.000 0.000
0.000 0.000 0.000 0.000 0.000 0.000 0.000 0.000 0.000 0.000 0.000 0.000 0.000 0.000 0.000 0.000 0.000 0.000 0.000 0.000 0.000 0.000 0.000 0.000 0.000 0.000 0.000 0.000 0.000 0.000 0.000 0.000 0.000 0.010 0.010 0.010 0.010 0.010 0.010 0.010 0.010 0.010 0.010 0.010 0.021 0.010 0.010 0.010 0.029 0.219 0.000 0.014 0.000 0.000 0.010 0.009 0.010 0.010 0.000 0.010 0.010 0.000 0.010 0.039 0.010 0.010 0.010 0.111 0.221 0.010 0.010 0.007 0.009 0.007 0.007 0.010 0.010
0.000 0.000 0.000 0.000 0.000 0.000 0.000 0.000 0.000 0.000 0.000 0.000 0.000 0.000 0.000 0.000 0.000 0.000 0.000 0.000 0.000 0.000 0.000 0.000 0.000 0.000 0.000 0.000 0.000 0.000 0.000 0.000 0.067 0.010 0.010 0.010 0.010 0.010 0.010 0.010 0.028 0.000 0.010 0.010 0.010 0.010 0.010 0.128 0.090 0.010 0.010 0.000 0.015 0.000 0.010 0.010 0.010 0.010 0.010 0.010 0.010 0.010 0.010 0.010 0.010 0.010 0.212 0.180 0.214 0.010 0.010 0.010 0.009 0.009 0.008 0.010 0.010
0.000 0.000 0.000 0.000 0.000 0.000 0.000 0.000 0.000 0.000 0.000 0.000 0.000 0.000 0.000 0.000 0.000 0.000 0.000 0.000 0.000 0.000 0.000 0.000 0.000 0.000 0.000 0.000 0.000 0.000 0.000 0.000 0.010 0.010 0.010 0.010 0.010 0.010 0.010 0.038 0.000 0.038 0.010 0.010 0.010 0.010 0.010 0.190 0.209 0.010 0.010 0.000 0.000 0.000 0.010 0.010 0.010 0.025 0.010 0.010 0.010 0.010 0.010 0.010 0.010 0.000 0.249 0.175 0.116 0.010 0.054 0.010 0.010 0.010 0.010 0.057 0.010
0.000 0.000 0.000 0.000 0.000 0.000 0.000 0.000 0.000 0.000 0.000 0.000 0.000 0.000 0.000 0.000 0.000 0.000 0.000 0.000 0.000 0.000 0.000 0.000 0.000 0.000 0.000 0.000 0.000 0.000 0.000 0.000 0.010 0.010 0.010 0.057 0.010 0.010 0.073 0.010 0.010 0.010 0.010 0.010 0.010 0.010 0.010 0.012 0.010 0.021 0.010 0.010 0.010 0.010 0.098 0.010 0.010 0.000 0.009 0.010 0.010 0.010 0.010 0.103 0.000 0.010 0.177 0.084 0.010 0.010 0.010 0.011 0.010 0.010 0.082 0.010 0.010
0.000 0.000 0.000 0.000 0.000 0.000 0.000 0.000 0.000 0.000 0.000 0.000 0.000 0.000 0.000 0.000 0.000 0.000 0.000 0.000 0.000 0.000 0.017 0.000 0.000 0.000 0.000 0.000 0.000 0.000 0.000 0.031 0.009 0.010 0.009 0.010 0.010 0.010 0.010 0.010 0.010 0.083 0.010 0.017 0.010 0.010 0.010 0.010 0.010 0.010 0.010 0.010 0.000 0.010 0.036 0.067 0.000 0.009 0.000 0.008 0.009 0.010 0.010 0.000 0.051 0.010 0.010 0.077 0.010 0.010 0.010 0.080 0.010 0.010 0.000 0.010 0.000
0.000 0.000 0.000 0.000 0.000 0.000 0.000 0.000 0.000 0.000 0.000 0.000 0.000 0.000 0.000 0.000 0.000 0.000 0.000 0.000 0.000 0.000 0.000 0.000 0.000 0.000 0.000 0.000 0.000 0.000 0.000 0.010 0.010 0.042 0.010 0.010 0.010 0.012 0.062 0.010 0.010 0.010 0.010 0.010 0.010 0.010 0.010 0.010 0.010 0.010 0.000 0.044 0.000 0.010 0.010 0.084 0.010 0.010 0.028 0.006 0.010 0.010 0.010 0.054 0.010 0.010 0.010 0.010 0.010 0.010 0.010 0.010 0.000 0.010 0.064 0.010 0.033
0.000 0.000 0.000 0.000 0.000 0.000 0.000 0.000 0.000 0.000 0.000 0.000 0.000 0.000 0.000 0.000 0.000 0.000 0.000 0.000 0.000 0.000 0.000 0.000 0.000 0.000 0.000 0.000 0.000 0.000 0.088 0.010 0.010 0.010 0.010 0.010 0.010 0.010 0.000 0.010 0.010 0.040 0.010 0.010 0.033 0.010 0.010 0.010 0.010 0.034 0.026 0.010 0.010 0.138 0.011 0.010 0.010 0.010 0.010 0.000 0.010 0.089 0.010 0.010 0.010 0.010 0.010 0.010 0.000 0.010 0.010 0.010 0.000 0.010 0.010 0.010 0.010
0.000 0.000 0.000 0.000 0.000 0.000 0.000 0.000 0.000 0.000 0.000 0.000 0.000 0.000 0.000 0.000 0.000 0.000 0.000 0.000 0.000 0.000 0.000 0.000 0.000 0.000 0.000 0.000 0.000 0.000 0.010 0.010 0.010 0.010 0.010 0.010 0.010 0.010 0.010 0.010 0.010 0.010 0.010 0.010 0.041 0.010 0.010 0.010 0.010 0.010 0.010 0.010 0.010 0.010 0.010 0.010 0.010 0.011 0.010 0.010 0.010 0.010 0.110 0.010 0.010 0.065 0.010 0.010 0.000 0.059 0.024 0.010 0.010 0.010 0.010 0.010 0.010
0.000 0.000 0.000 0.000 0.000 0.000 0.000 0.000 0.000 0.000 0.000 0.000 0.000 0.000 0.000 0.000 0.000 0.000 0.000 0.000 0.000 0.000 0.000 0.000 0.000 0.000 0.000 0.000 0.062 0.010 0.010 0.010 0.010 0.100 0.010 0.010 0.010 0.010 0.111 0.010 0.010 0.010 0.010 0.010 0.010 0.010 0.010 0.010 0.010 0.085 0.010 0.010 0.010 0.010 0.010 0.010 0.010 0.033 0.010 0.010 0.010 0.010 0.010 0.010 0.010 0.010 0.000 0.010 0.010 0.010 0.010 0.010 0.010 0.010 0.010 0.010 0.010
0.000 0.000 0.000 0.000 0.000 0.000 0.000 0.000 0.000 0.000 0.000 0.000 0.000 0.000 0.000 0.000 0.000 0.000 0.000 0.000 0.000 0.000 0.000 0.000 0.000 0.000 0.000 0.000 0.000 0.010 0.010 0.010 0.038 0.010 0.055 0.010 0.066 0.010 0.000 0.010 0.010 0.010 0.010 0.010 0.010 0.010 0.010 0.010 0.010 0.010 0.050 0.010 0.010 0.013 0.010 0.010 0.010 0.065 0.010 0.010 0.010 0.010 0.010 0.010 0.010 0.010 0.010 0.027 0.071 0.045 0.010 0.010 0.010 0.010 0.010 0.010 0.010
0.000 0.000 0.000 0.000 0.000 0.000 0.000 0.000 0.000 0.000 0.000 0.000 0.000 0.000 0.000 0.000 0.000 0.000 0.000 0.000 0.000 0.000 0.000 0.000 0.000 0.000 0.000 0.000 0.000 0.053 0.010 0.010 0.010 0.023 0.010 0.010 0.010 0.010 0.000 0.010 0.010 0.010 0.010 0.012 0.008 0.023 0.010 0.010 0.010 0.010 0.010 0.010 0.010 0.010 0.010 0.010 0.010 0.010 0.010 0.010 0.010 0.010 0.010 0.010 0.010 0.010 0.010 0.010 0.010 0.010 0.010 0.004 0.009 0.007 0.007 0.010 0.010
0.000 0.000 0.000 0.000 0.000 0.000 0.000 0.000 0.000 0.000 0.000 0.000 0.000 0.000 0.000 0.000 0.000 0.035 0.000 0.000 0.000 0.000 0.000 0.000 0.000 0.000 0.000 0.000 0.000 0.010 0.010 0.326 0.010 0.010 0.010 0.010 0.010 0.010 0.000 0.055 0.010 0.010 0.010 0.010 0.010 0.010 0.010 0.010 0.010 0.010 0.010 0.010 0.010 0.375 0.010 0.010 0.080 0.010 0.010 0.010 0.010 0.010 0.010 0.010 0.010 0.010 0.010 0.010 0.010 0.010 0.010 0.004 0.004 0.007 0.004 0.006 0.007
0.000 0.000 0.000 0.000 0.000 0.000 0.000 0.000 0.000 0.000 0.000 0.000 0.000 0.000 0.000 0.000 0.000 0.010 0.000 0.000 0.000 0.000 0.000 0.000 0.000 0.000 0.000 0.000 0.034 0.010 0.010 0.010 0.010 0.010 0.010 0.010 0.010 0.010 0.059 0.010 0.006 0.010 0.028 0.010 0.019 0.010 0.010 0.010 0.010 0.010 0.010 0.010 0.010 0.010 0.010 0.010 0.010 0.010 0.010 0.010 0.029 0.010 0.010 0.010 0.010 0.010 0.010 0.010 0.010 0.010 0.007 0.004 0.005 0.008 0.004 0.004 0.010
0.000 0.000 0.000 0.000 0.000 0.000 0.000 0.000 0.000 0.000 0.000 0.000 0.000 0.000 0.000 0.000 0.000 0.000 0.000 0.000 0.000 0.000 0.000 0.000 0.000 0.000 0.000 0.037 0.010 0.010 0.010 0.010 0.048 0.010 0.010 0.010 0.010 0.010 0.010 0.010 0.008 0.024 0.008 0.008 0.010 0.012 0.009 0.009 0.010 0.010 0.010 0.010 0.010 0.010 0.010 0.010 0.010 0.010 0.010 0.010 0.010 0.010 0.010 0.010 0.010 0.010 0.096 0.021 0.010 0.030 0.004 0.005 0.004 0.005 0.006 0.008 0.009
0.000 0.000 0.000 0.000 0.000 0.000 0.000 0.000 0.000 0.000 0.000 0.000 0.000 0.000 0.000 0.000 0.000 0.000 0.000 0.000 0.000 0.000 0.000 0.000 0.000 0.000 0.034 0.010 0.010 0.010 0.038 0.010 0.017 0.010 0.010 0.010 0.128 0.010 0.028 0.010 0.009 0.010 0.009 0.008 0.015 0.010 0.010 0.022 0.010 0.010 0.010 0.010 0.010 0.010 0.010 0.010 0.010 0.010 0.010 0.010 0.010 0.010 0.010 0.010 0.010 0.010 0.010 0.020 0.010 0.008 0.005 0.003 0.004 0.003 0.003 0.005 0.006
0.000 0.000 0.000 0.000 0.000 0.000 0.000 0.000 0.000 0.000 0.000 0.000 0.000 0.000 0.000 0.000 0.036 0.000 0.000 0.000 0.000 0.000 0.000 0.000 0.000 0.069 0.010 0.010 0.010 0.010 0.010 0.010 0.010 0.010 0.010 0.000 0.010 0.010 0.010 0.010 0.010 0.010 0.018 0.009 0.010 0.031 0.000 0.010 0.000 0.010 0.010 0.009 0.010 0.007 0.006 0.009 0.010 0.010 0.010 0.070 0.010 0.010 0.010 0.064 0.010 0.005 0.007 0.005 0.008 0.006 0.005 0.010 0.010 0.010 0.013 0.008 0.008
0.000 0.000 0.000 0.000 0.000 0.000 0.000 0.000 0.000 0.000 0.000 0.000 0.000 0.000 0.000 0.000 0.010 0.000 0.000 0.000 0.000 0.000 0.000 0.000 0.000 0.010 0.010 0.010 0.057 0.054 0.010 0.010 0.010 0.010 0.010 0.127 0.010 0.010 0.010 0.012 0.010 0.010 0.010 0.009 0.028 0.010 0.042 0.010 0.000 0.019 0.010 0.010 0.007 0.007 0.010 0.005 0.007 0.010 0.010 0.010 0.041 0.010 0.010 0.010 0.007 0.008 0.008 0.010 0.006 0.006 0.006 0.010 0.010 0.010 0.010 0.010 0.007
0.000 0.000 0.000 0.000 0.000 0.000 0.000 0.000 0.000 0.000 0.000 0.000 0.000 0.000 0.000 0.000 0.000 0.000 0.000 0.000 0.000 0.000 0.000 0.000 0.000 0.010 0.010 0.010 0.024 0.010 0.010 0.010 0.010 0.010 0.000 0.010 0.010 0.010 0.010 0.023 0.010 0.017 0.010 0.029 0.010 0.010 0.010 0.010 0.010 0.010 0.010 0.000 0.013 0.007 0.006 0.005 0.008 0.006 0.009 0.007 0.010 0.010 0.044 0.006 0.006 0.008 0.010 0.010 0.010 0.009 0.010 0.010 0.015 0.008 0.008 0.007 0.007
0.000 0.000 0.000 0.000 0.000 0.000 0.000 0.000 0.000 0.000 0.000 0.000 0.000 0.000 0.000 0.000 0.000 0.000 0.000 0.000 0.000 0.000 0.000 0.000 0.023 0.010 0.073 0.010 0.010 0.010 0.010 0.010 0.010 0.010 0.000 0.036 0.010 0.010 0.009 0.010 0.010 0.009 0.010 0.010 0.010 0.010 0.010 0.010 0.010 0.010 0.010 0.010 0.010 0.010 0.010 0.016 0.010 0.006 0.009 0.009 0.007 0.006 0.006 0.006 0.005 0.008 0.010 0.010 0.010 0.010 0.010 0.011 0.010 0.007 0.010 0.009 0.007
0.000 0.000 0.000 0.000 0.000 0.000 0.000 0.000 0.000 0.000 0.000 0.000 0.000 0.000 0.022 0.000 0.000 0.000 0.000 0.000 0.000 0.000 0.000 0.000 0.000 0.010 0.074 0.010 0.010 0.010 0.010 0.010 0.010 0.010 0.134 0.010 0.010 0.010 0.010 0.010 0.015 0.010 0.020 0.010 0.010 0.010 0.069 0.010 0.010 0.114 0.010 0.010 0.010 0.046 0.010 0.010 0.010 0.010 0.010 0.007 0.005 0.007 0.008 0.005 0.006 0.005 0.005 0.007 0.010 0.010 0.015 0.008 0.010 0.010 0.006 0.009 0.006
0.000 0.000 0.000 0.000 0.000 0.000 0.000 0.000 0.000 0.000 0.000 0.000 0.000 0.000 0.000 0.000 0.000 0.000 0.000 0.000 0.000 0.000 0.000 0.068 0.010 0.010 0.010 0.010 0.010 0.010 0.010 0.010 0.010 0.010 0.010 0.000 0.010 0.010 0.020 0.010 0.010 0.010 0.010 0.010 0.010 0.080 0.010 0.010 0.010 0.010 0.088 0.010 0.010 0.010 0.010 0.010 0.010 0.009 0.000 0.009 0.008 0.006 0.011 0.006 0.006 0.009 0.009 0.006 0.007 0.006 0.007 0.008 0.010 0.028 0.010 0.007 0.008
0.000 0.000 0.000 0.000 0.000 0.000 0.000 0.000 0.000 0.000 0.000 0.000 0.000 0.000 0.000 0.000 0.000 0.000 0.000 0.000 0.000 0.000 0.000 0.010 0.010 0.010 0.010 0.010 0.010 0.010 0.010 0.010 0.010 0.010 0.154 0.000 0.010 0.010 0.008 0.010 0.009 0.005 0.008 0.010 0.010 0.010 0.041 0.010 0.010 0.010 0.010 0.010 0.010 0.010 0.010 0.023 0.006 0.009 0.010 0.010 0.010 0.005 0.004 0.006 0.008 0.007 0.007 0.006 0.007 0.007 0.009 0.009 0.009 0.007 0.007 0.010 0.007
0.000 0.000 0.000 0.000 0.000 0.000 0.000 0.000 0.000 0.000 0.000 0.000 0.000 0.000 0.000 0.000 0.000 0.000 0.000 0.000 0.000 0.072 0.010 0.010 0.010 0.010 0.013 0.010 0.010 0.010 0.010 0.010 0.010 0.010 0.010 0.000 0.008 0.009 0.010 0.010 0.010 0.010 0.006 0.008 0.007 0.008 0.010 0.010 0.010 0.010 0.067 0.010 0.010 0.010 0.010 0.010 0.007 0.007 0.010 0.000 0.007 0.007 0.007 0.000 0.000 0.010 0.010 0.010 0.010 0.013 0.007 0.008 0.010 0.009 0.009 0.009 0.008
0.000 0.000 0.000 0.000 0.000 0.000 0.000 0.000 0.000 0.000 0.000 0.000 0.000 0.000 0.000 0.000 0.000 0.000 0.000 0.000 0.000 0.017 0.010 0.010 0.010 0.010 0.037 0.010 0.010 0.010 0.010 0.010 0.031 0.000 0.010 0.010 0.010 0.010 0.010 0.010 0.010 0.010 0.010 0.023 0.008 0.015 0.010 0.009 0.010 0.010 0.010 0.010 0.010 0.010 0.010 0.007 0.007 0.009 0.010 0.010 0.008 0.008 0.005 0.008 0.010 0.010 0.010 0.000 0.010 0.010 0.007 0.010 0.010 0.010 0.010 0.009 0.010
0.000 0.000 0.000 0.000 0.000 0.000 0.000 0.000 0.000 0.000 0.000 0.000 0.000 0.000 0.000 0.000 0.000 0.000 0.000 0.000 0.094 0.010 0.010 0.010 0.010 0.010 0.010 0.010 0.010 0.010 0.010 0.010 0.000 0.010 0.010 0.000 0.009 0.010 0.010 0.008 0.030 0.010 0.010 0.010 0.010 0.010 0.010 0.010 0.009 0.010 0.010 0.010 0.010 0.010 0.010 0.011 0.010 0.011 0.009 0.009 0.005 0.005 0.008 0.007 0.010 0.010 0.010 0.021 0.010 0.010 0.000 0.000 0.006 0.010 0.008 0.010 0.010
0.000 0.000 0.000 0.000 0.000 0.000 0.000 0.000 0.000 0.000 0.000 0.000 0.000 0.000 0.000 0.000 0.000 0.000 0.000 0.000 0.010 0.010 0.010 0.010 0.010 0.010 0.010 0.010 0.010 0.013 0.000 0.000 0.000 0.010 0.000 0.010 0.008 0.010 0.010 0.008 0.010 0.057 0.010 0.010 0.010 0.010 0.010 0.010 0.033 0.010 0.010 0.010 0.010 0.010 0.009 0.007 0.010 0.010 0.000 0.000 0.005 0.008 0.007 0.010 0.012 0.007 0.008 0.000 0.010 0.010 0.010 0.010 0.010 0.008 0.000 0.000 0.009
0.000 0.000 0.000 0.000 0.000 0.000 0.000 0.000 0.000 0.016 0.000 0.000 0.000 0.000 0.000 0.000 0.000 0.000 0.000 0.049 0.010 0.010 0.010 0.010 0.010 0.019 0.010 0.010 0.010 0.010 0.000 0.000 0.010 0.037 0.010 0.010 0.016 0.010 0.011 0.010 0.010 0.010 0.010 0.010 0.010 0.010 0.037 0.000 0.010 0.010 0.010 0.010 0.010 0.010 0.006 0.009 0.000 0.010 0.007 0.007 0.007 0.010 0.006 0.006 0.007 0.010 0.000 0.000 0.010 0.010 0.010 0.010 0.018 0.000 0.010 0.009 0.009
0.000 0.000 0.000 0.000 0.000 0.000 0.000 0.000 0.000 0.000 0.000 0.000 0.000 0.000 0.000 0.000 0.000 0.000 0.038 0.010 0.010 0.010 0.010 0.010 0.028 0.010 0.010 0.010 0.010 0.006 0.007 0.000 0.010 0.000 0.010 0.010 0.010 0.010 0.010 0.010 0.010 0.010 0.010 0.010 0.000 0.000 0.000 0.000 0.010 0.010 0.010 0.010 0.010 0.009 0.004 0.006 0.006 0.006 0.009 0.010 0.006 0.007 0.010 0.010 0.062 0.000 0.000 0.010 0.010 0.000 0.000 0.010 0.010 0.000 0.000 0.007 0.017
0.000 0.000 0.000 0.000 0.000 0.000 0.000 0.000 0.000 0.000 0.000 0.000 0.000 0.000 0.000 0.000 0.000 0.000 0.010 0.010 0.010 0.010 0.010 0.010 0.010 0.010 0.010 0.010 0.010 0.005 0.005 0.000 0.000 0.011 0.010 0.012 0.007 0.011 0.005 0.027 0.010 0.010 0.010 0.010 0.000 0.006 0.000 0.000 0.015 0.010 0.010 0.012 0.000 0.000 0.000 0.000 0.007 0.010 0.007 0.010 0.008 0.006 0.009 0.010 0.010 0.000 0.000 0.022 0.000 0.000 0.010 0.010 0.010 0.010 0.010 0.010 0.010
0.000 0.000 0.000 0.000 0.000 0.000 0.000 0.000 0.000 0.000 0.000 0.000 0.000 0.000 0.000 0.000 0.000 0.012 0.046 0.010 0.010 0.010 0.010 0.007 0.018 0.010 0.010 0.010 0.017 0.000 0.004 0.009 0.017 0.010 0.010 0.006 0.010 0.006 0.016 0.010 0.010 0.010 0.010 0.010 0.034 0.000 0.009 0.010 0.000 0.000 0.007 0.010 0.007 0.005 0.006 0.008 0.007 0.000 0.009 0.007 0.009 0.008 0.029 0.010 0.000 0.000 0.010 0.010 0.000 0.000 0.010 0.010 0.000 0.007 0.010 0.010 0.010
0.000 0.000 0.000 0.000 0.000 0.000 0.000 0.000 0.000 0.000 0.000 0.000 0.000 0.000 0.000 0.000 0.000 0.045 0.010 0.010 0.010 0.010 0.010 0.013 0.010 0.010 0.009 0.009 0.000 0.010 0.010 0.000 0.000 0.010 0.014 0.005 0.006 0.007 0.010 0.013 0.010 0.010 0.010 0.000 0.000 0.000 0.004 0.010 0.006 0.004 0.006 0.010 0.007 0.006 0.010 0.000 0.000 0.000 0.005 0.000 0.009 0.009 0.010 0.010 0.014 0.010 0.010 0.000 0.000 0.010 0.088 0.037 0.010 0.010 0.010 0.010 0.000
0.000 0.000 0.000 0.000 0.000 0.000 0.000 0.000 0.000 0.000 0.000 0.000 0.000 0.000 0.000 0.000 0.010 0.010 0.010 0.042 0.010 0.010 0.010 0.008 0.010 0.010 0.010 0.006 0.000 0.008 0.007 0.005 0.015 0.000 0.004 0.010 0.006 0.010 0.004 0.007 0.005 0.008 0.005 0.010 0.000 0.004 0.005 0.000 0.000 0.006 0.005 0.006 0.010 0.010 0.006 0.006 0.007 0.000 0.004 0.000 0.006 0.005 0.008 0.006 0.000 0.049 0.010 0.036 0.010 0.010 0.011 0.008 0.000 0.010 0.000 0.010 0.010
0.000 0.000 0.000 0.000 0.000 0.000 0.000 0.000 0.000 0.000 0.000 0.000 0.000 0.000 0.000 0.148 0.010 0.010 0.010 0.010 0.007 0.010 0.007 0.010 0.010 0.010 0.010 0.007 0.004 0.010 0.010 0.010 0.000 0.016 0.007 0.010 0.007 0.010 0.010 0.010 0.007 0.009 0.005 0.005 0.008 0.004 0.005 0.000 0.010 0.007 0.005 0.008 0.006 0.010 0.006 0.005 0.007 0.006 0.006 0.005 0.000 0.007 0.005 0.004 0.000 0.009 0.000 0.008 0.008 0.011 0.020 0.037 0.011 0.010 0.000 0.012 0.063
