hx_30m/njhx/rain/result-0017.wd
ncols         211
nrows         286
xllcorner     660279.582600
yllcorner     3541874.325092
cellsize      30.000000
NODATA_value  -9999.000000
[rows 68 to 101 of 286, columns 77 to 153 of 211]
0.000 0.000 0.000 0.000 0.000 0.000 0.010 0.010 0.010 0.000 0.000 0.006 0.006 0.010 0.128 0.000 0.010 0.020 0.019 0.000 0.000 0.000 0.000 0.008 0.003 0.003 0.004 0.009 0.005 0.010 0.005 0.004 0.005 0.007 0.004 0.005 0.005 0.007 0.015 0.007 0.002 0.003 0.003 0.004 0.003 0.007 0.010 0.010 0.008 0.002 0.000 0.006 0.003 0.000 0.010 0.011 0.010 0.010 0.003 0.002 0.000 0.001 0.000 0.000 0.000 0.000 0.002 0.007 0.000 0.000 0.000 0.007 0.000 0.000 0.000 0.000 0.000
0.000 0.000 0.000 0.000 0.000 0.010 0.010 0.006 0.006 0.010 0.012 0.008 0.006 0.007 0.000 0.033 0.006 0.007 0.007 0.010 0.007 0.005 0.003 0.003 0.006 0.005 0.006 0.005 0.005 0.004 0.003 0.004 0.010 0.016 0.011 0.010 0.010 0.004 0.012 0.002 0.000 0.000 0.000 0.000 0.000 0.003 0.020 0.003 0.000 0.012 0.006 0.002 0.003 0.000 0.009 0.004 0.007 0.010 0.003 0.002 0.002 0.001 0.000 0.000 0.001 0.001 0.001 0.007 0.000 0.000 0.000 0.007 0.000 0.000 0.000 0.000 0.000
0.000 0.000 0.000 0.000 0.000 0.011 0.010 0.004 0.008 0.006 0.005 0.003 0.004 0.004 0.010 0.010 0.006 0.003 0.003 0.004 0.008 0.004 0.000 0.000 0.007 0.000 0.000 0.006 0.000 0.000 0.005 0.005 0.000 0.000 0.000 0.004 0.000 0.005 0.010 0.003 0.000 0.000 0.000 0.000 0.000 0.004 0.003 0.000 0.000 0.000 0.000 0.000 0.001 0.002 0.005 0.003 0.005 0.004 0.000 0.000 0.003 0.000 0.000 0.000 0.000 0.000 0.003 0.007 0.000 0.000 0.000 0.007 0.000 0.000 0.000 0.000 0.000
0.000 0.000 0.000 0.000 0.000 0.010 0.006 0.010 0.008 0.004 0.000 0.000 0.002 0.000 0.003 0.010 0.003 0.003 0.003 0.005 0.010 0.004 0.000 0.005 0.000 0.000 0.005 0.006 0.000 0.003 0.004 0.000 0.000 0.002 0.007 0.003 0.000 0.008 0.024 0.003 0.000 0.000 0.000 0.000 0.003 0.003 0.002 0.000 0.000 0.000 0.000 0.000 0.004 0.000 0.010 0.004 0.010 0.002 0.002 0.001 0.001 0.000 0.000 0.000 0.000 0.000 0.005 0.007 0.000 0.000 0.000 0.007 0.000 0.000 0.000 0.000 0.000
0.000 0.000 0.000 0.000 0.000 0.011 0.008 0.006 0.010 0.002 0.001 0.000 0.002 0.000 0.000 0.044 0.002 0.000 0.003 0.002 0.000 0.003 0.003 0.004 0.000 0.011 0.010 0.003 0.000 0.000 0.005 0.003 0.000 0.003 0.002 0.002 0.000 0.002 0.006 0.003 0.000 0.003 0.000 0.000 0.000 0.000 0.002 0.000 0.000 0.002 0.000 0.000 0.002 0.003 0.002 0.004 0.004 0.000 0.002 0.002 0.001 0.001 0.001 0.001 0.000 0.000 0.003 0.007 0.000 0.000 0.000 0.007 0.000 0.000 0.000 0.000 0.000
0.000 0.000 0.000 0.000 0.000 0.010 0.006 0.006 0.005 0.002 0.002 0.000 0.002 0.003 0.000 0.000 0.004 0.004 0.002 0.002 0.002 0.002 0.000 0.004 0.000 0.006 0.000 0.004 0.004 0.002 0.003 0.003 0.000 0.000 0.004 0.000 0.000 0.006 0.006 0.003 0.009 0.004 0.000 0.000 0.000 0.000 0.002 0.002 0.000 0.000 0.000 0.000 0.003 0.000 0.000 0.002 0.002 0.002 0.002 0.001 0.000 0.000 0.001 0.000 0.001 0.001 0.002 0.007 0.000 0.000 0.000 0.006 0.000 0.000 0.000 0.000 0.000
0.000 0.000 0.000 0.000 0.000 0.008 0.008 0.006 0.006 0.003 0.002 0.002 0.002 0.000 0.000 0.077 0.004 0.000 0.001 0.006 0.014 0.002 0.000 0.002 0.005 0.008 0.000 0.005 0.000 0.003 0.002 0.001 0.000 0.000 0.002 0.004 0.004 0.002 0.006 0.003 0.000 0.004 0.000 0.000 0.001 0.000 0.004 0.002 0.000 0.000 0.000 0.000 0.003 0.000 0.003 0.002 0.000 0.002 0.001 0.000 0.000 0.000 0.000 0.000 0.001 0.002 0.003 0.007 0.000 0.000 0.000 0.006 0.000 0.000 0.000 0.000 0.000
0.000 0.000 0.000 0.000 0.010 0.008 0.008 0.006 0.006 0.003 0.009 0.005 0.003 0.002 0.002 0.010 0.010 0.002 0.001 0.001 0.004 0.004 0.000 0.000 0.000 0.009 0.005 0.004 0.005 0.002 0.006 0.004 0.003 0.005 0.006 0.003 0.005 0.003 0.006 0.003 0.009 0.004 0.000 0.000 0.001 0.001 0.002 0.003 0.003 0.003 0.003 0.002 0.005 0.000 0.000 0.000 0.002 0.002 0.000 0.000 0.001 0.000 0.000 0.002 0.000 0.003 0.003 0.006 0.000 0.000 0.000 0.000 0.000 0.000 0.000 0.000 0.000
0.000 0.000 0.000 0.000 0.010 0.006 0.008 0.008 0.006 0.010 0.003 0.003 0.009 0.004 0.000 0.000 0.042 0.000 0.000 0.000 0.003 0.002 0.002 0.003 0.000 0.000 0.000 0.008 0.000 0.005 0.004 0.002 0.003 0.000 0.004 0.000 0.007 0.002 0.003 0.003 0.009 0.009 0.000 0.000 0.000 0.000 0.004 0.003 0.002 0.002 0.002 0.000 0.003 0.008 0.004 0.000 0.004 0.000 0.000 0.000 0.000 0.001 0.001 0.000 0.000 0.001 0.006 0.007 0.000 0.000 0.000 0.000 0.000 0.000 0.000 0.000 0.000
0.000 0.000 0.000 0.000 0.009 0.006 0.008 0.010 0.007 0.001 0.002 0.002 0.002 0.000 0.002 0.000 0.000 0.003 0.004 0.004 0.003 0.007 0.010 0.005 0.004 0.000 0.000 0.009 0.005 0.003 0.003 0.003 0.008 0.007 0.005 0.000 0.010 0.003 0.003 0.004 0.009 0.009 0.000 0.000 0.000 0.000 0.000 0.000 0.002 0.002 0.003 0.000 0.000 0.002 0.000 0.004 0.002 0.001 0.001 0.001 0.000 0.001 0.001 0.001 0.001 0.001 0.003 0.007 0.000 0.000 0.000 0.000 0.000 0.000 0.000 0.000 0.000
0.000 0.000 0.000 0.000 0.010 0.010 0.010 0.010 0.004 0.000 0.002 0.000 0.002 0.003 0.003 0.000 0.005 0.007 0.000 0.000 0.003 0.006 0.000 0.004 0.003 0.000 0.000 0.009 0.000 0.000 0.003 0.003 0.004 0.006 0.007 0.000 0.010 0.004 0.009 0.003 0.009 0.009 0.000 0.000 0.000 0.000 0.000 0.003 0.002 0.001 0.000 0.002 0.002 0.003 0.003 0.004 0.003 0.002 0.002 0.001 0.001 0.001 0.001 0.000 0.001 0.004 0.004 0.008 0.000 0.000 0.000 0.006 0.000 0.000 0.000 0.000 0.000
0.000 0.000 0.000 0.000 0.010 0.006 0.010 0.007 0.004 0.000 0.002 0.000 0.000 0.002 0.000 0.000 0.003 0.007 0.010 0.000 0.006 0.008 0.010 0.004 0.008 0.000 0.000 0.005 0.000 0.003 0.003 0.002 0.003 0.000 0.000 0.000 0.000 0.003 0.006 0.003 0.009 0.009 0.000 0.000 0.003 0.004 0.000 0.010 0.002 0.002 0.002 0.001 0.001 0.005 0.004 0.000 0.001 0.001 0.003 0.001 0.001 0.001 0.000 0.001 0.000 0.002 0.004 0.009 0.000 0.000 0.007 0.000 0.000 0.000 0.000 0.000 0.000
0.000 0.000 0.000 0.010 0.010 0.006 0.010 0.010 0.003 0.000 0.000 0.001 0.000 0.002 0.000 0.000 0.002 0.006 0.000 0.000 0.004 0.006 0.000 0.005 0.010 0.010 0.002 0.005 0.000 0.000 0.003 0.003 0.002 0.000 0.000 0.000 0.010 0.004 0.006 0.003 0.009 0.009 0.000 0.000 0.002 0.003 0.000 0.006 0.004 0.003 0.005 0.006 0.003 0.004 0.000 0.001 0.001 0.001 0.007 0.003 0.000 0.002 0.003 0.001 0.001 0.002 0.004 0.010 0.000 0.000 0.007 0.000 0.000 0.000 0.000 0.000 0.000
0.000 0.000 0.000 0.010 0.010 0.006 0.010 0.008 0.002 0.000 0.000 0.000 0.005 0.003 0.000 0.001 0.001 0.000 0.004 0.000 0.006 0.009 0.010 0.010 0.010 0.009 0.003 0.005 0.000 0.010 0.002 0.003 0.002 0.000 0.000 0.000 0.000 0.003 0.006 0.004 0.009 0.009 0.000 0.000 0.000 0.004 0.000 0.007 0.000 0.003 0.000 0.000 0.000 0.005 0.001 0.001 0.001 0.000 0.000 0.002 0.001 0.001 0.000 0.000 0.000 0.002 0.006 0.000 0.000 0.000 0.007 0.000 0.000 0.000 0.000 0.000 0.000
0.000 0.000 0.012 0.010 0.010 0.006 0.010 0.006 0.001 0.000 0.000 0.000 0.000 0.002 0.000 0.000 0.002 0.002 0.004 0.000 0.000 0.000 0.061 0.016 0.000 0.000 0.000 0.004 0.000 0.008 0.006 0.010 0.012 0.000 0.000 0.010 0.005 0.004 0.008 0.004 0.006 0.007 0.006 0.004 0.004 0.006 0.000 0.008 0.000 0.005 0.010 0.000 0.004 0.005 0.001 0.001 0.001 0.000 0.002 0.002 0.001 0.001 0.000 0.001 0.000 0.002 0.005 0.000 0.000 0.000 0.007 0.000 0.000 0.000 0.000 0.000 0.000
0.000 0.000 0.010 0.010 0.010 0.006 0.010 0.006 0.020 0.055 0.000 0.000 0.000 0.000 0.000 0.001 0.001 0.003 0.006 0.007 0.017 0.007 0.005 0.010 0.004 0.006 0.003 0.003 0.002 0.005 0.008 0.010 0.005 0.004 0.005 0.010 0.003 0.003 0.004 0.003 0.004 0.005 0.005 0.004 0.000 0.000 0.000 0.006 0.002 0.002 0.002 0.002 0.004 0.005 0.002 0.002 0.002 0.003 0.006 0.000 0.000 0.003 0.000 0.001 0.000 0.002 0.007 0.000 0.000 0.000 0.007 0.000 0.000 0.000 0.000 0.000 0.000
0.000 0.000 0.008 0.008 0.008 0.005 0.008 0.005 0.129 0.000 0.000 0.000 0.012 0.010 0.264 0.010 0.010 0.057 0.010 0.010 0.010 0.010 0.025 0.015 0.007 0.010 0.006 0.004 0.000 0.000 0.000 0.000 0.003 0.000 0.003 0.010 0.018 0.004 0.006 0.003 0.010 0.000 0.005 0.005 0.003 0.002 0.008 0.010 0.008 0.001 0.002 0.002 0.000 0.004 0.003 0.004 0.004 0.000 0.000 0.003 0.010 0.002 0.001 0.001 0.000 0.002 0.007 0.000 0.000 0.000 0.007 0.000 0.000 0.000 0.000 0.000 0.000
0.000 0.012 0.010 0.012 0.010 0.003 0.010 0.022 0.000 0.000 0.000 0.000 0.000 0.000 0.000 0.000 0.003 0.002 0.002 0.004 0.000 0.000 0.002 0.000 0.003 0.000 0.000 0.005 0.003 0.000 0.003 0.005 0.008 0.010 0.003 0.005 0.010 0.005 0.005 0.003 0.000 0.005 0.003 0.008 0.005 0.000 0.006 0.010 0.010 0.001 0.002 0.002 0.000 0.009 0.010 0.010 0.008 0.010 0.000 0.002 0.001 0.001 0.001 0.001 0.001 0.008 0.008 0.000 0.000 0.000 0.000 0.000 0.000 0.000 0.000 0.000 0.000
0.014 0.010 0.010 0.010 0.008 0.006 0.010 0.000 0.001 0.000 0.001 0.000 0.000 0.000 0.000 0.000 0.004 0.005 0.003 0.003 0.003 0.004 0.005 0.003 0.003 0.007 0.004 0.007 0.003 0.002 0.003 0.003 0.007 0.000 0.007 0.010 0.011 0.004 0.006 0.004 0.000 0.005 0.005 0.000 0.004 0.002 0.005 0.010 0.010 0.009 0.000 0.000 0.000 0.007 0.010 0.010 0.009 0.010 0.010 0.003 0.001 0.001 0.001 0.001 0.001 0.010 0.005 0.000 0.000 0.000 0.000 0.000 0.000 0.000 0.000 0.000 0.000
0.010 0.010 0.010 0.010 0.007 0.009 0.017 0.000 0.001 0.002 0.001 0.000 0.000 0.000 0.000 0.000 0.005 0.000 0.002 0.008 0.006 0.003 0.010 0.012 0.005 0.003 0.000 0.003 0.003 0.003 0.002 0.005 0.004 0.009 0.010 0.010 0.006 0.003 0.005 0.004 0.000 0.005 0.010 0.000 0.003 0.003 0.006 0.046 0.010 0.019 0.023 0.000 0.002 0.007 0.010 0.010 0.010 0.006 0.005 0.010 0.010 0.002 0.004 0.006 0.000 0.003 0.003 0.000 0.000 0.000 0.000 0.000 0.000 0.000 0.000 0.000 0.000
0.010 0.010 0.010 0.010 0.007 0.009 0.007 0.002 0.002 0.001 0.000 0.000 0.000 0.000 0.000 0.000 0.000 0.008 0.003 0.010 0.003 0.002 0.000 0.002 0.003 0.004 0.000 0.005 0.000 0.000 0.004 0.007 0.003 0.004 0.009 0.000 0.000 0.003 0.005 0.004 0.000 0.000 0.004 0.000 0.003 0.005 0.000 0.010 0.010 0.010 0.010 0.003 0.004 0.004 0.004 0.009 0.005 0.000 0.000 0.003 0.002 0.001 0.009 0.009 0.009 0.003 0.002 0.004 0.000 0.000 0.000 0.007 0.000 0.000 0.000 0.000 0.000
0.010 0.026 0.010 0.021 0.008 0.009 0.004 0.002 0.002 0.000 0.002 0.010 0.000 0.000 0.000 0.000 0.002 0.003 0.004 0.004 0.000 0.000 0.005 0.004 0.003 0.003 0.005 0.005 0.000 0.000 0.009 0.009 0.010 0.000 0.000 0.005 0.010 0.004 0.006 0.005 0.007 0.005 0.005 0.004 0.004 0.005 0.003 0.010 0.005 0.000 0.000 0.000 0.000 0.006 0.004 0.004 0.008 0.008 0.006 0.004 0.001 0.001 0.006 0.006 0.004 0.003 0.006 0.002 0.000 0.000 0.000 0.000 0.008 0.000 0.000 0.000 0.000
0.010 0.010 0.041 0.010 0.007 0.010 0.004 0.002 0.002 0.004 0.003 0.003 0.002 0.003 0.002 0.002 0.003 0.005 0.005 0.002 0.003 0.005 0.004 0.004 0.005 0.003 0.006 0.006 0.005 0.009 0.005 0.007 0.010 0.005 0.004 0.005 0.004 0.004 0.004 0.010 0.010 0.006 0.006 0.006 0.006 0.007 0.005 0.010 0.010 0.011 0.089 0.010 0.007 0.006 0.007 0.010 0.057 0.010 0.010 0.017 0.010 0.005 0.052 0.010 0.004 0.004 0.008 0.007 0.007 0.000 0.000 0.000 0.000 0.008 0.000 0.000 0.000
0.010 0.010 0.010 0.010 0.005 0.010 0.003 0.002 0.002 0.002 0.002 0.010 0.002 0.002 0.002 0.002 0.000 0.000 0.005 0.006 0.000 0.005 0.005 0.006 0.002 0.002 0.000 0.006 0.005 0.006 0.000 0.003 0.010 0.002 0.002 0.000 0.000 0.004 0.003 0.010 0.000 0.000 0.000 0.000 0.000 0.000 0.000 0.000 0.010 0.000 0.000 0.000 0.000 0.000 0.009 0.010 0.010 0.010 0.006 0.005 0.003 0.004 0.004 0.010 0.006 0.000 0.339 0.006 0.003 0.005 0.000 0.000 0.000 0.000 0.007 0.000 0.000
0.010 0.010 0.010 0.010 0.007 0.010 0.000 0.000 0.000 0.006 0.000 0.000 0.002 0.003 0.002 0.003 0.003 0.003 0.003 0.003 0.003 0.000 0.004 0.000 0.003 0.000 0.004 0.008 0.000 0.000 0.003 0.004 0.006 0.002 0.002 0.009 0.000 0.003 0.006 0.009 0.000 0.000 0.009 0.002 0.000 0.002 0.000 0.003 0.005 0.005 0.003 0.004 0.005 0.002 0.002 0.002 0.000 0.002 0.000 0.000 0.000 0.002 0.009 0.000 0.003 0.000 0.063 0.002 0.002 0.004 0.004 0.000 0.000 0.000 0.000 0.007 0.000
0.010 0.010 0.010 0.010 0.007 0.016 0.000 0.006 0.007 0.000 0.000 0.000 0.000 0.003 0.004 0.004 0.003 0.003 0.000 0.000 0.004 0.005 0.000 0.000 0.006 0.006 0.004 0.004 0.000 0.000 0.003 0.003 0.001 0.002 0.001 0.007 0.004 0.004 0.009 0.009 0.010 0.000 0.008 0.005 0.006 0.000 0.003 0.002 0.003 0.000 0.004 0.000 0.008 0.000 0.000 0.010 0.002 0.006 0.002 0.002 0.002 0.001 0.001 0.009 0.005 0.002 0.020 0.000 0.001 0.003 0.003 0.003 0.000 0.000 0.000 0.000 0.007
0.010 0.010 0.010 0.014 0.005 0.010 0.004 0.004 0.004 0.000 0.000 0.000 0.009 0.000 0.000 0.000 0.008 0.003 0.000 0.000 0.008 0.009 0.010 0.010 0.005 0.003 0.003 0.003 0.000 0.000 0.000 0.000 0.002 0.003 0.002 0.000 0.010 0.005 0.010 0.009 0.020 0.010 0.007 0.004 0.003 0.004 0.004 0.004 0.005 0.000 0.003 0.004 0.003 0.000 0.002 0.000 0.004 0.005 0.006 0.006 0.002 0.002 0.000 0.000 0.002 0.000 0.010 0.002 0.008 0.003 0.002 0.004 0.005 0.000 0.000 0.000 0.000
0.010 0.010 0.010 0.008 0.009 0.008 0.004 0.000 0.007 0.007 0.010 0.010 0.007 0.010 0.010 0.009 0.003 0.003 0.000 0.000 0.004 0.010 0.010 0.010 0.003 0.000 0.000 0.005 0.004 0.000 0.003 0.000 0.002 0.007 0.006 0.010 0.014 0.005 0.006 0.010 0.000 0.000 0.010 0.010 0.000 0.005 0.003 0.000 0.005 0.002 0.004 0.003 0.006 0.000 0.002 0.000 0.003 0.005 0.003 0.005 0.000 0.001 0.000 0.007 0.005 0.002 0.008 0.009 0.003 0.002 0.005 0.007 0.003 0.007 0.000 0.000 0.000
0.000 0.000 0.010 0.006 0.009 0.008 0.008 0.006 0.008 0.004 0.000 0.000 0.004 0.010 0.014 0.010 0.005 0.003 0.002 0.003 0.008 0.010 0.005 0.005 0.003 0.000 0.000 0.004 0.007 0.010 0.008 0.005 0.009 0.004 0.000 0.000 0.003 0.004 0.005 0.008 0.000 0.000 0.008 0.005 0.004 0.003 0.002 0.003 0.004 0.002 0.003 0.004 0.005 0.000 0.002 0.000 0.000 0.000 0.000 0.000 0.000 0.001 0.000 0.008 0.002 0.003 0.001 0.000 0.004 0.004 0.003 0.000 0.001 0.002 0.004 0.000 0.000
0.010 0.010 0.010 0.008 0.009 0.008 0.005 0.012 0.005 0.003 0.003 0.006 0.003 0.005 0.009 0.000 0.004 0.002 0.004 0.000 0.000 0.000 0.003 0.000 0.002 0.000 0.000 0.005 0.000 0.008 0.010 0.010 0.007 0.003 0.000 0.009 0.000 0.005 0.007 0.010 0.000 0.000 0.010 0.000 0.002 0.003 0.000 0.000 0.002 0.005 0.010 0.002 0.005 0.000 0.003 0.000 0.000 0.000 0.000 0.000 0.000 0.001 0.000 0.007 0.002 0.000 0.009 0.006 0.003 0.002 0.008 0.005 0.002 0.001 0.003 0.004 0.000
0.000 0.000 0.009 0.004 0.007 0.008 0.004 0.000 0.010 0.000 0.000 0.007 0.000 0.000 0.005 0.000 0.003 0.008 0.006 0.000 0.003 0.003 0.002 0.000 0.003 0.004 0.000 0.004 0.000 0.010 0.010 0.015 0.010 0.003 0.000 0.010 0.000 0.005 0.004 0.010 0.000 0.000 0.010 0.006 0.006 0.007 0.009 0.009 0.008 0.168 0.000 0.003 0.000 0.000 0.003 0.000 0.000 0.000 0.000 0.000 0.000 0.003 0.000 0.000 0.002 0.002 0.009 0.003 0.002 0.000 0.000 0.001 0.002 0.002 0.001 0.002 0.005
0.000 0.010 0.024 0.010 0.010 0.010 0.018 0.003 0.006 0.010 0.006 0.004 0.006 0.006 0.005 0.004 0.003 0.005 0.003 0.003 0.002 0.004 0.004 0.003 0.005 0.004 0.003 0.005 0.006 0.005 0.003 0.003 0.004 0.004 0.008 0.007 0.005 0.004 0.005 0.007 0.003 0.002 0.007 0.004 0.009 0.007 0.008 0.009 0.007 0.016 0.000 0.000 0.000 0.000 0.002 0.000 0.000 0.000 0.000 0.003 0.000 0.002 0.000 0.002 0.003 0.006 0.003 0.005 0.002 0.001 0.004 0.007 0.008 0.002 0.001 0.000 0.002
0.000 0.000 0.010 0.008 0.010 0.009 0.005 0.002 0.002 0.000 0.002 0.000 0.004 0.009 0.002 0.000 0.000 0.010 0.006 0.000 0.003 0.010 0.010 0.010 0.010 0.010 0.010 0.005 0.009 0.010 0.000 0.000 0.000 0.003 0.003 0.005 0.005 0.008 0.007 0.004 0.003 0.003 0.003 0.010 0.005 0.004 0.003 0.004 0.004 0.019 0.108 0.023 0.039 0.005 0.004 0.004 0.003 0.003 0.003 0.002 0.003 0.003 0.003 0.003 0.002 0.003 0.005 0.001 0.001 0.002 0.001 0.003 0.002 0.002 0.001 0.002 0.002
0.010 0.011 0.010 0.008 0.009 0.008 0.002 0.000 0.001 0.003 0.002 0.005 0.003 0.003 0.000 0.000 0.000 0.010 0.007 0.005 0.004 0.010 0.010 0.010 0.010 0.010 0.044 0.004 0.003 0.003 0.000 0.004 0.000 0.004 0.002 0.004 0.004 0.006 0.005 0.004 0.000 0.006 0.004 0.009 0.000 0.004 0.004 0.000 0.005 0.010 0.217 0.000 0.003 0.002 0.002 0.002 0.002 0.010 0.006 0.003 0.002 0.002 0.003 0.005 0.003 0.002 0.002 0.001 0.001 0.010 0.002 0.004 0.007 0.002 0.002 0.004 0.000
