hx_30m/njhx/rain/result-0055.wd
ncols         211
nrows         286
xllcorner     660279.582600
yllcorner     3541874.325092
cellsize      30.000000
NODATA_value  -9999.000000
[rows 34 to 67 of 286, columns 77 to 153 of 211]
0.000 0.000 0.000 0.000 0.000 0.000 0.000 0.006 0.010 0.010 0.003 0.004 0.004 0.002 0.001 0.002 0.000 0.001 0.001 0.001 0.002 0.000 0.000 0.000 0.000 0.000 0.000 0.002 0.000 0.000 0.002 0.001 0.001 0.005 0.001 0.001 0.010 0.010 0.106 0.000 0.000 0.013 0.031 0.000 0.000 0.003 0.001 0.010 0.001 0.000 0.000 0.003 0.000 0.005 0.003 0.000 0.000 0.000 0.000 0.000 0.000 0.000 0.000 0.000 0.000 0.000 0.000 0.000 0.000 0.000 0.000 0.000 0.000 0.000 0.000 0.000 0.000
0.000 0.000 0.000 0.000 0.000 0.000 0.280 0.010 0.009 0.006 0.010 0.010 0.010 0.010 0.000 0.000 0.000 0.000 0.001 0.000 0.000 0.000 0.000 0.000 0.001 0.002 0.002 0.001 0.003 0.000 0.000 0.000 0.001 0.003 0.003 0.000 0.007 0.002 0.010 0.010 0.000 0.000 0.022 0.012 0.002 0.001 0.000 0.000 0.000 0.000 0.000 0.008 0.010 0.006 0.001 0.005 0.000 0.000 0.000 0.034 0.000 0.000 0.000 0.000 0.000 0.000 0.000 0.000 0.000 0.000 0.000 0.000 0.000 0.000 0.000 0.000 0.000
0.000 0.000 0.000 0.000 0.000 0.000 0.010 0.004 0.010 0.005 0.010 0.010 0.121 0.010 0.000 0.000 0.000 0.000 0.001 0.025 0.000 0.000 0.000 0.001 0.001 0.000 0.001 0.000 0.000 0.001 0.000 0.000 0.001 0.003 0.001 0.000 0.010 0.001 0.005 0.005 0.001 0.000 0.000 0.000 0.000 0.000 0.000 0.000 0.000 0.000 0.000 0.001 0.004 0.003 0.010 0.010 0.010 0.000 0.000 0.000 0.034 0.000 0.000 0.000 0.000 0.000 0.000 0.000 0.000 0.000 0.000 0.000 0.000 0.000 0.000 0.000 0.000
0.000 0.000 0.000 0.000 0.000 0.000 0.010 0.004 0.002 0.010 0.010 0.010 0.010 0.010 0.001 0.000 0.000 0.000 0.000 0.010 0.000 0.000 0.001 0.001 0.002 0.000 0.000 0.001 0.001 0.001 0.000 0.001 0.001 0.005 0.001 0.000 0.005 0.002 0.001 0.003 0.000 0.000 0.000 0.000 0.005 0.010 0.001 0.000 0.045 0.000 0.001 0.003 0.003 0.010 0.010 0.005 0.010 0.000 0.000 0.000 0.000 0.010 0.000 0.000 0.000 0.000 0.000 0.000 0.000 0.000 0.000 0.000 0.000 0.000 0.000 0.000 0.000
0.000 0.000 0.000 0.000 0.000 0.000 0.010 0.004 0.004 0.004 0.010 0.010 0.010 0.010 0.001 0.000 0.000 0.052 0.010 0.010 0.000 0.001 0.000 0.000 0.010 0.001 0.001 0.000 0.010 0.000 0.000 0.000 0.002 0.010 0.001 0.010 0.008 0.002 0.001 0.000 0.000 0.000 0.001 0.000 0.001 0.010 0.000 0.000 0.000 0.000 0.010 0.010 0.010 0.010 0.079 0.010 0.002 0.010 0.000 0.000 0.000 0.055 0.000 0.000 0.000 0.000 0.000 0.000 0.000 0.000 0.000 0.000 0.000 0.000 0.000 0.000 0.000
0.000 0.000 0.000 0.000 0.000 0.000 0.010 0.010 0.002 0.004 0.010 0.103 0.049 0.010 0.014 0.000 0.000 0.000 0.034 0.002 0.000 0.000 0.000 0.000 0.000 0.000 0.000 0.000 0.004 0.000 0.010 0.010 0.002 0.005 0.005 0.000 0.000 0.000 0.000 0.006 0.003 0.000 0.000 0.000 0.003 0.003 0.007 0.001 0.001 0.010 0.010 0.010 0.010 0.066 0.010 0.000 0.003 0.003 0.010 0.000 0.000 0.000 0.032 0.000 0.000 0.000 0.000 0.000 0.000 0.000 0.000 0.000 0.000 0.000 0.000 0.000 0.000
0.000 0.000 0.000 0.000 0.000 0.000 0.010 0.004 0.004 0.002 0.010 0.147 0.010 0.010 0.025 0.005 0.016 0.075 0.001 0.000 0.000 0.000 0.000 0.003 0.001 0.000 0.004 0.000 0.001 0.000 0.000 0.002 0.000 0.002 0.005 0.000 0.000 0.002 0.001 0.001 0.003 0.002 0.010 0.001 0.005 0.007 0.003 0.004 0.003 0.010 0.000 0.010 0.000 0.000 0.000 0.041 0.005 0.002 0.005 0.000 0.000 0.000 0.000 0.010 0.000 0.000 0.000 0.000 0.000 0.000 0.000 0.000 0.000 0.000 0.000 0.000 0.000
0.000 0.000 0.000 0.000 0.000 0.000 0.005 0.010 0.000 0.004 0.010 0.010 0.010 0.010 0.010 0.082 0.014 0.000 0.000 0.000 0.000 0.000 0.000 0.000 0.000 0.000 0.000 0.001 0.000 0.000 0.000 0.000 0.001 0.001 0.002 0.002 0.002 0.040 0.004 0.466 0.005 0.000 0.007 0.003 0.002 0.002 0.000 0.000 0.002 0.003 0.039 0.003 0.006 0.001 0.000 0.010 0.010 0.002 0.002 0.010 0.000 0.000 0.000 0.053 0.000 0.000 0.000 0.000 0.000 0.000 0.000 0.000 0.000 0.000 0.000 0.000 0.000
0.000 0.000 0.000 0.000 0.000 0.000 0.002 0.002 0.010 0.010 0.010 0.010 0.010 0.010 0.010 0.010 0.005 0.000 0.000 0.001 0.000 0.000 0.000 0.000 0.000 0.001 0.004 0.000 0.010 0.000 0.002 0.002 0.004 0.005 0.010 0.002 0.114 0.010 0.007 0.000 0.000 0.007 0.004 0.001 0.000 0.010 0.005 0.000 0.002 0.000 0.000 0.000 0.005 0.000 0.000 0.001 0.001 0.000 0.006 0.002 0.000 0.000 0.000 0.000 0.010 0.000 0.000 0.000 0.000 0.000 0.000 0.000 0.000 0.000 0.000 0.000 0.000
0.000 0.000 0.000 0.000 0.000 0.000 0.010 0.004 0.010 0.074 0.003 0.004 0.004 0.002 0.002 0.002 0.004 0.001 0.001 0.001 0.010 0.001 0.001 0.001 0.002 0.001 0.001 0.001 0.004 0.001 0.000 0.001 0.000 0.001 0.010 0.001 0.001 0.000 0.000 0.001 0.000 0.000 0.003 0.005 0.010 0.010 0.001 0.000 0.000 0.001 0.000 0.000 0.000 0.000 0.000 0.001 0.000 0.000 0.000 0.002 0.010 0.000 0.000 0.000 0.065 0.010 0.000 0.000 0.000 0.000 0.000 0.000 0.000 0.000 0.000 0.000 0.000
0.000 0.000 0.000 0.000 0.000 0.000 0.002 0.004 0.010 0.010 0.001 0.004 0.001 0.004 0.002 0.001 0.004 0.001 0.000 0.001 0.004 0.001 0.000 0.001 0.001 0.000 0.000 0.000 0.000 0.000 0.000 0.000 0.000 0.001 0.002 0.001 0.001 0.000 0.000 0.000 0.000 0.010 0.014 0.003 0.000 0.010 0.002 0.000 0.000 0.002 0.001 0.002 0.000 0.000 0.000 0.000 0.002 0.000 0.000 0.001 0.002 0.000 0.000 0.000 0.000 0.032 0.000 0.000 0.000 0.000 0.000 0.000 0.000 0.000 0.000 0.000 0.000
0.000 0.000 0.000 0.000 0.000 0.010 0.010 0.010 0.002 0.010 0.006 0.010 0.003 0.000 0.001 0.002 0.004 0.003 0.000 0.000 0.000 0.000 0.000 0.000 0.000 0.001 0.000 0.000 0.000 0.000 0.000 0.000 0.000 0.000 0.001 0.004 0.001 0.000 0.000 0.000 0.000 0.000 0.246 0.002 0.001 0.001 0.000 0.000 0.001 0.000 0.005 0.001 0.003 0.001 0.001 0.000 0.001 0.000 0.000 0.002 0.002 0.004 0.000 0.000 0.000 0.000 0.022 0.000 0.000 0.000 0.000 0.000 0.000 0.000 0.000 0.000 0.000
0.000 0.000 0.000 0.000 0.000 0.010 0.010 0.010 0.002 0.010 0.001 0.007 0.001 0.002 0.001 0.001 0.001 0.001 0.000 0.000 0.000 0.000 0.003 0.009 0.002 0.001 0.001 0.000 0.000 0.000 0.000 0.000 0.000 0.000 0.002 0.001 0.001 0.000 0.000 0.000 0.000 0.000 0.000 0.002 0.000 0.000 0.000 0.000 0.001 0.001 0.006 0.010 0.001 0.000 0.000 0.000 0.000 0.000 0.000 0.000 0.001 0.002 0.036 0.000 0.000 0.000 0.000 0.010 0.000 0.000 0.000 0.000 0.000 0.000 0.000 0.000 0.000
0.000 0.000 0.000 0.000 0.000 0.010 0.010 0.010 0.001 0.002 0.001 0.001 0.010 0.001 0.000 0.000 0.001 0.000 0.001 0.005 0.004 0.002 0.004 0.010 0.010 0.010 0.001 0.000 0.000 0.000 0.000 0.000 0.000 0.000 0.001 0.002 0.000 0.000 0.000 0.000 0.000 0.000 0.000 0.003 0.000 0.000 0.000 0.000 0.000 0.004 0.004 0.002 0.000 0.000 0.000 0.000 0.001 0.000 0.000 0.001 0.010 0.003 0.010 0.000 0.000 0.000 0.000 0.046 0.000 0.000 0.000 0.000 0.000 0.000 0.000 0.000 0.000
0.000 0.000 0.000 0.000 0.000 0.080 0.010 0.010 0.002 0.002 0.001 0.010 0.000 0.000 0.000 0.001 0.001 0.010 0.051 0.002 0.000 0.000 0.000 0.001 0.002 0.004 0.001 0.000 0.000 0.000 0.000 0.000 0.000 0.000 0.000 0.004 0.005 0.000 0.000 0.000 0.000 0.000 0.000 0.002 0.001 0.000 0.001 0.000 0.000 0.000 0.000 0.000 0.005 0.001 0.000 0.000 0.000 0.000 0.000 0.000 0.010 0.059 0.000 0.000 0.000 0.000 0.000 0.000 0.010 0.000 0.000 0.000 0.000 0.000 0.000 0.000 0.000
0.000 0.000 0.000 0.000 0.000 0.010 0.010 0.008 0.010 0.007 0.001 0.010 0.001 0.000 0.000 0.001 0.001 0.001 0.000 0.001 0.000 0.000 0.002 0.010 0.010 0.010 0.001 0.000 0.000 0.000 0.000 0.000 0.000 0.004 0.000 0.000 0.010 0.000 0.000 0.001 0.000 0.001 0.004 0.004 0.001 0.000 0.000 0.000 0.000 0.000 0.000 0.001 0.010 0.003 0.010 0.000 0.000 0.002 0.003 0.000 0.109 0.010 0.008 0.010 0.000 0.000 0.000 0.000 0.010 0.000 0.000 0.000 0.000 0.000 0.000 0.000 0.000
0.000 0.000 0.000 0.000 0.000 0.162 0.005 0.010 0.002 0.010 0.002 0.004 0.000 0.000 0.001 0.001 0.001 0.001 0.001 0.001 0.000 0.010 0.010 0.162 0.010 0.010 0.002 0.000 0.000 0.000 0.000 0.000 0.000 0.001 0.005 0.000 0.002 0.002 0.000 0.000 0.002 0.000 0.004 0.010 0.001 0.000 0.000 0.000 0.000 0.000 0.000 0.000 0.010 0.010 0.000 0.034 0.010 0.010 0.001 0.001 0.002 0.005 0.135 0.004 0.000 0.000 0.000 0.000 0.010 0.000 0.000 0.000 0.000 0.000 0.000 0.000 0.000
0.000 0.000 0.000 0.000 0.000 0.000 0.050 0.004 0.002 0.002 0.002 0.000 0.000 0.000 0.001 0.000 0.000 0.000 0.000 0.003 0.000 0.010 0.043 0.010 0.000 0.010 0.002 0.000 0.000 0.000 0.000 0.000 0.000 0.001 0.001 0.001 0.001 0.000 0.004 0.000 0.001 0.000 0.004 0.296 0.001 0.001 0.000 0.000 0.001 0.000 0.000 0.786 0.492 0.012 0.001 0.001 0.000 0.011 0.000 0.001 0.001 0.010 0.001 0.001 0.010 0.000 0.000 0.000 0.010 0.010 0.000 0.000 0.000 0.000 0.000 0.000 0.000
0.000 0.000 0.000 0.000 0.000 0.000 0.013 0.001 0.010 0.002 0.001 0.003 0.001 0.000 0.000 0.001 0.001 0.000 0.010 0.173 0.108 0.149 0.108 0.010 0.000 0.010 0.004 0.003 0.000 0.001 0.001 0.001 0.003 0.010 0.010 0.000 0.003 0.001 0.001 0.000 0.000 0.001 0.000 0.000 0.001 0.000 0.008 0.004 0.002 0.001 0.002 0.000 0.000 0.019 0.002 0.002 0.001 0.000 0.000 0.000 0.000 0.000 0.001 0.015 0.004 0.000 0.000 0.000 0.131 0.010 0.000 0.000 0.000 0.000 0.000 0.000 0.000
0.000 0.000 0.000 0.000 0.000 0.000 0.010 0.002 0.004 0.001 0.001 0.000 0.000 0.001 0.001 0.000 0.010 0.010 0.010 0.010 0.010 0.010 0.010 0.121 0.010 0.010 0.004 0.002 0.002 0.001 0.005 0.010 0.010 0.010 0.100 0.001 0.001 0.004 0.001 0.000 0.000 0.002 0.001 0.010 0.010 0.010 0.005 0.008 0.000 0.002 0.000 0.000 0.000 0.016 0.010 0.010 0.003 0.000 0.001 0.000 0.000 0.000 0.000 0.001 0.002 0.030 0.000 0.000 0.000 0.010 0.000 0.000 0.000 0.000 0.000 0.000 0.000
0.000 0.000 0.000 0.000 0.000 0.000 0.080 0.001 0.004 0.010 0.001 0.000 0.001 0.000 0.004 0.010 0.081 0.010 0.010 0.010 0.010 0.010 0.010 0.034 0.010 0.010 0.004 0.001 0.004 0.004 0.003 0.004 0.010 0.010 0.010 0.007 0.001 0.004 0.002 0.001 0.000 0.001 0.000 0.059 0.010 0.000 0.001 0.010 0.000 0.000 0.001 0.001 0.018 0.020 0.003 0.000 0.002 0.001 0.000 0.000 0.000 0.001 0.001 0.000 0.001 0.010 0.000 0.000 0.000 0.010 0.000 0.000 0.000 0.000 0.000 0.000 0.000
0.000 0.000 0.000 0.000 0.000 0.000 0.010 0.002 0.004 0.001 0.002 0.000 0.010 0.010 0.010 0.130 0.077 0.010 0.010 0.010 0.027 0.096 0.044 0.010 0.010 0.010 0.010 0.001 0.000 0.000 0.000 0.000 0.000 0.000 0.000 0.002 0.000 0.010 0.002 0.000 0.001 0.010 0.010 0.024 0.002 0.001 0.000 0.000 0.000 0.001 0.000 0.020 0.159 0.091 0.001 0.000 0.000 0.000 0.000 0.000 0.000 0.000 0.002 0.000 0.010 0.010 0.000 0.000 0.000 0.072 0.000 0.000 0.000 0.000 0.000 0.000 0.000
0.000 0.000 0.000 0.000 0.000 0.000 0.010 0.004 0.004 0.001 0.004 0.010 0.010 0.010 0.010 0.083 0.010 0.010 0.053 0.028 0.010 0.010 0.010 0.010 0.125 0.010 0.010 0.001 0.010 0.002 0.001 0.000 0.000 0.051 0.000 0.010 0.000 0.002 0.003 0.000 0.004 0.005 0.001 0.010 0.068 0.002 0.000 0.000 0.000 0.000 0.000 0.094 0.000 0.001 0.001 0.000 0.001 0.000 0.000 0.001 0.000 0.000 0.003 0.010 0.002 0.004 0.036 0.000 0.000 0.000 0.010 0.000 0.000 0.000 0.000 0.000 0.000
0.000 0.000 0.000 0.000 0.000 0.000 0.010 0.004 0.010 0.002 0.067 0.000 0.050 0.052 0.010 0.010 0.010 0.010 0.140 0.010 0.010 0.010 0.114 0.010 0.004 0.002 0.004 0.002 0.000 0.002 0.001 0.001 0.000 0.016 0.000 0.000 0.236 0.010 0.005 0.000 0.004 0.010 0.002 0.004 0.000 0.001 0.000 0.000 0.000 0.000 0.000 0.000 0.000 0.000 0.001 0.000 0.000 0.000 0.001 0.000 0.001 0.002 0.000 0.000 0.000 0.002 0.010 0.000 0.000 0.000 0.010 0.000 0.000 0.000 0.000 0.000 0.000
0.000 0.000 0.000 0.000 0.000 0.000 0.010 0.004 0.010 0.003 0.010 0.000 0.156 0.047 0.010 0.010 0.010 0.010 0.010 0.010 0.010 0.010 0.000 0.003 0.000 0.095 0.002 0.001 0.000 0.004 0.001 0.001 0.000 0.000 0.000 0.000 0.011 0.010 0.000 0.004 0.003 0.031 0.002 0.004 0.000 0.001 0.000 0.000 0.001 0.001 0.000 0.000 0.000 0.000 0.001 0.004 0.001 0.010 0.000 0.000 0.004 0.000 0.000 0.000 0.001 0.001 0.010 0.000 0.000 0.000 0.074 0.000 0.000 0.000 0.000 0.000 0.000
0.000 0.000 0.000 0.000 0.000 0.000 0.057 0.002 0.010 0.003 0.002 0.010 0.010 0.010 0.115 0.137 0.010 0.010 0.010 0.010 0.010 0.003 0.010 0.000 0.000 0.010 0.002 0.000 0.005 0.010 0.001 0.002 0.002 0.000 0.000 0.000 0.010 0.010 0.001 0.002 0.002 0.000 0.000 0.000 0.456 0.002 0.000 0.000 0.001 0.002 0.002 0.001 0.001 0.001 0.001 0.000 0.000 0.000 0.001 0.000 0.001 0.001 0.002 0.000 0.000 0.001 0.010 0.000 0.000 0.000 0.010 0.000 0.000 0.000 0.000 0.000 0.000
0.000 0.000 0.000 0.000 0.000 0.000 0.000 0.004 0.010 0.002 0.000 0.002 0.010 0.010 0.010 0.010 0.091 0.139 0.211 0.039 0.002 0.000 0.005 0.002 0.002 0.001 0.002 0.002 0.010 0.010 0.010 0.010 0.000 0.003 0.001 0.000 0.044 0.010 0.002 0.000 0.001 0.000 0.000 0.000 0.022 0.001 0.010 0.010 0.050 0.000 0.000 0.001 0.000 0.000 0.000 0.000 0.000 0.000 0.002 0.001 0.001 0.000 0.000 0.002 0.004 0.001 0.010 0.000 0.000 0.000 0.010 0.000 0.000 0.000 0.000 0.000 0.000
0.000 0.000 0.000 0.000 0.000 0.000 0.028 0.010 0.010 0.002 0.000 0.002 0.000 0.010 0.010 0.010 0.114 0.010 0.002 0.002 0.001 0.010 0.069 0.010 0.141 0.010 0.009 0.010 0.178 0.167 0.110 0.010 0.010 0.010 0.000 0.001 0.000 0.017 0.000 0.000 0.000 0.000 0.000 0.000 0.000 0.036 0.010 0.097 0.010 0.000 0.000 0.002 0.000 0.000 0.000 0.000 0.000 0.000 0.000 0.000 0.000 0.000 0.000 0.000 0.000 0.001 0.004 0.045 0.000 0.000 0.058 0.000 0.000 0.000 0.000 0.000 0.000
0.000 0.000 0.000 0.000 0.000 0.000 0.010 0.004 0.010 0.002 0.067 0.010 0.000 0.010 0.010 0.088 0.004 0.000 0.004 0.001 0.000 0.000 0.000 0.010 0.022 0.010 0.010 0.002 0.133 0.131 0.010 0.010 0.010 0.005 0.000 0.000 0.000 0.001 0.003 0.006 0.001 0.000 0.002 0.000 0.051 0.002 0.000 0.022 0.010 0.000 0.000 0.001 0.007 0.010 0.009 0.010 0.004 0.000 0.001 0.001 0.000 0.000 0.000 0.000 0.001 0.010 0.010 0.010 0.000 0.000 0.000 0.010 0.000 0.000 0.000 0.000 0.000
0.000 0.000 0.000 0.000 0.000 0.000 0.010 0.003 0.010 0.003 0.004 0.015 0.010 0.184 0.010 0.006 0.002 0.001 0.002 0.000 0.000 0.000 0.000 0.000 0.000 0.010 0.010 0.002 0.000 0.149 0.010 0.010 0.010 0.003 0.001 0.002 0.000 0.001 0.006 0.010 0.010 0.003 0.000 0.001 0.000 0.000 0.000 0.000 0.077 0.010 0.010 0.001 0.010 0.000 0.010 0.010 0.029 0.010 0.000 0.000 0.000 0.000 0.000 0.000 0.000 0.010 0.001 0.010 0.000 0.000 0.000 0.046 0.000 0.000 0.000 0.000 0.000
0.000 0.000 0.000 0.000 0.000 0.000 0.010 0.002 0.010 0.003 0.010 0.002 0.053 0.010 0.000 0.002 0.001 0.001 0.000 0.000 0.002 0.004 0.064 0.000 0.000 0.000 0.000 0.001 0.000 0.000 0.000 0.000 0.000 0.000 0.000 0.000 0.000 0.005 0.010 0.010 0.000 0.001 0.000 0.000 0.010 0.001 0.002 0.010 0.010 0.003 0.000 0.001 0.010 0.000 0.010 0.010 0.071 0.010 0.002 0.000 0.000 0.000 0.003 0.010 0.001 0.010 0.002 0.010 0.000 0.000 0.000 0.000 0.000 0.000 0.000 0.000 0.000
0.000 0.000 0.000 0.000 0.000 0.000 0.062 0.002 0.010 0.003 0.008 0.000 0.000 0.000 0.001 0.002 0.001 0.000 0.001 0.000 0.010 0.000 0.010 0.010 0.010 0.000 0.000 0.005 0.000 0.000 0.000 0.000 0.000 0.000 0.003 0.010 0.005 0.010 0.010 0.010 0.010 0.001 0.000 0.002 0.010 0.002 0.003 0.000 0.002 0.001 0.010 0.001 0.000 0.001 0.010 0.010 0.002 0.001 0.000 0.002 0.004 0.000 0.002 0.010 0.010 0.002 0.001 0.010 0.000 0.000 0.000 0.000 0.000 0.000 0.000 0.000 0.000
0.000 0.000 0.000 0.000 0.000 0.000 0.010 0.002 0.010 0.003 0.000 0.000 0.001 0.000 0.002 0.000 0.001 0.005 0.082 0.022 0.010 0.010 0.010 0.049 0.024 0.010 0.010 0.001 0.000 0.000 0.056 0.010 0.000 0.000 0.000 0.005 0.010 0.007 0.011 0.001 0.004 0.000 0.001 0.001 0.002 0.001 0.010 0.001 0.000 0.001 0.001 0.001 0.000 0.001 0.001 0.001 0.001 0.002 0.002 0.010 0.010 0.000 0.004 0.002 0.002 0.002 0.001 0.010 0.000 0.000 0.000 0.010 0.000 0.000 0.000 0.000 0.000
0.000 0.000 0.000 0.000 0.000 0.000 0.010 0.003 0.010 0.003 0.001 0.000 0.000 0.001 0.005 0.001 0.000 0.010 0.010 0.000 0.000 0.103 0.151 0.099 0.024 0.010 0.010 0.003 0.000 0.000 0.000 0.000 0.005 0.003 0.000 0.001 0.000 0.005 0.345 0.002 0.047 0.004 0.001 0.002 0.002 0.010 0.010 0.001 0.010 0.001 0.001 0.001 0.001 0.002 0.001 0.002 0.010 0.005 0.004 0.001 0.005 0.000 0.000 0.000 0.001 0.000 0.001 0.010 0.000 0.000 0.000 0.077 0.000 0.000 0.000 0.000 0.000
