hx_30m/njhx/rain/result-0034.wd
ncols         211
nrows         286
xllcorner     660279.582600
yllcorner     3541874.325092
cellsize      30.000000
NODATA_value  -9999.000000
[rows 238 to 271 of 286, columns 77 to 153 of 211]
0.006 0.009 0.009 0.007 0.006 0.008 0.000 0.000 0.000 0.006 0.004 0.005 0.000 0.000 0.004 0.002 0.000 0.004 0.008 0.010 0.010 0.010 0.006 0.004 0.007 0.004 0.004 0.000 0.003 0.004 0.002 0.002 0.001 0.002 0.002 0.002 0.004 0.000 0.005 0.008 0.010 0.691 0.124 0.005 0.007 0.007 0.000 0.010 0.000 0.000 0.009 0.043 0.010 0.010 0.010 0.010 0.010 0.010 0.079 0.009 0.006 0.000 0.008 0.010 0.007 0.007 0.010 0.000 0.000 0.003 0.005 0.005 0.009 0.000 0.006 0.005 0.003
0.108 0.006 0.009 0.010 0.010 0.010 0.005 0.000 0.000 0.010 0.000 0.005 0.000 0.007 0.004 0.000 0.004 0.002 0.010 0.010 0.010 0.010 0.008 0.006 0.006 0.005 0.010 0.000 0.000 0.002 0.002 0.001 0.001 0.002 0.002 0.002 0.005 0.009 0.008 0.009 0.000 0.156 0.000 0.003 0.004 0.007 0.007 0.000 0.010 0.010 0.007 0.010 0.010 0.072 0.010 0.010 0.010 0.000 0.045 0.006 0.009 0.010 0.009 0.015 0.009 0.000 0.002 0.000 0.006 0.006 0.020 0.004 0.006 0.009 0.000 0.006 0.005
0.000 0.000 0.009 0.065 0.008 0.006 0.005 0.010 0.009 0.000 0.000 0.009 0.002 0.006 0.006 0.007 0.005 0.040 0.010 0.010 0.010 0.122 0.005 0.005 0.003 0.006 0.006 0.017 0.002 0.002 0.000 0.002 0.002 0.002 0.001 0.002 0.009 0.009 0.012 0.000 0.182 0.161 0.000 0.010 0.005 0.005 0.007 0.007 0.007 0.009 0.010 0.010 0.010 0.010 0.010 0.010 0.000 0.111 0.008 0.009 0.006 0.000 0.010 0.010 0.008 0.008 0.001 0.000 0.003 0.005 0.000 0.006 0.015 0.008 0.000 0.004 0.004
0.000 0.038 0.000 0.000 0.020 0.005 0.009 0.008 0.008 0.007 0.008 0.000 0.006 0.008 0.010 0.010 0.316 0.010 0.010 0.010 0.132 0.010 0.006 0.009 0.008 0.002 0.000 0.000 0.002 0.003 0.003 0.002 0.002 0.004 0.003 0.004 0.010 0.008 0.010 0.009 0.010 0.007 0.007 0.005 0.004 0.008 0.000 0.006 0.004 0.009 0.007 0.007 0.010 0.026 0.018 0.065 0.000 0.010 0.007 0.010 0.000 0.000 0.098 0.109 0.010 0.000 0.006 0.004 0.005 0.005 0.011 0.000 0.003 0.006 0.000 0.000 0.000
0.000 0.000 0.010 0.064 0.000 0.036 0.007 0.007 0.010 0.013 0.009 0.010 0.010 0.009 0.010 0.010 0.010 0.010 0.010 0.010 0.009 0.007 0.006 0.003 0.005 0.000 0.000 0.003 0.005 0.004 0.004 0.004 0.004 0.015 0.010 0.009 0.007 0.009 0.000 0.006 0.010 0.010 0.008 0.005 0.000 0.009 0.005 0.004 0.007 0.006 0.007 0.005 0.007 0.010 0.010 0.019 0.411 0.006 0.006 0.000 0.040 0.000 0.010 0.010 0.000 0.000 0.030 0.000 0.000 0.004 0.004 0.000 0.006 0.003 0.005 0.000 0.005
0.000 0.000 0.000 0.000 0.000 0.010 0.000 0.454 0.008 0.008 0.009 0.009 0.010 0.008 0.010 0.056 0.010 0.010 0.010 0.076 0.008 0.007 0.009 0.006 0.005 0.002 0.000 0.002 0.005 0.009 0.004 0.004 0.003 0.009 0.000 0.008 0.009 0.000 0.008 0.009 0.010 0.010 0.010 0.000 0.004 0.004 0.006 0.006 0.006 0.006 0.000 0.005 0.003 0.005 0.007 0.009 0.009 0.007 0.010 0.000 0.000 0.037 0.147 0.010 0.000 0.089 0.000 0.000 0.000 0.000 0.008 0.004 0.000 0.006 0.004 0.004 0.029
0.000 0.000 0.000 0.000 0.000 0.000 0.000 0.010 0.000 0.133 0.022 0.008 0.015 0.008 0.009 0.009 0.071 0.010 0.067 0.010 0.008 0.013 0.004 0.003 0.006 0.025 0.003 0.010 0.008 0.009 0.004 0.000 0.000 0.007 0.005 0.007 0.010 0.102 0.006 0.009 0.010 0.010 0.004 0.000 0.004 0.000 0.006 0.004 0.005 0.000 0.005 0.000 0.000 0.004 0.004 0.010 0.009 0.008 0.000 0.000 0.014 0.010 0.010 0.076 0.000 0.057 0.010 0.018 0.000 0.000 0.000 0.000 0.007 0.004 0.004 0.005 0.006
0.000 0.000 0.000 0.000 0.000 0.000 0.000 0.000 0.000 0.010 0.000 0.095 0.006 0.010 0.181 0.006 0.010 0.010 0.010 0.008 0.010 0.008 0.005 0.003 0.006 0.000 0.000 0.008 0.008 0.009 0.000 0.000 0.000 0.008 0.008 0.006 0.000 0.009 0.007 0.016 0.010 0.009 0.006 0.000 0.000 0.004 0.003 0.000 0.000 0.005 0.003 0.000 0.004 0.000 0.000 0.004 0.009 0.010 0.007 0.000 0.087 0.098 0.010 0.000 0.187 0.010 0.008 0.009 0.008 0.005 0.051 0.009 0.000 0.000 0.004 0.009 0.004
0.000 0.000 0.000 0.000 0.000 0.000 0.000 0.000 0.000 0.000 0.000 0.010 0.000 0.324 0.237 0.010 0.015 0.009 0.009 0.009 0.009 0.006 0.008 0.000 0.000 0.000 0.007 0.033 0.008 0.004 0.002 0.000 0.010 0.007 0.008 0.000 0.010 0.006 0.010 0.007 0.009 0.006 0.006 0.008 0.005 0.003 0.002 0.000 0.004 0.005 0.010 0.009 0.000 0.009 0.000 0.007 0.007 0.008 0.015 0.009 0.009 0.010 0.050 0.010 0.122 0.010 0.010 0.009 0.006 0.000 0.025 0.005 0.000 0.000 0.021 0.009 0.010
0.000 0.000 0.000 0.000 0.000 0.000 0.000 0.000 0.000 0.000 0.000 0.000 0.040 0.000 0.216 0.121 0.010 0.009 0.009 0.010 0.005 0.010 0.008 0.018 0.000 0.000 0.000 0.000 0.000 0.000 0.016 0.009 0.009 0.008 0.008 0.006 0.005 0.008 0.019 0.023 0.009 0.005 0.009 0.009 0.007 0.005 0.006 0.010 0.000 0.004 0.007 0.007 0.009 0.004 0.003 0.009 0.009 0.010 0.010 0.009 0.012 0.006 0.009 0.010 0.010 0.000 0.010 0.000 0.007 0.000 0.010 0.000 0.056 0.014 0.014 0.103 0.032
0.000 0.000 0.000 0.000 0.000 0.000 0.000 0.000 0.000 0.000 0.000 0.000 0.000 0.000 0.000 0.000 0.010 0.006 0.010 0.008 0.008 0.010 0.010 0.010 0.010 0.009 0.009 0.000 0.000 0.000 0.000 0.034 0.009 0.006 0.000 0.005 0.007 0.008 0.010 0.010 0.006 0.009 0.009 0.005 0.004 0.009 0.021 0.000 0.008 0.007 0.007 0.004 0.005 0.009 0.007 0.005 0.166 0.104 0.010 0.010 0.010 0.009 0.006 0.005 0.005 0.000 0.009 0.010 0.000 0.000 0.000 0.000 0.069 0.010 0.083 0.096 0.090
0.000 0.000 0.000 0.000 0.000 0.000 0.000 0.000 0.000 0.000 0.000 0.000 0.000 0.000 0.000 0.046 0.181 0.000 0.396 0.004 0.010 0.008 0.013 0.009 0.010 0.010 0.010 0.007 0.000 0.000 0.000 0.009 0.005 0.000 0.004 0.007 0.000 0.005 0.008 0.010 0.006 0.007 0.004 0.000 0.007 0.013 0.009 0.005 0.006 0.010 0.029 0.009 0.009 0.004 0.004 0.000 0.000 0.010 0.010 0.010 0.010 0.010 0.010 0.007 0.007 0.007 0.006 0.058 0.000 0.000 0.000 0.000 0.010 0.010 0.129 0.137 0.181
0.000 0.000 0.000 0.000 0.000 0.000 0.000 0.000 0.000 0.000 0.000 0.000 0.000 0.000 0.000 0.000 0.000 0.036 0.000 0.000 0.011 0.009 0.009 0.014 0.010 0.010 0.010 0.010 0.016 0.000 0.030 0.006 0.008 0.009 0.000 0.006 0.005 0.000 0.000 0.004 0.004 0.004 0.008 0.009 0.018 0.000 0.000 0.006 0.004 0.009 0.013 0.009 0.008 0.005 0.000 0.042 0.058 0.010 0.010 0.095 0.010 0.077 0.395 0.010 0.010 0.007 0.007 0.007 0.012 0.000 0.000 0.007 0.007 0.006 0.007 0.052 0.162
0.000 0.000 0.000 0.000 0.000 0.000 0.000 0.000 0.000 0.000 0.000 0.000 0.000 0.000 0.000 0.000 0.000 0.000 0.000 0.000 0.000 0.000 0.007 0.010 0.009 0.009 0.010 0.010 0.010 0.017 0.005 0.007 0.010 0.006 0.006 0.004 0.004 0.004 0.004 0.004 0.002 0.007 0.008 0.008 0.000 0.000 0.004 0.004 0.009 0.010 0.010 0.010 0.014 0.007 0.000 0.000 0.000 0.084 0.010 0.010 0.010 0.085 0.010 0.010 0.010 0.010 0.010 0.008 0.008 0.007 0.008 0.012 0.009 0.000 0.010 0.074 0.045
0.000 0.000 0.000 0.000 0.000 0.000 0.000 0.000 0.000 0.000 0.000 0.000 0.000 0.000 0.000 0.000 0.000 0.000 0.000 0.000 0.000 0.000 0.051 0.000 0.009 0.005 0.008 0.006 0.010 0.008 0.007 0.000 0.006 0.006 0.004 0.006 0.008 0.004 0.005 0.003 0.004 0.005 0.005 0.012 0.006 0.000 0.006 0.005 0.012 0.010 0.010 0.008 0.008 0.000 0.010 0.000 0.118 0.010 0.010 0.010 0.010 0.010 0.080 0.010 0.010 0.010 0.010 0.010 0.009 0.008 0.010 0.007 0.007 0.139 0.165 0.000 0.162
0.000 0.000 0.000 0.000 0.000 0.000 0.000 0.000 0.000 0.000 0.000 0.000 0.000 0.000 0.000 0.000 0.000 0.000 0.000 0.000 0.000 0.000 0.000 0.000 0.227 0.000 0.005 0.008 0.008 0.010 0.061 0.626 0.003 0.005 0.003 0.004 0.005 0.005 0.007 0.006 0.000 0.007 0.006 0.000 0.010 0.005 0.005 0.009 0.005 0.008 0.008 0.009 0.007 0.000 0.011 0.010 0.010 0.010 0.010 0.010 0.000 0.010 0.114 0.000 0.055 0.010 0.010 0.210 0.010 0.010 0.008 0.008 0.007 0.006 0.011 0.139 0.000
0.000 0.000 0.000 0.000 0.000 0.000 0.000 0.000 0.000 0.000 0.000 0.000 0.000 0.000 0.000 0.000 0.000 0.000 0.000 0.000 0.000 0.000 0.000 0.000 0.000 0.000 0.000 0.011 0.010 0.009 0.000 0.010 0.006 0.011 0.006 0.005 0.007 0.000 0.003 0.007 0.006 0.006 0.063 0.003 0.000 0.007 0.008 0.010 0.009 0.009 0.005 0.012 0.000 0.000 0.000 0.000 0.060 0.010 0.010 0.010 0.107 0.115 0.000 0.000 0.088 0.077 0.010 0.010 0.010 0.008 0.008 0.009 0.009 0.008 0.007 0.010 0.044
0.000 0.000 0.000 0.000 0.000 0.000 0.000 0.000 0.000 0.000 0.000 0.000 0.000 0.000 0.000 0.000 0.000 0.000 0.000 0.000 0.000 0.000 0.000 0.000 0.000 0.000 0.000 0.010 0.074 0.000 0.010 0.009 0.006 0.004 0.005 0.009 0.000 0.004 0.007 0.005 0.006 0.006 0.006 0.083 0.010 0.005 0.006 0.005 0.005 0.010 0.004 0.006 0.000 0.030 0.018 0.051 0.010 0.010 0.117 0.000 0.095 0.080 0.010 0.000 0.000 0.081 0.103 0.000 0.010 0.005 0.010 0.023 0.010 0.009 0.008 0.007 0.007
0.000 0.000 0.000 0.000 0.000 0.000 0.000 0.000 0.000 0.000 0.000 0.000 0.000 0.000 0.000 0.000 0.000 0.000 0.000 0.000 0.000 0.000 0.000 0.000 0.000 0.000 0.000 0.000 0.000 0.000 0.000 0.009 0.010 0.009 0.012 0.006 0.003 0.004 0.007 0.006 0.015 0.000 0.000 0.004 0.004 0.065 0.006 0.000 0.000 0.005 0.006 0.000 0.038 0.000 0.000 0.024 0.010 0.010 0.019 0.010 0.045 0.010 0.000 0.000 0.000 0.000 0.000 0.221 0.009 0.010 0.035 0.000 0.009 0.009 0.101 0.009 0.009
0.000 0.000 0.000 0.000 0.000 0.000 0.000 0.000 0.000 0.000 0.000 0.000 0.000 0.000 0.000 0.000 0.000 0.000 0.000 0.000 0.000 0.000 0.000 0.000 0.000 0.000 0.000 0.000 0.000 0.000 0.000 0.101 0.000 0.010 0.010 0.006 0.005 0.010 0.010 0.008 0.004 0.000 0.000 0.003 0.000 0.004 0.010 0.005 0.004 0.005 0.027 0.080 0.000 0.000 0.140 0.010 0.010 0.010 0.010 0.010 0.010 0.010 0.000 0.010 0.079 0.167 0.180 0.010 0.010 0.086 0.007 0.000 0.008 0.000 0.000 0.020 0.017
0.000 0.000 0.000 0.000 0.000 0.000 0.000 0.000 0.000 0.000 0.000 0.000 0.000 0.000 0.000 0.000 0.000 0.000 0.000 0.000 0.000 0.000 0.000 0.000 0.000 0.000 0.000 0.000 0.000 0.000 0.000 0.000 0.000 0.040 0.258 0.006 0.009 0.006 0.007 0.005 0.004 0.011 0.000 0.000 0.000 0.005 0.006 0.007 0.005 0.007 0.000 0.000 0.038 0.000 0.010 0.010 0.010 0.222 0.010 0.095 0.010 0.034 0.010 0.000 0.000 0.048 0.115 0.009 0.007 0.009 0.009 0.009 0.009 0.000 0.020 0.017 0.013
0.000 0.000 0.000 0.000 0.000 0.000 0.000 0.000 0.000 0.000 0.000 0.000 0.000 0.000 0.000 0.000 0.000 0.000 0.000 0.000 0.000 0.000 0.000 0.000 0.000 0.000 0.000 0.000 0.000 0.000 0.000 0.000 0.000 0.000 0.010 0.000 0.005 0.003 0.005 0.005 0.010 0.008 0.006 0.000 0.003 0.000 0.000 0.004 0.005 0.007 0.060 0.110 0.000 0.000 0.010 0.010 0.015 0.104 0.010 0.101 0.010 0.222 0.000 0.000 0.010 0.000 0.009 0.000 0.033 0.010 0.009 0.009 0.009 0.010 0.038 0.009 0.009
0.000 0.000 0.000 0.000 0.000 0.000 0.000 0.000 0.000 0.000 0.000 0.000 0.000 0.000 0.000 0.000 0.000 0.000 0.000 0.000 0.000 0.000 0.000 0.000 0.000 0.000 0.000 0.000 0.000 0.000 0.000 0.000 0.000 0.000 0.000 0.000 0.158 0.000 0.010 0.006 0.006 0.005 0.030 0.006 0.009 0.000 0.006 0.004 0.010 0.005 0.009 0.009 0.070 0.010 0.010 0.010 0.064 0.003 0.007 0.009 0.010 0.010 0.010 0.010 0.010 0.010 0.009 0.000 0.009 0.010 0.009 0.010 0.010 0.009 0.009 0.009 0.009
0.000 0.000 0.000 0.000 0.000 0.000 0.000 0.000 0.000 0.000 0.000 0.000 0.000 0.000 0.000 0.000 0.000 0.000 0.000 0.000 0.000 0.000 0.000 0.000 0.000 0.000 0.000 0.000 0.000 0.000 0.000 0.000 0.000 0.000 0.000 0.000 0.000 0.000 0.853 0.000 0.005 0.010 0.008 0.004 0.007 0.005 0.004 0.006 0.009 0.009 0.009 0.000 0.000 0.004 0.008 0.009 0.010 0.005 0.043 0.011 0.007 0.010 0.010 0.010 0.000 0.009 0.009 0.009 0.010 0.009 0.013 0.010 0.010 0.010 0.010 0.009 0.009
0.000 0.000 0.000 0.000 0.000 0.000 0.000 0.000 0.000 0.000 0.000 0.000 0.000 0.000 0.000 0.000 0.000 0.000 0.000 0.000 0.000 0.000 0.000 0.000 0.000 0.000 0.000 0.000 0.000 0.000 0.000 0.000 0.000 0.000 0.000 0.000 0.000 0.000 0.000 0.000 0.142 0.009 0.005 0.009 0.006 0.009 0.004 0.010 0.009 0.010 0.000 0.000 0.000 0.000 0.004 0.007 0.005 0.000 0.008 0.010 0.005 0.010 0.010 0.010 0.010 0.013 0.009 0.009 0.010 0.010 0.010 0.010 0.010 0.010 0.040 0.010 0.010
0.000 0.000 0.000 0.000 0.000 0.000 0.000 0.000 0.000 0.000 0.000 0.000 0.000 0.000 0.000 0.000 0.000 0.000 0.000 0.000 0.000 0.000 0.000 0.000 0.000 0.000 0.000 0.000 0.000 0.000 0.000 0.000 0.000 0.000 0.000 0.000 0.000 0.000 0.000 0.000 0.000 0.010 0.000 0.006 0.007 0.007 0.035 0.007 0.010 0.009 0.006 0.004 0.000 0.000 0.007 0.004 0.000 0.000 0.006 0.006 0.009 0.010 0.010 0.010 0.009 0.007 0.009 0.010 0.009 0.009 0.027 0.010 0.010 0.010 0.010 0.010 0.010
0.000 0.000 0.000 0.000 0.000 0.000 0.000 0.000 0.000 0.000 0.000 0.000 0.000 0.000 0.000 0.000 0.000 0.000 0.000 0.000 0.000 0.000 0.000 0.000 0.000 0.000 0.000 0.000 0.000 0.000 0.000 0.000 0.000 0.000 0.000 0.000 0.000 0.000 0.000 0.000 0.000 0.000 0.000 0.074 0.000 0.010 0.007 0.009 0.006 0.068 0.007 0.007 0.002 0.006 0.007 0.004 0.000 0.008 0.006 0.009 0.009 0.010 0.010 0.009 0.022 0.007 0.007 0.007 0.009 0.010 0.020 0.086 0.190 0.019 0.010 0.010 0.106
0.000 0.000 0.000 0.000 0.000 0.000 0.000 0.000 0.000 0.000 0.000 0.000 0.000 0.000 0.000 0.000 0.000 0.000 0.000 0.000 0.000 0.000 0.000 0.000 0.000 0.000 0.000 0.000 0.000 0.000 0.000 0.000 0.000 0.000 0.000 0.000 0.000 0.000 0.000 0.000 0.000 0.000 0.000 0.000 0.000 0.010 0.000 0.010 0.010 0.010 0.107 0.005 0.009 0.006 0.006 0.004 0.000 0.005 0.009 0.005 0.008 0.018 0.010 0.007 0.007 0.008 0.000 0.000 0.010 0.010 0.010 0.359 0.063 0.032 0.010 0.010 0.010
0.000 0.000 0.000 0.000 0.000 0.000 0.000 0.000 0.000 0.000 0.000 0.000 0.000 0.000 0.000 0.000 0.000 0.000 0.000 0.000 0.000 0.000 0.000 0.000 0.000 0.000 0.000 0.000 0.000 0.000 0.000 0.000 0.000 0.000 0.000 0.000 0.000 0.000 0.000 0.000 0.000 0.000 0.000 0.000 0.000 0.000 0.000 0.181 0.000 0.126 0.088 0.069 0.000 0.010 0.004 0.010 0.000 0.004 0.010 0.004 0.009 0.009 0.008 0.010 0.007 0.006 0.000 0.000 0.000 0.010 0.010 0.010 0.042 0.060 0.009 0.009 0.010
0.000 0.000 0.000 0.000 0.000 0.000 0.000 0.000 0.000 0.000 0.000 0.000 0.000 0.000 0.000 0.000 0.000 0.000 0.000 0.000 0.000 0.000 0.000 0.000 0.000 0.000 0.000 0.000 0.000 0.000 0.000 0.000 0.000 0.000 0.000 0.000 0.000 0.000 0.000 0.000 0.000 0.000 0.000 0.000 0.000 0.000 0.000 0.000 0.000 0.000 0.597 0.008 0.010 0.008 0.009 0.005 0.003 0.000 0.007 0.004 0.009 0.009 0.007 0.009 0.005 0.000 0.000 0.000 0.000 0.000 0.000 0.010 0.009 0.055 0.010 0.010 0.009
0.000 0.000 0.000 0.000 0.000 0.000 0.000 0.000 0.000 0.000 0.000 0.000 0.000 0.000 0.000 0.000 0.000 0.000 0.000 0.000 0.000 0.000 0.000 0.000 0.000 0.000 0.000 0.000 0.000 0.000 0.000 0.000 0.000 0.000 0.000 0.000 0.000 0.000 0.000 0.000 0.000 0.000 0.000 0.000 0.000 0.000 0.000 0.000 0.000 0.000 0.010 0.000 0.010 0.005 0.009 0.007 0.004 0.020 0.010 0.014 0.008 0.007 0.020 0.009 0.009 0.010 0.000 0.000 0.000 0.000 0.000 0.000 0.000 0.008 0.010 0.073 0.010
0.000 0.000 0.000 0.000 0.000 0.000 0.000 0.000 0.000 0.000 0.000 0.000 0.000 0.000 0.000 0.000 0.000 0.000 0.000 0.000 0.000 0.000 0.000 0.000 0.000 0.000 0.000 0.000 0.000 0.000 0.000 0.000 0.000 0.000 0.000 0.000 0.000 0.000 0.000 0.000 0.000 0.000 0.000 0.000 0.000 0.000 0.000 0.000 0.000 0.000 0.000 0.000 0.066 0.000 0.005 0.009 0.007 0.012 0.009 0.004 0.008 0.004 0.009 0.009 0.020 0.008 0.027 0.012 0.000 0.000 0.000 0.000 0.007 0.000 0.000 0.009 0.052
0.000 0.000 0.000 0.000 0.000 0.000 0.000 0.000 0.000 0.000 0.000 0.000 0.000 0.000 0.000 0.000 0.000 0.000 0.000 0.000 0.000 0.000 0.000 0.000 0.000 0.000 0.000 0.000 0.000 0.000 0.000 0.000 0.000 0.000 0.000 0.000 0.000 0.000 0.000 0.000 0.000 0.000 0.000 0.000 0.000 0.000 0.000 0.000 0.000 0.000 0.000 0.000 0.000 0.000 0.059 0.000 0.005 0.007 0.009 0.007 0.006 0.008 0.010 0.010 0.010 0.010 0.008 0.008 0.019 0.005 0.000 0.000 0.000 0.000 0.032 0.008 0.010
0.000 0.000 0.000 0.000 0.000 0.000 0.000 0.000 0.000 0.000 0.000 0.000 0.000 0.000 0.000 0.000 0.000 0.000 0.000 0.000 0.000 0.000 0.000 0.000 0.000 0.000 0.000 0.000 0.000 0.000 0.000 0.000 0.000 0.000 0.000 0.000 0.000 0.000 0.000 0.000 0.000 0.000 0.000 0.000 0.000 0.000 0.000 0.000 0.000 0.000 0.000 0.000 0.000 0.000 0.000 0.000 0.000 0.025 0.005 0.009 0.004 0.006 0.010 0.009 0.010 0.010 0.010 0.010 0.009 0.008 0.000 0.000 0.000 0.000 0.000 0.003 0.000
