hx_30m/njhx/rain/result-0038.wd
ncols         211
nrows         286
xllcorner     660279.582600
yllcorner     3541874.325092
cellsize      30.000000
NODATA_value  -9999.000000
[rows 238 to 271 of 286, columns 77 to 153 of 211]
0.004 0.008 0.008 0.005 0.004 0.006 0.000 0.000 0.000 0.004 0.002 0.003 0.000 0.000 0.002 0.001 0.000 0.002 0.005 0.010 0.010 0.010 0.005 0.003 0.006 0.002 0.003 0.000 0.002 0.002 0.001 0.001 0.001 0.001 0.001 0.001 0.003 0.000 0.003 0.006 0.010 0.694 0.126 0.003 0.005 0.005 0.000 0.010 0.000 0.000 0.008 0.022 0.010 0.010 0.010 0.010 0.010 0.010 0.079 0.008 0.004 0.000 0.006 0.010 0.004 0.006 0.010 0.000 0.000 0.002 0.003 0.003 0.007 0.000 0.004 0.003 0.001
0.108 0.004 0.008 0.010 0.006 0.010 0.004 0.000 0.000 0.010 0.000 0.003 0.000 0.005 0.002 0.000 0.002 0.001 0.010 0.010 0.010 0.010 0.006 0.004 0.004 0.003 0.006 0.000 0.000 0.001 0.001 0.001 0.000 0.001 0.001 0.001 0.003 0.008 0.006 0.008 0.000 0.158 0.000 0.002 0.002 0.005 0.005 0.000 0.010 0.010 0.004 0.010 0.010 0.072 0.010 0.010 0.010 0.000 0.045 0.005 0.007 0.010 0.008 0.008 0.008 0.000 0.001 0.000 0.005 0.004 0.015 0.002 0.004 0.007 0.000 0.003 0.003
0.000 0.000 0.008 0.065 0.006 0.004 0.003 0.010 0.008 0.000 0.000 0.007 0.001 0.004 0.003 0.005 0.003 0.040 0.010 0.010 0.010 0.122 0.003 0.003 0.002 0.004 0.004 0.013 0.001 0.001 0.000 0.001 0.001 0.001 0.001 0.001 0.006 0.008 0.008 0.000 0.184 0.163 0.000 0.010 0.003 0.003 0.005 0.005 0.005 0.008 0.010 0.010 0.010 0.010 0.010 0.010 0.000 0.111 0.006 0.008 0.004 0.000 0.010 0.010 0.006 0.006 0.001 0.000 0.001 0.003 0.000 0.003 0.011 0.005 0.000 0.002 0.002
0.000 0.038 0.000 0.000 0.015 0.003 0.008 0.006 0.005 0.005 0.005 0.000 0.003 0.005 0.010 0.010 0.316 0.010 0.010 0.010 0.132 0.010 0.004 0.008 0.005 0.001 0.000 0.000 0.001 0.002 0.002 0.001 0.001 0.003 0.002 0.003 0.010 0.005 0.010 0.039 0.010 0.005 0.005 0.003 0.003 0.005 0.000 0.004 0.002 0.007 0.005 0.005 0.010 0.026 0.017 0.065 0.000 0.010 0.004 0.009 0.000 0.000 0.098 0.109 0.010 0.000 0.004 0.003 0.003 0.003 0.008 0.000 0.001 0.003 0.000 0.000 0.000
0.000 0.000 0.010 0.064 0.000 0.025 0.005 0.005 0.010 0.008 0.007 0.010 0.010 0.007 0.010 0.010 0.010 0.010 0.010 0.010 0.008 0.005 0.005 0.002 0.003 0.000 0.000 0.002 0.004 0.003 0.002 0.002 0.002 0.010 0.010 0.008 0.005 0.008 0.000 0.004 0.010 0.010 0.005 0.003 0.000 0.008 0.003 0.003 0.005 0.004 0.005 0.003 0.005 0.010 0.010 0.019 0.411 0.004 0.004 0.000 0.040 0.000 0.010 0.010 0.000 0.000 0.025 0.000 0.000 0.002 0.002 0.000 0.003 0.002 0.002 0.000 0.003
0.000 0.000 0.000 0.000 0.000 0.010 0.000 0.515 0.005 0.005 0.008 0.005 0.010 0.005 0.010 0.056 0.010 0.010 0.010 0.076 0.006 0.005 0.008 0.004 0.003 0.001 0.000 0.001 0.004 0.007 0.003 0.002 0.002 0.008 0.000 0.006 0.008 0.000 0.005 0.008 0.010 0.010 0.006 0.000 0.002 0.002 0.004 0.004 0.004 0.004 0.000 0.003 0.002 0.004 0.005 0.007 0.008 0.005 0.007 0.000 0.000 0.037 0.148 0.010 0.000 0.082 0.000 0.000 0.000 0.000 0.006 0.002 0.000 0.003 0.002 0.002 0.020
0.000 0.000 0.000 0.000 0.000 0.000 0.000 0.010 0.000 0.126 0.015 0.005 0.008 0.005 0.008 0.008 0.071 0.010 0.067 0.010 0.005 0.012 0.002 0.002 0.004 0.019 0.002 0.010 0.007 0.007 0.003 0.000 0.000 0.006 0.003 0.005 0.010 0.106 0.003 0.008 0.010 0.010 0.002 0.000 0.002 0.000 0.004 0.002 0.003 0.000 0.003 0.000 0.000 0.003 0.002 0.010 0.008 0.005 0.000 0.000 0.014 0.010 0.010 0.076 0.000 0.050 0.010 0.013 0.000 0.000 0.000 0.000 0.004 0.002 0.002 0.003 0.003
0.000 0.000 0.000 0.000 0.000 0.000 0.000 0.000 0.000 0.010 0.000 0.095 0.003 0.010 0.191 0.003 0.010 0.010 0.010 0.005 0.010 0.006 0.003 0.001 0.004 0.000 0.000 0.006 0.007 0.007 0.000 0.000 0.000 0.006 0.006 0.005 0.000 0.008 0.005 0.010 0.010 0.007 0.004 0.000 0.000 0.003 0.001 0.000 0.000 0.003 0.002 0.000 0.002 0.000 0.000 0.002 0.007 0.010 0.005 0.000 0.087 0.098 0.010 0.000 0.189 0.010 0.005 0.007 0.005 0.003 0.040 0.007 0.000 0.000 0.002 0.008 0.002
0.000 0.000 0.000 0.000 0.000 0.000 0.000 0.000 0.000 0.000 0.000 0.010 0.000 0.334 0.247 0.010 0.007 0.007 0.007 0.007 0.008 0.004 0.006 0.000 0.000 0.000 0.006 0.024 0.007 0.003 0.001 0.000 0.010 0.005 0.006 0.000 0.010 0.003 0.010 0.005 0.007 0.004 0.004 0.006 0.004 0.002 0.001 0.000 0.002 0.003 0.010 0.008 0.000 0.007 0.000 0.005 0.005 0.005 0.009 0.007 0.008 0.010 0.050 0.010 0.123 0.010 0.009 0.007 0.004 0.000 0.014 0.003 0.000 0.000 0.017 0.004 0.008
0.000 0.000 0.000 0.000 0.000 0.000 0.000 0.000 0.000 0.000 0.000 0.000 0.040 0.000 0.226 0.131 0.010 0.008 0.007 0.010 0.003 0.010 0.005 0.011 0.000 0.000 0.000 0.000 0.000 0.000 0.013 0.007 0.007 0.006 0.006 0.005 0.003 0.006 0.012 0.017 0.008 0.003 0.008 0.008 0.005 0.003 0.004 0.010 0.000 0.002 0.004 0.005 0.008 0.002 0.002 0.007 0.008 0.010 0.010 0.008 0.007 0.003 0.008 0.010 0.010 0.000 0.010 0.000 0.004 0.000 0.010 0.000 0.052 0.011 0.010 0.097 0.026
0.000 0.000 0.000 0.000 0.000 0.000 0.000 0.000 0.000 0.000 0.000 0.000 0.000 0.000 0.000 0.000 0.010 0.004 0.010 0.005 0.006 0.010 0.010 0.010 0.010 0.008 0.005 0.000 0.000 0.000 0.000 0.025 0.008 0.004 0.000 0.004 0.005 0.006 0.010 0.010 0.004 0.007 0.007 0.003 0.002 0.008 0.021 0.000 0.006 0.005 0.005 0.002 0.003 0.007 0.005 0.003 0.166 0.104 0.010 0.010 0.010 0.008 0.004 0.003 0.003 0.000 0.008 0.010 0.000 0.000 0.000 0.000 0.065 0.010 0.077 0.090 0.083
0.000 0.000 0.000 0.000 0.000 0.000 0.000 0.000 0.000 0.000 0.000 0.000 0.000 0.000 0.000 0.048 0.182 0.000 0.437 0.002 0.010 0.005 0.009 0.008 0.010 0.010 0.010 0.005 0.000 0.000 0.000 0.008 0.003 0.000 0.002 0.004 0.000 0.003 0.006 0.010 0.005 0.004 0.002 0.000 0.005 0.008 0.008 0.003 0.004 0.010 0.029 0.008 0.008 0.002 0.003 0.000 0.000 0.010 0.010 0.010 0.010 0.010 0.010 0.005 0.004 0.005 0.004 0.044 0.000 0.000 0.000 0.000 0.010 0.010 0.122 0.131 0.174
0.000 0.000 0.000 0.000 0.000 0.000 0.000 0.000 0.000 0.000 0.000 0.000 0.000 0.000 0.000 0.000 0.000 0.036 0.000 0.000 0.007 0.008 0.008 0.009 0.010 0.010 0.010 0.010 0.010 0.000 0.022 0.004 0.006 0.008 0.000 0.004 0.003 0.000 0.000 0.002 0.003 0.003 0.006 0.008 0.014 0.000 0.000 0.004 0.002 0.008 0.013 0.007 0.005 0.003 0.000 0.043 0.058 0.010 0.010 0.095 0.010 0.077 0.394 0.010 0.010 0.005 0.004 0.005 0.007 0.000 0.000 0.004 0.004 0.004 0.005 0.046 0.156
0.000 0.000 0.000 0.000 0.000 0.000 0.000 0.000 0.000 0.000 0.000 0.000 0.000 0.000 0.000 0.000 0.000 0.000 0.000 0.000 0.000 0.000 0.005 0.010 0.007 0.007 0.010 0.010 0.010 0.011 0.003 0.005 0.010 0.003 0.005 0.002 0.002 0.002 0.002 0.003 0.001 0.005 0.006 0.006 0.000 0.000 0.002 0.003 0.008 0.010 0.010 0.010 0.008 0.005 0.000 0.000 0.000 0.084 0.010 0.010 0.010 0.085 0.010 0.010 0.010 0.010 0.010 0.005 0.006 0.005 0.005 0.007 0.007 0.000 0.010 0.068 0.039
0.000 0.000 0.000 0.000 0.000 0.000 0.000 0.000 0.000 0.000 0.000 0.000 0.000 0.000 0.000 0.000 0.000 0.000 0.000 0.000 0.000 0.000 0.051 0.000 0.007 0.004 0.006 0.004 0.010 0.006 0.006 0.000 0.003 0.004 0.002 0.005 0.006 0.002 0.004 0.002 0.002 0.004 0.004 0.009 0.004 0.000 0.003 0.003 0.007 0.010 0.010 0.004 0.006 0.000 0.010 0.000 0.118 0.010 0.010 0.010 0.010 0.010 0.080 0.010 0.010 0.010 0.010 0.010 0.008 0.005 0.010 0.004 0.004 0.212 0.236 0.000 0.155
0.000 0.000 0.000 0.000 0.000 0.000 0.000 0.000 0.000 0.000 0.000 0.000 0.000 0.000 0.000 0.000 0.000 0.000 0.000 0.000 0.000 0.000 0.000 0.000 0.227 0.000 0.004 0.006 0.006 0.010 0.043 0.607 0.001 0.003 0.002 0.002 0.003 0.003 0.006 0.004 0.000 0.006 0.004 0.000 0.010 0.003 0.003 0.008 0.004 0.005 0.005 0.007 0.005 0.000 0.006 0.010 0.010 0.010 0.010 0.010 0.000 0.010 0.113 0.000 0.056 0.010 0.010 0.210 0.010 0.010 0.005 0.005 0.004 0.004 0.017 0.141 0.000
0.000 0.000 0.000 0.000 0.000 0.000 0.000 0.000 0.000 0.000 0.000 0.000 0.000 0.000 0.000 0.000 0.000 0.000 0.000 0.000 0.000 0.000 0.000 0.000 0.000 0.000 0.000 0.007 0.010 0.008 0.000 0.010 0.004 0.008 0.004 0.003 0.004 0.000 0.002 0.005 0.004 0.004 0.063 0.002 0.000 0.005 0.006 0.010 0.008 0.008 0.003 0.007 0.000 0.000 0.000 0.000 0.060 0.010 0.010 0.010 0.107 0.115 0.000 0.000 0.089 0.077 0.010 0.010 0.010 0.006 0.005 0.008 0.007 0.005 0.004 0.010 0.042
0.000 0.000 0.000 0.000 0.000 0.000 0.000 0.000 0.000 0.000 0.000 0.000 0.000 0.000 0.000 0.000 0.000 0.000 0.000 0.000 0.000 0.000 0.000 0.000 0.000 0.000 0.000 0.010 0.074 0.000 0.010 0.008 0.004 0.002 0.003 0.008 0.000 0.002 0.005 0.003 0.004 0.004 0.004 0.083 0.010 0.003 0.004 0.003 0.003 0.010 0.002 0.005 0.000 0.025 0.012 0.046 0.010 0.010 0.117 0.000 0.095 0.079 0.010 0.000 0.000 0.081 0.102 0.000 0.010 0.003 0.010 0.014 0.010 0.008 0.005 0.004 0.004
0.000 0.000 0.000 0.000 0.000 0.000 0.000 0.000 0.000 0.000 0.000 0.000 0.000 0.000 0.000 0.000 0.000 0.000 0.000 0.000 0.000 0.000 0.000 0.000 0.000 0.000 0.000 0.000 0.000 0.000 0.000 0.006 0.010 0.008 0.007 0.004 0.001 0.003 0.006 0.004 0.008 0.000 0.000 0.002 0.002 0.065 0.004 0.000 0.000 0.002 0.004 0.000 0.038 0.000 0.000 0.019 0.010 0.010 0.019 0.010 0.045 0.010 0.000 0.000 0.000 0.000 0.000 0.224 0.008 0.010 0.025 0.000 0.008 0.007 0.101 0.007 0.007
0.000 0.000 0.000 0.000 0.000 0.000 0.000 0.000 0.000 0.000 0.000 0.000 0.000 0.000 0.000 0.000 0.000 0.000 0.000 0.000 0.000 0.000 0.000 0.000 0.000 0.000 0.000 0.000 0.000 0.000 0.000 0.101 0.000 0.010 0.010 0.004 0.004 0.010 0.010 0.006 0.003 0.000 0.000 0.001 0.000 0.002 0.007 0.003 0.003 0.003 0.027 0.079 0.000 0.000 0.140 0.010 0.010 0.010 0.010 0.010 0.010 0.010 0.000 0.010 0.092 0.181 0.192 0.010 0.010 0.086 0.005 0.000 0.005 0.000 0.000 0.012 0.010
0.000 0.000 0.000 0.000 0.000 0.000 0.000 0.000 0.000 0.000 0.000 0.000 0.000 0.000 0.000 0.000 0.000 0.000 0.000 0.000 0.000 0.000 0.000 0.000 0.000 0.000 0.000 0.000 0.000 0.000 0.000 0.000 0.000 0.044 0.263 0.004 0.008 0.004 0.006 0.003 0.002 0.009 0.000 0.000 0.000 0.003 0.004 0.006 0.003 0.006 0.000 0.000 0.038 0.000 0.010 0.010 0.010 0.223 0.010 0.095 0.010 0.034 0.010 0.000 0.000 0.061 0.128 0.008 0.004 0.007 0.008 0.008 0.008 0.000 0.012 0.010 0.010
0.000 0.000 0.000 0.000 0.000 0.000 0.000 0.000 0.000 0.000 0.000 0.000 0.000 0.000 0.000 0.000 0.000 0.000 0.000 0.000 0.000 0.000 0.000 0.000 0.000 0.000 0.000 0.000 0.000 0.000 0.000 0.000 0.000 0.000 0.010 0.000 0.003 0.002 0.003 0.004 0.010 0.006 0.004 0.000 0.002 0.000 0.000 0.003 0.003 0.006 0.048 0.098 0.000 0.000 0.010 0.010 0.015 0.103 0.010 0.102 0.010 0.222 0.000 0.000 0.010 0.000 0.007 0.000 0.024 0.010 0.008 0.008 0.008 0.010 0.030 0.008 0.008
0.000 0.000 0.000 0.000 0.000 0.000 0.000 0.000 0.000 0.000 0.000 0.000 0.000 0.000 0.000 0.000 0.000 0.000 0.000 0.000 0.000 0.000 0.000 0.000 0.000 0.000 0.000 0.000 0.000 0.000 0.000 0.000 0.000 0.000 0.000 0.000 0.158 0.000 0.010 0.004 0.004 0.003 0.022 0.004 0.008 0.000 0.004 0.002 0.010 0.003 0.008 0.008 0.070 0.010 0.010 0.010 0.064 0.002 0.005 0.008 0.010 0.010 0.010 0.010 0.010 0.010 0.007 0.000 0.008 0.010 0.008 0.010 0.010 0.008 0.008 0.008 0.008
0.000 0.000 0.000 0.000 0.000 0.000 0.000 0.000 0.000 0.000 0.000 0.000 0.000 0.000 0.000 0.000 0.000 0.000 0.000 0.000 0.000 0.000 0.000 0.000 0.000 0.000 0.000 0.000 0.000 0.000 0.000 0.000 0.000 0.000 0.000 0.000 0.000 0.000 0.897 0.000 0.003 0.010 0.006 0.003 0.006 0.003 0.003 0.003 0.008 0.008 0.007 0.000 0.000 0.002 0.006 0.008 0.010 0.003 0.042 0.008 0.005 0.010 0.010 0.010 0.000 0.008 0.007 0.008 0.010 0.007 0.013 0.010 0.010 0.010 0.010 0.007 0.007
0.000 0.000 0.000 0.000 0.000 0.000 0.000 0.000 0.000 0.000 0.000 0.000 0.000 0.000 0.000 0.000 0.000 0.000 0.000 0.000 0.000 0.000 0.000 0.000 0.000 0.000 0.000 0.000 0.000 0.000 0.000 0.000 0.000 0.000 0.000 0.000 0.000 0.000 0.000 0.000 0.142 0.007 0.003 0.008 0.004 0.008 0.002 0.010 0.008 0.010 0.000 0.000 0.000 0.000 0.002 0.006 0.003 0.000 0.006 0.010 0.003 0.010 0.010 0.010 0.010 0.005 0.008 0.008 0.010 0.010 0.010 0.010 0.010 0.010 0.040 0.010 0.010
0.000 0.000 0.000 0.000 0.000 0.000 0.000 0.000 0.000 0.000 0.000 0.000 0.000 0.000 0.000 0.000 0.000 0.000 0.000 0.000 0.000 0.000 0.000 0.000 0.000 0.000 0.000 0.000 0.000 0.000 0.000 0.000 0.000 0.000 0.000 0.000 0.000 0.000 0.000 0.000 0.000 0.010 0.000 0.004 0.004 0.006 0.025 0.006 0.010 0.008 0.004 0.003 0.000 0.000 0.006 0.003 0.000 0.000 0.004 0.004 0.008 0.010 0.010 0.010 0.008 0.005 0.008 0.010 0.007 0.008 0.017 0.010 0.010 0.010 0.010 0.010 0.010
0.000 0.000 0.000 0.000 0.000 0.000 0.000 0.000 0.000 0.000 0.000 0.000 0.000 0.000 0.000 0.000 0.000 0.000 0.000 0.000 0.000 0.000 0.000 0.000 0.000 0.000 0.000 0.000 0.000 0.000 0.000 0.000 0.000 0.000 0.000 0.000 0.000 0.000 0.000 0.000 0.000 0.000 0.000 0.074 0.000 0.010 0.004 0.008 0.004 0.064 0.005 0.006 0.001 0.004 0.006 0.003 0.000 0.005 0.004 0.007 0.008 0.010 0.010 0.008 0.011 0.005 0.005 0.005 0.008 0.010 0.010 0.068 0.172 0.010 0.010 0.010 0.106
0.000 0.000 0.000 0.000 0.000 0.000 0.000 0.000 0.000 0.000 0.000 0.000 0.000 0.000 0.000 0.000 0.000 0.000 0.000 0.000 0.000 0.000 0.000 0.000 0.000 0.000 0.000 0.000 0.000 0.000 0.000 0.000 0.000 0.000 0.000 0.000 0.000 0.000 0.000 0.000 0.000 0.000 0.000 0.000 0.000 0.010 0.000 0.010 0.010 0.010 0.106 0.003 0.008 0.004 0.003 0.002 0.000 0.003 0.008 0.003 0.006 0.018 0.010 0.004 0.005 0.006 0.000 0.000 0.010 0.010 0.010 0.341 0.045 0.014 0.010 0.010 0.010
0.000 0.000 0.000 0.000 0.000 0.000 0.000 0.000 0.000 0.000 0.000 0.000 0.000 0.000 0.000 0.000 0.000 0.000 0.000 0.000 0.000 0.000 0.000 0.000 0.000 0.000 0.000 0.000 0.000 0.000 0.000 0.000 0.000 0.000 0.000 0.000 0.000 0.000 0.000 0.000 0.000 0.000 0.000 0.000 0.000 0.000 0.000 0.241 0.000 0.124 0.086 0.068 0.000 0.010 0.003 0.010 0.000 0.002 0.010 0.002 0.007 0.008 0.005 0.007 0.005 0.004 0.000 0.000 0.000 0.010 0.010 0.010 0.024 0.042 0.008 0.008 0.010
0.000 0.000 0.000 0.000 0.000 0.000 0.000 0.000 0.000 0.000 0.000 0.000 0.000 0.000 0.000 0.000 0.000 0.000 0.000 0.000 0.000 0.000 0.000 0.000 0.000 0.000 0.000 0.000 0.000 0.000 0.000 0.000 0.000 0.000 0.000 0.000 0.000 0.000 0.000 0.000 0.000 0.000 0.000 0.000 0.000 0.000 0.000 0.000 0.000 0.000 0.595 0.006 0.010 0.006 0.008 0.003 0.002 0.000 0.005 0.002 0.008 0.007 0.005 0.008 0.004 0.000 0.000 0.000 0.000 0.000 0.000 0.010 0.007 0.037 0.010 0.010 0.008
0.000 0.000 0.000 0.000 0.000 0.000 0.000 0.000 0.000 0.000 0.000 0.000 0.000 0.000 0.000 0.000 0.000 0.000 0.000 0.000 0.000 0.000 0.000 0.000 0.000 0.000 0.000 0.000 0.000 0.000 0.000 0.000 0.000 0.000 0.000 0.000 0.000 0.000 0.000 0.000 0.000 0.000 0.000 0.000 0.000 0.000 0.000 0.000 0.000 0.000 0.010 0.000 0.010 0.003 0.007 0.005 0.002 0.013 0.010 0.009 0.006 0.005 0.022 0.008 0.007 0.010 0.000 0.000 0.000 0.000 0.000 0.000 0.000 0.006 0.010 0.063 0.010
0.000 0.000 0.000 0.000 0.000 0.000 0.000 0.000 0.000 0.000 0.000 0.000 0.000 0.000 0.000 0.000 0.000 0.000 0.000 0.000 0.000 0.000 0.000 0.000 0.000 0.000 0.000 0.000 0.000 0.000 0.000 0.000 0.000 0.000 0.000 0.000 0.000 0.000 0.000 0.000 0.000 0.000 0.000 0.000 0.000 0.000 0.000 0.000 0.000 0.000 0.000 0.000 0.066 0.000 0.003 0.007 0.005 0.008 0.008 0.003 0.006 0.008 0.010 0.007 0.012 0.005 0.025 0.008 0.000 0.000 0.000 0.000 0.005 0.000 0.000 0.008 0.061
0.000 0.000 0.000 0.000 0.000 0.000 0.000 0.000 0.000 0.000 0.000 0.000 0.000 0.000 0.000 0.000 0.000 0.000 0.000 0.000 0.000 0.000 0.000 0.000 0.000 0.000 0.000 0.000 0.000 0.000 0.000 0.000 0.000 0.000 0.000 0.000 0.000 0.000 0.000 0.000 0.000 0.000 0.000 0.000 0.000 0.000 0.000 0.000 0.000 0.000 0.000 0.000 0.000 0.000 0.059 0.000 0.004 0.005 0.007 0.006 0.004 0.006 0.010 0.010 0.010 0.010 0.005 0.005 0.011 0.003 0.000 0.000 0.000 0.000 0.032 0.005 0.010
0.000 0.000 0.000 0.000 0.000 0.000 0.000 0.000 0.000 0.000 0.000 0.000 0.000 0.000 0.000 0.000 0.000 0.000 0.000 0.000 0.000 0.000 0.000 0.000 0.000 0.000 0.000 0.000 0.000 0.000 0.000 0.000 0.000 0.000 0.000 0.000 0.000 0.000 0.000 0.000 0.000 0.000 0.000 0.000 0.000 0.000 0.000 0.000 0.000 0.000 0.000 0.000 0.000 0.000 0.000 0.000 0.000 0.019 0.003 0.008 0.003 0.004 0.010 0.008 0.010 0.010 0.010 0.010 0.007 0.006 0.000 0.000 0.000 0.000 0.000 0.002 0.000
