hx_30m/njhx/rain/result-0020.wd
ncols         211
nrows         286
xllcorner     660279.582600
yllcorner     3541874.325092
cellsize      30.000000
NODATA_value  -9999.000000
[rows 102 to 135 of 286, columns 77 to 153 of 211]
0.000 0.034 0.010 0.008 0.010 0.010 0.006 0.004 0.004 0.005 0.010 0.008 0.005 0.000 0.004 0.003 0.000 0.010 0.016 0.008 0.010 0.010 0.070 0.010 0.010 0.010 0.010 0.010 0.010 0.010 0.000 0.000 0.000 0.009 0.007 0.000 0.009 0.010 0.010 0.008 0.011 0.008 0.010 0.022 0.000 0.011 0.010 0.009 0.000 0.009 0.010 0.010 0.010 0.000 0.009 0.000 0.000 0.010 0.012 0.007 0.000 0.000 0.000 0.009 0.006 0.007 0.007 0.005 0.006 0.007 0.006 0.005 0.000 0.007 0.009 0.010 0.000
0.010 0.010 0.009 0.007 0.010 0.005 0.003 0.004 0.004 0.010 0.010 0.005 0.000 0.004 0.004 0.008 0.008 0.009 0.008 0.010 0.026 0.010 0.010 0.010 0.010 0.010 0.010 0.011 0.008 0.010 0.000 0.000 0.000 0.010 0.008 0.000 0.009 0.008 0.009 0.007 0.010 0.010 0.041 0.000 0.000 0.000 0.010 0.010 0.009 0.009 0.014 0.010 0.010 0.000 0.000 0.000 0.000 0.008 0.010 0.008 0.000 0.000 0.000 0.008 0.010 0.006 0.006 0.005 0.005 0.006 0.000 0.006 0.006 0.006 0.006 0.009 0.000
0.010 0.010 0.009 0.007 0.010 0.008 0.006 0.006 0.004 0.009 0.010 0.009 0.000 0.005 0.005 0.005 0.005 0.005 0.004 0.007 0.010 0.010 0.010 0.010 0.010 0.010 0.010 0.010 0.009 0.011 0.010 0.010 0.010 0.010 0.010 0.010 0.010 0.010 0.010 0.008 0.000 0.010 0.000 0.000 0.000 0.010 0.008 0.000 0.000 0.000 0.009 0.017 0.009 0.008 0.008 0.008 0.008 0.009 0.010 0.008 0.007 0.011 0.010 0.010 0.006 0.006 0.006 0.007 0.010 0.010 0.009 0.000 0.000 0.007 0.010 0.010 0.010
0.010 0.010 0.009 0.010 0.010 0.014 0.010 0.005 0.005 0.005 0.010 0.010 0.000 0.005 0.005 0.004 0.006 0.007 0.007 0.005 0.035 0.047 0.010 0.010 0.010 0.010 0.010 0.089 0.010 0.010 0.011 0.010 0.010 0.010 0.058 0.010 0.010 0.010 0.010 0.010 0.000 0.094 0.010 0.009 0.010 0.010 0.009 0.009 0.000 0.008 0.008 0.010 0.007 0.009 0.010 0.010 0.010 0.000 0.008 0.006 0.007 0.000 0.000 0.007 0.007 0.007 0.007 0.008 0.000 0.008 0.000 0.000 0.000 0.013 0.010 0.010 0.010
0.010 0.010 0.006 0.010 0.010 0.000 0.004 0.005 0.000 0.005 0.000 0.006 0.000 0.004 0.005 0.004 0.006 0.005 0.004 0.007 0.010 0.010 0.010 0.010 0.010 0.010 0.010 0.010 0.010 0.010 0.010 0.013 0.010 0.010 0.010 0.010 0.010 0.010 0.010 0.010 0.010 0.010 0.010 0.010 0.010 0.010 0.018 0.010 0.009 0.010 0.010 0.018 0.010 0.000 0.000 0.000 0.000 0.000 0.000 0.007 0.007 0.000 0.000 0.007 0.007 0.008 0.000 0.000 0.015 0.000 0.000 0.010 0.012 0.010 0.000 0.010 0.010
0.010 0.010 0.009 0.010 0.009 0.005 0.000 0.000 0.000 0.004 0.004 0.000 0.004 0.005 0.000 0.000 0.000 0.000 0.006 0.010 0.010 0.010 0.118 0.045 0.010 0.010 0.010 0.010 0.138 0.026 0.010 0.010 0.000 0.051 0.000 0.010 0.010 0.010 0.010 0.010 0.010 0.010 0.010 0.010 0.010 0.000 0.009 0.000 0.009 0.000 0.000 0.008 0.010 0.007 0.008 0.007 0.007 0.008 0.008 0.006 0.007 0.000 0.000 0.000 0.000 0.007 0.000 0.007 0.006 0.005 0.006 0.015 0.010 0.010 0.000 0.000 0.011
0.098 0.010 0.007 0.010 0.009 0.000 0.000 0.000 0.000 0.000 0.005 0.000 0.004 0.004 0.013 0.000 0.004 0.006 0.006 0.010 0.010 0.040 0.010 0.010 0.010 0.010 0.010 0.010 0.010 0.010 0.010 0.010 0.040 0.010 0.028 0.000 0.010 0.090 0.010 0.000 0.010 0.051 0.010 0.010 0.010 0.000 0.010 0.012 0.010 0.009 0.010 0.009 0.010 0.000 0.010 0.010 0.008 0.007 0.007 0.008 0.008 0.007 0.000 0.009 0.000 0.007 0.000 0.007 0.007 0.006 0.008 0.010 0.000 0.000 0.000 0.015 0.010
0.010 0.010 0.005 0.010 0.010 0.009 0.006 0.005 0.005 0.007 0.006 0.006 0.005 0.004 0.008 0.007 0.010 0.008 0.006 0.009 0.006 0.007 0.010 0.008 0.008 0.009 0.010 0.010 0.010 0.026 0.010 0.010 0.010 0.010 0.010 0.010 0.010 0.010 0.010 0.010 0.014 0.010 0.010 0.009 0.010 0.000 0.010 0.000 0.000 0.000 0.000 0.010 0.013 0.000 0.000 0.000 0.008 0.008 0.000 0.000 0.000 0.008 0.007 0.000 0.000 0.007 0.000 0.000 0.007 0.007 0.016 0.010 0.000 0.000 0.000 0.010 0.010
0.010 0.010 0.006 0.010 0.006 0.000 0.000 0.000 0.000 0.007 0.007 0.009 0.009 0.010 0.010 0.026 0.010 0.010 0.010 0.007 0.009 0.006 0.010 0.008 0.009 0.010 0.010 0.012 0.008 0.010 0.010 0.010 0.010 0.009 0.010 0.010 0.007 0.025 0.010 0.010 0.010 0.010 0.010 0.010 0.044 0.010 0.017 0.010 0.017 0.010 0.010 0.010 0.010 0.019 0.010 0.022 0.010 0.010 0.010 0.010 0.009 0.008 0.008 0.006 0.006 0.010 0.009 0.009 0.008 0.008 0.010 0.010 0.010 0.010 0.010 0.010 0.010
0.010 0.009 0.009 0.009 0.006 0.000 0.000 0.004 0.006 0.005 0.013 0.000 0.008 0.010 0.038 0.000 0.000 0.000 0.009 0.010 0.010 0.010 0.010 0.010 0.010 0.010 0.036 0.010 0.010 0.010 0.008 0.007 0.007 0.010 0.009 0.010 0.006 0.010 0.010 0.010 0.010 0.010 0.010 0.010 0.010 0.010 0.010 0.010 0.010 0.010 0.010 0.010 0.013 0.010 0.010 0.010 0.012 0.008 0.010 0.012 0.010 0.010 0.010 0.009 0.010 0.009 0.009 0.008 0.008 0.009 0.008 0.008 0.006 0.007 0.009 0.015 0.010
0.010 0.009 0.009 0.009 0.004 0.000 0.004 0.005 0.005 0.006 0.010 0.010 0.008 0.020 0.010 0.032 0.005 0.010 0.006 0.005 0.007 0.005 0.005 0.005 0.007 0.010 0.010 0.010 0.010 0.010 0.010 0.000 0.015 0.003 0.000 0.000 0.009 0.068 0.010 0.010 0.000 0.000 0.010 0.010 0.010 0.010 0.016 0.050 0.017 0.010 0.010 0.010 0.046 0.010 0.060 0.010 0.010 0.009 0.008 0.008 0.008 0.008 0.010 0.008 0.000 0.009 0.007 0.000 0.008 0.010 0.010 0.006 0.006 0.000 0.000 0.000 0.008
0.010 0.007 0.010 0.009 0.004 0.003 0.005 0.008 0.006 0.007 0.010 0.008 0.034 0.022 0.010 0.007 0.006 0.007 0.026 0.010 0.010 0.026 0.010 0.006 0.008 0.010 0.012 0.010 0.012 0.011 0.101 0.010 0.010 0.004 0.007 0.000 0.008 0.010 0.010 0.010 0.010 0.010 0.055 0.010 0.010 0.010 0.000 0.020 0.015 0.010 0.010 0.010 0.000 0.010 0.010 0.010 0.010 0.010 0.010 0.008 0.007 0.010 0.000 0.006 0.009 0.010 0.009 0.010 0.010 0.010 0.015 0.008 0.006 0.000 0.000 0.000 0.007
0.010 0.008 0.010 0.008 0.004 0.010 0.004 0.004 0.005 0.008 0.040 0.010 0.010 0.000 0.008 0.006 0.010 0.010 0.008 0.007 0.005 0.005 0.006 0.005 0.010 0.009 0.010 0.010 0.066 0.010 0.009 0.010 0.010 0.006 0.005 0.000 0.006 0.010 0.010 0.010 0.010 0.007 0.007 0.005 0.010 0.013 0.000 0.012 0.014 0.010 0.010 0.035 0.023 0.010 0.010 0.010 0.000 0.009 0.010 0.010 0.008 0.007 0.006 0.000 0.000 0.009 0.007 0.000 0.010 0.021 0.010 0.000 0.005 0.012 0.000 0.000 0.009
0.008 0.010 0.010 0.006 0.005 0.010 0.010 0.009 0.005 0.008 0.010 0.000 0.000 0.000 0.000 0.000 0.008 0.005 0.018 0.005 0.006 0.006 0.004 0.005 0.007 0.010 0.010 0.010 0.010 0.026 0.008 0.010 0.010 0.008 0.005 0.000 0.009 0.057 0.010 0.010 0.010 0.010 0.000 0.000 0.010 0.100 0.000 0.010 0.010 0.028 0.000 0.010 0.010 0.000 0.010 0.010 0.017 0.010 0.010 0.010 0.010 0.007 0.006 0.000 0.008 0.008 0.000 0.007 0.007 0.006 0.007 0.008 0.000 0.000 0.000 0.000 0.007
0.010 0.009 0.007 0.000 0.000 0.010 0.000 0.000 0.000 0.000 0.012 0.000 0.010 0.010 0.008 0.000 0.000 0.007 0.007 0.000 0.000 0.000 0.000 0.000 0.005 0.037 0.010 0.010 0.010 0.010 0.032 0.010 0.023 0.008 0.006 0.010 0.010 0.010 0.010 0.010 0.010 0.038 0.000 0.000 0.011 0.010 0.010 0.010 0.010 0.010 0.000 0.010 0.010 0.000 0.010 0.010 0.010 0.010 0.010 0.010 0.010 0.000 0.000 0.008 0.008 0.008 0.000 0.000 0.006 0.006 0.008 0.010 0.004 0.000 0.005 0.000 0.006
0.005 0.010 0.008 0.007 0.004 0.004 0.000 0.000 0.000 0.000 0.010 0.000 0.007 0.007 0.007 0.000 0.010 0.000 0.005 0.004 0.000 0.000 0.000 0.000 0.008 0.007 0.009 0.018 0.010 0.010 0.000 0.000 0.010 0.010 0.005 0.010 0.010 0.010 0.010 0.010 0.010 0.011 0.000 0.000 0.016 0.009 0.010 0.010 0.010 0.000 0.000 0.042 0.000 0.000 0.028 0.000 0.010 0.036 0.019 0.010 0.010 0.006 0.000 0.000 0.010 0.009 0.000 0.014 0.038 0.000 0.007 0.010 0.007 0.004 0.010 0.000 0.000
0.008 0.010 0.011 0.010 0.005 0.000 0.006 0.000 0.000 0.008 0.011 0.000 0.000 0.000 0.022 0.000 0.116 0.000 0.003 0.000 0.000 0.000 0.000 0.004 0.007 0.009 0.000 0.009 0.010 0.010 0.000 0.007 0.009 0.010 0.007 0.000 0.007 0.010 0.010 0.010 0.010 0.010 0.000 0.000 0.008 0.010 0.030 0.010 0.010 0.010 0.010 0.010 0.000 0.000 0.000 0.010 0.000 0.010 0.010 0.009 0.007 0.007 0.000 0.005 0.007 0.010 0.009 0.010 0.010 0.010 0.010 0.015 0.005 0.005 0.000 0.006 0.010
0.007 0.009 0.000 0.000 0.000 0.004 0.003 0.006 0.010 0.006 0.156 0.010 0.010 0.010 0.010 0.156 0.010 0.005 0.010 0.010 0.010 0.013 0.005 0.005 0.010 0.010 0.014 0.008 0.009 0.010 0.007 0.008 0.006 0.019 0.006 0.000 0.008 0.010 0.010 0.010 0.010 0.010 0.000 0.000 0.029 0.010 0.000 0.010 0.010 0.010 0.010 0.010 0.028 0.010 0.000 0.016 0.010 0.010 0.010 0.010 0.009 0.008 0.003 0.005 0.008 0.007 0.007 0.000 0.000 0.000 0.010 0.009 0.007 0.009 0.007 0.007 0.015
0.010 0.007 0.010 0.008 0.006 0.004 0.000 0.003 0.006 0.000 0.119 0.010 0.057 0.010 0.010 0.109 0.010 0.007 0.010 0.010 0.010 0.010 0.010 0.008 0.010 0.010 0.010 0.008 0.010 0.010 0.010 0.073 0.045 0.009 0.004 0.000 0.006 0.010 0.025 0.008 0.009 0.008 0.023 0.008 0.010 0.010 0.016 0.010 0.040 0.010 0.010 0.012 0.010 0.000 0.000 0.016 0.010 0.010 0.010 0.010 0.008 0.000 0.006 0.006 0.009 0.006 0.009 0.008 0.000 0.000 0.010 0.010 0.010 0.009 0.005 0.009 0.000
0.010 0.008 0.004 0.005 0.004 0.004 0.010 0.005 0.000 0.000 0.190 0.010 0.010 0.010 0.010 0.010 0.179 0.030 0.010 0.010 0.010 0.000 0.010 0.008 0.000 0.010 0.000 0.005 0.000 0.000 0.007 0.091 0.069 0.008 0.009 0.000 0.014 0.010 0.010 0.000 0.000 0.010 0.010 0.021 0.009 0.010 0.010 0.010 0.010 0.010 0.010 0.033 0.052 0.010 0.010 0.010 0.010 0.010 0.010 0.010 0.000 0.009 0.007 0.008 0.010 0.000 0.010 0.010 0.000 0.000 0.010 0.006 0.007 0.010 0.007 0.007 0.000
0.008 0.007 0.006 0.006 0.000 0.000 0.006 0.010 0.010 0.010 0.072 0.010 0.010 0.010 0.010 0.010 0.012 0.010 0.007 0.000 0.000 0.010 0.010 0.008 0.000 0.010 0.000 0.010 0.000 0.000 0.007 0.010 0.015 0.010 0.010 0.008 0.010 0.010 0.010 0.000 0.010 0.010 0.010 0.010 0.010 0.010 0.029 0.025 0.021 0.010 0.010 0.010 0.010 0.010 0.051 0.010 0.010 0.016 0.010 0.008 0.008 0.012 0.010 0.009 0.010 0.016 0.010 0.010 0.011 0.000 0.011 0.007 0.006 0.010 0.040 0.006 0.000
0.010 0.008 0.004 0.005 0.003 0.006 0.005 0.010 0.010 0.010 0.014 0.008 0.010 0.010 0.010 0.007 0.010 0.010 0.006 0.007 0.007 0.010 0.010 0.005 0.009 0.010 0.009 0.009 0.010 0.010 0.010 0.010 0.010 0.010 0.010 0.010 0.010 0.017 0.010 0.000 0.010 0.010 0.010 0.010 0.010 0.010 0.010 0.020 0.010 0.014 0.010 0.010 0.010 0.010 0.010 0.000 0.000 0.010 0.008 0.008 0.009 0.010 0.010 0.010 0.010 0.000 0.000 0.000 0.000 0.000 0.000 0.000 0.006 0.008 0.000 0.008 0.000
0.006 0.003 0.003 0.003 0.003 0.004 0.003 0.006 0.008 0.000 0.268 0.000 0.010 0.000 0.010 0.000 0.000 0.013 0.000 0.000 0.000 0.000 0.013 0.035 0.033 0.028 0.051 0.000 0.000 0.000 0.000 0.015 0.010 0.010 0.010 0.149 0.010 0.010 0.010 0.000 0.019 0.010 0.010 0.012 0.009 0.010 0.000 0.010 0.046 0.012 0.013 0.010 0.011 0.000 0.000 0.000 0.000 0.010 0.010 0.008 0.009 0.000 0.000 0.010 0.012 0.000 0.007 0.000 0.007 0.008 0.006 0.007 0.007 0.000 0.000 0.010 0.000
0.005 0.003 0.005 0.004 0.006 0.003 0.005 0.007 0.008 0.000 0.314 0.000 0.008 0.000 0.038 0.007 0.008 0.063 0.000 0.000 0.003 0.000 0.014 0.010 0.084 0.072 0.009 0.010 0.010 0.010 0.010 0.007 0.023 0.000 0.000 0.010 0.010 0.010 0.000 0.008 0.009 0.010 0.010 0.010 0.010 0.032 0.000 0.000 0.021 0.010 0.010 0.010 0.010 0.010 0.027 0.000 0.000 0.013 0.010 0.008 0.008 0.000 0.009 0.009 0.010 0.000 0.010 0.010 0.010 0.009 0.006 0.007 0.007 0.010 0.000 0.010 0.000
0.010 0.000 0.000 0.000 0.000 0.003 0.000 0.003 0.000 0.000 0.210 0.000 0.000 0.000 0.007 0.010 0.010 0.009 0.007 0.008 0.004 0.000 0.035 0.106 0.064 0.010 0.010 0.021 0.010 0.010 0.009 0.010 0.000 0.004 0.000 0.009 0.009 0.006 0.000 0.005 0.000 0.000 0.010 0.012 0.008 0.011 0.010 0.000 0.000 0.000 0.010 0.010 0.010 0.010 0.010 0.000 0.000 0.009 0.008 0.010 0.008 0.000 0.010 0.000 0.010 0.010 0.010 0.023 0.000 0.009 0.007 0.008 0.006 0.000 0.009 0.009 0.000
0.005 0.006 0.000 0.000 0.000 0.005 0.000 0.000 0.000 0.000 0.212 0.000 0.000 0.003 0.005 0.006 0.000 0.009 0.000 0.009 0.004 0.005 0.018 0.007 0.006 0.006 0.000 0.000 0.009 0.008 0.007 0.012 0.000 0.000 0.000 0.003 0.010 0.007 0.000 0.000 0.000 0.008 0.010 0.010 0.010 0.010 0.010 0.010 0.010 0.011 0.010 0.010 0.010 0.018 0.000 0.000 0.000 0.009 0.010 0.009 0.008 0.000 0.000 0.000 0.010 0.000 0.011 0.010 0.000 0.000 0.007 0.009 0.007 0.006 0.006 0.010 0.008
0.005 0.005 0.010 0.004 0.008 0.004 0.004 0.003 0.000 0.009 0.010 0.004 0.003 0.003 0.004 0.000 0.000 0.006 0.005 0.005 0.004 0.005 0.019 0.000 0.000 0.007 0.000 0.000 0.010 0.013 0.010 0.005 0.005 0.005 0.000 0.006 0.010 0.009 0.000 0.000 0.000 0.005 0.006 0.008 0.010 0.010 0.010 0.010 0.010 0.010 0.010 0.010 0.000 0.000 0.023 0.010 0.010 0.009 0.009 0.000 0.009 0.000 0.000 0.000 0.010 0.000 0.000 0.000 0.000 0.006 0.007 0.006 0.010 0.010 0.007 0.010 0.000
0.008 0.000 0.000 0.005 0.005 0.004 0.003 0.004 0.005 0.009 0.010 0.007 0.005 0.004 0.000 0.006 0.004 0.006 0.007 0.007 0.000 0.000 0.030 0.000 0.000 0.008 0.000 0.000 0.010 0.010 0.010 0.008 0.006 0.006 0.010 0.007 0.010 0.008 0.000 0.004 0.010 0.010 0.005 0.010 0.010 0.010 0.000 0.000 0.000 0.000 0.000 0.010 0.000 0.000 0.010 0.010 0.010 0.009 0.008 0.000 0.010 0.010 0.008 0.000 0.010 0.018 0.000 0.007 0.000 0.006 0.005 0.007 0.000 0.010 0.008 0.007 0.009
0.004 0.007 0.006 0.008 0.010 0.004 0.003 0.005 0.010 0.010 0.007 0.005 0.006 0.009 0.000 0.000 0.000 0.010 0.010 0.010 0.000 0.000 0.073 0.000 0.000 0.000 0.006 0.007 0.010 0.010 0.010 0.000 0.000 0.008 0.000 0.006 0.010 0.010 0.000 0.000 0.010 0.010 0.000 0.000 0.010 0.010 0.010 0.010 0.010 0.010 0.010 0.010 0.018 0.010 0.010 0.010 0.010 0.010 0.000 0.000 0.009 0.000 0.000 0.010 0.010 0.010 0.008 0.000 0.007 0.007 0.009 0.009 0.007 0.006 0.007 0.000 0.008
0.004 0.003 0.006 0.003 0.003 0.007 0.005 0.004 0.006 0.010 0.010 0.010 0.010 0.010 0.010 0.033 0.008 0.005 0.006 0.007 0.000 0.000 0.030 0.008 0.007 0.007 0.006 0.005 0.010 0.010 0.009 0.007 0.006 0.008 0.000 0.006 0.010 0.010 0.009 0.009 0.022 0.007 0.006 0.007 0.014 0.010 0.000 0.000 0.010 0.009 0.010 0.010 0.000 0.000 0.000 0.000 0.010 0.013 0.010 0.010 0.013 0.010 0.010 0.010 0.010 0.009 0.008 0.008 0.008 0.008 0.000 0.000 0.007 0.010 0.013 0.009 0.007
0.000 0.000 0.007 0.000 0.000 0.000 0.004 0.005 0.006 0.010 0.005 0.010 0.000 0.000 0.000 0.000 0.000 0.006 0.000 0.000 0.000 0.000 0.143 0.008 0.007 0.008 0.006 0.005 0.006 0.010 0.005 0.000 0.006 0.010 0.000 0.010 0.010 0.007 0.000 0.005 0.000 0.000 0.000 0.000 0.000 0.019 0.009 0.000 0.010 0.009 0.010 0.010 0.000 0.000 0.000 0.009 0.010 0.009 0.000 0.000 0.000 0.010 0.010 0.010 0.010 0.000 0.007 0.008 0.000 0.008 0.010 0.008 0.000 0.000 0.000 0.009 0.000
0.003 0.005 0.009 0.006 0.004 0.004 0.005 0.007 0.000 0.012 0.009 0.050 0.009 0.009 0.010 0.010 0.010 0.016 0.009 0.010 0.000 0.000 0.008 0.009 0.007 0.006 0.005 0.005 0.005 0.005 0.005 0.006 0.008 0.010 0.000 0.008 0.069 0.008 0.000 0.009 0.010 0.017 0.000 0.000 0.000 0.010 0.010 0.008 0.010 0.010 0.010 0.000 0.010 0.010 0.008 0.009 0.009 0.008 0.010 0.010 0.012 0.000 0.000 0.000 0.010 0.007 0.008 0.013 0.000 0.007 0.009 0.008 0.000 0.000 0.000 0.000 0.000
0.000 0.009 0.000 0.005 0.006 0.003 0.004 0.005 0.000 0.019 0.008 0.010 0.000 0.000 0.010 0.000 0.000 0.010 0.000 0.000 0.009 0.000 0.010 0.009 0.006 0.006 0.006 0.007 0.006 0.006 0.004 0.007 0.010 0.010 0.010 0.010 0.010 0.010 0.010 0.000 0.010 0.000 0.010 0.000 0.000 0.010 0.010 0.010 0.017 0.009 0.010 0.000 0.010 0.010 0.011 0.010 0.010 0.010 0.011 0.000 0.000 0.000 0.000 0.000 0.010 0.017 0.000 0.000 0.012 0.000 0.007 0.008 0.009 0.008 0.000 0.006 0.009
0.008 0.010 0.005 0.005 0.047 0.010 0.006 0.008 0.007 0.009 0.010 0.030 0.010 0.010 0.010 0.010 0.010 0.010 0.000 0.000 0.010 0.008 0.010 0.008 0.007 0.007 0.007 0.007 0.007 0.004 0.004 0.007 0.010 0.009 0.009 0.009 0.010 0.008 0.009 0.009 0.010 0.007 0.010 0.010 0.010 0.011 0.010 0.000 0.000 0.008 0.010 0.000 0.010 0.010 0.000 0.008 0.010 0.000 0.000 0.010 0.000 0.010 0.010 0.000 0.010 0.000 0.010 0.012 0.000 0.000 0.007 0.000 0.010 0.010 0.000 0.000 0.010
