hx_30m/njhx/rain/result-0009.wd
ncols         211
nrows         286
xllcorner     660279.582600
yllcorner     3541874.325092
cellsize      30.000000
NODATA_value  -9999.000000
[rows 204 to 237 of 286, columns 77 to 153 of 211]
0.005 0.005 0.004 0.004 0.005 0.005 0.003 0.002 0.002 0.002 0.006 0.006 0.006 0.006 0.004 0.000 0.002 0.002 0.005 0.004 0.005 0.004 0.005 0.002 0.000 0.005 0.005 0.007 0.007 0.006 0.003 0.000 0.004 0.007 0.003 0.005 0.003 0.004 0.005 0.003 0.002 0.003 0.003 0.004 0.004 0.003 0.003 0.004 0.005 0.005 0.000 0.000 0.000 0.000 0.004 0.003 0.005 0.000 0.005 0.004 0.005 0.009 0.004 0.000 0.009 0.005 0.003 0.008 0.007 0.009 0.004 0.003 0.004 0.004 0.009 0.000 0.000
0.003 0.004 0.004 0.005 0.003 0.005 0.001 0.002 0.003 0.002 0.000 0.000 0.006 0.005 0.005 0.006 0.004 0.003 0.004 0.006 0.003 0.000 0.000 0.005 0.005 0.006 0.008 0.007 0.003 0.000 0.002 0.000 0.000 0.000 0.003 0.007 0.004 0.005 0.002 0.000 0.002 0.005 0.004 0.004 0.003 0.005 0.005 0.004 0.005 0.004 0.005 0.003 0.006 0.000 0.003 0.000 0.000 0.005 0.004 0.005 0.009 0.000 0.000 0.004 0.003 0.005 0.008 0.005 0.005 0.010 0.008 0.005 0.004 0.006 0.003 0.004 0.006
0.003 0.002 0.003 0.004 0.003 0.005 0.001 0.000 0.000 0.000 0.002 0.002 0.006 0.000 0.000 0.004 0.000 0.007 0.004 0.002 0.000 0.000 0.000 0.005 0.006 0.005 0.006 0.006 0.000 0.004 0.002 0.002 0.000 0.006 0.005 0.005 0.004 0.003 0.000 0.003 0.003 0.004 0.004 0.006 0.007 0.010 0.010 0.004 0.003 0.003 0.004 0.006 0.005 0.005 0.008 0.007 0.004 0.006 0.005 0.000 0.010 0.000 0.004 0.007 0.005 0.008 0.008 0.010 0.007 0.000 0.010 0.009 0.008 0.005 0.004 0.005 0.000
0.003 0.004 0.000 0.003 0.004 0.003 0.003 0.003 0.002 0.002 0.001 0.001 0.004 0.003 0.003 0.004 0.000 0.005 0.005 0.004 0.000 0.000 0.008 0.004 0.008 0.003 0.006 0.008 0.008 0.005 0.004 0.000 0.007 0.004 0.004 0.004 0.000 0.002 0.003 0.004 0.000 0.000 0.004 0.004 0.007 0.008 0.000 0.002 0.000 0.002 0.007 0.005 0.004 0.007 0.005 0.008 0.008 0.006 0.005 0.050 0.000 0.006 0.005 0.000 0.003 0.005 0.008 0.010 0.008 0.010 0.010 0.009 0.009 0.000 0.000 0.005 0.003
0.003 0.000 0.004 0.003 0.002 0.003 0.003 0.000 0.000 0.004 0.004 0.003 0.004 0.003 0.004 0.004 0.004 0.005 0.003 0.004 0.004 0.006 0.006 0.004 0.005 0.000 0.008 0.000 0.006 0.008 0.000 0.000 0.000 0.004 0.005 0.003 0.000 0.002 0.004 0.005 0.006 0.000 0.004 0.005 0.005 0.000 0.002 0.001 0.004 0.003 0.009 0.006 0.005 0.005 0.005 0.007 0.004 0.005 0.000 0.010 0.000 0.004 0.006 0.010 0.005 0.007 0.007 0.007 0.005 0.005 0.010 0.008 0.000 0.000 0.008 0.000 0.000
0.000 0.005 0.003 0.003 0.005 0.002 0.000 0.000 0.002 0.003 0.002 0.002 0.002 0.000 0.003 0.003 0.003 0.003 0.007 0.005 0.005 0.006 0.005 0.003 0.000 0.008 0.008 0.005 0.004 0.004 0.005 0.000 0.000 0.004 0.004 0.004 0.004 0.002 0.000 0.000 0.000 0.007 0.004 0.007 0.007 0.000 0.002 0.002 0.000 0.004 0.000 0.006 0.009 0.000 0.007 0.007 0.007 0.006 0.010 0.095 0.000 0.010 0.007 0.006 0.003 0.004 0.005 0.007 0.000 0.000 0.004 0.005 0.000 0.009 0.000 0.008 0.005
0.000 0.003 0.003 0.004 0.002 0.001 0.000 0.000 0.000 0.000 0.003 0.004 0.002 0.000 0.000 0.007 0.005 0.006 0.006 0.007 0.008 0.000 0.076 0.008 0.005 0.006 0.006 0.000 0.003 0.004 0.007 0.000 0.005 0.004 0.005 0.000 0.006 0.005 0.003 0.002 0.003 0.006 0.003 0.007 0.000 0.004 0.003 0.003 0.005 0.005 0.003 0.009 0.009 0.003 0.010 0.000 0.009 0.000 0.010 0.005 0.004 0.008 0.007 0.004 0.000 0.010 0.004 0.004 0.000 0.000 0.000 0.002 0.009 0.009 0.008 0.000 0.004
0.004 0.004 0.004 0.004 0.001 0.002 0.002 0.000 0.000 0.005 0.003 0.000 0.003 0.000 0.000 0.002 0.004 0.003 0.004 0.003 0.006 0.008 0.008 0.008 0.008 0.000 0.026 0.007 0.003 0.000 0.007 0.007 0.004 0.007 0.003 0.000 0.006 0.006 0.004 0.006 0.000 0.007 0.007 0.008 0.008 0.004 0.002 0.000 0.008 0.000 0.000 0.009 0.006 0.000 0.008 0.007 0.010 0.008 0.004 0.004 0.006 0.003 0.007 0.006 0.000 0.000 0.004 0.010 0.006 0.000 0.000 0.004 0.000 0.005 0.006 0.005 0.005
0.000 0.002 0.003 0.003 0.002 0.002 0.003 0.003 0.000 0.003 0.006 0.004 0.002 0.000 0.003 0.004 0.005 0.004 0.002 0.007 0.006 0.004 0.005 0.004 0.008 0.008 0.010 0.010 0.000 0.005 0.005 0.000 0.003 0.005 0.003 0.007 0.007 0.007 0.002 0.000 0.006 0.004 0.004 0.000 0.005 0.003 0.002 0.004 0.004 0.003 0.000 0.000 0.004 0.000 0.004 0.006 0.000 0.000 0.000 0.005 0.005 0.004 0.006 0.004 0.004 0.004 0.010 0.010 0.010 0.010 0.006 0.000 0.009 0.000 0.004 0.005 0.004
0.003 0.002 0.000 0.002 0.000 0.003 0.003 0.002 0.003 0.000 0.005 0.000 0.003 0.003 0.003 0.006 0.003 0.003 0.005 0.006 0.006 0.004 0.008 0.003 0.005 0.005 0.005 0.016 0.005 0.007 0.000 0.050 0.006 0.005 0.006 0.007 0.007 0.005 0.004 0.000 0.004 0.004 0.006 0.004 0.005 0.000 0.006 0.005 0.000 0.000 0.000 0.004 0.000 0.000 0.008 0.010 0.004 0.000 0.000 0.000 0.000 0.007 0.004 0.007 0.006 0.004 0.006 0.009 0.010 0.010 0.006 0.000 0.010 0.006 0.007 0.005 0.000
0.004 0.003 0.003 0.001 0.003 0.000 0.000 0.002 0.002 0.003 0.006 0.003 0.002 0.000 0.003 0.004 0.003 0.005 0.003 0.004 0.004 0.005 0.005 0.004 0.006 0.004 0.004 0.000 0.000 0.004 0.005 0.010 0.000 0.010 0.033 0.006 0.005 0.005 0.005 0.007 0.004 0.004 0.005 0.005 0.003 0.004 0.000 0.003 0.004 0.009 0.000 0.003 0.000 0.005 0.007 0.025 0.000 0.003 0.006 0.000 0.000 0.007 0.004 0.004 0.004 0.005 0.006 0.004 0.007 0.010 0.010 0.000 0.000 0.004 0.005 0.006 0.002
0.002 0.004 0.000 0.001 0.002 0.002 0.000 0.003 0.002 0.002 0.000 0.000 0.002 0.006 0.005 0.004 0.002 0.003 0.006 0.006 0.007 0.007 0.007 0.004 0.005 0.004 0.005 0.007 0.006 0.007 0.005 0.008 0.010 0.010 0.000 0.005 0.006 0.006 0.006 0.008 0.007 0.007 0.004 0.004 0.003 0.000 0.002 0.004 0.000 0.000 0.007 0.000 0.000 0.007 0.000 0.006 0.000 0.004 0.006 0.004 0.007 0.004 0.006 0.000 0.004 0.006 0.007 0.005 0.005 0.005 0.005 0.006 0.004 0.007 0.006 0.000 0.000
0.003 0.004 0.005 0.003 0.002 0.000 0.003 0.002 0.000 0.003 0.004 0.002 0.004 0.000 0.004 0.004 0.003 0.004 0.006 0.003 0.005 0.007 0.006 0.005 0.004 0.005 0.003 0.004 0.005 0.004 0.006 0.006 0.006 0.004 0.008 0.006 0.000 0.006 0.006 0.008 0.007 0.005 0.004 0.004 0.003 0.002 0.003 0.000 0.003 0.000 0.001 0.000 0.005 0.007 0.037 0.000 0.000 0.009 0.004 0.000 0.004 0.005 0.000 0.004 0.004 0.000 0.006 0.006 0.006 0.005 0.007 0.005 0.006 0.005 0.006 0.000 0.005
0.003 0.003 0.003 0.004 0.000 0.002 0.002 0.002 0.000 0.003 0.005 0.000 0.005 0.005 0.003 0.003 0.005 0.003 0.002 0.003 0.005 0.005 0.004 0.005 0.004 0.005 0.006 0.005 0.000 0.005 0.005 0.005 0.004 0.008 0.000 0.006 0.000 0.006 0.000 0.005 0.005 0.000 0.004 0.007 0.003 0.004 0.000 0.013 0.000 0.002 0.002 0.002 0.007 0.000 0.006 0.004 0.006 0.009 0.009 0.000 0.008 0.006 0.005 0.005 0.003 0.004 0.005 0.004 0.000 0.008 0.011 0.005 0.007 0.007 0.006 0.004 0.000
0.004 0.003 0.002 0.002 0.003 0.003 0.000 0.000 0.003 0.002 0.002 0.002 0.003 0.003 0.003 0.002 0.003 0.004 0.005 0.006 0.006 0.005 0.004 0.006 0.006 0.004 0.005 0.005 0.000 0.006 0.005 0.006 0.004 0.008 0.000 0.004 0.004 0.004 0.003 0.110 0.000 0.005 0.006 0.000 0.003 0.002 0.000 0.002 0.000 0.001 0.000 0.005 0.008 0.007 0.000 0.002 0.003 0.003 0.000 0.007 0.005 0.000 0.003 0.004 0.004 0.000 0.000 0.000 0.000 0.000 0.000 0.006 0.010 0.004 0.007 0.004 0.005
0.000 0.005 0.000 0.003 0.002 0.003 0.003 0.003 0.003 0.005 0.000 0.000 0.000 0.003 0.003 0.004 0.003 0.003 0.005 0.006 0.006 0.006 0.005 0.003 0.004 0.004 0.005 0.000 0.000 0.008 0.005 0.006 0.005 0.000 0.008 0.006 0.009 0.005 0.000 0.010 0.010 0.010 0.000 0.006 0.002 0.000 0.001 0.002 0.000 0.001 0.000 0.008 0.006 0.003 0.002 0.004 0.003 0.003 0.004 0.005 0.004 0.003 0.007 0.004 0.006 0.004 0.008 0.006 0.000 0.000 0.004 0.007 0.006 0.010 0.005 0.004 0.005
0.000 0.003 0.000 0.000 0.002 0.002 0.004 0.002 0.003 0.004 0.004 0.005 0.004 0.004 0.003 0.004 0.003 0.003 0.003 0.002 0.006 0.006 0.005 0.003 0.003 0.005 0.005 0.005 0.005 0.006 0.007 0.004 0.008 0.000 0.005 0.000 0.000 0.008 0.005 0.023 0.010 0.010 0.003 0.005 0.005 0.006 0.004 0.000 0.001 0.002 0.005 0.006 0.003 0.002 0.002 0.004 0.000 0.002 0.004 0.000 0.000 0.005 0.006 0.000 0.004 0.004 0.010 0.008 0.006 0.006 0.005 0.006 0.000 0.000 0.000 0.009 0.004
0.002 0.003 0.000 0.001 0.003 0.002 0.002 0.000 0.003 0.002 0.003 0.003 0.004 0.003 0.000 0.000 0.006 0.005 0.004 0.004 0.002 0.006 0.006 0.006 0.004 0.005 0.000 0.000 0.000 0.003 0.006 0.006 0.007 0.000 0.003 0.008 0.009 0.005 0.000 0.003 0.005 0.010 0.010 0.004 0.005 0.010 0.009 0.006 0.005 0.000 0.005 0.008 0.004 0.002 0.000 0.002 0.000 0.002 0.000 0.005 0.010 0.005 0.004 0.007 0.000 0.000 0.000 0.008 0.000 0.004 0.004 0.008 0.003 0.002 0.002 0.003 0.000
0.003 0.004 0.000 0.000 0.004 0.003 0.002 0.003 0.002 0.000 0.000 0.003 0.004 0.004 0.003 0.005 0.005 0.007 0.007 0.006 0.005 0.006 0.003 0.004 0.005 0.004 0.002 0.003 0.000 0.005 0.003 0.003 0.004 0.000 0.004 0.004 0.004 0.004 0.006 0.004 0.006 0.010 0.010 0.006 0.005 0.006 0.005 0.006 0.000 0.005 0.000 0.000 0.000 0.000 0.005 0.002 0.000 0.000 0.002 0.000 0.004 0.010 0.005 0.000 0.007 0.000 0.007 0.000 0.008 0.005 0.007 0.000 0.000 0.003 0.005 0.005 0.005
0.000 0.004 0.003 0.002 0.000 0.004 0.003 0.003 0.000 0.003 0.004 0.003 0.004 0.004 0.004 0.004 0.003 0.005 0.007 0.006 0.006 0.004 0.003 0.004 0.000 0.004 0.000 0.000 0.003 0.004 0.003 0.003 0.002 0.004 0.004 0.003 0.003 0.004 0.000 0.006 0.010 0.010 0.014 0.007 0.008 0.007 0.007 0.004 0.005 0.005 0.009 0.006 0.008 0.000 0.004 0.004 0.002 0.003 0.003 0.005 0.005 0.000 0.013 0.010 0.010 0.010 0.007 0.000 0.004 0.005 0.007 0.003 0.003 0.003 0.004 0.003 0.002
0.002 0.004 0.003 0.004 0.004 0.003 0.003 0.003 0.003 0.003 0.003 0.004 0.003 0.003 0.000 0.006 0.004 0.003 0.002 0.005 0.004 0.006 0.005 0.002 0.000 0.003 0.000 0.000 0.003 0.005 0.004 0.005 0.006 0.004 0.004 0.005 0.000 0.005 0.005 0.004 0.006 0.000 0.006 0.008 0.008 0.007 0.007 0.006 0.006 0.000 0.008 0.009 0.006 0.004 0.005 0.000 0.000 0.002 0.004 0.003 0.000 0.006 0.000 0.007 0.005 0.009 0.009 0.006 0.004 0.006 0.000 0.000 0.002 0.002 0.004 0.004 0.004
0.004 0.000 0.003 0.002 0.003 0.003 0.003 0.003 0.000 0.003 0.003 0.002 0.000 0.000 0.004 0.005 0.006 0.007 0.003 0.004 0.004 0.004 0.005 0.003 0.005 0.003 0.000 0.004 0.003 0.006 0.003 0.003 0.000 0.004 0.004 0.003 0.004 0.006 0.007 0.002 0.000 0.005 0.005 0.005 0.008 0.007 0.007 0.005 0.008 0.007 0.004 0.005 0.005 0.019 0.010 0.006 0.008 0.000 0.003 0.006 0.005 0.005 0.006 0.000 0.000 0.004 0.006 0.004 0.005 0.003 0.002 0.003 0.002 0.003 0.003 0.003 0.005
0.000 0.002 0.003 0.003 0.003 0.000 0.003 0.003 0.003 0.003 0.003 0.002 0.005 0.003 0.004 0.006 0.006 0.007 0.007 0.006 0.002 0.003 0.003 0.003 0.005 0.005 0.004 0.002 0.007 0.004 0.004 0.005 0.007 0.004 0.000 0.000 0.006 0.003 0.004 0.005 0.000 0.007 0.007 0.006 0.006 0.005 0.007 0.007 0.007 0.007 0.008 0.005 0.006 0.007 0.006 0.009 0.010 0.010 0.007 0.006 0.006 0.005 0.004 0.000 0.000 0.000 0.006 0.005 0.000 0.002 0.003 0.003 0.000 0.004 0.000 0.004 0.003
0.004 0.002 0.000 0.003 0.003 0.003 0.004 0.003 0.005 0.003 0.002 0.003 0.000 0.005 0.006 0.006 0.006 0.007 0.007 0.004 0.003 0.002 0.002 0.004 0.003 0.005 0.006 0.004 0.006 0.003 0.005 0.007 0.007 0.004 0.007 0.005 0.003 0.000 0.003 0.004 0.007 0.000 0.000 0.006 0.006 0.004 0.007 0.000 0.005 0.004 0.004 0.005 0.008 0.006 0.004 0.003 0.006 0.171 0.011 0.006 0.006 0.006 0.004 0.003 0.000 0.000 0.005 0.004 0.002 0.002 0.000 0.001 0.000 0.002 0.002 0.002 0.003
0.001 0.002 0.002 0.002 0.003 0.003 0.003 0.004 0.003 0.003 0.000 0.004 0.004 0.003 0.003 0.000 0.003 0.007 0.006 0.004 0.006 0.002 0.004 0.003 0.003 0.003 0.004 0.004 0.005 0.006 0.006 0.000 0.004 0.000 0.000 0.004 0.005 0.008 0.003 0.008 0.003 0.004 0.003 0.000 0.000 0.005 0.005 0.006 0.004 0.006 0.008 0.008 0.007 0.005 0.008 0.008 0.004 0.004 0.005 0.000 0.016 0.010 0.004 0.000 0.000 0.004 0.005 0.000 0.002 0.002 0.001 0.002 0.005 0.004 0.004 0.003 0.006
0.003 0.000 0.005 0.002 0.004 0.002 0.002 0.004 0.003 0.003 0.005 0.000 0.003 0.000 0.004 0.006 0.000 0.003 0.004 0.002 0.003 0.002 0.000 0.002 0.000 0.003 0.005 0.005 0.004 0.006 0.007 0.008 0.003 0.004 0.004 0.004 0.006 0.004 0.006 0.004 0.004 0.000 0.004 0.003 0.004 0.004 0.012 0.006 0.005 0.005 0.005 0.006 0.007 0.004 0.004 0.006 0.003 0.006 0.004 0.005 0.008 0.010 0.007 0.005 0.006 0.005 0.000 0.000 0.002 0.001 0.002 0.004 0.007 0.008 0.007 0.004 0.005
0.006 0.000 0.000 0.002 0.002 0.003 0.002 0.003 0.004 0.003 0.004 0.004 0.003 0.000 0.000 0.000 0.005 0.000 0.003 0.000 0.004 0.004 0.003 0.000 0.000 0.005 0.002 0.005 0.003 0.005 0.003 0.007 0.003 0.004 0.004 0.005 0.005 0.004 0.004 0.003 0.003 0.002 0.000 0.003 0.003 0.000 0.010 0.006 0.007 0.006 0.004 0.005 0.005 0.008 0.006 0.004 0.005 0.005 0.007 0.004 0.009 0.000 0.010 0.099 0.010 0.006 0.005 0.000 0.002 0.002 0.000 0.008 0.009 0.009 0.005 0.007 0.007
0.003 0.004 0.000 0.000 0.000 0.003 0.003 0.005 0.003 0.003 0.004 0.004 0.000 0.000 0.004 0.000 0.002 0.004 0.003 0.000 0.003 0.004 0.003 0.003 0.000 0.000 0.002 0.005 0.003 0.004 0.004 0.004 0.002 0.000 0.000 0.004 0.005 0.004 0.004 0.006 0.004 0.006 0.002 0.004 0.004 0.005 0.005 0.004 0.006 0.006 0.007 0.006 0.004 0.003 0.004 0.004 0.007 0.005 0.008 0.008 0.007 0.000 0.000 0.005 0.004 0.000 0.007 0.006 0.005 0.000 0.004 0.010 0.010 0.005 0.004 0.007 0.009
0.006 0.002 0.003 0.002 0.003 0.003 0.005 0.005 0.000 0.002 0.002 0.005 0.005 0.006 0.000 0.004 0.007 0.003 0.005 0.004 0.003 0.003 0.003 0.002 0.004 0.002 0.003 0.005 0.005 0.000 0.000 0.003 0.004 0.003 0.002 0.000 0.000 0.004 0.006 0.002 0.004 0.000 0.004 0.003 0.004 0.000 0.005 0.006 0.005 0.007 0.005 0.007 0.007 0.006 0.004 0.008 0.006 0.008 0.009 0.009 0.009 0.005 0.003 0.004 0.004 0.007 0.008 0.000 0.060 0.005 0.008 0.010 0.025 0.003 0.005 0.005 0.006
0.002 0.002 0.002 0.002 0.003 0.004 0.004 0.003 0.004 0.002 0.003 0.003 0.002 0.004 0.006 0.003 0.003 0.000 0.000 0.004 0.005 0.000 0.000 0.002 0.002 0.003 0.005 0.003 0.005 0.002 0.002 0.000 0.000 0.004 0.004 0.003 0.003 0.003 0.003 0.004 0.003 0.003 0.003 0.000 0.000 0.000 0.000 0.006 0.000 0.006 0.007 0.004 0.006 0.006 0.004 0.008 0.005 0.000 0.009 0.000 0.009 0.009 0.005 0.004 0.008 0.008 0.009 0.009 0.009 0.000 0.014 0.010 0.010 0.000 0.006 0.005 0.006
0.006 0.004 0.002 0.003 0.003 0.004 0.004 0.000 0.002 0.004 0.003 0.004 0.000 0.002 0.003 0.003 0.005 0.007 0.006 0.002 0.003 0.006 0.004 0.000 0.004 0.003 0.004 0.003 0.002 0.000 0.002 0.003 0.002 0.003 0.003 0.003 0.004 0.003 0.003 0.004 0.003 0.004 0.004 0.004 0.000 0.000 0.000 0.005 0.000 0.000 0.006 0.006 0.004 0.003 0.004 0.007 0.005 0.008 0.007 0.008 0.008 0.000 0.004 0.005 0.000 0.011 0.010 0.000 0.000 0.009 0.010 0.000 0.010 0.030 0.006 0.003 0.004
0.000 0.000 0.006 0.003 0.004 0.003 0.003 0.002 0.000 0.000 0.003 0.009 0.004 0.003 0.003 0.003 0.004 0.004 0.003 0.003 0.000 0.003 0.003 0.003 0.004 0.003 0.003 0.005 0.002 0.003 0.001 0.000 0.003 0.004 0.002 0.002 0.004 0.004 0.003 0.003 0.003 0.006 0.000 0.004 0.004 0.000 0.000 0.000 0.000 0.000 0.000 0.006 0.004 0.004 0.006 0.004 0.005 0.005 0.006 0.004 0.005 0.006 0.005 0.000 0.006 0.008 0.009 0.000 0.009 0.009 0.010 0.004 0.008 0.000 0.010 0.008 0.003
0.009 0.005 0.004 0.004 0.004 0.004 0.001 0.003 0.004 0.003 0.002 0.000 0.004 0.005 0.004 0.002 0.003 0.002 0.004 0.002 0.003 0.000 0.002 0.003 0.002 0.004 0.003 0.003 0.000 0.002 0.003 0.002 0.002 0.002 0.003 0.003 0.003 0.003 0.004 0.003 0.008 0.010 0.065 0.004 0.000 0.000 0.004 0.005 0.000 0.000 0.000 0.006 0.003 0.006 0.007 0.007 0.005 0.007 0.004 0.004 0.005 0.007 0.004 0.000 0.000 0.006 0.005 0.004 0.008 0.000 0.005 0.006 0.000 0.000 0.004 0.000 0.010
0.005 0.005 0.004 0.003 0.005 0.000 0.000 0.003 0.002 0.004 0.000 0.003 0.002 0.000 0.000 0.004 0.004 0.003 0.003 0.007 0.005 0.004 0.003 0.003 0.002 0.004 0.003 0.002 0.000 0.000 0.000 0.002 0.002 0.002 0.002 0.000 0.003 0.004 0.004 0.003 0.004 0.000 0.004 0.003 0.003 0.004 0.004 0.005 0.000 0.000 0.006 0.004 0.006 0.006 0.007 0.008 0.008 0.009 0.008 0.006 0.005 0.005 0.000 0.000 0.009 0.010 0.000 0.000 0.000 0.006 0.003 0.000 0.003 0.003 0.003 0.003 0.005
