hx_30m/njhx/rain/result-0036.wd
ncols         211
nrows         286
xllcorner     660279.582600
yllcorner     3541874.325092
cellsize      30.000000
NODATA_value  -9999.000000
[rows 34 to 67 of 286, columns 77 to 153 of 211]
0.000 0.000 0.000 0.000 0.000 0.000 0.000 0.013 0.010 0.010 0.007 0.013 0.008 0.005 0.004 0.007 0.001 0.004 0.002 0.002 0.019 0.006 0.001 0.001 0.000 0.000 0.000 0.005 0.000 0.000 0.005 0.004 0.004 0.008 0.004 0.004 0.010 0.010 0.106 0.000 0.000 0.040 0.057 0.002 0.002 0.007 0.004 0.010 0.004 0.002 0.002 0.008 0.000 0.009 0.007 0.000 0.000 0.000 0.000 0.000 0.000 0.000 0.000 0.000 0.000 0.000 0.000 0.000 0.000 0.000 0.000 0.000 0.000 0.000 0.000 0.000 0.000
0.000 0.000 0.000 0.000 0.000 0.000 0.261 0.010 0.010 0.010 0.010 0.010 0.010 0.010 0.002 0.001 0.001 0.000 0.004 0.000 0.000 0.000 0.001 0.001 0.003 0.005 0.006 0.004 0.007 0.000 0.000 0.000 0.003 0.006 0.007 0.000 0.019 0.006 0.010 0.010 0.000 0.000 0.049 0.039 0.005 0.004 0.000 0.003 0.001 0.000 0.004 0.010 0.010 0.016 0.005 0.008 0.000 0.000 0.000 0.034 0.000 0.000 0.000 0.000 0.000 0.000 0.000 0.000 0.000 0.000 0.000 0.000 0.000 0.000 0.000 0.000 0.000
0.000 0.000 0.000 0.000 0.000 0.000 0.010 0.008 0.010 0.009 0.010 0.010 0.121 0.010 0.001 0.000 0.001 0.001 0.003 0.036 0.000 0.001 0.001 0.004 0.003 0.001 0.003 0.000 0.000 0.004 0.000 0.000 0.004 0.006 0.004 0.000 0.010 0.004 0.009 0.009 0.003 0.000 0.000 0.001 0.000 0.000 0.000 0.000 0.000 0.002 0.002 0.005 0.009 0.007 0.010 0.010 0.010 0.000 0.000 0.000 0.034 0.000 0.000 0.000 0.000 0.000 0.000 0.000 0.000 0.000 0.000 0.000 0.000 0.000 0.000 0.000 0.000
0.000 0.000 0.000 0.000 0.000 0.000 0.010 0.008 0.006 0.010 0.010 0.010 0.010 0.010 0.003 0.000 0.001 0.001 0.000 0.010 0.000 0.002 0.003 0.003 0.005 0.000 0.001 0.004 0.003 0.002 0.000 0.003 0.004 0.008 0.003 0.000 0.009 0.006 0.003 0.009 0.000 0.001 0.000 0.001 0.009 0.010 0.003 0.000 0.216 0.000 0.006 0.007 0.007 0.010 0.010 0.008 0.010 0.000 0.000 0.000 0.000 0.010 0.000 0.000 0.000 0.000 0.000 0.000 0.000 0.000 0.000 0.000 0.000 0.000 0.000 0.000 0.000
0.000 0.000 0.000 0.000 0.000 0.000 0.010 0.008 0.008 0.008 0.010 0.010 0.010 0.010 0.004 0.000 0.001 0.054 0.011 0.010 0.000 0.004 0.001 0.001 0.010 0.002 0.003 0.002 0.010 0.002 0.000 0.000 0.005 0.010 0.004 0.010 0.023 0.005 0.003 0.000 0.000 0.001 0.003 0.000 0.006 0.010 0.003 0.000 0.000 0.003 0.010 0.010 0.010 0.010 0.079 0.010 0.007 0.010 0.000 0.000 0.000 0.055 0.000 0.000 0.000 0.000 0.000 0.000 0.000 0.000 0.000 0.000 0.000 0.000 0.000 0.000 0.000
0.000 0.000 0.000 0.000 0.000 0.000 0.010 0.010 0.005 0.008 0.010 0.103 0.049 0.010 0.025 0.000 0.001 0.000 0.033 0.010 0.001 0.001 0.000 0.000 0.002 0.000 0.001 0.001 0.007 0.000 0.010 0.010 0.006 0.009 0.008 0.002 0.000 0.000 0.000 0.018 0.009 0.000 0.000 0.000 0.007 0.007 0.015 0.004 0.004 0.010 0.010 0.010 0.010 0.066 0.010 0.000 0.011 0.007 0.010 0.000 0.000 0.000 0.032 0.000 0.000 0.000 0.000 0.000 0.000 0.000 0.000 0.000 0.000 0.000 0.000 0.000 0.000
0.000 0.000 0.000 0.000 0.000 0.000 0.010 0.008 0.008 0.006 0.010 0.147 0.010 0.010 0.036 0.009 0.021 0.080 0.002 0.000 0.001 0.002 0.002 0.008 0.003 0.002 0.007 0.002 0.004 0.000 0.000 0.007 0.000 0.005 0.008 0.002 0.000 0.006 0.010 0.010 0.006 0.007 0.010 0.004 0.009 0.015 0.007 0.008 0.007 0.010 0.000 0.010 0.000 0.000 0.000 0.042 0.009 0.007 0.008 0.000 0.000 0.000 0.000 0.010 0.000 0.000 0.000 0.000 0.000 0.000 0.000 0.000 0.000 0.000 0.000 0.000 0.000
0.000 0.000 0.000 0.000 0.000 0.000 0.008 0.010 0.002 0.008 0.010 0.010 0.010 0.010 0.010 0.087 0.019 0.000 0.001 0.002 0.001 0.002 0.000 0.002 0.000 0.001 0.000 0.002 0.001 0.010 0.010 0.000 0.003 0.003 0.006 0.005 0.006 0.106 0.010 0.879 0.009 0.002 0.010 0.007 0.005 0.006 0.000 0.000 0.005 0.007 0.047 0.018 0.010 0.004 0.000 0.010 0.010 0.005 0.006 0.010 0.000 0.000 0.000 0.053 0.000 0.000 0.000 0.000 0.000 0.000 0.000 0.000 0.000 0.000 0.000 0.000 0.000
0.000 0.000 0.000 0.000 0.000 0.000 0.005 0.006 0.005 0.008 0.010 0.010 0.010 0.010 0.010 0.010 0.008 0.001 0.000 0.002 0.000 0.000 0.000 0.001 0.002 0.004 0.007 0.002 0.010 0.002 0.006 0.005 0.008 0.008 0.010 0.005 0.131 0.027 0.018 0.000 0.000 0.017 0.010 0.004 0.000 0.010 0.009 0.000 0.006 0.000 0.000 0.001 0.010 0.002 0.000 0.003 0.004 0.002 0.014 0.006 0.000 0.000 0.000 0.000 0.010 0.000 0.000 0.000 0.000 0.000 0.000 0.000 0.000 0.000 0.000 0.000 0.000
0.000 0.000 0.000 0.000 0.000 0.000 0.010 0.008 0.006 0.058 0.006 0.008 0.008 0.006 0.006 0.006 0.008 0.005 0.003 0.003 0.010 0.003 0.003 0.005 0.006 0.003 0.004 0.004 0.007 0.004 0.001 0.003 0.001 0.003 0.010 0.003 0.003 0.000 0.002 0.003 0.001 0.000 0.008 0.009 0.010 0.010 0.004 0.002 0.000 0.003 0.000 0.000 0.000 0.001 0.002 0.003 0.001 0.000 0.002 0.005 0.010 0.000 0.000 0.000 0.065 0.010 0.000 0.000 0.000 0.000 0.000 0.000 0.000 0.000 0.000 0.000 0.000
0.000 0.000 0.000 0.000 0.000 0.000 0.005 0.008 0.010 0.010 0.004 0.010 0.003 0.008 0.006 0.004 0.008 0.004 0.002 0.004 0.008 0.005 0.002 0.003 0.004 0.002 0.000 0.000 0.001 0.001 0.001 0.000 0.000 0.004 0.006 0.005 0.004 0.000 0.000 0.001 0.001 0.010 0.021 0.007 0.000 0.010 0.005 0.001 0.001 0.005 0.003 0.005 0.002 0.001 0.000 0.002 0.005 0.002 0.002 0.004 0.006 0.000 0.000 0.000 0.000 0.032 0.000 0.000 0.000 0.000 0.000 0.000 0.000 0.000 0.000 0.000 0.000
0.000 0.000 0.000 0.000 0.000 0.010 0.010 0.010 0.006 0.010 0.010 0.010 0.008 0.002 0.003 0.006 0.008 0.007 0.002 0.002 0.002 0.001 0.000 0.000 0.000 0.004 0.000 0.001 0.001 0.001 0.000 0.001 0.000 0.002 0.004 0.008 0.003 0.000 0.000 0.000 0.001 0.001 0.253 0.005 0.003 0.004 0.002 0.000 0.004 0.000 0.008 0.005 0.007 0.003 0.002 0.002 0.003 0.000 0.000 0.006 0.006 0.008 0.000 0.000 0.000 0.000 0.022 0.000 0.000 0.000 0.000 0.000 0.000 0.000 0.000 0.000 0.000
0.000 0.000 0.000 0.000 0.000 0.010 0.010 0.010 0.006 0.010 0.004 0.017 0.002 0.006 0.003 0.002 0.003 0.005 0.000 0.001 0.002 0.001 0.008 0.010 0.007 0.008 0.003 0.000 0.000 0.000 0.001 0.000 0.002 0.001 0.006 0.005 0.003 0.002 0.002 0.001 0.000 0.000 0.000 0.005 0.000 0.002 0.002 0.001 0.004 0.004 0.014 0.010 0.004 0.000 0.000 0.002 0.002 0.001 0.001 0.002 0.003 0.006 0.037 0.000 0.000 0.000 0.000 0.010 0.000 0.000 0.000 0.000 0.000 0.000 0.000 0.000 0.000
0.000 0.000 0.000 0.000 0.000 0.010 0.010 0.010 0.004 0.006 0.005 0.004 0.010 0.003 0.001 0.002 0.002 0.000 0.004 0.008 0.008 0.006 0.008 0.010 0.010 0.010 0.004 0.001 0.001 0.000 0.001 0.000 0.001 0.001 0.003 0.006 0.002 0.002 0.000 0.000 0.001 0.001 0.000 0.011 0.000 0.002 0.001 0.000 0.001 0.008 0.008 0.006 0.002 0.000 0.000 0.001 0.003 0.003 0.002 0.004 0.010 0.006 0.010 0.000 0.000 0.000 0.000 0.046 0.000 0.000 0.000 0.000 0.000 0.000 0.000 0.000 0.000
0.000 0.000 0.000 0.000 0.000 0.080 0.010 0.010 0.005 0.006 0.004 0.010 0.002 0.001 0.001 0.003 0.003 0.010 0.051 0.006 0.000 0.001 0.001 0.003 0.006 0.008 0.003 0.001 0.000 0.000 0.000 0.000 0.001 0.002 0.001 0.008 0.008 0.002 0.000 0.000 0.001 0.001 0.002 0.006 0.004 0.002 0.004 0.002 0.002 0.001 0.001 0.001 0.025 0.002 0.001 0.000 0.000 0.002 0.001 0.000 0.010 0.057 0.000 0.000 0.000 0.000 0.000 0.000 0.010 0.000 0.000 0.000 0.000 0.000 0.000 0.000 0.000
0.000 0.000 0.000 0.000 0.000 0.010 0.010 0.010 0.010 0.010 0.003 0.010 0.004 0.002 0.001 0.003 0.005 0.005 0.002 0.005 0.001 0.002 0.006 0.010 0.010 0.010 0.004 0.001 0.001 0.000 0.000 0.001 0.000 0.008 0.000 0.002 0.010 0.002 0.001 0.003 0.000 0.005 0.008 0.008 0.004 0.000 0.001 0.001 0.001 0.000 0.000 0.004 0.010 0.009 0.010 0.000 0.000 0.006 0.007 0.000 0.096 0.010 0.010 0.010 0.000 0.000 0.000 0.000 0.010 0.000 0.000 0.000 0.000 0.000 0.000 0.000 0.000
0.000 0.000 0.000 0.000 0.000 0.162 0.008 0.010 0.006 0.010 0.006 0.008 0.002 0.002 0.003 0.003 0.002 0.004 0.010 0.010 0.000 0.010 0.010 0.163 0.010 0.010 0.006 0.000 0.002 0.001 0.000 0.000 0.000 0.003 0.008 0.002 0.006 0.006 0.000 0.000 0.006 0.000 0.008 0.010 0.004 0.001 0.000 0.002 0.001 0.001 0.000 0.000 0.010 0.010 0.000 0.054 0.010 0.010 0.003 0.004 0.002 0.010 0.122 0.008 0.000 0.000 0.000 0.000 0.010 0.000 0.000 0.000 0.000 0.000 0.000 0.000 0.000
0.000 0.000 0.000 0.000 0.000 0.000 0.050 0.008 0.006 0.006 0.006 0.000 0.002 0.001 0.002 0.002 0.002 0.008 0.000 0.010 0.000 0.010 0.043 0.010 0.000 0.010 0.006 0.000 0.000 0.001 0.001 0.002 0.001 0.003 0.004 0.003 0.005 0.002 0.008 0.000 0.003 0.002 0.008 0.268 0.004 0.004 0.000 0.001 0.002 0.000 0.000 0.804 0.510 0.023 0.002 0.003 0.000 0.017 0.000 0.003 0.003 0.010 0.003 0.003 0.010 0.000 0.000 0.000 0.010 0.010 0.000 0.000 0.000 0.000 0.000 0.000 0.000
0.000 0.000 0.000 0.000 0.000 0.000 0.013 0.004 0.010 0.006 0.002 0.008 0.004 0.001 0.002 0.004 0.005 0.000 0.010 0.173 0.108 0.150 0.108 0.010 0.000 0.010 0.008 0.009 0.000 0.003 0.005 0.002 0.007 0.010 0.010 0.002 0.010 0.005 0.003 0.000 0.000 0.004 0.000 0.000 0.003 0.000 0.048 0.007 0.005 0.003 0.006 0.000 0.000 0.035 0.006 0.006 0.003 0.000 0.000 0.000 0.001 0.000 0.003 0.046 0.008 0.000 0.000 0.000 0.131 0.010 0.000 0.000 0.000 0.000 0.000 0.000 0.000
0.000 0.000 0.000 0.000 0.000 0.000 0.010 0.006 0.008 0.004 0.002 0.001 0.001 0.003 0.003 0.000 0.010 0.010 0.010 0.010 0.010 0.010 0.010 0.121 0.010 0.010 0.008 0.006 0.006 0.003 0.008 0.010 0.010 0.010 0.100 0.003 0.003 0.008 0.002 0.000 0.000 0.006 0.003 0.010 0.010 0.010 0.010 0.010 0.001 0.010 0.001 0.001 0.000 0.036 0.010 0.010 0.007 0.002 0.002 0.000 0.001 0.001 0.001 0.004 0.005 0.031 0.000 0.000 0.000 0.010 0.000 0.000 0.000 0.000 0.000 0.000 0.000
0.000 0.000 0.000 0.000 0.000 0.000 0.080 0.004 0.008 0.010 0.004 0.001 0.002 0.000 0.007 0.010 0.080 0.010 0.010 0.010 0.010 0.010 0.010 0.034 0.010 0.010 0.007 0.004 0.008 0.008 0.008 0.008 0.010 0.010 0.010 0.019 0.004 0.008 0.006 0.004 0.002 0.003 0.000 0.086 0.010 0.000 0.002 0.010 0.000 0.063 0.013 0.019 0.113 0.104 0.008 0.002 0.006 0.004 0.001 0.001 0.000 0.003 0.004 0.000 0.004 0.010 0.000 0.000 0.000 0.010 0.000 0.000 0.000 0.000 0.000 0.000 0.000
0.000 0.000 0.000 0.000 0.000 0.000 0.010 0.006 0.008 0.004 0.006 0.000 0.010 0.010 0.010 0.130 0.076 0.010 0.010 0.010 0.027 0.096 0.044 0.010 0.010 0.010 0.010 0.003 0.000 0.000 0.000 0.000 0.000 0.000 0.000 0.006 0.002 0.010 0.007 0.000 0.005 0.010 0.010 0.052 0.006 0.003 0.002 0.000 0.000 0.010 0.000 0.131 0.265 0.198 0.009 0.000 0.000 0.001 0.001 0.002 0.001 0.000 0.006 0.000 0.010 0.010 0.000 0.000 0.000 0.072 0.000 0.000 0.000 0.000 0.000 0.000 0.000
0.000 0.000 0.000 0.000 0.000 0.000 0.010 0.008 0.008 0.003 0.008 0.010 0.010 0.010 0.010 0.082 0.010 0.010 0.053 0.028 0.010 0.010 0.010 0.010 0.125 0.010 0.010 0.004 0.010 0.006 0.002 0.001 0.000 0.051 0.000 0.010 0.002 0.007 0.009 0.000 0.008 0.009 0.005 0.010 0.149 0.005 0.000 0.000 0.002 0.010 0.000 0.210 0.000 0.004 0.013 0.000 0.003 0.000 0.001 0.002 0.000 0.000 0.009 0.010 0.005 0.008 0.036 0.000 0.000 0.000 0.010 0.000 0.000 0.000 0.000 0.000 0.000
0.000 0.000 0.000 0.000 0.000 0.000 0.010 0.008 0.010 0.006 0.067 0.000 0.048 0.050 0.010 0.010 0.010 0.010 0.140 0.010 0.010 0.010 0.115 0.010 0.008 0.006 0.008 0.006 0.000 0.006 0.003 0.003 0.001 0.016 0.000 0.000 0.429 0.010 0.009 0.000 0.008 0.010 0.006 0.008 0.000 0.004 0.000 0.001 0.002 0.001 0.001 0.000 0.000 0.000 0.005 0.001 0.001 0.000 0.003 0.001 0.004 0.006 0.001 0.001 0.001 0.005 0.010 0.000 0.000 0.000 0.010 0.000 0.000 0.000 0.000 0.000 0.000
0.000 0.000 0.000 0.000 0.000 0.000 0.010 0.008 0.010 0.007 0.010 0.000 0.154 0.044 0.010 0.010 0.010 0.010 0.010 0.010 0.010 0.010 0.000 0.007 0.000 0.095 0.006 0.005 0.000 0.008 0.005 0.003 0.002 0.000 0.000 0.000 0.027 0.010 0.002 0.008 0.007 0.031 0.006 0.008 0.000 0.004 0.000 0.001 0.004 0.003 0.002 0.001 0.000 0.000 0.004 0.007 0.002 0.010 0.000 0.002 0.007 0.002 0.000 0.002 0.003 0.004 0.010 0.000 0.000 0.000 0.074 0.000 0.000 0.000 0.000 0.000 0.000
0.000 0.000 0.000 0.000 0.000 0.000 0.057 0.006 0.010 0.007 0.006 0.010 0.010 0.010 0.114 0.136 0.010 0.010 0.010 0.010 0.010 0.007 0.010 0.000 0.000 0.010 0.006 0.002 0.008 0.010 0.003 0.005 0.005 0.002 0.000 0.000 0.010 0.010 0.004 0.006 0.006 0.000 0.000 0.000 0.400 0.006 0.000 0.000 0.005 0.006 0.005 0.002 0.004 0.004 0.003 0.002 0.002 0.002 0.002 0.002 0.003 0.003 0.008 0.001 0.002 0.004 0.010 0.000 0.000 0.000 0.010 0.000 0.000 0.000 0.000 0.000 0.000
0.000 0.000 0.000 0.000 0.000 0.000 0.000 0.008 0.010 0.006 0.002 0.006 0.010 0.010 0.010 0.010 0.073 0.121 0.192 0.021 0.006 0.000 0.008 0.006 0.005 0.005 0.006 0.005 0.010 0.010 0.010 0.010 0.000 0.009 0.003 0.000 0.066 0.010 0.005 0.003 0.003 0.002 0.000 0.000 0.014 0.004 0.010 0.053 0.127 0.000 0.000 0.003 0.000 0.001 0.001 0.000 0.000 0.001 0.005 0.002 0.004 0.002 0.000 0.006 0.008 0.004 0.010 0.000 0.000 0.000 0.010 0.000 0.000 0.000 0.000 0.000 0.000
0.000 0.000 0.000 0.000 0.000 0.000 0.028 0.010 0.010 0.006 0.001 0.006 0.000 0.010 0.010 0.010 0.096 0.010 0.006 0.006 0.004 0.010 0.069 0.010 0.141 0.010 0.030 0.010 0.172 0.161 0.105 0.010 0.010 0.010 0.002 0.003 0.002 0.023 0.002 0.000 0.002 0.000 0.000 0.002 0.002 0.067 0.010 0.171 0.078 0.000 0.000 0.006 0.002 0.002 0.002 0.001 0.002 0.001 0.000 0.001 0.001 0.001 0.000 0.000 0.000 0.004 0.008 0.045 0.000 0.000 0.059 0.000 0.000 0.000 0.000 0.000 0.000
0.000 0.000 0.000 0.000 0.000 0.000 0.010 0.012 0.010 0.006 0.068 0.010 0.000 0.010 0.010 0.089 0.008 0.000 0.008 0.004 0.000 0.000 0.000 0.010 0.022 0.010 0.010 0.005 0.126 0.126 0.010 0.010 0.010 0.009 0.000 0.000 0.000 0.010 0.010 0.010 0.005 0.000 0.005 0.001 0.050 0.006 0.002 0.096 0.027 0.000 0.000 0.007 0.010 0.010 0.031 0.010 0.007 0.002 0.003 0.002 0.001 0.002 0.000 0.001 0.003 0.010 0.010 0.010 0.000 0.000 0.000 0.010 0.000 0.000 0.000 0.000 0.000
0.000 0.000 0.000 0.000 0.000 0.000 0.010 0.007 0.010 0.007 0.008 0.021 0.010 0.186 0.010 0.010 0.006 0.004 0.006 0.000 0.000 0.000 0.000 0.000 0.000 0.010 0.010 0.005 0.000 0.144 0.010 0.010 0.010 0.006 0.003 0.006 0.001 0.008 0.010 0.010 0.010 0.010 0.000 0.003 0.002 0.000 0.002 0.000 0.093 0.010 0.010 0.003 0.010 0.000 0.010 0.010 0.030 0.010 0.001 0.000 0.002 0.002 0.000 0.000 0.003 0.010 0.005 0.010 0.000 0.000 0.000 0.046 0.000 0.000 0.000 0.000 0.000
0.000 0.000 0.000 0.000 0.000 0.000 0.010 0.005 0.010 0.007 0.010 0.006 0.075 0.010 0.000 0.006 0.005 0.004 0.000 0.000 0.006 0.008 0.064 0.000 0.000 0.000 0.000 0.004 0.000 0.000 0.000 0.000 0.000 0.000 0.002 0.000 0.002 0.008 0.010 0.010 0.000 0.004 0.000 0.000 0.010 0.004 0.007 0.010 0.010 0.008 0.000 0.003 0.010 0.000 0.010 0.010 0.071 0.010 0.006 0.002 0.002 0.001 0.006 0.010 0.005 0.010 0.006 0.010 0.000 0.000 0.000 0.000 0.000 0.000 0.000 0.000 0.000
0.000 0.000 0.000 0.000 0.000 0.000 0.062 0.006 0.010 0.007 0.021 0.000 0.000 0.000 0.005 0.005 0.003 0.000 0.003 0.002 0.010 0.000 0.010 0.010 0.010 0.000 0.000 0.009 0.000 0.000 0.000 0.000 0.000 0.000 0.007 0.010 0.009 0.010 0.010 0.010 0.010 0.003 0.001 0.006 0.010 0.011 0.010 0.000 0.006 0.005 0.010 0.003 0.002 0.003 0.010 0.010 0.006 0.003 0.002 0.006 0.008 0.001 0.006 0.010 0.010 0.006 0.003 0.010 0.000 0.000 0.000 0.000 0.000 0.000 0.000 0.000 0.000
0.000 0.000 0.000 0.000 0.000 0.000 0.010 0.006 0.010 0.007 0.000 0.000 0.003 0.000 0.005 0.000 0.004 0.009 0.082 0.022 0.010 0.010 0.010 0.049 0.024 0.010 0.010 0.004 0.000 0.000 0.056 0.010 0.000 0.000 0.000 0.009 0.010 0.010 0.011 0.003 0.008 0.002 0.005 0.004 0.005 0.003 0.010 0.003 0.002 0.003 0.004 0.003 0.002 0.004 0.004 0.003 0.004 0.006 0.006 0.010 0.010 0.001 0.008 0.006 0.006 0.006 0.004 0.010 0.000 0.000 0.000 0.010 0.000 0.000 0.000 0.000 0.000
0.000 0.000 0.000 0.000 0.000 0.000 0.010 0.007 0.010 0.007 0.005 0.002 0.000 0.003 0.009 0.004 0.000 0.010 0.010 0.000 0.000 0.103 0.151 0.099 0.024 0.010 0.010 0.007 0.000 0.000 0.000 0.000 0.009 0.007 0.002 0.003 0.002 0.009 0.261 0.005 0.047 0.008 0.004 0.006 0.006 0.010 0.010 0.003 0.010 0.004 0.004 0.003 0.003 0.006 0.005 0.006 0.010 0.009 0.008 0.004 0.008 0.001 0.000 0.001 0.004 0.002 0.006 0.010 0.000 0.000 0.000 0.077 0.000 0.000 0.000 0.000 0.000
