hx_30m/njhx/rain/result-0009.wd
ncols         211
nrows         286
xllcorner     660279.582600
yllcorner     3541874.325092
cellsize      30.000000
NODATA_value  -9999.000000
[rows 204 to 237 of 286, columns 0 to 76 of 211]
0.000 0.000 0.000 0.000 0.000 0.000 0.000 0.000 0.000 0.000 0.000 0.000 0.000 0.000 0.000 0.010 0.012 0.010 0.000 0.005 0.007 0.005 0.006 0.009 0.010 0.010 0.010 0.015 0.004 0.010 0.010 0.010 0.000 0.006 0.008 0.006 0.007 0.007 0.010 0.010 0.012 0.000 0.010 0.033 0.007 0.010 0.006 0.008 0.007 0.010 0.000 0.008 0.000 0.007 0.009 0.008 0.009 0.005 0.000 0.000 0.003 0.002 0.002 0.002 0.000 0.001 0.002 0.002 0.000 0.004 0.005 0.003 0.002 0.003 0.002 0.009 0.000
0.000 0.000 0.000 0.000 0.000 0.000 0.000 0.000 0.000 0.000 0.000 0.000 0.000 0.000 0.018 0.010 0.010 0.006 0.003 0.006 0.006 0.010 0.007 0.010 0.009 0.009 0.010 0.010 0.003 0.008 0.010 0.010 0.000 0.010 0.010 0.007 0.008 0.007 0.010 0.009 0.005 0.000 0.010 0.010 0.010 0.010 0.010 0.007 0.008 0.006 0.009 0.010 0.010 0.008 0.024 0.007 0.005 0.004 0.000 0.002 0.000 0.000 0.000 0.002 0.004 0.003 0.004 0.000 0.003 0.003 0.000 0.004 0.004 0.004 0.000 0.016 0.003
0.000 0.000 0.000 0.000 0.000 0.000 0.000 0.000 0.000 0.000 0.000 0.000 0.000 0.000 0.010 0.015 0.006 0.006 0.008 0.006 0.010 0.010 0.007 0.010 0.008 0.014 0.010 0.005 0.009 0.005 0.010 0.010 0.000 0.007 0.010 0.007 0.006 0.008 0.010 0.006 0.000 0.014 0.010 0.010 0.010 0.010 0.010 0.009 0.009 0.005 0.006 0.007 0.005 0.006 0.007 0.007 0.005 0.004 0.003 0.000 0.000 0.002 0.002 0.002 0.005 0.005 0.005 0.005 0.004 0.004 0.005 0.003 0.005 0.000 0.005 0.003 0.005
0.000 0.000 0.000 0.000 0.000 0.000 0.000 0.000 0.000 0.000 0.000 0.000 0.000 0.000 0.010 0.010 0.007 0.010 0.006 0.006 0.010 0.008 0.010 0.007 0.009 0.005 0.004 0.007 0.006 0.005 0.005 0.008 0.007 0.010 0.010 0.010 0.008 0.007 0.004 0.006 0.010 0.031 0.010 0.010 0.010 0.010 0.010 0.008 0.005 0.000 0.005 0.006 0.005 0.018 0.007 0.005 0.010 0.000 0.000 0.000 0.000 0.001 0.001 0.002 0.005 0.005 0.005 0.005 0.003 0.005 0.005 0.000 0.005 0.003 0.004 0.000 0.004
0.000 0.000 0.000 0.000 0.000 0.000 0.000 0.000 0.000 0.000 0.000 0.000 0.000 0.000 0.010 0.010 0.006 0.008 0.008 0.019 0.008 0.009 0.010 0.009 0.010 0.008 0.007 0.005 0.009 0.006 0.008 0.000 0.007 0.010 0.007 0.005 0.004 0.006 0.007 0.010 0.010 0.015 0.010 0.010 0.010 0.010 0.009 0.010 0.000 0.010 0.005 0.007 0.010 0.000 0.004 0.006 0.007 0.004 0.007 0.002 0.002 0.003 0.002 0.006 0.005 0.005 0.005 0.004 0.003 0.005 0.000 0.005 0.005 0.002 0.000 0.003 0.000
0.000 0.000 0.000 0.000 0.000 0.000 0.000 0.000 0.000 0.000 0.000 0.000 0.000 0.010 0.009 0.006 0.010 0.010 0.010 0.008 0.010 0.010 0.009 0.009 0.004 0.010 0.009 0.010 0.005 0.005 0.010 0.000 0.007 0.010 0.007 0.005 0.000 0.003 0.007 0.010 0.010 0.010 0.010 0.010 0.010 0.010 0.007 0.007 0.008 0.006 0.000 0.039 0.010 0.000 0.000 0.003 0.006 0.007 0.005 0.005 0.002 0.003 0.002 0.006 0.006 0.005 0.005 0.000 0.000 0.166 0.052 0.003 0.003 0.004 0.000 0.003 0.003
0.000 0.000 0.000 0.000 0.000 0.000 0.000 0.000 0.000 0.000 0.000 0.000 0.019 0.010 0.009 0.007 0.012 0.010 0.010 0.007 0.010 0.010 0.009 0.008 0.007 0.010 0.010 0.005 0.000 0.010 0.000 0.010 0.010 0.008 0.008 0.002 0.000 0.003 0.004 0.010 0.008 0.010 0.010 0.010 0.010 0.010 0.013 0.006 0.009 0.008 0.005 0.010 0.000 0.000 0.000 0.006 0.000 0.007 0.006 0.004 0.003 0.007 0.004 0.003 0.006 0.006 0.006 0.006 0.006 0.011 0.003 0.004 0.002 0.000 0.002 0.002 0.002
0.000 0.000 0.000 0.000 0.000 0.000 0.000 0.000 0.000 0.000 0.000 0.000 0.010 0.010 0.006 0.013 0.010 0.010 0.006 0.010 0.010 0.010 0.010 0.010 0.006 0.010 0.004 0.007 0.000 0.000 0.000 0.007 0.010 0.007 0.005 0.000 0.002 0.002 0.003 0.008 0.011 0.009 0.010 0.010 0.010 0.007 0.008 0.008 0.010 0.008 0.000 0.006 0.000 0.000 0.003 0.005 0.000 0.000 0.000 0.005 0.005 0.003 0.025 0.010 0.249 0.006 0.000 0.006 0.006 0.016 0.004 0.003 0.003 0.003 0.003 0.002 0.005
0.000 0.000 0.000 0.000 0.000 0.000 0.000 0.000 0.000 0.000 0.000 0.000 0.010 0.010 0.007 0.010 0.010 0.010 0.008 0.008 0.010 0.010 0.010 0.012 0.006 0.010 0.005 0.009 0.000 0.000 0.000 0.007 0.010 0.007 0.007 0.005 0.002 0.010 0.006 0.004 0.000 0.004 0.005 0.010 0.009 0.013 0.005 0.010 0.010 0.010 0.009 0.004 0.000 0.000 0.003 0.007 0.006 0.005 0.007 0.006 0.005 0.000 0.004 0.010 0.010 0.010 0.010 0.007 0.004 0.000 0.005 0.002 0.004 0.002 0.002 0.002 0.000
0.000 0.000 0.000 0.000 0.000 0.000 0.000 0.000 0.000 0.000 0.000 0.000 0.013 0.007 0.010 0.010 0.060 0.010 0.008 0.010 0.010 0.010 0.009 0.010 0.005 0.010 0.007 0.007 0.000 0.010 0.000 0.009 0.008 0.010 0.005 0.003 0.003 0.004 0.000 0.000 0.004 0.000 0.000 0.000 0.006 0.009 0.000 0.006 0.009 0.007 0.000 0.005 0.006 0.004 0.017 0.009 0.005 0.006 0.005 0.003 0.004 0.005 0.000 0.086 0.010 0.010 0.010 0.010 0.005 0.004 0.004 0.000 0.000 0.004 0.003 0.000 0.000
0.000 0.000 0.000 0.000 0.000 0.000 0.000 0.000 0.000 0.000 0.000 0.010 0.007 0.006 0.010 0.010 0.010 0.010 0.007 0.010 0.010 0.008 0.009 0.008 0.017 0.010 0.009 0.005 0.010 0.086 0.010 0.010 0.018 0.010 0.003 0.008 0.006 0.007 0.005 0.000 0.006 0.005 0.010 0.004 0.005 0.005 0.007 0.004 0.009 0.006 0.007 0.000 0.007 0.029 0.004 0.000 0.006 0.005 0.006 0.008 0.007 0.000 0.008 0.007 0.007 0.010 0.008 0.000 0.008 0.004 0.004 0.003 0.003 0.000 0.000 0.000 0.005
0.000 0.000 0.000 0.000 0.000 0.000 0.000 0.000 0.000 0.000 0.000 0.015 0.010 0.006 0.012 0.010 0.010 0.007 0.010 0.010 0.010 0.008 0.007 0.009 0.010 0.010 0.015 0.010 0.010 0.000 0.008 0.010 0.008 0.008 0.005 0.003 0.008 0.006 0.009 0.004 0.009 0.000 0.000 0.005 0.006 0.005 0.007 0.009 0.018 0.006 0.007 0.000 0.009 0.007 0.007 0.010 0.010 0.010 0.008 0.000 0.008 0.008 0.008 0.008 0.000 0.005 0.003 0.007 0.005 0.000 0.004 0.004 0.003 0.002 0.003 0.005 0.005
0.000 0.000 0.000 0.000 0.000 0.000 0.000 0.000 0.000 0.000 0.032 0.010 0.010 0.010 0.010 0.010 0.010 0.007 0.010 0.010 0.010 0.008 0.003 0.007 0.010 0.010 0.010 0.010 0.006 0.000 0.015 0.010 0.008 0.006 0.003 0.007 0.005 0.004 0.000 0.004 0.008 0.010 0.010 0.005 0.005 0.000 0.000 0.005 0.007 0.008 0.075 0.007 0.009 0.007 0.003 0.006 0.007 0.007 0.000 0.009 0.008 0.008 0.000 0.000 0.005 0.005 0.000 0.000 0.004 0.004 0.004 0.003 0.004 0.002 0.002 0.002 0.003
0.000 0.000 0.000 0.000 0.000 0.000 0.000 0.000 0.000 0.000 0.010 0.010 0.010 0.010 0.010 0.010 0.010 0.007 0.010 0.010 0.010 0.010 0.007 0.006 0.010 0.010 0.007 0.004 0.000 0.060 0.008 0.009 0.009 0.000 0.000 0.004 0.017 0.010 0.010 0.005 0.003 0.004 0.001 0.005 0.006 0.006 0.010 0.010 0.004 0.006 0.000 0.005 0.017 0.004 0.007 0.009 0.000 0.011 0.010 0.009 0.009 0.000 0.000 0.008 0.006 0.005 0.005 0.004 0.005 0.004 0.003 0.003 0.004 0.002 0.000 0.003 0.002
0.000 0.000 0.000 0.000 0.000 0.000 0.000 0.000 0.000 0.000 0.010 0.010 0.010 0.010 0.010 0.010 0.010 0.009 0.010 0.013 0.000 0.010 0.016 0.010 0.007 0.008 0.004 0.000 0.018 0.006 0.010 0.008 0.010 0.005 0.006 0.010 0.010 0.010 0.014 0.009 0.006 0.002 0.002 0.007 0.007 0.007 0.009 0.008 0.009 0.024 0.004 0.003 0.007 0.007 0.010 0.000 0.008 0.010 0.000 0.009 0.008 0.000 0.008 0.006 0.004 0.004 0.000 0.002 0.000 0.003 0.004 0.003 0.002 0.002 0.002 0.004 0.002
0.000 0.000 0.000 0.000 0.000 0.000 0.000 0.000 0.000 0.000 0.000 0.010 0.022 0.010 0.010 0.010 0.010 0.010 0.013 0.000 0.000 0.000 0.010 0.015 0.000 0.000 0.020 0.008 0.008 0.009 0.010 0.010 0.010 0.000 0.000 0.008 0.008 0.000 0.006 0.005 0.007 0.002 0.004 0.004 0.007 0.010 0.009 0.016 0.006 0.007 0.005 0.003 0.005 0.000 0.017 0.007 0.005 0.004 0.004 0.000 0.008 0.008 0.008 0.006 0.004 0.004 0.005 0.003 0.004 0.005 0.005 0.005 0.004 0.000 0.000 0.002 0.002
0.000 0.000 0.000 0.000 0.000 0.000 0.000 0.000 0.000 0.000 0.000 0.000 0.000 0.000 0.032 0.010 0.010 0.010 0.000 0.000 0.000 0.000 0.000 0.010 0.000 0.010 0.009 0.008 0.010 0.006 0.010 0.008 0.010 0.000 0.011 0.010 0.000 0.008 0.006 0.005 0.000 0.002 0.006 0.007 0.007 0.010 0.010 0.006 0.007 0.005 0.004 0.005 0.000 0.014 0.010 0.006 0.010 0.000 0.003 0.003 0.004 0.006 0.005 0.004 0.007 0.003 0.003 0.004 0.004 0.004 0.005 0.000 0.003 0.000 0.002 0.002 0.000
0.000 0.000 0.000 0.000 0.000 0.000 0.000 0.000 0.000 0.000 0.000 0.000 0.010 0.010 0.010 0.010 0.010 0.010 0.000 0.000 0.000 0.000 0.000 0.000 0.000 0.046 0.007 0.008 0.007 0.009 0.010 0.008 0.010 0.007 0.007 0.005 0.000 0.010 0.006 0.004 0.002 0.002 0.003 0.000 0.006 0.009 0.007 0.009 0.006 0.006 0.000 0.010 0.010 0.008 0.000 0.000 0.006 0.000 0.008 0.000 0.000 0.003 0.005 0.004 0.004 0.000 0.003 0.004 0.000 0.000 0.004 0.004 0.004 0.004 0.002 0.002 0.003
0.000 0.000 0.000 0.000 0.000 0.000 0.000 0.000 0.000 0.000 0.000 0.000 0.000 0.000 0.000 0.010 0.010 0.010 0.010 0.000 0.000 0.000 0.014 0.000 0.000 0.000 0.000 0.020 0.010 0.007 0.010 0.007 0.010 0.007 0.006 0.010 0.007 0.008 0.000 0.000 0.003 0.005 0.005 0.009 0.007 0.004 0.020 0.004 0.007 0.000 0.007 0.019 0.007 0.005 0.007 0.009 0.006 0.005 0.000 0.000 0.002 0.000 0.002 0.003 0.001 0.005 0.005 0.000 0.004 0.004 0.003 0.005 0.003 0.004 0.003 0.002 0.002
0.000 0.000 0.000 0.000 0.000 0.000 0.000 0.000 0.000 0.000 0.000 0.000 0.000 0.000 0.000 0.000 0.010 0.010 0.010 0.010 0.010 0.027 0.000 0.000 0.000 0.000 0.000 0.000 0.000 0.024 0.010 0.037 0.007 0.005 0.008 0.010 0.006 0.007 0.006 0.008 0.004 0.004 0.000 0.007 0.000 0.000 0.010 0.000 0.071 0.010 0.006 0.006 0.006 0.007 0.009 0.007 0.010 0.009 0.004 0.004 0.003 0.006 0.003 0.007 0.000 0.000 0.004 0.007 0.004 0.004 0.004 0.006 0.000 0.004 0.004 0.004 0.000
0.000 0.000 0.000 0.000 0.000 0.000 0.000 0.000 0.000 0.000 0.000 0.000 0.000 0.000 0.000 0.000 0.000 0.010 0.010 0.010 0.000 0.000 0.000 0.016 0.000 0.031 0.010 0.010 0.022 0.000 0.000 0.000 0.000 0.000 0.000 0.008 0.006 0.010 0.010 0.006 0.006 0.005 0.009 0.010 0.010 0.010 0.000 0.029 0.010 0.010 0.004 0.005 0.004 0.006 0.008 0.009 0.009 0.006 0.004 0.005 0.005 0.004 0.004 0.004 0.003 0.005 0.005 0.004 0.004 0.002 0.003 0.004 0.000 0.005 0.004 0.000 0.000
0.000 0.000 0.000 0.000 0.000 0.000 0.000 0.000 0.000 0.000 0.000 0.000 0.000 0.000 0.000 0.000 0.000 0.000 0.000 0.073 0.000 0.000 0.000 0.010 0.000 0.010 0.010 0.000 0.000 0.000 0.000 0.023 0.010 0.010 0.015 0.000 0.010 0.007 0.007 0.006 0.007 0.009 0.007 0.008 0.010 0.061 0.010 0.010 0.010 0.007 0.007 0.005 0.006 0.007 0.003 0.003 0.005 0.006 0.005 0.005 0.008 0.002 0.006 0.005 0.005 0.000 0.000 0.003 0.003 0.000 0.000 0.004 0.003 0.004 0.005 0.000 0.003
0.000 0.000 0.000 0.000 0.000 0.000 0.000 0.000 0.000 0.000 0.000 0.000 0.000 0.000 0.000 0.000 0.000 0.000 0.000 0.000 0.013 0.000 0.000 0.000 0.000 0.010 0.000 0.000 0.000 0.000 0.000 0.000 0.000 0.000 0.000 0.010 0.019 0.000 0.000 0.010 0.010 0.005 0.006 0.006 0.000 0.010 0.007 0.007 0.007 0.008 0.009 0.010 0.000 0.006 0.003 0.005 0.005 0.004 0.005 0.004 0.003 0.003 0.007 0.004 0.005 0.007 0.006 0.003 0.003 0.003 0.002 0.004 0.003 0.003 0.006 0.003 0.003
0.000 0.000 0.000 0.000 0.000 0.000 0.000 0.000 0.000 0.000 0.000 0.000 0.000 0.000 0.000 0.000 0.000 0.000 0.000 0.000 0.000 0.010 0.000 0.000 0.013 0.000 0.000 0.000 0.000 0.000 0.000 0.000 0.000 0.000 0.000 0.000 0.000 0.010 0.010 0.021 0.000 0.000 0.000 0.010 0.000 0.007 0.007 0.007 0.010 0.009 0.011 0.007 0.009 0.008 0.009 0.000 0.000 0.000 0.000 0.000 0.005 0.004 0.007 0.003 0.003 0.000 0.006 0.005 0.003 0.002 0.003 0.004 0.003 0.004 0.003 0.002 0.003
0.000 0.000 0.000 0.000 0.000 0.000 0.000 0.000 0.000 0.000 0.000 0.000 0.000 0.000 0.000 0.000 0.000 0.000 0.000 0.000 0.000 0.000 0.000 0.013 0.000 0.000 0.000 0.000 0.000 0.000 0.000 0.000 0.000 0.000 0.000 0.000 0.000 0.000 0.000 0.010 0.012 0.009 0.010 0.014 0.000 0.000 0.000 0.009 0.007 0.006 0.007 0.010 0.009 0.005 0.005 0.005 0.009 0.005 0.000 0.005 0.004 0.007 0.002 0.002 0.003 0.005 0.006 0.006 0.004 0.000 0.008 0.008 0.006 0.006 0.003 0.005 0.000
0.000 0.000 0.000 0.000 0.000 0.000 0.000 0.000 0.000 0.000 0.000 0.000 0.000 0.000 0.000 0.000 0.000 0.000 0.000 0.000 0.000 0.000 0.000 0.000 0.000 0.000 0.000 0.000 0.000 0.000 0.000 0.000 0.000 0.000 0.000 0.000 0.000 0.000 0.000 0.000 0.000 0.000 0.000 0.000 0.000 0.000 0.000 0.058 0.000 0.000 0.099 0.005 0.006 0.006 0.007 0.009 0.005 0.004 0.005 0.004 0.006 0.008 0.000 0.000 0.000 0.002 0.005 0.004 0.005 0.000 0.004 0.007 0.008 0.007 0.005 0.003 0.003
0.000 0.000 0.000 0.000 0.000 0.000 0.000 0.000 0.000 0.000 0.000 0.000 0.000 0.000 0.000 0.000 0.000 0.000 0.000 0.000 0.000 0.000 0.000 0.000 0.000 0.000 0.000 0.000 0.000 0.000 0.000 0.000 0.000 0.000 0.000 0.000 0.000 0.000 0.000 0.000 0.000 0.000 0.000 0.000 0.000 0.000 0.000 0.000 0.000 0.012 0.000 0.000 0.010 0.006 0.004 0.005 0.005 0.009 0.007 0.005 0.004 0.004 0.007 0.006 0.006 0.000 0.000 0.004 0.000 0.006 0.007 0.010 0.005 0.000 0.003 0.002 0.002
0.000 0.000 0.000 0.000 0.000 0.000 0.000 0.000 0.000 0.000 0.000 0.000 0.000 0.000 0.000 0.000 0.000 0.000 0.000 0.000 0.000 0.000 0.000 0.000 0.000 0.000 0.000 0.000 0.000 0.000 0.000 0.000 0.000 0.000 0.000 0.000 0.000 0.000 0.000 0.000 0.000 0.000 0.000 0.000 0.000 0.000 0.000 0.000 0.000 0.000 0.000 0.011 0.000 0.000 0.000 0.008 0.009 0.004 0.006 0.006 0.007 0.008 0.006 0.005 0.003 0.006 0.006 0.010 0.000 0.008 0.000 0.004 0.003 0.006 0.002 0.000 0.002
0.000 0.000 0.000 0.000 0.000 0.000 0.000 0.000 0.000 0.000 0.000 0.000 0.000 0.000 0.000 0.000 0.000 0.000 0.000 0.000 0.000 0.000 0.000 0.000 0.000 0.000 0.000 0.000 0.000 0.000 0.000 0.000 0.000 0.000 0.000 0.000 0.000 0.000 0.000 0.000 0.000 0.000 0.000 0.000 0.000 0.000 0.000 0.000 0.000 0.000 0.000 0.000 0.000 0.000 0.009 0.009 0.000 0.000 0.000 0.000 0.007 0.005 0.005 0.005 0.009 0.007 0.003 0.006 0.009 0.007 0.006 0.009 0.000 0.000 0.004 0.003 0.000
0.000 0.000 0.000 0.000 0.000 0.000 0.000 0.000 0.000 0.000 0.000 0.000 0.000 0.000 0.000 0.000 0.000 0.000 0.000 0.000 0.000 0.000 0.000 0.000 0.000 0.000 0.000 0.000 0.000 0.000 0.000 0.000 0.000 0.000 0.000 0.000 0.000 0.000 0.000 0.000 0.000 0.000 0.000 0.000 0.000 0.000 0.000 0.000 0.000 0.000 0.000 0.000 0.000 0.000 0.000 0.000 0.000 0.000 0.000 0.009 0.000 0.000 0.000 0.000 0.005 0.005 0.005 0.009 0.007 0.006 0.007 0.008 0.006 0.007 0.000 0.005 0.005
0.000 0.000 0.000 0.000 0.000 0.000 0.000 0.000 0.000 0.000 0.000 0.000 0.000 0.000 0.000 0.000 0.000 0.000 0.000 0.000 0.000 0.000 0.000 0.000 0.000 0.000 0.000 0.000 0.000 0.000 0.000 0.000 0.000 0.000 0.000 0.000 0.000 0.000 0.000 0.000 0.000 0.000 0.000 0.000 0.000 0.000 0.000 0.000 0.000 0.000 0.000 0.000 0.000 0.000 0.000 0.000 0.000 0.000 0.000 0.000 0.000 0.000 0.009 0.009 0.000 0.000 0.000 0.006 0.006 0.006 0.007 0.008 0.006 0.005 0.008 0.005 0.000
0.000 0.000 0.000 0.000 0.000 0.000 0.000 0.000 0.000 0.000 0.000 0.000 0.000 0.000 0.000 0.000 0.000 0.000 0.000 0.000 0.000 0.000 0.000 0.000 0.000 0.000 0.000 0.000 0.000 0.000 0.000 0.000 0.000 0.000 0.000 0.000 0.000 0.000 0.000 0.000 0.000 0.000 0.000 0.000 0.000 0.000 0.000 0.000 0.000 0.000 0.000 0.000 0.000 0.000 0.000 0.000 0.000 0.000 0.000 0.000 0.000 0.000 0.000 0.000 0.000 0.009 0.010 0.000 0.000 0.011 0.008 0.003 0.009 0.008 0.004 0.008 0.007
0.000 0.000 0.000 0.000 0.000 0.000 0.000 0.000 0.000 0.000 0.000 0.000 0.000 0.000 0.000 0.000 0.000 0.000 0.000 0.000 0.000 0.000 0.000 0.000 0.000 0.000 0.000 0.000 0.000 0.000 0.000 0.000 0.000 0.000 0.000 0.000 0.000 0.000 0.000 0.000 0.000 0.000 0.000 0.000 0.000 0.000 0.000 0.000 0.000 0.000 0.000 0.000 0.000 0.000 0.000 0.000 0.000 0.000 0.000 0.000 0.000 0.000 0.000 0.000 0.000 0.000 0.000 0.000 0.000 0.000 0.000 0.000 0.005 0.004 0.010 0.006 0.006
0.000 0.000 0.000 0.000 0.000 0.000 0.000 0.000 0.000 0.000 0.000 0.000 0.000 0.000 0.000 0.000 0.000 0.000 0.000 0.000 0.000 0.000 0.000 0.000 0.000 0.000 0.000 0.000 0.000 0.000 0.000 0.000 0.000 0.000 0.000 0.000 0.000 0.000 0.000 0.000 0.000 0.000 0.000 0.000 0.000 0.000 0.000 0.000 0.000 0.000 0.000 0.000 0.000 0.000 0.000 0.000 0.000 0.000 0.000 0.000 0.000 0.000 0.000 0.000 0.000 0.000 0.000 0.000 0.000 0.000 0.000 0.000 0.000 0.000 0.006 0.006 0.008
