hx_30m/njhx/rain/result.maxtm
ncols         211
nrows         286
xllcorner     660279.582600
yllcorner     3541874.325092
cellsize      30.000000
NODATA_value  -9999.000000
[rows 120 to 149 of 286, columns 136 to 203 of 211]
4.166 4.144 -9999.000 4.167 4.167 3.956 5.072 5.076 4.000 -9999.000 -9999.000 4.498 5.599 5.551 5.546 4.146 4.036 -9999.000 4.333 4.333 3.324 3.315 3.006 2.988 2.967 -9999.000 2.908 -9999.000 2.927 2.938 3.330 3.329 3.316 4.397 4.127 4.133 3.306 4.140 4.137 4.118 -9999.000 4.167 4.149 4.167 4.036 4.079 4.049 4.161 4.157 -9999.000 5.500 -9999.000 -9999.000 -9999.000 -9999.000 -9999.000 -9999.000 -9999.000 -9999.000 -9999.000 -9999.000 -9999.000 -9999.000 -9999.000 -9999.000 -9999.000 -9999.000 -9999.000
4.156 -9999.000 4.053 4.167 4.167 3.328 -9999.000 3.328 3.262 -9999.000 -9999.000 4.474 4.466 4.493 4.494 4.157 4.333 -9999.000 4.333 4.330 3.320 3.314 2.981 -9999.000 2.928 2.987 2.989 2.972 2.953 2.962 2.982 2.993 3.303 4.373 4.165 4.091 -9999.000 -9999.000 -9999.000 4.167 4.167 4.167 -9999.000 4.167 4.166 4.167 4.167 4.165 -9999.000 5.500 4.078 -9999.000 5.500 -9999.000 -9999.000 -9999.000 -9999.000 -9999.000 -9999.000 -9999.000 -9999.000 -9999.000 -9999.000 -9999.000 -9999.000 -9999.000 -9999.000 -9999.000
4.167 4.167 4.167 3.332 4.139 4.145 4.167 3.330 4.493 4.490 -9999.000 4.454 4.445 4.456 4.465 4.309 4.333 -9999.000 -9999.000 4.118 4.333 3.287 3.237 2.997 3.000 2.989 -9999.000 -9999.000 2.971 2.942 2.987 3.315 3.330 3.255 4.129 4.150 4.149 4.151 4.167 4.167 -9999.000 4.167 4.167 4.167 4.167 4.167 4.167 -9999.000 4.094 4.080 -9999.000 -9999.000 -9999.000 -9999.000 -9999.000 -9999.000 -9999.000 -9999.000 -9999.000 -9999.000 -9999.000 -9999.000 -9999.000 -9999.000 -9999.000 -9999.000 -9999.000 -9999.000
3.333 4.162 3.333 3.316 3.328 4.019 -9999.000 -9999.000 -9999.000 -9999.000 -9999.000 -9999.000 -9999.000 4.324 4.298 -9999.000 4.281 -9999.000 -9999.000 4.333 3.333 4.153 4.333 -9999.000 2.970 2.974 3.334 2.922 3.334 2.982 -9999.000 3.324 3.296 3.260 4.125 4.091 4.162 4.166 -9999.000 4.167 -9999.000 4.167 4.167 4.074 4.167 -9999.000 -9999.000 4.159 4.162 4.148 4.073 4.013 -9999.000 4.500 -9999.000 -9999.000 -9999.000 5.500 -9999.000 -9999.000 -9999.000 -9999.000 -9999.000 -9999.000 -9999.000 -9999.000 -9999.000 -9999.000
3.333 4.167 -9999.000 -9999.000 4.073 4.168 -9999.000 4.167 -9999.000 4.000 3.972 4.001 4.167 4.333 -9999.000 -9999.000 4.217 -9999.000 4.333 -9999.000 4.333 3.333 4.333 3.325 3.291 4.331 4.333 -9999.000 -9999.000 3.333 3.333 3.333 2.971 3.326 4.167 4.192 4.167 -9999.000 4.167 4.010 -9999.000 -9999.000 4.333 4.329 4.333 4.333 -9999.000 4.162 -9999.000 -9999.000 4.167 4.128 4.032 -9999.000 4.500 -9999.000 -9999.000 -9999.000 5.500 -9999.000 -9999.000 -9999.000 -9999.000 -9999.000 -9999.000 -9999.000 -9999.000 -9999.000
3.333 4.195 -9999.000 4.148 4.153 3.324 -9999.000 3.971 4.000 3.924 3.986 4.000 4.329 4.329 3.304 -9999.000 4.326 -9999.000 4.333 -9999.000 3.325 4.333 3.326 3.333 -9999.000 -9999.000 3.333 2.992 3.332 3.330 3.283 -9999.000 3.333 4.333 -9999.000 4.193 4.167 4.333 3.333 4.149 4.076 4.333 4.167 4.333 4.167 4.178 4.140 4.160 4.087 -9999.000 -9999.000 4.130 4.167 -9999.000 3.980 4.500 -9999.000 -9999.000 -9999.000 5.500 -9999.000 -9999.000 -9999.000 -9999.000 -9999.000 -9999.000 -9999.000 -9999.000
3.333 3.333 -9999.000 4.165 -9999.000 3.325 3.324 4.167 4.000 -9999.000 3.998 4.000 3.995 4.333 -9999.000 4.334 4.328 -9999.000 -9999.000 -9999.000 -9999.000 -9999.000 -9999.000 4.333 4.234 3.331 3.228 2.949 2.957 -9999.000 3.325 4.252 3.331 -9999.000 4.333 3.999 4.000 3.333 4.329 4.151 -9999.000 4.156 4.259 4.235 4.232 4.200 -9999.000 4.166 4.072 -9999.000 4.167 4.160 4.156 4.117 4.000 3.961 5.500 -9999.000 -9999.000 -9999.000 -9999.000 -9999.000 -9999.000 -9999.000 -9999.000 -9999.000 -9999.000 -9999.000
3.333 3.333 -9999.000 -9999.000 -9999.000 3.317 -9999.000 4.167 3.318 -9999.000 -9999.000 4.167 4.333 4.331 4.330 4.288 4.305 4.327 4.333 4.333 -9999.000 3.292 4.333 4.325 3.309 3.329 3.323 -9999.000 3.314 3.315 4.297 4.333 4.332 -9999.000 4.333 4.604 -9999.000 4.333 4.333 4.333 -9999.000 4.333 4.333 3.181 4.500 -9999.000 -9999.000 4.189 4.153 -9999.000 4.155 -9999.000 -9999.000 4.132 3.956 4.468 2.301 2.316 -9999.000 -9999.000 -9999.000 -9999.000 -9999.000 -9999.000 -9999.000 -9999.000 -9999.000 -9999.000
-9999.000 3.333 -9999.000 -9999.000 -9999.000 3.309 -9999.000 -9999.000 -9999.000 -9999.000 4.000 4.000 4.000 3.922 3.944 4.301 3.243 -9999.000 4.333 4.333 4.297 4.333 -9999.000 3.329 3.326 -9999.000 3.322 3.327 3.322 3.322 -9999.000 4.283 4.333 4.333 4.526 4.600 4.167 4.333 4.333 4.333 4.394 4.342 3.329 -9999.000 -9999.000 3.977 -9999.000 -9999.000 -9999.000 4.499 4.081 5.500 -9999.000 4.132 2.212 2.329 2.202 2.222 -9999.000 -9999.000 -9999.000 5.500 -9999.000 -9999.000 -9999.000 -9999.000 -9999.000 -9999.000
-9999.000 3.322 4.167 3.333 -9999.000 3.324 4.333 -9999.000 3.333 -9999.000 4.000 4.000 4.166 -9999.000 3.982 4.072 4.167 3.915 -9999.000 -9999.000 4.282 -9999.000 -9999.000 4.334 -9999.000 3.333 -9999.000 3.328 -9999.000 4.333 3.333 3.989 4.331 4.333 4.459 4.525 -9999.000 -9999.000 -9999.000 4.168 4.153 4.034 3.328 -9999.000 3.972 3.979 -9999.000 -9999.000 4.167 -9999.000 -9999.000 -9999.000 -9999.000 4.127 2.317 2.282 2.323 -9999.000 15.977 -9999.000 -9999.000 -9999.000 5.500 -9999.000 -9999.000 -9999.000 -9999.000 -9999.000
-9999.000 3.333 -9999.000 -9999.000 3.313 3.287 3.325 4.167 -9999.000 4.000 4.000 4.000 3.946 4.167 4.167 4.171 -9999.000 4.113 -9999.000 3.985 3.333 -9999.000 4.333 -9999.000 -9999.000 5.297 -9999.000 3.330 3.313 3.311 3.331 4.333 4.333 -9999.000 4.333 4.333 4.333 4.333 4.333 4.163 4.168 -9999.000 4.129 4.500 4.500 3.981 4.115 3.989 2.318 2.251 -9999.000 4.153 4.079 5.500 2.325 -9999.000 2.268 15.932 16.000 16.000 -9999.000 -9999.000 -9999.000 -9999.000 -9999.000 -9999.000 -9999.000 -9999.000
3.333 4.167 3.319 3.333 3.308 3.325 4.167 3.333 4.167 3.996 3.997 -9999.000 -9999.000 4.167 3.245 5.117 4.160 4.191 3.332 4.333 4.120 3.259 -9999.000 4.333 3.308 -9999.000 -9999.000 4.381 -9999.000 -9999.000 3.330 3.985 4.311 4.333 4.333 -9999.000 4.333 4.167 -9999.000 -9999.000 -9999.000 4.167 4.093 4.167 4.167 -9999.000 4.167 4.167 -9999.000 -9999.000 4.007 4.130 2.333 -9999.000 2.306 -9999.000 -9999.000 15.937 -9999.000 -9999.000 -9999.000 -9999.000 -9999.000 5.500 -9999.000 -9999.000 -9999.000 -9999.000
-9999.000 -9999.000 3.328 4.167 3.309 3.324 -9999.000 3.333 4.167 -9999.000 3.993 3.997 4.001 -9999.000 -9999.000 -9999.000 4.749 -9999.000 4.332 4.381 -9999.000 -9999.000 4.333 4.333 3.323 -9999.000 -9999.000 4.351 3.333 -9999.000 -9999.000 -9999.000 4.000 4.333 -9999.000 4.333 4.333 3.237 4.167 -9999.000 -9999.000 4.167 4.440 4.500 4.500 -9999.000 4.167 4.167 -9999.000 -9999.000 4.097 4.110 -9999.000 -9999.000 4.493 2.331 2.217 -9999.000 2.286 2.333 2.345 -9999.000 -9999.000 -9999.000 -9999.000 -9999.000 -9999.000 -9999.000
3.323 4.166 -9999.000 -9999.000 -9999.000 3.316 3.333 3.333 6.786 -9999.000 4.043 4.048 4.167 -9999.000 -9999.000 -9999.000 -9999.000 -9999.000 4.333 -9999.000 3.256 -9999.000 4.334 3.333 4.333 4.306 4.333 -9999.000 3.333 3.333 -9999.000 4.197 4.333 4.196 -9999.000 4.324 4.333 4.167 4.214 4.167 -9999.000 -9999.000 4.477 -9999.000 -9999.000 4.550 4.494 -9999.000 2.276 5.333 2.295 5.500 2.249 5.504 2.325 2.224 -9999.000 4.500 2.190 2.223 2.263 4.500 -9999.000 -9999.000 5.500 -9999.000 -9999.000 -9999.000
-9999.000 -9999.000 -9999.000 -9999.000 -9999.000 3.325 4.333 -9999.000 -9999.000 4.218 -9999.000 3.995 3.992 4.000 4.020 -9999.000 4.334 4.248 3.332 3.301 3.239 3.264 3.331 -9999.000 -9999.000 4.276 4.281 -9999.000 3.333 -9999.000 3.333 -9999.000 3.333 4.333 -9999.000 4.333 4.333 -9999.000 4.166 4.167 4.333 4.167 4.500 -9999.000 -9999.000 4.577 -9999.000 3.986 2.332 -9999.000 5.371 -9999.000 -9999.000 -9999.000 -9999.000 -9999.000 2.282 2.232 -9999.000 2.234 -9999.000 2.290 -9999.000 -9999.000 -9999.000 -9999.000 -9999.000 -9999.000
4.167 -9999.000 3.314 3.314 -9999.000 3.328 -9999.000 3.313 3.333 -9999.000 -9999.000 4.000 -9999.000 3.322 3.329 -9999.000 -9999.000 4.246 3.317 3.983 4.329 4.335 -9999.000 4.351 4.333 4.296 4.280 -9999.000 3.333 4.334 -9999.000 -9999.000 4.333 4.276 4.157 4.325 -9999.000 -9999.000 4.167 4.166 4.167 -9999.000 4.500 -9999.000 4.500 4.500 3.980 3.997 -9999.000 2.299 5.344 -9999.000 5.333 2.278 -9999.000 2.333 2.333 2.276 2.310 2.236 -9999.000 2.307 2.334 -9999.000 -9999.000 5.333 -9999.000 -9999.000
-9999.000 -9999.000 4.167 -9999.000 -9999.000 3.330 3.334 -9999.000 3.329 4.170 -9999.000 3.333 3.333 -9999.000 3.242 3.298 4.334 4.333 3.303 3.326 4.333 -9999.000 -9999.000 3.250 3.325 4.333 4.313 4.342 3.333 4.333 -9999.000 4.333 -9999.000 3.281 4.246 4.333 -9999.000 4.208 4.167 4.167 -9999.000 4.167 -9999.000 -9999.000 4.461 3.945 4.167 -9999.000 5.333 -9999.000 -9999.000 2.228 2.265 5.333 -9999.000 -9999.000 -9999.000 2.333 -9999.000 -9999.000 2.270 2.301 -9999.000 -9999.000 -9999.000 -9999.000 -9999.000 -9999.000
-9999.000 -9999.000 4.167 3.284 3.296 3.327 3.333 -9999.000 -9999.000 3.998 3.924 4.004 -9999.000 4.001 -9999.000 -9999.000 -9999.000 4.333 -9999.000 4.281 4.334 4.301 3.317 -9999.000 4.333 4.268 4.333 4.319 -9999.000 -9999.000 -9999.000 4.255 4.333 -9999.000 4.333 4.167 -9999.000 -9999.000 4.167 4.167 4.167 -9999.000 4.356 4.459 4.498 -9999.000 3.896 3.962 -9999.000 5.348 -9999.000 2.308 5.333 -9999.000 -9999.000 -9999.000 -9999.000 -9999.000 2.333 2.274 2.290 -9999.000 -9999.000 4.500 -9999.000 -9999.000 5.333 -9999.000
4.167 -9999.000 3.333 3.319 3.319 4.165 3.334 3.330 3.332 3.320 3.927 3.330 3.328 3.991 4.002 4.285 -9999.000 4.333 4.333 4.333 -9999.000 -9999.000 3.313 4.333 -9999.000 3.317 4.333 -9999.000 3.333 -9999.000 -9999.000 3.898 4.334 -9999.000 4.334 3.329 4.167 -9999.000 4.333 4.098 4.333 -9999.000 4.136 4.500 -9999.000 3.962 5.418 5.365 -9999.000 3.961 3.944 -9999.000 -9999.000 -9999.000 -9999.000 -9999.000 -9999.000 -9999.000 -9999.000 -9999.000 -9999.000 2.333 -9999.000 2.315 -9999.000 -9999.000 -9999.000 -9999.000
4.122 3.333 3.333 4.167 4.130 4.213 3.319 4.166 3.323 4.166 4.000 3.999 3.993 3.977 3.308 3.992 3.963 4.332 4.235 4.252 4.333 -9999.000 3.208 3.174 3.191 4.267 4.330 -9999.000 4.333 -9999.000 -9999.000 4.333 4.260 4.334 -9999.000 3.667 -9999.000 4.143 -9999.000 4.167 4.167 3.645 3.257 -9999.000 4.499 3.986 -9999.000 -9999.000 5.333 -9999.000 -9999.000 -9999.000 -9999.000 -9999.000 -9999.000 -9999.000 -9999.000 -9999.000 -9999.000 5.333 2.273 2.250 2.288 4.500 -9999.000 -9999.000 -9999.000 3.934
-9999.000 -9999.000 -9999.000 -9999.000 -9999.000 4.259 4.167 -9999.000 3.261 3.281 15.881 15.897 15.860 -9999.000 4.361 4.287 3.328 3.325 4.278 4.284 3.988 4.234 4.333 -9999.000 4.312 4.333 4.333 3.333 3.333 -9999.000 4.333 4.333 4.334 4.333 -9999.000 4.167 4.167 4.167 4.167 4.127 3.252 4.167 4.331 5.419 4.494 -9999.000 2.318 5.333 2.257 -9999.000 -9999.000 -9999.000 -9999.000 -9999.000 -9999.000 -9999.000 -9999.000 -9999.000 -9999.000 -9999.000 2.176 2.333 2.294 2.312 4.167 -9999.000 -9999.000 5.333
-9999.000 -9999.000 -9999.000 -9999.000 -9999.000 4.117 4.116 -9999.000 -9999.000 3.329 15.946 15.808 15.875 3.314 -9999.000 4.257 3.244 3.275 3.328 4.265 3.958 4.333 4.333 4.327 4.333 3.327 3.267 4.332 4.333 -9999.000 4.333 4.333 -9999.000 4.239 4.165 3.983 4.166 -9999.000 4.102 4.002 3.211 4.334 4.333 3.630 5.334 2.250 -9999.000 2.229 -9999.000 -9999.000 -9999.000 -9999.000 -9999.000 -9999.000 -9999.000 -9999.000 -9999.000 -9999.000 -9999.000 -9999.000 2.333 2.257 2.329 2.300 2.323 -9999.000 -9999.000 -9999.000
4.210 3.331 3.333 -9999.000 -9999.000 4.167 4.167 3.333 3.312 3.331 15.985 15.923 3.252 3.332 4.334 3.229 -9999.000 3.325 3.998 4.324 4.342 4.333 4.233 4.337 4.324 -9999.000 -9999.000 4.333 4.333 4.333 4.333 4.324 3.999 4.099 4.069 3.959 3.308 3.906 3.997 3.312 -9999.000 4.334 3.881 3.663 3.584 3.999 2.232 5.333 -9999.000 -9999.000 -9999.000 -9999.000 -9999.000 -9999.000 -9999.000 -9999.000 -9999.000 -9999.000 -9999.000 -9999.000 -9999.000 2.262 2.334 2.303 2.306 5.333 -9999.000 -9999.000
3.333 -9999.000 3.322 4.148 3.332 4.168 -9999.000 3.333 3.322 3.330 15.949 3.294 3.254 -9999.000 -9999.000 15.611 3.318 3.314 4.000 3.999 4.333 4.333 4.333 4.333 -9999.000 -9999.000 4.332 3.975 -9999.000 -9999.000 3.324 3.955 4.288 3.899 3.938 3.943 3.972 4.333 3.902 3.948 3.994 4.066 3.193 3.275 4.167 4.422 2.315 -9999.000 -9999.000 -9999.000 -9999.000 -9999.000 -9999.000 -9999.000 -9999.000 -9999.000 -9999.000 -9999.000 -9999.000 -9999.000 -9999.000 2.245 2.318 2.306 2.287 2.290 -9999.000 -9999.000
4.380 -9999.000 -9999.000 -9999.000 -9999.000 4.166 -9999.000 3.333 4.167 3.333 15.799 3.334 3.253 -9999.000 4.333 -9999.000 3.279 -9999.000 3.957 3.983 -9999.000 -9999.000 -9999.000 4.255 4.330 -9999.000 3.888 4.332 -9999.000 4.333 3.936 4.310 4.333 4.493 4.333 -9999.000 3.895 -9999.000 -9999.000 -9999.000 3.921 3.641 4.165 4.167 4.165 4.155 4.394 4.485 5.400 -9999.000 -9999.000 -9999.000 -9999.000 -9999.000 -9999.000 5.382 -9999.000 -9999.000 -9999.000 -9999.000 -9999.000 2.333 -9999.000 2.333 2.285 2.307 -9999.000 -9999.000
4.358 3.319 -9999.000 -9999.000 -9999.000 4.167 -9999.000 4.167 4.167 3.930 3.329 3.307 -9999.000 4.342 4.343 4.333 3.275 3.301 3.994 3.990 4.247 4.291 4.334 4.333 -9999.000 -9999.000 4.333 4.279 4.314 -9999.000 4.179 4.333 -9999.000 4.177 4.334 -9999.000 3.940 3.938 3.331 4.166 4.162 4.152 4.157 3.665 3.964 4.165 2.277 2.317 5.605 -9999.000 -9999.000 -9999.000 -9999.000 -9999.000 -9999.000 5.354 -9999.000 -9999.000 -9999.000 -9999.000 -9999.000 -9999.000 2.333 2.293 -9999.000 -9999.000 4.447 -9999.000
4.333 -9999.000 -9999.000 -9999.000 -9999.000 4.165 4.098 -9999.000 4.167 -9999.000 3.330 3.329 -9999.000 3.990 4.333 3.993 -9999.000 -9999.000 3.991 4.334 4.318 4.318 4.327 4.333 3.333 3.323 -9999.000 4.333 -9999.000 -9999.000 4.428 3.500 -9999.000 -9999.000 -9999.000 -9999.000 3.988 3.318 3.318 3.238 3.608 15.994 -9999.000 -9999.000 5.394 4.166 2.265 2.305 5.358 -9999.000 -9999.000 -9999.000 -9999.000 -9999.000 -9999.000 -9999.000 -9999.000 -9999.000 -9999.000 -9999.000 -9999.000 -9999.000 4.500 2.294 -9999.000 -9999.000 2.307 -9999.000
-9999.000 -9999.000 8.468 8.442 -9999.000 4.116 -9999.000 4.167 4.167 -9999.000 4.167 4.167 -9999.000 3.326 -9999.000 3.331 -9999.000 4.312 4.329 -9999.000 4.333 -9999.000 4.327 -9999.000 4.333 -9999.000 4.333 4.333 -9999.000 -9999.000 3.667 3.500 3.666 3.667 -9999.000 3.966 4.165 3.325 3.906 5.333 -9999.000 -9999.000 -9999.000 -9999.000 -9999.000 -9999.000 -9999.000 -9999.000 -9999.000 -9999.000 -9999.000 -9999.000 -9999.000 -9999.000 -9999.000 -9999.000 -9999.000 -9999.000 -9999.000 -9999.000 -9999.000 -9999.000 2.320 -9999.000 -9999.000 -9999.000 2.330 -9999.000
-9999.000 4.334 3.333 4.140 -9999.000 4.025 -9999.000 -9999.000 4.333 4.167 -9999.000 3.333 4.000 4.000 4.145 4.143 -9999.000 4.333 4.330 -9999.000 -9999.000 4.333 4.322 -9999.000 -9999.000 4.033 4.333 4.333 -9999.000 3.314 3.667 -9999.000 3.975 -9999.000 3.990 4.332 3.965 4.000 4.000 -9999.000 -9999.000 -9999.000 -9999.000 -9999.000 -9999.000 -9999.000 -9999.000 -9999.000 -9999.000 -9999.000 -9999.000 -9999.000 -9999.000 -9999.000 -9999.000 -9999.000 -9999.000 -9999.000 -9999.000 -9999.000 -9999.000 -9999.000 2.245 2.264 2.304 -9999.000 4.189 -9999.000
-9999.000 3.305 3.331 3.229 4.334 3.287 3.333 -9999.000 4.138 4.333 -9999.000 3.997 4.334 4.167 4.132 4.167 -9999.000 4.333 3.981 4.333 -9999.000 3.937 -9999.000 -9999.000 -9999.000 4.329 4.333 3.960 -9999.000 3.667 3.666 4.333 3.922 4.333 3.251 3.972 3.333 3.998 3.993 -9999.000 -9999.000 -9999.000 -9999.000 -9999.000 -9999.000 -9999.000 -9999.000 -9999.000 -9999.000 -9999.000 -9999.000 -9999.000 -9999.000 -9999.000 -9999.000 -9999.000 -9999.000 -9999.000 -9999.000 -9999.000 -9999.000 -9999.000 2.333 2.246 4.167 -9999.000 2.327 2.333
