hx_30m/njhx/rain/result-0059.wd
ncols         211
nrows         286
xllcorner     660279.582600
yllcorner     3541874.325092
cellsize      30.000000
NODATA_value  -9999.000000
[rows 204 to 237 of 286, columns 77 to 153 of 211]
0.010 0.010 0.004 0.002 0.032 0.010 0.001 0.000 0.000 0.000 0.010 0.010 0.058 0.270 0.001 0.000 0.000 0.000 0.002 0.002 0.002 0.001 0.003 0.000 0.000 0.002 0.002 0.044 0.128 0.004 0.000 0.000 0.001 0.010 0.001 0.002 0.000 0.006 0.002 0.001 0.000 0.000 0.001 0.002 0.001 0.000 0.000 0.001 0.002 0.001 0.000 0.000 0.000 0.000 0.001 0.000 0.001 0.000 0.010 0.001 0.001 0.010 0.001 0.000 0.010 0.001 0.000 0.004 0.003 0.010 0.001 0.000 0.001 0.001 0.059 0.000 0.000
0.315 0.002 0.004 0.010 0.002 0.010 0.000 0.000 0.001 0.000 0.000 0.000 0.010 0.008 0.005 0.010 0.001 0.000 0.001 0.004 0.000 0.000 0.000 0.002 0.002 0.002 0.010 0.029 0.000 0.000 0.000 0.000 0.000 0.000 0.000 0.010 0.002 0.002 0.000 0.000 0.000 0.006 0.002 0.002 0.000 0.002 0.001 0.001 0.001 0.001 0.001 0.000 0.002 0.000 0.000 0.000 0.000 0.001 0.010 0.005 0.204 0.000 0.000 0.001 0.000 0.001 0.004 0.001 0.001 0.010 0.004 0.001 0.000 0.002 0.000 0.001 0.002
0.002 0.001 0.001 0.004 0.001 0.010 0.000 0.000 0.000 0.000 0.000 0.000 0.010 0.000 0.000 0.001 0.000 0.010 0.001 0.000 0.000 0.000 0.000 0.001 0.002 0.001 0.004 0.002 0.000 0.000 0.000 0.000 0.000 0.004 0.002 0.002 0.001 0.000 0.000 0.001 0.000 0.001 0.001 0.010 0.010 0.004 0.005 0.000 0.000 0.000 0.000 0.002 0.001 0.001 0.004 0.002 0.001 0.001 0.009 0.000 0.010 0.000 0.000 0.002 0.001 0.004 0.004 0.010 0.003 0.000 0.010 0.010 0.004 0.001 0.000 0.001 0.000
0.003 0.004 0.000 0.003 0.009 0.001 0.001 0.001 0.001 0.000 0.000 0.000 0.001 0.000 0.000 0.001 0.000 0.002 0.001 0.001 0.000 0.000 0.010 0.001 0.010 0.000 0.002 0.010 0.010 0.001 0.001 0.000 0.010 0.001 0.001 0.001 0.000 0.000 0.000 0.001 0.000 0.000 0.001 0.001 0.010 0.179 0.000 0.000 0.000 0.000 0.004 0.001 0.001 0.002 0.001 0.004 0.279 0.010 0.010 0.230 0.000 0.001 0.001 0.000 0.000 0.001 0.004 0.010 0.004 0.010 0.010 0.010 0.046 0.000 0.000 0.001 0.000
0.002 0.000 0.010 0.003 0.000 0.001 0.001 0.000 0.000 0.002 0.004 0.001 0.006 0.003 0.006 0.003 0.002 0.190 0.076 0.001 0.001 0.002 0.004 0.001 0.002 0.000 0.010 0.000 0.004 0.010 0.000 0.000 0.000 0.001 0.002 0.001 0.000 0.000 0.001 0.002 0.010 0.000 0.002 0.001 0.010 0.000 0.000 0.000 0.001 0.000 0.003 0.002 0.001 0.001 0.001 0.002 0.010 0.016 0.000 0.095 0.000 0.000 0.001 0.010 0.001 0.002 0.002 0.002 0.001 0.001 0.010 0.004 0.000 0.000 0.039 0.000 0.000
0.000 0.010 0.003 0.001 0.010 0.000 0.000 0.000 0.000 0.001 0.000 0.000 0.000 0.000 0.001 0.000 0.000 0.156 0.363 0.086 0.169 0.005 0.002 0.000 0.000 0.010 0.010 0.001 0.001 0.000 0.002 0.000 0.000 0.001 0.001 0.001 0.001 0.000 0.000 0.000 0.000 0.010 0.001 0.010 0.010 0.000 0.000 0.000 0.000 0.000 0.000 0.003 0.010 0.000 0.002 0.002 0.002 0.001 0.010 0.171 0.000 0.022 0.002 0.001 0.000 0.000 0.001 0.002 0.000 0.000 0.000 0.001 0.000 0.010 0.000 0.010 0.001
0.000 0.002 0.001 0.002 0.000 0.000 0.000 0.000 0.000 0.000 0.001 0.001 0.000 0.000 0.000 0.033 0.002 0.237 0.081 0.259 0.340 0.000 0.551 0.010 0.001 0.002 0.002 0.000 0.000 0.001 0.010 0.000 0.002 0.001 0.002 0.000 0.010 0.002 0.000 0.000 0.000 0.004 0.000 0.010 0.000 0.000 0.000 0.000 0.001 0.001 0.000 0.010 0.010 0.001 0.010 0.000 0.004 0.000 0.010 0.001 0.000 0.004 0.001 0.000 0.000 0.010 0.000 0.000 0.000 0.000 0.000 0.000 0.010 0.010 0.010 0.000 0.001
0.010 0.004 0.004 0.010 0.000 0.000 0.000 0.000 0.000 0.006 0.001 0.000 0.001 0.000 0.000 0.000 0.008 0.096 0.231 0.043 0.404 0.013 0.023 0.113 0.689 0.000 0.045 0.004 0.000 0.000 0.010 0.010 0.002 0.010 0.000 0.000 0.010 0.010 0.001 0.009 0.000 0.010 0.010 0.010 0.010 0.001 0.000 0.000 0.004 0.000 0.000 0.010 0.010 0.000 0.007 0.003 0.076 0.006 0.000 0.000 0.001 0.000 0.002 0.001 0.000 0.000 0.000 0.010 0.001 0.000 0.000 0.001 0.000 0.002 0.002 0.001 0.004
0.000 0.005 0.004 0.004 0.000 0.000 0.001 0.001 0.000 0.001 0.010 0.002 0.000 0.000 0.001 0.001 0.232 0.347 0.363 0.321 0.024 0.001 0.001 0.001 0.010 0.010 0.010 0.010 0.000 0.002 0.002 0.000 0.001 0.002 0.001 0.010 0.010 0.010 0.000 0.000 0.002 0.001 0.001 0.000 0.001 0.000 0.000 0.000 0.000 0.000 0.000 0.000 0.000 0.000 0.003 0.001 0.000 0.000 0.000 0.001 0.001 0.000 0.001 0.000 0.000 0.000 0.010 0.010 0.010 0.010 0.010 0.000 0.010 0.000 0.000 0.010 0.010
0.001 0.001 0.000 0.001 0.000 0.001 0.001 0.000 0.001 0.000 0.015 0.000 0.001 0.001 0.001 0.004 0.348 0.108 0.309 0.004 0.002 0.001 0.010 0.000 0.001 0.001 0.001 0.163 0.001 0.010 0.000 0.019 0.005 0.001 0.002 0.010 0.010 0.001 0.000 0.000 0.009 0.001 0.004 0.001 0.001 0.000 0.001 0.001 0.000 0.000 0.000 0.010 0.000 0.000 0.004 0.020 0.000 0.000 0.000 0.000 0.000 0.002 0.000 0.002 0.001 0.000 0.001 0.006 0.010 0.010 0.002 0.000 0.010 0.001 0.008 0.019 0.000
0.004 0.003 0.001 0.000 0.002 0.000 0.000 0.000 0.000 0.001 0.019 0.001 0.000 0.000 0.001 0.001 0.216 0.395 0.000 0.001 0.001 0.001 0.001 0.001 0.002 0.001 0.001 0.000 0.000 0.001 0.002 0.010 0.000 0.010 0.014 0.002 0.001 0.009 0.001 0.004 0.001 0.001 0.001 0.002 0.000 0.012 0.000 0.000 0.000 0.010 0.000 0.010 0.000 0.001 0.002 0.558 0.000 0.000 0.002 0.000 0.000 0.002 0.000 0.000 0.000 0.001 0.001 0.000 0.002 0.010 0.010 0.000 0.000 0.001 0.001 0.002 0.000
0.002 0.010 0.000 0.000 0.000 0.001 0.000 0.001 0.000 0.000 0.000 0.000 0.001 0.010 0.004 0.001 0.047 0.000 0.008 0.004 0.010 0.010 0.010 0.001 0.002 0.001 0.001 0.010 0.004 0.010 0.001 0.004 0.010 0.010 0.000 0.001 0.002 0.002 0.002 0.063 0.010 0.012 0.001 0.001 0.010 0.000 0.000 0.000 0.000 0.000 0.004 0.000 0.000 0.002 0.000 0.001 0.000 0.000 0.001 0.000 0.002 0.000 0.001 0.000 0.000 0.001 0.004 0.001 0.001 0.001 0.001 0.001 0.000 0.002 0.001 0.000 0.000
0.001 0.004 0.010 0.001 0.000 0.000 0.001 0.000 0.000 0.001 0.007 0.001 0.004 0.000 0.002 0.001 0.151 0.004 0.010 0.001 0.004 0.010 0.010 0.002 0.001 0.001 0.000 0.001 0.001 0.001 0.004 0.004 0.003 0.001 0.010 0.003 0.000 0.002 0.002 0.010 0.004 0.001 0.001 0.000 0.007 0.001 0.000 0.000 0.000 0.000 0.000 0.000 0.001 0.002 0.085 0.000 0.000 0.010 0.000 0.000 0.000 0.001 0.000 0.000 0.000 0.000 0.001 0.001 0.048 0.000 0.001 0.001 0.001 0.001 0.001 0.000 0.001
0.002 0.001 0.002 0.004 0.000 0.001 0.000 0.000 0.000 0.002 0.004 0.000 0.010 0.010 0.001 0.001 0.010 0.001 0.000 0.001 0.002 0.002 0.001 0.002 0.001 0.001 0.004 0.002 0.000 0.001 0.001 0.002 0.000 0.010 0.000 0.002 0.000 0.003 0.000 0.001 0.001 0.000 0.001 0.010 0.000 0.001 0.000 0.026 0.000 0.000 0.000 0.000 0.002 0.000 0.001 0.000 0.002 0.010 0.010 0.000 0.004 0.001 0.001 0.001 0.000 0.000 0.001 0.000 0.000 0.003 0.058 0.001 0.002 0.002 0.001 0.001 0.000
0.004 0.002 0.001 0.000 0.002 0.001 0.000 0.000 0.001 0.001 0.000 0.000 0.001 0.001 0.001 0.000 0.002 0.002 0.004 0.010 0.010 0.004 0.001 0.010 0.004 0.001 0.002 0.002 0.000 0.002 0.001 0.004 0.001 0.010 0.000 0.000 0.000 0.000 0.000 0.630 0.000 0.001 0.004 0.000 0.000 0.000 0.000 0.000 0.000 0.000 0.000 0.001 0.004 0.002 0.000 0.000 0.000 0.000 0.000 0.002 0.001 0.000 0.000 0.000 0.000 0.000 0.000 0.000 0.000 0.000 0.000 0.002 0.010 0.001 0.002 0.001 0.001
0.000 0.010 0.000 0.001 0.001 0.001 0.001 0.001 0.001 0.052 0.000 0.000 0.000 0.001 0.001 0.003 0.001 0.001 0.010 0.010 0.010 0.010 0.004 0.001 0.001 0.001 0.001 0.000 0.000 0.010 0.001 0.002 0.001 0.000 0.010 0.002 0.010 0.001 0.000 0.110 0.021 0.023 0.000 0.010 0.000 0.000 0.000 0.000 0.000 0.000 0.000 0.004 0.002 0.000 0.000 0.001 0.000 0.000 0.000 0.001 0.000 0.000 0.002 0.000 0.001 0.000 0.004 0.001 0.000 0.000 0.000 0.002 0.001 0.010 0.001 0.000 0.001
0.000 0.001 0.000 0.000 0.000 0.000 0.002 0.000 0.001 0.002 0.002 0.010 0.002 0.006 0.001 0.002 0.001 0.001 0.001 0.000 0.010 0.010 0.003 0.000 0.001 0.003 0.002 0.001 0.001 0.003 0.004 0.000 0.010 0.000 0.001 0.000 0.000 0.035 0.019 0.160 0.010 0.019 0.000 0.003 0.002 0.004 0.001 0.000 0.000 0.000 0.001 0.002 0.000 0.000 0.000 0.001 0.000 0.000 0.001 0.000 0.000 0.000 0.001 0.000 0.000 0.000 0.010 0.004 0.002 0.001 0.001 0.001 0.000 0.000 0.000 0.044 0.000
0.001 0.001 0.000 0.000 0.001 0.001 0.000 0.000 0.001 0.001 0.002 0.001 0.003 0.001 0.000 0.000 0.010 0.002 0.001 0.002 0.000 0.120 0.010 0.010 0.002 0.002 0.000 0.000 0.000 0.000 0.002 0.003 0.010 0.000 0.000 0.010 0.038 0.031 0.000 0.084 0.010 0.013 0.010 0.001 0.001 0.009 0.097 0.002 0.001 0.000 0.001 0.004 0.001 0.000 0.000 0.000 0.000 0.004 0.000 0.001 0.010 0.000 0.000 0.001 0.000 0.000 0.000 0.005 0.000 0.000 0.000 0.004 0.000 0.000 0.000 0.000 0.000
0.001 0.002 0.000 0.000 0.004 0.001 0.001 0.001 0.000 0.000 0.000 0.002 0.004 0.002 0.001 0.004 0.004 0.010 0.187 0.010 0.004 0.010 0.001 0.002 0.004 0.002 0.000 0.001 0.000 0.002 0.000 0.000 0.001 0.000 0.001 0.085 0.066 0.001 0.002 0.000 0.010 0.013 0.032 0.002 0.001 0.001 0.001 0.003 0.000 0.001 0.000 0.000 0.000 0.000 0.008 0.000 0.000 0.000 0.000 0.000 0.001 0.010 0.001 0.000 0.001 0.000 0.004 0.000 0.004 0.001 0.002 0.000 0.000 0.000 0.001 0.001 0.001
0.000 0.002 0.001 0.001 0.000 0.004 0.001 0.001 0.000 0.001 0.004 0.001 0.002 0.002 0.002 0.001 0.001 0.004 0.010 0.167 0.010 0.002 0.000 0.001 0.000 0.001 0.000 0.000 0.001 0.001 0.001 0.001 0.000 0.001 0.000 0.077 0.064 0.001 0.000 0.002 0.214 0.097 0.193 0.043 0.010 0.004 0.004 0.001 0.001 0.001 0.055 0.001 0.004 0.000 0.001 0.000 0.000 0.000 0.000 0.001 0.001 0.000 0.095 0.010 0.008 0.010 0.002 0.000 0.001 0.001 0.004 0.000 0.000 0.000 0.000 0.000 0.000
0.000 0.002 0.001 0.002 0.003 0.001 0.001 0.001 0.001 0.001 0.001 0.001 0.001 0.001 0.000 0.010 0.001 0.001 0.000 0.004 0.001 0.107 0.010 0.000 0.000 0.001 0.000 0.000 0.000 0.004 0.002 0.004 0.004 0.001 0.001 0.001 0.000 0.001 0.001 0.000 0.002 0.000 0.002 0.184 0.140 0.113 0.150 0.002 0.001 0.000 0.010 0.010 0.003 0.001 0.001 0.000 0.000 0.000 0.000 0.000 0.000 0.001 0.000 0.002 0.001 0.010 0.010 0.002 0.000 0.002 0.000 0.000 0.000 0.000 0.000 0.000 0.001
0.002 0.000 0.001 0.001 0.001 0.001 0.001 0.001 0.000 0.001 0.001 0.000 0.000 0.000 0.001 0.004 0.010 0.075 0.001 0.001 0.001 0.002 0.005 0.001 0.017 0.001 0.000 0.001 0.000 0.004 0.001 0.000 0.000 0.001 0.001 0.000 0.000 0.001 0.003 0.000 0.000 0.192 0.199 0.089 0.190 0.086 0.004 0.001 0.010 0.007 0.001 0.001 0.001 0.738 0.240 0.001 0.004 0.000 0.000 0.001 0.001 0.001 0.001 0.000 0.000 0.000 0.001 0.000 0.001 0.000 0.000 0.000 0.000 0.000 0.000 0.000 0.001
0.000 0.000 0.001 0.001 0.001 0.000 0.001 0.001 0.001 0.001 0.001 0.000 0.004 0.001 0.002 0.010 0.010 0.010 0.010 0.010 0.000 0.001 0.001 0.001 0.010 0.156 0.001 0.000 0.010 0.001 0.001 0.002 0.010 0.001 0.000 0.000 0.001 0.000 0.000 0.001 0.000 0.102 0.106 0.088 0.001 0.001 0.004 0.004 0.009 0.004 0.010 0.001 0.001 0.004 0.001 0.010 0.118 0.010 0.002 0.001 0.002 0.001 0.000 0.000 0.000 0.000 0.001 0.001 0.000 0.000 0.000 0.000 0.000 0.001 0.000 0.000 0.000
0.001 0.000 0.000 0.012 0.001 0.001 0.002 0.001 0.010 0.001 0.001 0.001 0.000 0.004 0.010 0.010 0.010 0.010 0.010 0.001 0.001 0.000 0.000 0.002 0.001 0.010 0.010 0.001 0.004 0.000 0.001 0.004 0.004 0.000 0.004 0.001 0.000 0.000 0.000 0.001 0.006 0.000 0.000 0.002 0.001 0.001 0.004 0.000 0.001 0.001 0.001 0.001 0.010 0.002 0.001 0.000 0.002 0.819 0.666 0.001 0.001 0.001 0.000 0.000 0.000 0.000 0.001 0.001 0.010 0.009 0.000 0.000 0.000 0.000 0.000 0.000 0.000
0.000 0.000 0.007 0.041 0.001 0.001 0.001 0.002 0.001 0.001 0.000 0.002 0.002 0.001 0.001 0.000 0.000 0.010 0.010 0.001 0.058 0.000 0.010 0.002 0.001 0.001 0.002 0.001 0.002 0.003 0.001 0.000 0.001 0.000 0.000 0.001 0.001 0.004 0.000 0.010 0.000 0.000 0.000 0.000 0.000 0.001 0.002 0.007 0.001 0.002 0.010 0.048 0.004 0.001 0.010 0.010 0.001 0.000 0.001 0.000 0.875 0.168 0.000 0.000 0.000 0.001 0.001 0.000 0.004 0.002 0.000 0.000 0.108 0.001 0.000 0.000 0.001
0.000 0.000 0.004 0.010 0.039 0.001 0.000 0.002 0.001 0.001 0.002 0.000 0.000 0.000 0.001 0.133 0.000 0.001 0.001 0.000 0.001 0.000 0.000 0.001 0.000 0.001 0.007 0.004 0.001 0.002 0.002 0.004 0.000 0.001 0.001 0.001 0.002 0.000 0.003 0.000 0.001 0.000 0.001 0.000 0.001 0.001 0.734 0.004 0.001 0.001 0.001 0.004 0.004 0.001 0.000 0.001 0.000 0.001 0.000 0.001 0.004 0.254 0.706 0.001 0.001 0.001 0.000 0.000 0.000 0.000 0.000 0.063 0.162 0.259 0.186 0.012 0.001
0.010 0.000 0.000 0.000 0.000 0.000 0.000 0.001 0.001 0.001 0.001 0.001 0.001 0.000 0.000 0.000 0.002 0.000 0.000 0.000 0.001 0.001 0.001 0.000 0.000 0.010 0.000 0.004 0.003 0.001 0.000 0.010 0.000 0.001 0.001 0.001 0.001 0.000 0.001 0.000 0.000 0.000 0.000 0.001 0.001 0.000 0.055 0.010 0.010 0.004 0.001 0.001 0.001 0.010 0.002 0.000 0.001 0.001 0.002 0.001 0.010 0.000 0.010 0.680 0.010 0.001 0.001 0.000 0.000 0.000 0.000 0.139 0.178 0.165 0.028 0.010 0.004
0.001 0.001 0.000 0.000 0.000 0.001 0.000 0.002 0.001 0.001 0.002 0.001 0.000 0.000 0.001 0.000 0.000 0.001 0.000 0.000 0.001 0.002 0.003 0.001 0.000 0.000 0.000 0.004 0.001 0.001 0.001 0.001 0.000 0.000 0.000 0.001 0.001 0.001 0.001 0.010 0.001 0.010 0.000 0.002 0.002 0.010 0.023 0.032 0.010 0.004 0.010 0.004 0.001 0.000 0.000 0.001 0.002 0.001 0.004 0.004 0.002 0.000 0.000 0.010 0.001 0.000 0.003 0.001 0.049 0.000 0.069 0.202 0.214 0.195 0.000 0.002 0.016
0.004 0.000 0.001 0.000 0.001 0.001 0.004 0.002 0.000 0.000 0.001 0.003 0.002 0.004 0.000 0.001 0.010 0.000 0.001 0.001 0.000 0.001 0.001 0.000 0.002 0.000 0.001 0.004 0.002 0.000 0.000 0.000 0.001 0.000 0.000 0.000 0.000 0.001 0.010 0.000 0.001 0.000 0.001 0.001 0.048 0.000 0.010 0.010 0.002 0.010 0.002 0.010 0.010 0.004 0.001 0.010 0.002 0.006 0.010 0.010 0.010 0.001 0.000 0.010 0.010 0.080 0.010 0.000 0.339 0.043 0.059 0.166 0.317 0.011 0.001 0.001 0.001
0.000 0.000 0.000 0.000 0.001 0.002 0.002 0.001 0.001 0.000 0.000 0.001 0.000 0.002 0.004 0.000 0.000 0.000 0.000 0.001 0.002 0.000 0.000 0.000 0.000 0.001 0.004 0.000 0.002 0.000 0.000 0.000 0.000 0.001 0.001 0.000 0.000 0.001 0.001 0.001 0.001 0.001 0.001 0.000 0.000 0.000 0.000 0.010 0.000 0.010 0.010 0.001 0.008 0.004 0.001 0.010 0.001 0.000 0.010 0.000 0.010 0.010 0.001 0.000 0.187 0.144 0.142 0.206 0.010 0.000 1.186 0.278 0.108 0.000 0.001 0.001 0.001
0.004 0.001 0.000 0.001 0.001 0.001 0.001 0.000 0.000 0.001 0.001 0.001 0.000 0.000 0.000 0.001 0.002 0.010 0.015 0.000 0.001 0.010 0.057 0.000 0.002 0.001 0.002 0.001 0.000 0.000 0.000 0.000 0.000 0.000 0.000 0.000 0.002 0.001 0.000 0.001 0.001 0.002 0.004 0.999 0.000 0.000 0.000 0.049 0.000 0.000 0.010 0.010 0.001 0.001 0.001 0.004 0.001 0.010 0.009 0.010 0.010 0.000 0.000 0.001 0.000 0.151 0.035 0.000 0.000 0.010 0.010 0.000 0.021 0.228 0.077 0.000 0.014
0.000 0.000 0.004 0.001 0.002 0.000 0.001 0.000 0.000 0.000 0.000 0.010 0.001 0.000 0.001 0.000 0.001 0.001 0.003 0.001 0.000 0.001 0.001 0.001 0.002 0.000 0.001 0.004 0.000 0.000 0.000 0.000 0.001 0.001 0.000 0.000 0.002 0.006 0.001 0.001 0.001 0.007 0.000 0.019 0.245 0.000 0.000 0.000 0.000 0.000 0.000 0.010 0.001 0.001 0.004 0.001 0.001 0.001 0.004 0.001 0.001 0.001 0.001 0.000 0.001 0.002 0.121 0.000 0.010 0.113 0.010 0.000 0.004 0.000 0.181 0.302 0.032
0.010 0.002 0.001 0.001 0.002 0.002 0.000 0.000 0.001 0.000 0.000 0.000 0.001 0.001 0.001 0.000 0.000 0.000 0.010 0.002 0.001 0.000 0.000 0.001 0.000 0.002 0.001 0.001 0.000 0.000 0.000 0.000 0.000 0.000 0.000 0.001 0.001 0.002 0.004 0.002 0.009 0.010 0.664 0.010 0.000 0.000 0.141 0.034 0.000 0.000 0.000 0.010 0.001 0.010 0.010 0.010 0.001 0.008 0.001 0.001 0.001 0.002 0.000 0.000 0.000 0.001 0.001 0.000 0.006 0.000 0.001 0.002 0.000 0.000 0.000 0.000 0.102
0.001 0.001 0.001 0.001 0.002 0.000 0.000 0.000 0.000 0.001 0.000 0.000 0.000 0.000 0.000 0.001 0.001 0.000 0.010 0.010 0.004 0.002 0.001 0.001 0.000 0.002 0.001 0.003 0.000 0.000 0.000 0.000 0.000 0.000 0.000 0.000 0.001 0.004 0.004 0.001 0.003 0.000 0.002 0.001 0.002 0.010 0.022 0.010 0.000 0.000 0.010 0.001 0.010 0.010 0.010 0.010 0.010 0.010 0.004 0.001 0.001 0.001 0.000 0.000 0.004 0.010 0.000 0.000 0.000 0.001 0.000 0.000 0.007 0.000 0.000 0.000 0.001
