hx_30m/njhx/rain/result-0021.wd
ncols         211
nrows         286
xllcorner     660279.582600
yllcorner     3541874.325092
cellsize      30.000000
NODATA_value  -9999.000000
[rows 238 to 271 of 286, columns 77 to 153 of 211]
0.006 0.009 0.009 0.006 0.005 0.007 0.000 0.000 0.000 0.005 0.003 0.004 0.000 0.000 0.003 0.002 0.000 0.003 0.007 0.010 0.010 0.010 0.006 0.004 0.006 0.003 0.005 0.000 0.004 0.005 0.003 0.003 0.003 0.003 0.004 0.003 0.006 0.000 0.006 0.010 0.010 0.442 0.007 0.007 0.009 0.009 0.000 0.010 0.000 0.000 0.010 0.052 0.010 0.010 0.010 0.010 0.010 0.010 0.051 0.010 0.009 0.000 0.010 0.010 0.010 0.010 0.010 0.000 0.000 0.008 0.010 0.010 0.010 0.000 0.010 0.010 0.006
0.019 0.006 0.009 0.010 0.007 0.010 0.004 0.000 0.000 0.010 0.000 0.003 0.000 0.006 0.003 0.000 0.004 0.002 0.010 0.010 0.010 0.010 0.007 0.005 0.005 0.004 0.005 0.000 0.000 0.003 0.003 0.003 0.002 0.003 0.003 0.003 0.007 0.010 0.010 0.010 0.000 0.008 0.000 0.005 0.006 0.009 0.009 0.000 0.010 0.010 0.010 0.010 0.010 0.036 0.010 0.010 0.010 0.000 0.017 0.009 0.010 0.010 0.010 0.043 0.010 0.000 0.010 0.000 0.010 0.010 0.025 0.009 0.010 0.010 0.000 0.009 0.009
0.000 0.000 0.009 0.016 0.006 0.005 0.004 0.010 0.008 0.000 0.000 0.007 0.001 0.005 0.004 0.006 0.004 0.026 0.010 0.010 0.010 0.026 0.005 0.005 0.003 0.005 0.005 0.009 0.003 0.003 0.000 0.003 0.003 0.003 0.003 0.004 0.009 0.010 0.010 0.000 0.006 0.008 0.000 0.010 0.007 0.007 0.010 0.009 0.008 0.010 0.010 0.010 0.010 0.010 0.010 0.010 0.000 0.044 0.010 0.010 0.012 0.000 0.010 0.010 0.010 0.010 0.007 0.000 0.008 0.010 0.000 0.010 0.020 0.010 0.000 0.008 0.007
0.000 0.017 0.000 0.000 0.007 0.004 0.009 0.007 0.006 0.005 0.005 0.000 0.004 0.006 0.010 0.010 0.050 0.010 0.010 0.010 0.028 0.010 0.005 0.008 0.005 0.003 0.000 0.000 0.003 0.004 0.004 0.003 0.003 0.005 0.005 0.007 0.010 0.009 0.010 0.008 0.008 0.008 0.008 0.008 0.006 0.010 0.000 0.008 0.005 0.009 0.007 0.007 0.010 0.023 0.015 0.061 0.000 0.010 0.010 0.010 0.000 0.000 0.054 0.065 0.010 0.000 0.010 0.010 0.010 0.009 0.015 0.000 0.007 0.013 0.000 0.000 0.000
0.000 0.000 0.010 0.019 0.000 0.010 0.005 0.005 0.010 0.007 0.007 0.010 0.010 0.007 0.010 0.010 0.010 0.010 0.010 0.010 0.009 0.006 0.005 0.003 0.004 0.000 0.000 0.004 0.006 0.005 0.004 0.005 0.005 0.011 0.010 0.010 0.007 0.010 0.000 0.007 0.010 0.010 0.009 0.007 0.000 0.010 0.007 0.006 0.008 0.007 0.007 0.005 0.007 0.010 0.010 0.010 0.106 0.007 0.008 0.000 0.024 0.000 0.010 0.010 0.000 0.000 0.028 0.000 0.000 0.008 0.008 0.000 0.010 0.008 0.009 0.000 0.008
0.000 0.000 0.000 0.000 0.000 0.010 0.000 0.116 0.005 0.006 0.009 0.006 0.010 0.006 0.010 0.029 0.010 0.010 0.010 0.022 0.007 0.005 0.009 0.005 0.004 0.002 0.000 0.003 0.006 0.009 0.005 0.005 0.004 0.010 0.000 0.008 0.010 0.000 0.007 0.010 0.010 0.010 0.011 0.000 0.006 0.006 0.007 0.007 0.007 0.007 0.000 0.006 0.004 0.006 0.007 0.010 0.010 0.008 0.011 0.000 0.000 0.010 0.085 0.010 0.000 0.055 0.000 0.000 0.000 0.000 0.012 0.008 0.000 0.010 0.008 0.008 0.035
0.000 0.000 0.000 0.000 0.000 0.000 0.000 0.010 0.000 0.020 0.005 0.006 0.007 0.006 0.009 0.009 0.021 0.010 0.021 0.010 0.007 0.013 0.003 0.003 0.005 0.007 0.003 0.010 0.009 0.009 0.005 0.000 0.000 0.008 0.005 0.007 0.010 0.028 0.005 0.010 0.010 0.010 0.006 0.000 0.005 0.000 0.006 0.005 0.006 0.000 0.005 0.000 0.000 0.006 0.005 0.010 0.010 0.011 0.000 0.000 0.010 0.010 0.010 0.041 0.000 0.022 0.010 0.031 0.000 0.000 0.000 0.000 0.011 0.009 0.009 0.007 0.010
0.000 0.000 0.000 0.000 0.000 0.000 0.000 0.000 0.000 0.010 0.000 0.023 0.004 0.010 0.006 0.004 0.010 0.010 0.010 0.007 0.010 0.007 0.004 0.002 0.005 0.000 0.000 0.008 0.009 0.009 0.000 0.000 0.000 0.008 0.008 0.007 0.000 0.010 0.006 0.012 0.010 0.009 0.007 0.000 0.000 0.005 0.003 0.000 0.000 0.006 0.004 0.000 0.005 0.000 0.000 0.005 0.009 0.010 0.009 0.000 0.043 0.054 0.010 0.000 0.099 0.010 0.010 0.010 0.010 0.010 0.041 0.010 0.000 0.000 0.008 0.010 0.007
0.000 0.000 0.000 0.000 0.000 0.000 0.000 0.000 0.000 0.000 0.000 0.010 0.000 0.116 0.031 0.010 0.008 0.008 0.007 0.007 0.009 0.006 0.007 0.000 0.000 0.000 0.006 0.009 0.009 0.005 0.003 0.000 0.010 0.008 0.008 0.000 0.010 0.007 0.010 0.007 0.010 0.006 0.007 0.009 0.006 0.004 0.003 0.000 0.004 0.006 0.010 0.009 0.000 0.008 0.000 0.007 0.008 0.010 0.019 0.010 0.010 0.010 0.048 0.010 0.034 0.010 0.010 0.010 0.010 0.000 0.016 0.009 0.000 0.000 0.014 0.010 0.010
0.000 0.000 0.000 0.000 0.000 0.000 0.000 0.000 0.000 0.000 0.000 0.000 0.016 0.000 0.022 0.004 0.010 0.009 0.007 0.010 0.004 0.010 0.007 0.009 0.000 0.000 0.000 0.000 0.000 0.000 0.010 0.008 0.009 0.008 0.008 0.007 0.006 0.009 0.013 0.018 0.010 0.006 0.010 0.010 0.007 0.005 0.006 0.010 0.000 0.005 0.008 0.007 0.010 0.004 0.004 0.009 0.010 0.010 0.010 0.010 0.015 0.008 0.010 0.010 0.010 0.000 0.010 0.000 0.012 0.000 0.010 0.000 0.052 0.010 0.010 0.021 0.010
0.000 0.000 0.000 0.000 0.000 0.000 0.000 0.000 0.000 0.000 0.000 0.000 0.000 0.000 0.000 0.000 0.010 0.005 0.010 0.006 0.007 0.010 0.010 0.010 0.010 0.010 0.006 0.000 0.000 0.000 0.000 0.013 0.010 0.007 0.000 0.006 0.007 0.009 0.010 0.010 0.007 0.009 0.009 0.006 0.005 0.010 0.021 0.000 0.009 0.008 0.007 0.005 0.005 0.008 0.007 0.006 0.079 0.018 0.010 0.010 0.010 0.010 0.009 0.008 0.008 0.000 0.010 0.010 0.000 0.000 0.000 0.000 0.065 0.006 0.013 0.013 0.010
0.000 0.000 0.000 0.000 0.000 0.000 0.000 0.000 0.000 0.000 0.000 0.000 0.000 0.000 0.000 0.010 0.035 0.000 0.027 0.003 0.010 0.007 0.007 0.009 0.010 0.010 0.010 0.006 0.000 0.000 0.000 0.009 0.006 0.000 0.005 0.006 0.000 0.006 0.010 0.010 0.008 0.008 0.005 0.000 0.008 0.011 0.010 0.007 0.008 0.010 0.028 0.010 0.010 0.004 0.005 0.000 0.000 0.010 0.010 0.010 0.010 0.010 0.010 0.010 0.019 0.010 0.010 0.045 0.000 0.000 0.000 0.000 0.010 0.006 0.031 0.039 0.083
0.000 0.000 0.000 0.000 0.000 0.000 0.000 0.000 0.000 0.000 0.000 0.000 0.000 0.000 0.000 0.000 0.000 0.015 0.000 0.000 0.007 0.009 0.008 0.008 0.010 0.010 0.010 0.010 0.009 0.000 0.010 0.006 0.008 0.010 0.000 0.006 0.006 0.000 0.000 0.007 0.006 0.006 0.009 0.010 0.014 0.000 0.000 0.008 0.006 0.010 0.013 0.009 0.007 0.006 0.000 0.015 0.030 0.010 0.010 0.046 0.010 0.010 0.194 0.010 0.010 0.010 0.010 0.010 0.021 0.000 0.000 0.009 0.008 0.007 0.007 0.009 0.064
0.000 0.000 0.000 0.000 0.000 0.000 0.000 0.000 0.000 0.000 0.000 0.000 0.000 0.000 0.000 0.000 0.000 0.000 0.000 0.000 0.000 0.000 0.005 0.010 0.008 0.007 0.010 0.010 0.010 0.008 0.005 0.007 0.010 0.005 0.007 0.004 0.005 0.005 0.005 0.006 0.004 0.008 0.009 0.009 0.000 0.000 0.006 0.006 0.010 0.010 0.010 0.010 0.011 0.006 0.000 0.000 0.000 0.035 0.010 0.010 0.010 0.022 0.010 0.010 0.010 0.010 0.010 0.010 0.015 0.010 0.010 0.015 0.010 0.000 0.008 0.010 0.010
0.000 0.000 0.000 0.000 0.000 0.000 0.000 0.000 0.000 0.000 0.000 0.000 0.000 0.000 0.000 0.000 0.000 0.000 0.000 0.000 0.000 0.000 0.013 0.000 0.006 0.004 0.007 0.005 0.010 0.008 0.008 0.000 0.005 0.007 0.005 0.007 0.009 0.005 0.007 0.005 0.006 0.007 0.007 0.012 0.008 0.000 0.008 0.006 0.014 0.010 0.010 0.010 0.007 0.000 0.010 0.000 0.038 0.010 0.010 0.010 0.010 0.010 0.025 0.010 0.010 0.010 0.010 0.010 0.010 0.010 0.010 0.009 0.008 0.010 0.012 0.000 0.044
0.000 0.000 0.000 0.000 0.000 0.000 0.000 0.000 0.000 0.000 0.000 0.000 0.000 0.000 0.000 0.000 0.000 0.000 0.000 0.000 0.000 0.000 0.000 0.000 0.012 0.000 0.004 0.006 0.007 0.010 0.006 0.254 0.003 0.005 0.004 0.005 0.006 0.006 0.009 0.008 0.000 0.009 0.007 0.000 0.010 0.006 0.006 0.010 0.006 0.009 0.008 0.009 0.008 0.000 0.015 0.010 0.010 0.010 0.010 0.010 0.000 0.010 0.059 0.000 0.013 0.010 0.010 0.096 0.010 0.010 0.010 0.010 0.008 0.007 0.006 0.090 0.000
0.000 0.000 0.000 0.000 0.000 0.000 0.000 0.000 0.000 0.000 0.000 0.000 0.000 0.000 0.000 0.000 0.000 0.000 0.000 0.000 0.000 0.000 0.000 0.000 0.000 0.000 0.000 0.007 0.010 0.009 0.000 0.010 0.005 0.008 0.007 0.006 0.006 0.000 0.005 0.009 0.007 0.007 0.022 0.005 0.000 0.008 0.009 0.010 0.010 0.010 0.006 0.011 0.000 0.000 0.000 0.000 0.034 0.010 0.010 0.010 0.047 0.055 0.000 0.000 0.046 0.035 0.010 0.010 0.010 0.010 0.010 0.010 0.010 0.009 0.008 0.010 0.015
0.000 0.000 0.000 0.000 0.000 0.000 0.000 0.000 0.000 0.000 0.000 0.000 0.000 0.000 0.000 0.000 0.000 0.000 0.000 0.000 0.000 0.000 0.000 0.000 0.000 0.000 0.000 0.010 0.017 0.000 0.010 0.010 0.007 0.004 0.006 0.010 0.000 0.005 0.008 0.006 0.007 0.007 0.007 0.031 0.010 0.006 0.007 0.006 0.006 0.010 0.005 0.008 0.000 0.013 0.010 0.044 0.010 0.010 0.048 0.000 0.035 0.019 0.010 0.000 0.000 0.038 0.060 0.000 0.010 0.010 0.010 0.032 0.010 0.010 0.009 0.008 0.008
0.000 0.000 0.000 0.000 0.000 0.000 0.000 0.000 0.000 0.000 0.000 0.000 0.000 0.000 0.000 0.000 0.000 0.000 0.000 0.000 0.000 0.000 0.000 0.000 0.000 0.000 0.000 0.000 0.000 0.000 0.000 0.008 0.010 0.010 0.009 0.007 0.004 0.006 0.008 0.007 0.011 0.000 0.000 0.005 0.005 0.027 0.007 0.000 0.000 0.006 0.007 0.000 0.019 0.000 0.000 0.016 0.010 0.010 0.010 0.010 0.010 0.010 0.000 0.000 0.000 0.000 0.000 0.075 0.010 0.010 0.035 0.000 0.010 0.010 0.039 0.010 0.010
0.000 0.000 0.000 0.000 0.000 0.000 0.000 0.000 0.000 0.000 0.000 0.000 0.000 0.000 0.000 0.000 0.000 0.000 0.000 0.000 0.000 0.000 0.000 0.000 0.000 0.000 0.000 0.000 0.000 0.000 0.000 0.020 0.000 0.010 0.010 0.007 0.007 0.010 0.010 0.010 0.008 0.000 0.000 0.004 0.000 0.004 0.009 0.005 0.005 0.006 0.010 0.034 0.000 0.000 0.043 0.010 0.010 0.010 0.010 0.010 0.010 0.010 0.000 0.010 0.010 0.068 0.080 0.010 0.010 0.041 0.010 0.000 0.010 0.000 0.000 0.017 0.014
0.000 0.000 0.000 0.000 0.000 0.000 0.000 0.000 0.000 0.000 0.000 0.000 0.000 0.000 0.000 0.000 0.000 0.000 0.000 0.000 0.000 0.000 0.000 0.000 0.000 0.000 0.000 0.000 0.000 0.000 0.000 0.000 0.000 0.010 0.080 0.007 0.010 0.007 0.009 0.007 0.007 0.012 0.000 0.000 0.000 0.005 0.007 0.008 0.006 0.008 0.000 0.000 0.018 0.000 0.010 0.010 0.010 0.082 0.010 0.032 0.010 0.010 0.010 0.000 0.000 0.010 0.016 0.010 0.009 0.010 0.010 0.010 0.010 0.000 0.017 0.014 0.010
0.000 0.000 0.000 0.000 0.000 0.000 0.000 0.000 0.000 0.000 0.000 0.000 0.000 0.000 0.000 0.000 0.000 0.000 0.000 0.000 0.000 0.000 0.000 0.000 0.000 0.000 0.000 0.000 0.000 0.000 0.000 0.000 0.000 0.000 0.010 0.000 0.006 0.004 0.006 0.007 0.010 0.009 0.007 0.000 0.004 0.000 0.000 0.005 0.006 0.008 0.013 0.063 0.000 0.000 0.010 0.010 0.010 0.010 0.010 0.038 0.010 0.086 0.000 0.000 0.010 0.000 0.010 0.000 0.027 0.010 0.010 0.010 0.010 0.010 0.035 0.010 0.010
0.000 0.000 0.000 0.000 0.000 0.000 0.000 0.000 0.000 0.000 0.000 0.000 0.000 0.000 0.000 0.000 0.000 0.000 0.000 0.000 0.000 0.000 0.000 0.000 0.000 0.000 0.000 0.000 0.000 0.000 0.000 0.000 0.000 0.000 0.000 0.000 0.026 0.000 0.010 0.006 0.007 0.006 0.016 0.007 0.010 0.000 0.007 0.004 0.010 0.006 0.010 0.010 0.027 0.010 0.010 0.010 0.041 0.005 0.007 0.010 0.010 0.010 0.010 0.010 0.010 0.010 0.012 0.000 0.010 0.010 0.014 0.010 0.010 0.010 0.010 0.010 0.010
0.000 0.000 0.000 0.000 0.000 0.000 0.000 0.000 0.000 0.000 0.000 0.000 0.000 0.000 0.000 0.000 0.000 0.000 0.000 0.000 0.000 0.000 0.000 0.000 0.000 0.000 0.000 0.000 0.000 0.000 0.000 0.000 0.000 0.000 0.000 0.000 0.000 0.000 0.252 0.000 0.005 0.010 0.008 0.005 0.008 0.006 0.005 0.006 0.009 0.010 0.009 0.000 0.000 0.006 0.009 0.010 0.010 0.006 0.025 0.008 0.008 0.010 0.010 0.010 0.000 0.010 0.010 0.010 0.010 0.010 0.018 0.010 0.010 0.010 0.010 0.010 0.010
0.000 0.000 0.000 0.000 0.000 0.000 0.000 0.000 0.000 0.000 0.000 0.000 0.000 0.000 0.000 0.000 0.000 0.000 0.000 0.000 0.000 0.000 0.000 0.000 0.000 0.000 0.000 0.000 0.000 0.000 0.000 0.000 0.000 0.000 0.000 0.000 0.000 0.000 0.000 0.000 0.038 0.009 0.005 0.009 0.007 0.009 0.005 0.010 0.010 0.010 0.000 0.000 0.000 0.000 0.006 0.008 0.006 0.000 0.008 0.010 0.006 0.010 0.010 0.010 0.010 0.024 0.010 0.010 0.010 0.010 0.010 0.010 0.010 0.010 0.044 0.010 0.010
0.000 0.000 0.000 0.000 0.000 0.000 0.000 0.000 0.000 0.000 0.000 0.000 0.000 0.000 0.000 0.000 0.000 0.000 0.000 0.000 0.000 0.000 0.000 0.000 0.000 0.000 0.000 0.000 0.000 0.000 0.000 0.000 0.000 0.000 0.000 0.000 0.000 0.000 0.000 0.000 0.000 0.010 0.000 0.006 0.007 0.008 0.025 0.008 0.010 0.009 0.007 0.005 0.000 0.000 0.008 0.005 0.000 0.000 0.007 0.007 0.010 0.010 0.010 0.010 0.010 0.008 0.010 0.010 0.009 0.010 0.020 0.010 0.010 0.010 0.010 0.010 0.010
0.000 0.000 0.000 0.000 0.000 0.000 0.000 0.000 0.000 0.000 0.000 0.000 0.000 0.000 0.000 0.000 0.000 0.000 0.000 0.000 0.000 0.000 0.000 0.000 0.000 0.000 0.000 0.000 0.000 0.000 0.000 0.000 0.000 0.000 0.000 0.000 0.000 0.000 0.000 0.000 0.000 0.000 0.000 0.023 0.000 0.010 0.008 0.009 0.007 0.010 0.008 0.008 0.003 0.007 0.008 0.005 0.000 0.009 0.005 0.010 0.010 0.010 0.010 0.010 0.029 0.007 0.008 0.007 0.010 0.010 0.010 0.019 0.126 0.010 0.010 0.010 0.052
0.000 0.000 0.000 0.000 0.000 0.000 0.000 0.000 0.000 0.000 0.000 0.000 0.000 0.000 0.000 0.000 0.000 0.000 0.000 0.000 0.000 0.000 0.000 0.000 0.000 0.000 0.000 0.000 0.000 0.000 0.000 0.000 0.000 0.000 0.000 0.000 0.000 0.000 0.000 0.000 0.000 0.000 0.000 0.000 0.000 0.010 0.000 0.006 0.005 0.008 0.008 0.006 0.010 0.007 0.007 0.005 0.000 0.006 0.010 0.006 0.008 0.018 0.010 0.007 0.007 0.009 0.000 0.000 0.010 0.010 0.010 0.283 0.010 0.010 0.010 0.010 0.010
0.000 0.000 0.000 0.000 0.000 0.000 0.000 0.000 0.000 0.000 0.000 0.000 0.000 0.000 0.000 0.000 0.000 0.000 0.000 0.000 0.000 0.000 0.000 0.000 0.000 0.000 0.000 0.000 0.000 0.000 0.000 0.000 0.000 0.000 0.000 0.000 0.000 0.000 0.000 0.000 0.000 0.000 0.000 0.000 0.000 0.000 0.000 0.020 0.000 0.031 0.010 0.008 0.000 0.010 0.006 0.010 0.000 0.005 0.010 0.005 0.009 0.010 0.009 0.010 0.007 0.007 0.000 0.000 0.000 0.010 0.010 0.010 0.010 0.029 0.010 0.010 0.010
0.000 0.000 0.000 0.000 0.000 0.000 0.000 0.000 0.000 0.000 0.000 0.000 0.000 0.000 0.000 0.000 0.000 0.000 0.000 0.000 0.000 0.000 0.000 0.000 0.000 0.000 0.000 0.000 0.000 0.000 0.000 0.000 0.000 0.000 0.000 0.000 0.000 0.000 0.000 0.000 0.000 0.000 0.000 0.000 0.000 0.000 0.000 0.000 0.000 0.000 0.339 0.008 0.010 0.009 0.009 0.006 0.005 0.000 0.008 0.005 0.010 0.009 0.006 0.010 0.006 0.000 0.000 0.000 0.000 0.000 0.000 0.010 0.009 0.025 0.010 0.010 0.010
0.000 0.000 0.000 0.000 0.000 0.000 0.000 0.000 0.000 0.000 0.000 0.000 0.000 0.000 0.000 0.000 0.000 0.000 0.000 0.000 0.000 0.000 0.000 0.000 0.000 0.000 0.000 0.000 0.000 0.000 0.000 0.000 0.000 0.000 0.000 0.000 0.000 0.000 0.000 0.000 0.000 0.000 0.000 0.000 0.000 0.000 0.000 0.000 0.000 0.000 0.010 0.000 0.010 0.006 0.009 0.008 0.005 0.014 0.010 0.010 0.008 0.006 0.016 0.010 0.010 0.010 0.000 0.000 0.000 0.000 0.000 0.000 0.000 0.009 0.010 0.026 0.010
0.000 0.000 0.000 0.000 0.000 0.000 0.000 0.000 0.000 0.000 0.000 0.000 0.000 0.000 0.000 0.000 0.000 0.000 0.000 0.000 0.000 0.000 0.000 0.000 0.000 0.000 0.000 0.000 0.000 0.000 0.000 0.000 0.000 0.000 0.000 0.000 0.000 0.000 0.000 0.000 0.000 0.000 0.000 0.000 0.000 0.000 0.000 0.000 0.000 0.000 0.000 0.000 0.029 0.000 0.006 0.009 0.008 0.010 0.010 0.006 0.008 0.005 0.010 0.010 0.021 0.010 0.025 0.010 0.000 0.000 0.000 0.000 0.008 0.000 0.000 0.010 0.010
0.000 0.000 0.000 0.000 0.000 0.000 0.000 0.000 0.000 0.000 0.000 0.000 0.000 0.000 0.000 0.000 0.000 0.000 0.000 0.000 0.000 0.000 0.000 0.000 0.000 0.000 0.000 0.000 0.000 0.000 0.000 0.000 0.000 0.000 0.000 0.000 0.000 0.000 0.000 0.000 0.000 0.000 0.000 0.000 0.000 0.000 0.000 0.000 0.000 0.000 0.000 0.000 0.000 0.000 0.036 0.000 0.008 0.009 0.010 0.009 0.008 0.010 0.010 0.010 0.010 0.010 0.010 0.009 0.015 0.006 0.000 0.000 0.000 0.000 0.019 0.007 0.010
0.000 0.000 0.000 0.000 0.000 0.000 0.000 0.000 0.000 0.000 0.000 0.000 0.000 0.000 0.000 0.000 0.000 0.000 0.000 0.000 0.000 0.000 0.000 0.000 0.000 0.000 0.000 0.000 0.000 0.000 0.000 0.000 0.000 0.000 0.000 0.000 0.000 0.000 0.000 0.000 0.000 0.000 0.000 0.000 0.000 0.000 0.000 0.000 0.000 0.000 0.000 0.000 0.000 0.000 0.000 0.000 0.000 0.020 0.007 0.010 0.007 0.008 0.010 0.010 0.010 0.010 0.010 0.010 0.010 0.008 0.000 0.000 0.000 0.000 0.000 0.004 0.000
