hx_30m/njhx/rain/result-0038.wd
ncols         211
nrows         286
xllcorner     660279.582600
yllcorner     3541874.325092
cellsize      30.000000
NODATA_value  -9999.000000
[rows 68 to 101 of 286, columns 77 to 153 of 211]
0.000 0.000 0.000 0.000 0.000 0.000 0.010 0.010 0.010 0.000 0.000 0.006 0.009 0.010 0.623 0.000 0.028 0.065 0.065 0.000 0.000 0.000 0.000 0.006 0.001 0.001 0.001 0.004 0.003 0.010 0.002 0.002 0.002 0.005 0.002 0.002 0.002 0.006 0.341 0.008 0.002 0.003 0.002 0.004 0.002 0.007 0.010 0.010 0.019 0.001 0.000 0.005 0.002 0.000 0.010 0.046 0.010 0.010 0.003 0.002 0.000 0.002 0.000 0.000 0.000 0.000 0.008 0.010 0.000 0.000 0.000 0.010 0.000 0.000 0.000 0.000 0.000
0.000 0.000 0.000 0.000 0.000 0.010 0.010 0.005 0.006 0.010 0.071 0.046 0.006 0.008 0.000 0.024 0.004 0.004 0.005 0.010 0.004 0.003 0.001 0.001 0.005 0.003 0.003 0.002 0.002 0.001 0.002 0.009 0.010 0.059 0.055 0.010 0.010 0.002 0.338 0.001 0.000 0.000 0.000 0.000 0.000 0.003 0.024 0.003 0.000 0.022 0.005 0.001 0.002 0.000 0.010 0.004 0.010 0.010 0.003 0.003 0.002 0.002 0.000 0.000 0.002 0.001 0.002 0.010 0.000 0.000 0.000 0.010 0.000 0.000 0.000 0.000 0.000
0.000 0.000 0.000 0.000 0.000 0.084 0.010 0.003 0.008 0.006 0.004 0.002 0.003 0.003 0.010 0.010 0.004 0.001 0.002 0.002 0.006 0.002 0.000 0.000 0.010 0.000 0.000 0.003 0.000 0.000 0.003 0.003 0.000 0.000 0.000 0.010 0.000 0.003 0.020 0.002 0.000 0.000 0.000 0.000 0.000 0.004 0.003 0.000 0.000 0.000 0.000 0.000 0.001 0.001 0.007 0.003 0.005 0.004 0.000 0.000 0.004 0.000 0.000 0.000 0.000 0.000 0.005 0.010 0.000 0.000 0.000 0.010 0.000 0.000 0.000 0.000 0.000
0.000 0.000 0.000 0.000 0.000 0.010 0.006 0.010 0.008 0.003 0.000 0.000 0.001 0.000 0.002 0.010 0.001 0.002 0.002 0.003 0.010 0.002 0.000 0.002 0.000 0.000 0.002 0.004 0.000 0.001 0.002 0.000 0.000 0.001 0.005 0.005 0.000 0.006 0.610 0.002 0.000 0.000 0.000 0.000 0.003 0.003 0.002 0.000 0.000 0.000 0.000 0.000 0.003 0.000 0.010 0.004 0.010 0.001 0.001 0.001 0.002 0.000 0.000 0.000 0.000 0.000 0.013 0.010 0.000 0.000 0.000 0.136 0.000 0.000 0.000 0.000 0.000
0.000 0.000 0.000 0.000 0.000 0.076 0.008 0.006 0.010 0.001 0.000 0.000 0.001 0.000 0.000 0.035 0.001 0.000 0.002 0.001 0.000 0.001 0.001 0.001 0.000 0.014 0.010 0.001 0.000 0.000 0.003 0.001 0.000 0.001 0.001 0.001 0.000 0.001 0.152 0.002 0.000 0.034 0.000 0.000 0.000 0.000 0.001 0.000 0.000 0.002 0.000 0.000 0.001 0.003 0.001 0.004 0.004 0.000 0.002 0.001 0.001 0.001 0.001 0.001 0.000 0.000 0.010 0.010 0.000 0.000 0.000 0.010 0.000 0.000 0.000 0.000 0.000
0.000 0.000 0.000 0.000 0.000 0.010 0.006 0.006 0.004 0.001 0.001 0.000 0.001 0.002 0.000 0.000 0.002 0.002 0.001 0.001 0.010 0.001 0.000 0.002 0.000 0.003 0.000 0.002 0.002 0.001 0.001 0.001 0.000 0.000 0.002 0.000 0.000 0.004 0.007 0.008 0.010 0.010 0.000 0.000 0.000 0.000 0.001 0.001 0.000 0.000 0.000 0.000 0.003 0.000 0.000 0.002 0.001 0.002 0.002 0.001 0.000 0.000 0.001 0.000 0.001 0.001 0.005 0.010 0.000 0.000 0.000 0.010 0.000 0.000 0.000 0.000 0.000
0.000 0.000 0.000 0.000 0.000 0.008 0.008 0.006 0.006 0.002 0.001 0.001 0.001 0.000 0.000 0.280 0.002 0.000 0.001 0.005 0.036 0.017 0.000 0.001 0.002 0.006 0.000 0.002 0.000 0.001 0.001 0.000 0.000 0.000 0.001 0.002 0.003 0.001 0.006 0.002 0.000 0.004 0.000 0.000 0.001 0.000 0.004 0.001 0.000 0.000 0.000 0.000 0.002 0.000 0.003 0.001 0.000 0.001 0.001 0.000 0.000 0.000 0.001 0.001 0.001 0.003 0.006 0.010 0.000 0.000 0.000 0.010 0.000 0.000 0.000 0.000 0.000
0.000 0.000 0.000 0.000 0.096 0.008 0.008 0.006 0.006 0.002 0.012 0.004 0.002 0.001 0.001 0.010 0.010 0.001 0.000 0.001 0.003 0.002 0.000 0.000 0.000 0.008 0.002 0.002 0.003 0.003 0.004 0.002 0.002 0.003 0.004 0.002 0.003 0.002 0.006 0.003 0.010 0.008 0.000 0.000 0.000 0.002 0.002 0.003 0.002 0.002 0.002 0.002 0.004 0.000 0.000 0.000 0.001 0.001 0.000 0.000 0.000 0.000 0.000 0.002 0.001 0.006 0.007 0.010 0.000 0.000 0.000 0.000 0.000 0.000 0.000 0.000 0.000
0.000 0.000 0.000 0.000 0.010 0.006 0.008 0.008 0.006 0.010 0.002 0.003 0.031 0.004 0.000 0.000 0.156 0.000 0.000 0.000 0.001 0.001 0.001 0.001 0.000 0.000 0.000 0.006 0.000 0.010 0.004 0.001 0.002 0.000 0.002 0.000 0.006 0.001 0.003 0.002 0.010 0.010 0.000 0.000 0.000 0.000 0.004 0.003 0.001 0.001 0.001 0.000 0.002 0.008 0.003 0.000 0.003 0.000 0.000 0.000 0.000 0.001 0.001 0.000 0.000 0.002 0.010 0.010 0.000 0.000 0.000 0.000 0.000 0.000 0.000 0.000 0.000
0.000 0.000 0.000 0.000 0.010 0.008 0.008 0.010 0.007 0.001 0.001 0.001 0.002 0.000 0.001 0.000 0.000 0.001 0.002 0.002 0.001 0.005 0.010 0.003 0.002 0.000 0.000 0.008 0.003 0.001 0.001 0.002 0.007 0.006 0.004 0.000 0.010 0.002 0.002 0.004 0.010 0.010 0.000 0.000 0.000 0.000 0.000 0.000 0.001 0.001 0.002 0.000 0.000 0.001 0.000 0.003 0.001 0.000 0.000 0.000 0.000 0.001 0.002 0.001 0.001 0.002 0.006 0.077 0.000 0.000 0.000 0.000 0.000 0.000 0.000 0.000 0.000
0.000 0.000 0.000 0.000 0.010 0.010 0.010 0.010 0.003 0.000 0.001 0.000 0.001 0.002 0.003 0.000 0.005 0.006 0.000 0.000 0.002 0.004 0.000 0.002 0.001 0.000 0.000 0.008 0.000 0.000 0.001 0.001 0.002 0.004 0.005 0.000 0.010 0.003 0.010 0.003 0.010 0.010 0.000 0.000 0.000 0.000 0.000 0.003 0.001 0.000 0.000 0.001 0.001 0.002 0.002 0.003 0.003 0.001 0.001 0.000 0.001 0.001 0.001 0.000 0.002 0.006 0.006 0.010 0.000 0.000 0.000 0.041 0.000 0.000 0.000 0.000 0.000
0.000 0.000 0.000 0.000 0.010 0.006 0.010 0.007 0.004 0.000 0.001 0.000 0.000 0.002 0.000 0.000 0.002 0.006 0.010 0.000 0.028 0.022 0.010 0.002 0.003 0.000 0.000 0.004 0.000 0.001 0.002 0.001 0.002 0.000 0.000 0.000 0.000 0.001 0.006 0.002 0.048 0.010 0.000 0.000 0.002 0.008 0.000 0.010 0.001 0.001 0.001 0.000 0.001 0.004 0.003 0.000 0.000 0.001 0.003 0.001 0.001 0.001 0.000 0.002 0.000 0.003 0.006 0.010 0.000 0.000 0.105 0.000 0.000 0.000 0.000 0.000 0.000
0.000 0.000 0.000 0.096 0.010 0.006 0.010 0.010 0.020 0.000 0.000 0.001 0.000 0.001 0.000 0.000 0.001 0.006 0.000 0.000 0.003 0.010 0.000 0.003 0.010 0.010 0.001 0.003 0.000 0.000 0.002 0.001 0.001 0.000 0.000 0.000 0.010 0.003 0.006 0.002 0.010 0.010 0.000 0.000 0.002 0.003 0.000 0.015 0.003 0.015 0.004 0.005 0.002 0.003 0.000 0.000 0.001 0.001 0.008 0.003 0.000 0.002 0.005 0.002 0.001 0.004 0.006 0.128 0.000 0.000 0.010 0.000 0.000 0.000 0.000 0.000 0.000
0.000 0.000 0.000 0.010 0.044 0.007 0.010 0.008 0.007 0.000 0.000 0.000 0.004 0.001 0.000 0.000 0.000 0.000 0.003 0.000 0.004 0.010 0.105 0.010 0.010 0.010 0.003 0.031 0.000 0.014 0.001 0.001 0.001 0.000 0.000 0.000 0.000 0.002 0.006 0.004 0.010 0.010 0.000 0.000 0.000 0.019 0.000 0.013 0.000 0.010 0.000 0.000 0.000 0.004 0.000 0.000 0.000 0.000 0.000 0.002 0.001 0.001 0.000 0.000 0.000 0.004 0.008 0.000 0.000 0.000 0.010 0.000 0.000 0.000 0.000 0.000 0.000
0.000 0.000 0.087 0.010 0.010 0.006 0.010 0.006 0.160 0.000 0.000 0.000 0.000 0.001 0.000 0.000 0.001 0.006 0.046 0.000 0.000 0.000 0.375 0.310 0.000 0.000 0.000 0.010 0.000 0.022 0.008 0.010 0.018 0.000 0.000 0.010 0.003 0.002 0.008 0.003 0.006 0.008 0.007 0.010 0.004 0.010 0.000 0.008 0.000 0.010 0.010 0.000 0.002 0.004 0.000 0.000 0.000 0.000 0.001 0.001 0.000 0.000 0.000 0.000 0.000 0.003 0.008 0.000 0.000 0.000 0.010 0.000 0.000 0.000 0.000 0.000 0.000
0.000 0.000 0.010 0.010 0.010 0.006 0.010 0.006 0.251 0.354 0.000 0.000 0.000 0.000 0.000 0.000 0.000 0.002 0.095 0.008 0.142 0.076 0.003 0.022 0.002 0.006 0.003 0.089 0.010 0.209 0.010 0.010 0.004 0.004 0.003 0.010 0.002 0.001 0.003 0.002 0.004 0.004 0.006 0.004 0.000 0.000 0.000 0.008 0.043 0.010 0.001 0.001 0.002 0.006 0.001 0.001 0.001 0.003 0.006 0.000 0.000 0.004 0.000 0.001 0.000 0.004 0.010 0.000 0.000 0.000 0.113 0.000 0.000 0.000 0.000 0.000 0.000
0.000 0.000 0.008 0.008 0.008 0.004 0.008 0.004 0.344 0.000 0.000 0.000 0.351 0.036 0.497 0.029 0.110 0.274 0.052 0.016 0.010 0.010 0.103 0.092 0.035 0.010 0.059 0.037 0.000 0.000 0.000 0.000 0.001 0.000 0.002 0.010 0.342 0.002 0.006 0.003 0.010 0.000 0.004 0.004 0.001 0.001 0.008 0.010 0.016 0.010 0.001 0.001 0.000 0.002 0.002 0.002 0.003 0.000 0.000 0.002 0.010 0.002 0.001 0.001 0.000 0.003 0.010 0.000 0.000 0.000 0.010 0.000 0.000 0.000 0.000 0.000 0.000
0.000 0.061 0.010 0.118 0.115 0.002 0.010 0.027 0.000 0.000 0.000 0.000 0.000 0.000 0.000 0.000 0.002 0.006 0.001 0.003 0.000 0.000 0.001 0.000 0.002 0.000 0.000 0.042 0.001 0.000 0.002 0.005 0.008 0.010 0.002 0.006 0.010 0.004 0.003 0.002 0.000 0.004 0.002 0.008 0.003 0.000 0.004 0.010 0.015 0.011 0.028 0.057 0.000 0.008 0.010 0.010 0.009 0.010 0.000 0.001 0.001 0.001 0.000 0.000 0.002 0.010 0.010 0.000 0.000 0.000 0.000 0.000 0.000 0.000 0.000 0.000 0.000
0.074 0.010 0.010 0.010 0.008 0.006 0.010 0.000 0.000 0.000 0.000 0.000 0.000 0.000 0.000 0.000 0.003 0.004 0.002 0.012 0.002 0.003 0.005 0.002 0.003 0.009 0.002 0.005 0.002 0.001 0.001 0.002 0.005 0.000 0.009 0.010 0.011 0.003 0.006 0.003 0.000 0.004 0.007 0.000 0.002 0.001 0.003 0.010 0.016 0.024 0.000 0.000 0.000 0.006 0.010 0.010 0.008 0.010 0.010 0.003 0.001 0.001 0.001 0.000 0.014 0.010 0.008 0.000 0.000 0.000 0.000 0.000 0.000 0.000 0.000 0.000 0.000
0.010 0.010 0.010 0.010 0.007 0.008 0.053 0.000 0.001 0.001 0.001 0.000 0.000 0.000 0.000 0.000 0.006 0.000 0.001 0.010 0.006 0.002 0.010 0.058 0.003 0.001 0.000 0.002 0.002 0.002 0.001 0.003 0.003 0.011 0.010 0.010 0.006 0.001 0.003 0.003 0.000 0.010 0.010 0.000 0.002 0.001 0.004 0.060 0.014 0.109 0.115 0.000 0.179 0.005 0.010 0.010 0.010 0.005 0.005 0.010 0.010 0.001 0.005 0.008 0.000 0.010 0.008 0.000 0.000 0.000 0.000 0.000 0.000 0.000 0.000 0.000 0.000
0.010 0.010 0.010 0.010 0.006 0.008 0.010 0.003 0.001 0.001 0.000 0.000 0.000 0.000 0.000 0.000 0.000 0.008 0.002 0.010 0.002 0.001 0.000 0.001 0.002 0.003 0.000 0.003 0.000 0.000 0.002 0.006 0.002 0.003 0.012 0.000 0.000 0.001 0.003 0.007 0.000 0.000 0.007 0.000 0.001 0.004 0.000 0.021 0.014 0.077 0.095 0.241 0.219 0.002 0.003 0.008 0.003 0.000 0.000 0.003 0.001 0.001 0.010 0.010 0.010 0.010 0.005 0.006 0.000 0.000 0.000 0.038 0.000 0.000 0.000 0.000 0.000
0.010 0.173 0.010 0.058 0.006 0.008 0.003 0.001 0.001 0.000 0.001 0.010 0.000 0.000 0.000 0.000 0.001 0.002 0.003 0.004 0.000 0.000 0.004 0.003 0.002 0.002 0.004 0.005 0.000 0.000 0.008 0.008 0.010 0.000 0.000 0.003 0.010 0.002 0.004 0.004 0.005 0.003 0.005 0.002 0.002 0.003 0.002 0.012 0.003 0.000 0.000 0.000 0.000 0.297 0.003 0.003 0.008 0.008 0.007 0.004 0.008 0.069 0.008 0.010 0.010 0.010 0.008 0.002 0.000 0.000 0.000 0.000 0.037 0.000 0.000 0.000 0.000
0.010 0.030 0.115 0.010 0.004 0.010 0.002 0.001 0.001 0.003 0.002 0.001 0.001 0.002 0.000 0.001 0.002 0.009 0.005 0.002 0.003 0.004 0.003 0.003 0.004 0.002 0.005 0.005 0.005 0.008 0.003 0.006 0.010 0.003 0.004 0.003 0.002 0.002 0.002 0.010 0.010 0.012 0.005 0.005 0.004 0.006 0.003 0.011 0.012 0.015 0.183 0.019 0.163 0.209 0.069 0.091 0.219 0.010 0.062 0.277 0.227 0.179 0.269 0.158 0.151 0.010 0.010 0.010 0.010 0.000 0.000 0.000 0.000 0.035 0.000 0.000 0.000
0.010 0.010 0.010 0.010 0.003 0.010 0.001 0.001 0.001 0.001 0.001 0.010 0.001 0.001 0.000 0.001 0.000 0.000 0.004 0.010 0.000 0.004 0.004 0.005 0.001 0.001 0.000 0.005 0.004 0.004 0.000 0.001 0.010 0.001 0.001 0.000 0.000 0.002 0.001 0.010 0.000 0.000 0.000 0.000 0.000 0.000 0.000 0.000 0.014 0.000 0.000 0.000 0.000 0.000 0.008 0.010 0.010 0.010 0.007 0.005 0.003 0.005 0.007 0.010 0.008 0.000 0.374 0.008 0.003 0.008 0.000 0.000 0.000 0.000 0.031 0.000 0.000
0.010 0.010 0.010 0.010 0.004 0.010 0.000 0.000 0.000 0.004 0.000 0.000 0.001 0.002 0.001 0.001 0.002 0.002 0.002 0.002 0.003 0.000 0.003 0.000 0.001 0.000 0.003 0.007 0.000 0.000 0.010 0.008 0.051 0.001 0.001 0.007 0.000 0.001 0.004 0.007 0.000 0.000 0.017 0.001 0.000 0.001 0.000 0.001 0.003 0.003 0.001 0.002 0.003 0.001 0.001 0.001 0.000 0.001 0.000 0.000 0.000 0.002 0.010 0.000 0.003 0.000 0.096 0.003 0.003 0.005 0.008 0.000 0.000 0.000 0.000 0.032 0.000
0.010 0.010 0.010 0.010 0.004 0.089 0.000 0.004 0.007 0.000 0.000 0.000 0.000 0.002 0.003 0.002 0.001 0.002 0.000 0.000 0.003 0.004 0.000 0.000 0.005 0.005 0.003 0.003 0.000 0.000 0.062 0.163 0.130 0.036 0.010 0.005 0.002 0.002 0.007 0.007 0.010 0.000 0.006 0.003 0.004 0.000 0.001 0.001 0.001 0.000 0.002 0.000 0.006 0.000 0.000 0.016 0.001 0.005 0.001 0.001 0.002 0.001 0.001 0.010 0.006 0.002 0.049 0.000 0.002 0.003 0.005 0.005 0.000 0.000 0.000 0.000 0.034
0.010 0.010 0.010 0.047 0.003 0.010 0.002 0.002 0.002 0.000 0.000 0.000 0.010 0.000 0.000 0.000 0.007 0.001 0.000 0.000 0.007 0.008 0.010 0.010 0.005 0.002 0.002 0.002 0.000 0.000 0.000 0.000 0.020 0.047 0.118 0.000 0.016 0.003 0.010 0.007 0.149 0.010 0.005 0.002 0.001 0.002 0.002 0.002 0.003 0.000 0.001 0.002 0.001 0.000 0.001 0.000 0.003 0.004 0.006 0.006 0.001 0.001 0.000 0.000 0.002 0.000 0.033 0.002 0.010 0.005 0.002 0.007 0.008 0.000 0.000 0.000 0.000
0.010 0.010 0.010 0.005 0.008 0.006 0.002 0.000 0.006 0.005 0.010 0.010 0.005 0.010 0.010 0.008 0.002 0.002 0.000 0.000 0.003 0.010 0.010 0.010 0.002 0.000 0.000 0.005 0.003 0.000 0.001 0.000 0.011 0.010 0.010 0.010 0.020 0.003 0.004 0.010 0.000 0.000 0.010 0.010 0.000 0.003 0.001 0.000 0.003 0.001 0.002 0.002 0.005 0.000 0.002 0.000 0.002 0.003 0.002 0.004 0.000 0.001 0.000 0.008 0.869 0.002 0.021 0.010 0.004 0.002 0.025 0.010 0.004 0.010 0.000 0.000 0.000
0.000 0.000 0.010 0.004 0.008 0.005 0.005 0.004 0.008 0.003 0.000 0.000 0.002 0.010 0.041 0.010 0.003 0.001 0.001 0.002 0.006 0.010 0.004 0.004 0.002 0.000 0.000 0.004 0.007 0.010 0.007 0.005 0.010 0.002 0.000 0.000 0.011 0.010 0.003 0.021 0.000 0.000 0.006 0.003 0.002 0.002 0.001 0.001 0.004 0.002 0.001 0.002 0.003 0.000 0.002 0.000 0.000 0.000 0.000 0.000 0.000 0.001 0.000 0.068 0.010 0.011 0.011 0.000 0.006 0.006 0.004 0.000 0.001 0.003 0.006 0.000 0.000
0.010 0.010 0.010 0.005 0.008 0.010 0.009 0.064 0.003 0.002 0.001 0.008 0.001 0.003 0.008 0.000 0.002 0.001 0.003 0.000 0.000 0.000 0.002 0.000 0.001 0.000 0.000 0.004 0.000 0.010 0.010 0.010 0.005 0.002 0.000 0.013 0.000 0.003 0.005 0.010 0.000 0.000 0.010 0.000 0.001 0.002 0.000 0.000 0.001 0.219 0.010 0.001 0.003 0.000 0.005 0.000 0.000 0.000 0.000 0.000 0.000 0.001 0.000 0.008 0.036 0.000 0.201 0.008 0.005 0.003 0.010 0.010 0.002 0.001 0.004 0.006 0.000
0.000 0.000 0.008 0.004 0.008 0.010 0.010 0.000 0.010 0.000 0.000 0.005 0.000 0.000 0.003 0.000 0.001 0.007 0.005 0.000 0.002 0.002 0.001 0.000 0.002 0.002 0.000 0.004 0.000 0.032 0.010 0.034 0.010 0.003 0.000 0.010 0.000 0.003 0.002 0.010 0.000 0.000 0.010 0.003 0.003 0.005 0.008 0.008 0.007 0.667 0.000 0.001 0.000 0.000 0.003 0.000 0.000 0.000 0.000 0.000 0.000 0.002 0.000 0.000 0.001 0.002 0.011 0.003 0.003 0.000 0.000 0.001 0.007 0.002 0.001 0.002 0.008
0.000 0.010 0.067 0.010 0.010 0.010 0.059 0.005 0.004 0.010 0.004 0.002 0.005 0.004 0.003 0.002 0.002 0.003 0.002 0.002 0.001 0.003 0.003 0.002 0.002 0.002 0.001 0.004 0.005 0.004 0.002 0.001 0.002 0.002 0.006 0.005 0.040 0.002 0.004 0.010 0.001 0.001 0.005 0.002 0.008 0.007 0.006 0.008 0.004 0.314 0.000 0.000 0.000 0.000 0.003 0.000 0.000 0.000 0.000 0.002 0.000 0.001 0.000 0.002 0.003 0.008 0.090 0.006 0.002 0.001 0.005 0.010 0.010 0.002 0.001 0.000 0.002
0.000 0.000 0.010 0.005 0.010 0.010 0.006 0.001 0.001 0.000 0.001 0.000 0.002 0.008 0.001 0.000 0.000 0.010 0.005 0.000 0.002 0.010 0.010 0.010 0.010 0.010 0.010 0.003 0.007 0.010 0.000 0.000 0.000 0.001 0.002 0.003 0.004 0.007 0.005 0.006 0.002 0.001 0.001 0.010 0.003 0.002 0.003 0.003 0.166 0.180 0.254 0.079 0.080 0.021 0.032 0.077 0.129 0.167 0.228 0.020 0.002 0.001 0.006 0.003 0.001 0.007 0.006 0.001 0.001 0.003 0.001 0.003 0.004 0.002 0.001 0.002 0.002
0.036 0.043 0.010 0.005 0.010 0.008 0.001 0.000 0.000 0.001 0.001 0.003 0.001 0.001 0.000 0.000 0.000 0.010 0.006 0.005 0.003 0.010 0.010 0.010 0.010 0.010 0.208 0.002 0.001 0.001 0.000 0.002 0.000 0.003 0.003 0.004 0.002 0.005 0.007 0.010 0.000 0.004 0.005 0.010 0.000 0.002 0.002 0.000 0.003 0.010 0.363 0.000 0.010 0.037 0.037 0.044 0.020 0.010 0.005 0.001 0.001 0.001 0.001 0.005 0.002 0.002 0.002 0.001 0.003 0.010 0.002 0.005 0.010 0.003 0.002 0.007 0.000
