hx_30m/njhx/rain/result-0035.wd
ncols         211
nrows         286
xllcorner     660279.582600
yllcorner     3541874.325092
cellsize      30.000000
NODATA_value  -9999.000000
[rows 170 to 203 of 286, columns 77 to 153 of 211]
0.010 0.004 0.010 0.007 0.219 0.111 0.003 0.002 0.005 0.007 0.005 0.008 0.010 0.010 0.010 0.008 0.006 0.010 0.010 0.010 0.005 0.003 0.002 0.001 0.004 0.000 0.010 0.006 0.010 0.009 0.007 0.004 0.003 0.010 0.005 0.004 0.007 0.004 0.004 0.005 0.010 0.118 0.196 0.010 0.001 0.001 0.000 0.000 0.002 0.001 0.002 0.002 0.000 0.005 0.003 0.008 0.000 0.001 0.004 0.003 0.032 0.000 0.000 0.000 0.007 0.000 0.000 0.008 0.009 0.000 0.000 0.002 0.011 0.010 0.063 0.000 0.010
0.010 0.003 0.006 0.010 0.120 0.016 0.004 0.004 0.002 0.002 0.010 0.004 0.002 0.002 0.002 0.005 0.010 0.008 0.000 0.000 0.003 0.005 0.000 0.000 0.004 0.000 0.010 0.000 0.000 0.016 0.006 0.007 0.006 0.010 0.010 0.000 0.007 0.014 0.010 0.004 0.007 0.006 0.002 0.000 0.001 0.001 0.001 0.000 0.005 0.010 0.003 0.003 0.007 0.000 0.000 0.010 0.000 0.004 0.000 0.000 0.010 0.000 0.000 0.002 0.000 0.000 0.000 0.000 0.029 0.002 0.000 0.003 0.007 0.031 0.000 0.003 0.010
0.008 0.005 0.008 0.004 0.022 0.156 0.006 0.003 0.002 0.000 0.001 0.000 0.006 0.006 0.000 0.003 0.006 0.065 0.010 0.010 0.005 0.005 0.000 0.003 0.008 0.008 0.010 0.000 0.060 0.010 0.001 0.000 0.003 0.010 0.019 0.000 0.004 0.004 0.006 0.003 0.004 0.000 0.004 0.001 0.000 0.000 0.001 0.004 0.008 0.039 0.003 0.002 0.001 0.001 0.000 0.000 0.005 0.010 0.007 0.004 0.010 0.000 0.000 0.000 0.003 0.003 0.005 0.000 0.010 0.000 0.000 0.003 0.003 0.001 0.000 0.235 0.371
0.046 0.009 0.005 0.008 0.089 0.076 0.003 0.010 0.005 0.004 0.004 0.008 0.005 0.002 0.006 0.003 0.000 0.000 0.000 0.000 0.004 0.004 0.002 0.005 0.008 0.006 0.008 0.000 0.010 0.010 0.002 0.004 0.001 0.002 0.000 0.003 0.006 0.006 0.004 0.004 0.006 0.004 0.000 0.004 0.003 0.008 0.002 0.002 0.002 0.000 0.004 0.000 0.008 0.010 0.000 0.000 0.008 0.002 0.008 0.000 0.010 0.007 0.003 0.002 0.000 0.000 0.004 0.010 0.010 0.015 0.000 0.003 0.003 0.003 0.000 0.080 0.000
0.000 0.010 0.010 0.009 0.006 0.014 0.004 0.039 0.005 0.009 0.004 0.007 0.038 0.004 0.003 0.004 0.005 0.008 0.003 0.008 0.003 0.005 0.004 0.003 0.002 0.000 0.000 0.000 0.000 0.000 0.002 0.000 0.001 0.004 0.010 0.010 0.006 0.006 0.003 0.006 0.003 0.000 0.000 0.004 0.000 0.000 0.000 0.002 0.002 0.000 0.004 0.000 0.003 0.010 0.004 0.000 0.002 0.000 0.003 0.003 0.007 0.006 0.000 0.007 0.003 0.002 0.003 0.000 0.001 0.004 0.000 0.000 0.002 0.164 0.023 0.032 0.000
0.028 0.000 0.010 0.010 0.006 0.002 0.003 0.002 0.006 0.006 0.005 0.008 0.008 0.004 0.006 0.006 0.008 0.034 0.006 0.029 0.008 0.006 0.005 0.005 0.005 0.007 0.004 0.002 0.005 0.008 0.005 0.001 0.004 0.003 0.010 0.006 0.000 0.008 0.004 0.010 0.007 0.000 0.000 0.010 0.003 0.000 0.000 0.000 0.000 0.000 0.003 0.010 0.003 0.003 0.000 0.000 0.000 0.002 0.002 0.004 0.005 0.000 0.002 0.002 0.004 0.007 0.003 0.004 0.001 0.000 0.001 0.002 0.012 0.171 0.004 0.015 0.000
0.000 0.044 0.010 0.010 0.003 0.002 0.002 0.003 0.001 0.002 0.002 0.003 0.005 0.004 0.003 0.004 0.001 0.004 0.003 0.005 0.004 0.004 0.003 0.005 0.005 0.002 0.026 0.005 0.008 0.005 0.015 0.005 0.005 0.003 0.003 0.003 0.003 0.002 0.003 0.006 0.014 0.010 0.010 0.010 0.000 0.000 0.000 0.000 0.001 0.003 0.003 0.000 0.003 0.000 0.000 0.001 0.005 0.003 0.005 0.006 0.000 0.000 0.004 0.003 0.002 0.002 0.002 0.000 0.001 0.000 0.002 0.005 0.639 0.000 0.000 0.010 0.000
0.010 0.010 0.035 0.010 0.001 0.001 0.006 0.008 0.008 0.008 0.002 0.003 0.001 0.001 0.000 0.002 0.004 0.003 0.003 0.005 0.006 0.004 0.000 0.006 0.010 0.006 0.006 0.006 0.006 0.005 0.005 0.005 0.004 0.004 0.003 0.004 0.004 0.005 0.002 0.006 0.006 0.018 0.003 0.002 0.003 0.005 0.007 0.002 0.004 0.013 0.007 0.004 0.003 0.002 0.000 0.003 0.010 0.002 0.001 0.002 0.003 0.016 0.005 0.010 0.000 0.003 0.002 0.002 0.001 0.000 0.001 0.003 0.000 0.003 0.249 0.000 0.000
0.010 0.010 0.008 0.003 0.002 0.002 0.004 0.004 0.003 0.005 0.006 0.004 0.002 0.001 0.003 0.004 0.004 0.004 0.003 0.002 0.010 0.008 0.006 0.006 0.008 0.004 0.008 0.000 0.004 0.000 0.000 0.000 0.006 0.007 0.003 0.002 0.003 0.008 0.005 0.008 0.002 0.007 0.007 0.005 0.005 0.005 0.003 0.003 0.004 0.003 0.005 0.003 0.005 0.004 0.004 0.002 0.009 0.002 0.000 0.000 0.004 0.000 0.010 0.010 0.010 0.005 0.007 0.002 0.001 0.003 0.002 0.001 0.000 0.003 0.001 0.001 0.010
0.010 0.004 0.008 0.003 0.004 0.008 0.008 0.005 0.004 0.006 0.001 0.001 0.003 0.003 0.000 0.002 0.006 0.010 0.031 0.006 0.004 0.003 0.006 0.010 0.084 0.031 0.010 0.008 0.008 0.008 0.006 0.010 0.008 0.006 0.000 0.000 0.000 0.004 0.005 0.010 0.014 0.010 0.086 0.037 0.010 0.010 0.010 0.028 0.010 0.025 0.010 0.002 0.005 0.000 0.004 0.004 0.002 0.002 0.007 0.010 0.009 0.004 0.010 0.003 0.005 0.007 0.010 0.010 0.000 0.002 0.003 0.002 0.002 0.004 0.002 0.005 0.000
0.010 0.010 0.003 0.001 0.001 0.004 0.006 0.004 0.008 0.006 0.010 0.003 0.003 0.002 0.002 0.003 0.010 0.047 0.113 0.010 0.010 0.003 0.004 0.041 0.000 0.006 0.008 0.004 0.010 0.000 0.007 0.016 0.008 0.004 0.000 0.000 0.000 0.003 0.004 0.010 0.009 0.010 0.010 0.010 0.010 0.010 0.131 0.136 0.010 0.006 0.010 0.003 0.003 0.000 0.006 0.001 0.002 0.002 0.000 0.003 0.002 0.024 0.003 0.002 0.004 0.004 0.006 0.004 0.007 0.005 0.002 0.002 0.000 0.002 0.002 0.001 0.000
0.010 0.005 0.002 0.002 0.010 0.004 0.008 0.003 0.003 0.003 0.001 0.002 0.002 0.002 0.000 0.006 0.010 0.103 0.010 0.010 0.004 0.002 0.000 0.008 0.010 0.010 0.006 0.010 0.010 0.010 0.010 0.005 0.016 0.002 0.005 0.001 0.002 0.004 0.002 0.004 0.003 0.010 0.010 0.010 0.010 0.010 0.127 0.175 0.010 0.003 0.004 0.000 0.010 0.010 0.002 0.000 0.000 0.000 0.001 0.002 0.002 0.000 0.007 0.000 0.003 0.003 0.003 0.010 0.005 0.006 0.009 0.007 0.000 0.007 0.002 0.002 0.000
0.006 0.008 0.002 0.002 0.002 0.003 0.002 0.004 0.006 0.002 0.002 0.002 0.002 0.000 0.004 0.006 0.010 0.010 0.086 0.079 0.006 0.004 0.008 0.006 0.006 0.008 0.008 0.008 0.124 0.008 0.000 0.008 0.005 0.005 0.010 0.006 0.038 0.006 0.006 0.003 0.003 0.010 0.010 0.022 0.010 0.010 0.010 0.010 0.007 0.003 0.000 0.004 0.001 0.000 0.001 0.000 0.001 0.002 0.001 0.000 0.000 0.002 0.002 0.006 0.004 0.003 0.004 0.010 0.010 0.004 0.006 0.005 0.008 0.006 0.010 0.010 0.000
0.008 0.008 0.008 0.004 0.006 0.001 0.002 0.004 0.002 0.001 0.003 0.010 0.009 0.000 0.006 0.006 0.010 0.093 0.010 0.010 0.006 0.002 0.006 0.010 0.005 0.008 0.000 0.004 0.008 0.005 0.008 0.016 0.010 0.003 0.010 0.008 0.000 0.006 0.004 0.007 0.004 0.010 0.056 0.010 0.010 0.010 0.010 0.010 0.004 0.003 0.000 0.004 0.000 0.000 0.001 0.000 0.003 0.001 0.001 0.002 0.003 0.003 0.000 0.003 0.000 0.000 0.003 0.010 0.009 0.005 0.010 0.005 0.007 0.007 0.013 0.010 0.003
0.003 0.064 0.010 0.010 0.008 0.005 0.003 0.003 0.003 0.001 0.002 0.010 0.010 0.007 0.004 0.005 0.049 0.008 0.010 0.010 0.005 0.002 0.006 0.007 0.005 0.023 0.005 0.004 0.008 0.005 0.023 0.007 0.000 0.003 0.005 0.004 0.000 0.004 0.006 0.004 0.008 0.010 0.010 0.119 0.010 0.010 0.010 0.010 0.010 0.000 0.000 0.000 0.000 0.000 0.002 0.002 0.003 0.003 0.005 0.007 0.000 0.005 0.003 0.001 0.004 0.000 0.001 0.000 0.004 0.003 0.046 0.023 0.004 0.003 0.009 0.012 0.003
0.005 0.010 0.010 0.004 0.005 0.004 0.006 0.002 0.001 0.001 0.004 0.008 0.009 0.010 0.010 0.006 0.002 0.000 0.010 0.000 0.002 0.003 0.002 0.002 0.002 0.006 0.000 0.010 0.000 0.004 0.007 0.013 0.006 0.002 0.010 0.010 0.004 0.002 0.010 0.004 0.000 0.010 0.187 0.010 0.010 0.010 0.029 0.010 0.004 0.010 0.007 0.003 0.002 0.007 0.007 0.010 0.000 0.000 0.009 0.010 0.005 0.010 0.003 0.004 0.000 0.004 0.001 0.000 0.003 0.003 0.002 0.009 0.007 0.010 0.010 0.005 0.004
0.010 0.009 0.006 0.004 0.003 0.007 0.003 0.002 0.003 0.010 0.021 0.005 0.010 0.014 0.000 0.001 0.006 0.000 0.052 0.000 0.003 0.005 0.003 0.001 0.001 0.003 0.001 0.004 0.004 0.003 0.004 0.000 0.007 0.004 0.004 0.003 0.002 0.002 0.004 0.004 0.943 0.010 0.176 0.010 0.010 0.224 0.010 0.010 0.004 0.000 0.007 0.007 0.013 0.000 0.004 0.010 0.026 0.010 0.006 0.008 0.000 0.007 0.018 0.000 0.010 0.010 0.002 0.000 0.003 0.007 0.006 0.001 0.001 0.001 0.003 0.004 0.000
0.005 0.039 0.005 0.007 0.003 0.003 0.002 0.003 0.002 0.010 0.003 0.016 0.002 0.000 0.003 0.000 0.003 0.000 0.000 0.000 0.010 0.010 0.004 0.002 0.000 0.000 0.000 0.003 0.002 0.001 0.001 0.002 0.002 0.002 0.002 0.003 0.009 0.162 0.004 0.002 0.891 0.000 0.576 0.010 0.010 0.012 0.010 0.023 0.005 0.000 0.010 0.005 0.007 0.008 0.041 0.058 0.005 0.010 0.022 0.005 0.005 0.005 0.010 0.000 0.000 0.000 0.004 0.001 0.003 0.002 0.000 0.000 0.000 0.000 0.024 0.000 0.002
0.005 0.056 0.003 0.006 0.004 0.006 0.005 0.010 0.010 0.010 0.029 0.002 0.001 0.001 0.000 0.003 0.000 0.000 0.000 0.000 0.002 0.010 0.003 0.000 0.000 0.000 0.000 0.000 0.000 0.000 0.004 0.005 0.007 0.007 0.003 0.004 0.002 0.206 0.332 0.512 0.021 0.010 0.010 0.000 0.010 0.010 0.015 0.010 0.010 0.010 0.005 0.010 0.007 0.000 0.000 0.007 0.010 0.007 0.007 0.070 0.005 0.004 0.005 0.003 0.000 0.000 0.000 0.003 0.001 0.001 0.000 0.000 0.001 0.000 0.000 0.000 0.001
0.004 0.002 0.003 0.002 0.002 0.003 0.009 0.010 0.010 0.010 0.008 0.001 0.000 0.002 0.003 0.010 0.000 0.000 0.010 0.010 0.002 0.082 0.010 0.000 0.001 0.002 0.002 0.000 0.001 0.010 0.041 0.002 0.005 0.060 0.004 0.000 0.000 0.004 0.002 0.002 0.140 0.007 0.000 0.010 0.197 0.000 0.499 0.005 0.007 0.010 0.025 0.000 0.005 0.005 0.004 0.004 0.007 0.012 0.007 0.005 0.007 0.001 0.001 0.004 0.001 0.002 0.001 0.003 0.001 0.000 0.001 0.001 0.001 0.001 0.001 0.003 0.003
0.006 0.006 0.007 0.007 0.003 0.006 0.062 0.334 0.118 0.010 0.003 0.003 0.001 0.000 0.004 0.005 0.000 0.000 0.000 0.014 0.005 0.003 0.000 0.002 0.001 0.001 0.004 0.002 0.000 0.003 0.000 0.005 0.006 0.006 0.002 0.003 0.004 0.003 0.143 0.016 0.015 0.017 0.004 0.006 0.000 0.000 0.613 0.000 0.010 0.010 0.007 0.003 0.000 0.010 0.007 0.045 0.000 0.005 0.008 0.001 0.001 0.007 0.010 0.055 0.000 0.002 0.003 0.003 0.006 0.000 0.001 0.001 0.010 0.002 0.002 0.013 0.010
0.003 0.004 0.005 0.010 0.058 0.005 0.289 0.019 0.017 0.010 0.002 0.002 0.000 0.005 0.005 0.006 0.010 0.059 0.000 0.000 0.004 0.000 0.003 0.002 0.001 0.000 0.004 0.002 0.005 0.010 0.010 0.010 0.004 0.002 0.005 0.000 0.004 0.004 0.004 0.010 0.010 0.000 0.010 0.015 0.005 0.005 0.007 0.004 0.083 0.000 0.010 0.010 0.075 0.010 0.010 0.010 0.006 0.004 0.016 0.004 0.003 0.004 0.004 0.019 0.010 0.000 0.007 0.000 0.000 0.001 0.003 0.003 0.010 0.007 0.004 0.006 0.010
0.003 0.007 0.007 0.007 0.003 0.004 0.003 0.007 0.045 0.010 0.011 0.024 0.066 0.000 0.010 0.010 0.004 0.009 0.010 0.000 0.010 0.006 0.002 0.001 0.000 0.000 0.002 0.005 0.010 0.010 0.004 0.003 0.006 0.004 0.002 0.000 0.004 0.004 0.134 0.010 0.010 0.000 0.000 0.010 0.005 0.003 0.002 0.004 0.000 0.010 0.131 0.000 0.010 0.010 0.010 0.023 0.010 0.004 0.000 0.000 0.002 0.003 0.010 0.007 0.004 0.004 0.003 0.005 0.001 0.000 0.000 0.017 0.003 0.002 0.000 0.046 0.008
0.006 0.002 0.003 0.007 0.005 0.004 0.005 0.008 0.010 0.010 0.015 0.060 0.000 0.004 0.037 0.014 0.002 0.004 0.000 0.003 0.007 0.010 0.007 0.006 0.000 0.002 0.005 0.010 0.034 0.010 0.000 0.003 0.000 0.004 0.000 0.000 0.005 0.004 0.033 0.004 0.000 0.000 0.000 0.010 0.000 0.010 0.007 0.012 0.010 0.005 0.010 0.010 0.124 0.000 0.010 0.010 0.010 0.005 0.000 0.000 0.000 0.009 0.010 0.002 0.005 0.003 0.002 0.000 0.001 0.003 0.003 0.001 0.003 0.010 0.010 0.008 0.039
0.007 0.007 0.007 0.005 0.004 0.006 0.007 0.007 0.010 0.010 0.054 0.078 0.000 0.001 0.003 0.004 0.004 0.005 0.003 0.005 0.006 0.003 0.004 0.006 0.003 0.002 0.009 0.010 0.010 0.002 0.007 0.004 0.000 0.003 0.000 0.005 0.004 0.004 0.002 0.005 0.010 0.010 0.010 0.000 0.000 0.000 0.002 0.004 0.003 0.004 0.003 0.010 0.010 0.010 0.205 0.000 0.159 0.010 0.010 0.005 0.002 0.010 0.042 0.016 0.004 0.007 0.002 0.002 0.001 0.001 0.001 0.001 0.001 0.010 0.007 0.008 0.010
0.007 0.007 0.004 0.004 0.005 0.005 0.006 0.008 0.004 0.079 0.177 0.000 0.001 0.002 0.002 0.002 0.004 0.003 0.005 0.004 0.008 0.003 0.000 0.004 0.003 0.002 0.000 0.000 0.001 0.000 0.003 0.002 0.003 0.000 0.000 0.002 0.004 0.007 0.001 0.007 0.000 0.000 0.010 0.010 0.010 0.010 0.003 0.002 0.063 0.010 0.010 0.010 0.010 0.004 0.010 0.010 0.010 0.000 0.129 0.010 0.007 0.010 0.010 0.010 0.010 0.002 0.001 0.001 0.001 0.001 0.000 0.000 0.001 0.002 0.002 0.006 0.010
0.003 0.010 0.006 0.010 0.007 0.006 0.004 0.006 0.004 0.004 0.092 0.004 0.006 0.002 0.003 0.002 0.008 0.000 0.000 0.010 0.020 0.000 0.004 0.003 0.008 0.000 0.000 0.000 0.000 0.001 0.000 0.005 0.000 0.007 0.007 0.010 0.093 0.010 0.001 0.004 0.000 0.000 0.066 0.000 0.010 0.003 0.017 0.004 0.003 0.024 0.139 0.000 0.004 0.003 0.004 0.007 0.010 0.010 0.010 0.000 0.264 0.010 0.010 0.080 0.004 0.003 0.002 0.000 0.001 0.000 0.000 0.001 0.001 0.003 0.000 0.010 0.000
0.004 0.009 0.006 0.000 0.005 0.009 0.010 0.010 0.047 0.000 0.084 0.006 0.007 0.004 0.003 0.004 0.004 0.004 0.008 0.009 0.006 0.001 0.002 0.003 0.000 0.002 0.000 0.002 0.001 0.000 0.000 0.000 0.007 0.007 0.010 0.003 0.003 0.003 0.003 0.004 0.010 0.010 0.000 0.000 0.000 0.005 0.010 0.008 0.003 0.007 0.060 0.047 0.000 0.000 0.001 0.004 0.003 0.009 0.010 0.010 0.010 0.000 0.419 0.010 0.002 0.000 0.007 0.000 0.000 0.000 0.000 0.001 0.001 0.002 0.002 0.000 0.000
0.010 0.010 0.010 0.010 0.009 0.005 0.009 0.000 0.000 0.070 0.004 0.000 0.010 0.002 0.002 0.008 0.003 0.006 0.003 0.003 0.011 0.005 0.003 0.004 0.000 0.009 0.001 0.001 0.002 0.000 0.006 0.010 0.007 0.108 0.007 0.003 0.004 0.004 0.003 0.003 0.000 0.010 0.010 0.010 0.010 0.003 0.009 0.000 0.000 0.005 0.010 0.007 0.010 0.003 0.011 0.007 0.002 0.004 0.004 0.007 0.010 0.010 0.010 0.000 0.000 0.034 0.000 0.002 0.000 0.001 0.000 0.001 0.002 0.007 0.001 0.001 0.001
0.010 0.010 0.010 0.000 0.006 0.035 0.000 0.062 0.010 0.000 0.000 0.004 0.003 0.002 0.002 0.010 0.002 0.002 0.001 0.003 0.002 0.002 0.013 0.004 0.005 0.009 0.004 0.007 0.000 0.000 0.005 0.010 0.010 0.004 0.007 0.003 0.007 0.005 0.007 0.051 0.000 0.048 0.000 0.000 0.007 0.005 0.040 0.010 0.007 0.010 0.000 0.010 0.003 0.000 0.008 0.010 0.004 0.000 0.006 0.004 0.007 0.004 0.007 0.003 0.013 0.000 0.021 0.004 0.000 0.001 0.001 0.000 0.000 0.001 0.080 0.002 0.001
0.010 0.007 0.000 0.006 0.032 0.000 0.018 0.008 0.000 0.004 0.006 0.001 0.001 0.003 0.000 0.000 0.004 0.002 0.002 0.006 0.003 0.000 0.002 0.000 0.005 0.005 0.004 0.003 0.007 0.005 0.010 0.005 0.010 0.003 0.004 0.005 0.007 0.006 0.007 0.010 0.000 0.000 0.000 0.000 0.003 0.003 0.015 0.015 0.003 0.005 0.003 0.002 0.016 0.002 0.010 0.000 0.061 0.003 0.006 0.000 0.002 0.004 0.005 0.000 0.000 0.003 0.007 0.000 0.336 0.010 0.002 0.002 0.000 0.002 0.002 0.002 0.004
0.003 0.006 0.005 0.000 0.010 0.008 0.010 0.000 0.000 0.000 0.002 0.003 0.006 0.000 0.000 0.003 0.002 0.001 0.004 0.003 0.000 0.004 0.001 0.004 0.003 0.003 0.005 0.024 0.010 0.003 0.007 0.004 0.007 0.003 0.002 0.006 0.007 0.004 0.010 0.010 0.010 0.004 0.000 0.007 0.007 0.004 0.029 0.111 0.088 0.000 0.003 0.000 0.000 0.000 0.000 0.003 0.004 0.000 0.006 0.004 0.000 0.002 0.003 0.004 0.004 0.002 0.004 0.002 0.010 0.000 0.000 0.014 0.002 0.010 0.000 0.000 0.000
0.007 0.257 0.000 0.010 0.009 0.010 0.010 0.000 0.004 0.003 0.004 0.057 0.010 0.010 0.005 0.009 0.001 0.000 0.002 0.008 0.004 0.000 0.000 0.003 0.003 0.004 0.003 0.010 0.007 0.000 0.000 0.037 0.004 0.005 0.010 0.005 0.007 0.004 0.003 0.004 0.003 0.003 0.004 0.008 0.034 0.000 0.000 0.079 0.052 0.004 0.002 0.000 0.000 0.000 0.000 0.000 0.003 0.014 0.006 0.005 0.004 0.003 0.078 0.010 0.000 0.008 0.004 0.006 0.006 0.002 0.004 0.000 0.000 0.003 0.000 0.001 0.010
0.000 0.010 0.010 0.004 0.010 0.010 0.003 0.002 0.002 0.001 0.007 0.070 0.010 0.010 0.004 0.000 0.000 0.000 0.003 0.006 0.000 0.000 0.000 0.000 0.003 0.000 0.003 0.110 0.010 0.010 0.004 0.002 0.002 0.006 0.004 0.026 0.005 0.004 0.003 0.003 0.002 0.003 0.002 0.005 0.006 0.009 0.005 0.004 0.000 0.004 0.000 0.000 0.000 0.000 0.010 0.003 0.004 0.003 0.010 0.010 0.006 0.000 0.010 0.000 0.000 0.000 0.003 0.004 0.003 0.000 0.000 0.002 0.007 0.000 0.000 0.003 0.002
