hx_30m/njhx/rain/result-0030.wd
ncols         211
nrows         286
xllcorner     660279.582600
yllcorner     3541874.325092
cellsize      30.000000
NODATA_value  -9999.000000
[rows 170 to 203 of 286, columns 77 to 153 of 211]
0.010 0.006 0.010 0.010 0.227 0.118 0.005 0.004 0.007 0.014 0.007 0.009 0.010 0.010 0.010 0.009 0.008 0.010 0.010 0.010 0.007 0.006 0.003 0.003 0.006 0.000 0.010 0.008 0.010 0.013 0.009 0.006 0.005 0.010 0.007 0.006 0.009 0.007 0.006 0.009 0.010 0.118 0.196 0.010 0.003 0.002 0.000 0.000 0.004 0.002 0.005 0.004 0.000 0.009 0.006 0.015 0.000 0.002 0.006 0.006 0.032 0.000 0.000 0.001 0.009 0.000 0.000 0.030 0.013 0.000 0.000 0.004 0.012 0.010 0.074 0.000 0.010
0.010 0.007 0.008 0.010 0.127 0.023 0.006 0.006 0.004 0.003 0.010 0.006 0.004 0.004 0.004 0.007 0.010 0.009 0.000 0.000 0.005 0.007 0.000 0.000 0.006 0.000 0.010 0.000 0.000 0.031 0.008 0.009 0.008 0.010 0.014 0.000 0.009 0.027 0.010 0.006 0.009 0.008 0.004 0.000 0.002 0.001 0.002 0.000 0.007 0.010 0.005 0.005 0.009 0.000 0.000 0.010 0.000 0.005 0.000 0.000 0.010 0.000 0.000 0.004 0.000 0.000 0.000 0.000 0.069 0.004 0.000 0.006 0.009 0.037 0.000 0.006 0.010
0.009 0.007 0.009 0.007 0.030 0.165 0.007 0.006 0.004 0.000 0.003 0.000 0.008 0.009 0.000 0.005 0.008 0.064 0.010 0.010 0.007 0.007 0.000 0.005 0.009 0.010 0.010 0.000 0.060 0.010 0.003 0.000 0.005 0.010 0.038 0.000 0.006 0.006 0.008 0.005 0.006 0.000 0.007 0.002 0.000 0.001 0.001 0.007 0.009 0.064 0.005 0.005 0.003 0.003 0.000 0.000 0.006 0.010 0.009 0.007 0.010 0.000 0.000 0.000 0.006 0.005 0.009 0.000 0.026 0.000 0.000 0.005 0.006 0.003 0.000 0.188 0.326
0.046 0.009 0.007 0.009 0.097 0.084 0.005 0.010 0.007 0.006 0.006 0.009 0.007 0.004 0.008 0.005 0.000 0.000 0.000 0.000 0.006 0.006 0.004 0.007 0.009 0.017 0.009 0.000 0.010 0.010 0.004 0.006 0.003 0.005 0.000 0.005 0.008 0.008 0.007 0.007 0.011 0.006 0.000 0.007 0.006 0.010 0.004 0.007 0.005 0.000 0.007 0.000 0.016 0.010 0.000 0.000 0.013 0.005 0.009 0.000 0.010 0.009 0.005 0.004 0.000 0.000 0.007 0.010 0.010 0.020 0.000 0.006 0.006 0.005 0.000 0.041 0.000
0.000 0.010 0.010 0.009 0.008 0.022 0.006 0.038 0.007 0.014 0.006 0.010 0.038 0.006 0.005 0.006 0.007 0.009 0.005 0.009 0.005 0.007 0.006 0.006 0.004 0.000 0.000 0.000 0.000 0.000 0.004 0.000 0.003 0.007 0.010 0.010 0.008 0.008 0.005 0.008 0.005 0.000 0.000 0.007 0.000 0.000 0.000 0.005 0.004 0.000 0.007 0.000 0.006 0.010 0.007 0.000 0.004 0.000 0.006 0.005 0.009 0.012 0.000 0.009 0.006 0.005 0.006 0.000 0.002 0.007 0.000 0.000 0.004 0.173 0.029 0.028 0.000
0.027 0.000 0.010 0.010 0.008 0.004 0.006 0.003 0.007 0.007 0.007 0.017 0.009 0.006 0.008 0.008 0.009 0.055 0.008 0.029 0.009 0.008 0.007 0.007 0.007 0.014 0.006 0.004 0.007 0.009 0.007 0.002 0.006 0.006 0.010 0.009 0.000 0.009 0.006 0.010 0.009 0.000 0.000 0.010 0.006 0.000 0.000 0.000 0.000 0.000 0.005 0.010 0.006 0.006 0.000 0.000 0.000 0.004 0.004 0.007 0.007 0.000 0.003 0.005 0.007 0.009 0.006 0.006 0.002 0.000 0.003 0.003 0.015 0.180 0.007 0.010 0.000
0.000 0.042 0.010 0.010 0.005 0.003 0.005 0.005 0.002 0.004 0.003 0.005 0.007 0.006 0.005 0.006 0.003 0.006 0.006 0.007 0.006 0.006 0.005 0.007 0.007 0.005 0.040 0.007 0.015 0.007 0.022 0.007 0.007 0.006 0.006 0.007 0.009 0.004 0.006 0.008 0.027 0.010 0.010 0.010 0.000 0.000 0.000 0.000 0.002 0.005 0.006 0.000 0.006 0.000 0.000 0.003 0.008 0.006 0.007 0.009 0.000 0.000 0.007 0.005 0.004 0.006 0.004 0.000 0.001 0.000 0.005 0.007 0.651 0.000 0.000 0.010 0.000
0.010 0.010 0.038 0.010 0.002 0.003 0.008 0.009 0.009 0.009 0.005 0.005 0.002 0.003 0.000 0.004 0.006 0.005 0.005 0.007 0.008 0.006 0.000 0.008 0.010 0.008 0.008 0.008 0.008 0.007 0.007 0.009 0.006 0.006 0.007 0.006 0.006 0.007 0.005 0.008 0.008 0.018 0.006 0.005 0.006 0.007 0.012 0.004 0.007 0.018 0.009 0.007 0.005 0.004 0.000 0.005 0.010 0.005 0.002 0.004 0.005 0.017 0.007 0.010 0.000 0.005 0.004 0.004 0.003 0.000 0.002 0.006 0.000 0.005 0.238 0.000 0.000
0.010 0.010 0.009 0.005 0.004 0.003 0.006 0.006 0.005 0.007 0.007 0.006 0.004 0.003 0.005 0.006 0.006 0.006 0.005 0.003 0.010 0.009 0.008 0.010 0.009 0.006 0.009 0.000 0.006 0.000 0.000 0.000 0.008 0.010 0.006 0.004 0.006 0.009 0.009 0.009 0.005 0.009 0.009 0.007 0.007 0.007 0.006 0.006 0.007 0.006 0.008 0.005 0.010 0.008 0.009 0.005 0.010 0.004 0.000 0.000 0.007 0.000 0.010 0.010 0.010 0.007 0.009 0.004 0.003 0.005 0.004 0.002 0.000 0.006 0.002 0.003 0.010
0.010 0.006 0.009 0.004 0.006 0.009 0.009 0.007 0.006 0.007 0.003 0.003 0.005 0.005 0.000 0.004 0.008 0.010 0.030 0.008 0.006 0.005 0.008 0.010 0.084 0.031 0.010 0.009 0.009 0.009 0.008 0.010 0.009 0.008 0.000 0.000 0.000 0.006 0.012 0.010 0.031 0.010 0.086 0.037 0.010 0.010 0.010 0.028 0.010 0.038 0.010 0.005 0.008 0.000 0.007 0.008 0.005 0.004 0.009 0.010 0.014 0.006 0.010 0.005 0.007 0.009 0.010 0.010 0.000 0.003 0.006 0.003 0.004 0.007 0.003 0.007 0.000
0.010 0.010 0.004 0.002 0.002 0.007 0.008 0.006 0.009 0.007 0.010 0.005 0.004 0.005 0.004 0.005 0.010 0.046 0.113 0.010 0.010 0.006 0.006 0.040 0.000 0.008 0.009 0.006 0.010 0.000 0.010 0.023 0.009 0.006 0.000 0.000 0.000 0.006 0.007 0.010 0.022 0.010 0.010 0.010 0.010 0.010 0.131 0.136 0.010 0.009 0.010 0.006 0.005 0.000 0.008 0.003 0.005 0.004 0.000 0.005 0.004 0.036 0.006 0.004 0.007 0.007 0.011 0.007 0.009 0.007 0.004 0.003 0.000 0.004 0.004 0.003 0.000
0.010 0.007 0.004 0.004 0.010 0.006 0.009 0.004 0.005 0.004 0.003 0.003 0.004 0.004 0.000 0.008 0.010 0.102 0.010 0.010 0.006 0.004 0.000 0.009 0.010 0.010 0.008 0.010 0.010 0.010 0.010 0.008 0.034 0.004 0.007 0.002 0.004 0.006 0.004 0.006 0.006 0.010 0.010 0.010 0.010 0.010 0.128 0.175 0.010 0.005 0.007 0.000 0.018 0.010 0.004 0.000 0.000 0.000 0.002 0.004 0.004 0.000 0.009 0.000 0.005 0.005 0.005 0.024 0.009 0.008 0.020 0.009 0.000 0.011 0.005 0.003 0.000
0.008 0.009 0.004 0.004 0.004 0.005 0.003 0.006 0.007 0.004 0.004 0.004 0.004 0.000 0.006 0.008 0.010 0.010 0.084 0.078 0.008 0.006 0.009 0.008 0.008 0.009 0.009 0.009 0.117 0.009 0.000 0.009 0.007 0.007 0.010 0.008 0.038 0.008 0.013 0.005 0.006 0.010 0.010 0.022 0.010 0.010 0.010 0.010 0.009 0.006 0.000 0.007 0.003 0.000 0.002 0.000 0.003 0.005 0.003 0.000 0.000 0.004 0.004 0.010 0.007 0.005 0.007 0.010 0.010 0.007 0.008 0.007 0.021 0.009 0.010 0.010 0.000
0.009 0.009 0.009 0.006 0.012 0.003 0.003 0.005 0.004 0.003 0.005 0.010 0.010 0.000 0.008 0.008 0.010 0.092 0.010 0.010 0.011 0.004 0.008 0.011 0.007 0.009 0.000 0.008 0.009 0.007 0.010 0.016 0.010 0.006 0.010 0.009 0.000 0.008 0.007 0.009 0.006 0.010 0.056 0.010 0.010 0.010 0.010 0.010 0.007 0.005 0.000 0.007 0.000 0.000 0.002 0.000 0.006 0.003 0.003 0.004 0.006 0.006 0.001 0.006 0.000 0.000 0.006 0.010 0.010 0.007 0.010 0.009 0.017 0.009 0.027 0.015 0.006
0.006 0.064 0.010 0.010 0.009 0.007 0.006 0.005 0.005 0.002 0.004 0.010 0.010 0.010 0.006 0.007 0.049 0.009 0.010 0.010 0.007 0.004 0.008 0.009 0.007 0.035 0.007 0.006 0.009 0.007 0.035 0.009 0.000 0.006 0.007 0.008 0.000 0.007 0.008 0.007 0.009 0.010 0.010 0.119 0.010 0.010 0.010 0.010 0.010 0.000 0.000 0.000 0.000 0.000 0.004 0.005 0.006 0.006 0.007 0.009 0.000 0.007 0.005 0.003 0.006 0.000 0.001 0.000 0.007 0.005 0.048 0.025 0.007 0.005 0.010 0.022 0.005
0.007 0.010 0.010 0.006 0.007 0.009 0.008 0.003 0.002 0.003 0.005 0.009 0.010 0.010 0.010 0.008 0.004 0.000 0.010 0.000 0.004 0.005 0.004 0.004 0.005 0.008 0.000 0.010 0.000 0.007 0.009 0.018 0.008 0.005 0.010 0.010 0.007 0.005 0.010 0.007 0.000 0.010 0.033 0.010 0.010 0.010 0.029 0.010 0.007 0.010 0.009 0.005 0.005 0.009 0.009 0.010 0.000 0.000 0.020 0.010 0.007 0.010 0.009 0.007 0.000 0.007 0.003 0.000 0.006 0.005 0.004 0.010 0.009 0.010 0.010 0.007 0.006
0.010 0.009 0.010 0.006 0.005 0.008 0.004 0.003 0.004 0.010 0.021 0.007 0.010 0.038 0.000 0.002 0.008 0.000 0.052 0.000 0.006 0.007 0.005 0.003 0.003 0.005 0.002 0.008 0.006 0.005 0.006 0.000 0.009 0.006 0.007 0.006 0.005 0.005 0.007 0.007 0.943 0.010 0.023 0.010 0.010 0.147 0.010 0.010 0.007 0.000 0.009 0.009 0.026 0.000 0.007 0.010 0.040 0.010 0.009 0.010 0.000 0.009 0.027 0.000 0.010 0.010 0.003 0.000 0.005 0.009 0.008 0.002 0.002 0.003 0.005 0.006 0.000
0.007 0.057 0.007 0.008 0.005 0.004 0.003 0.004 0.004 0.010 0.004 0.021 0.003 0.000 0.005 0.000 0.005 0.000 0.000 0.000 0.010 0.010 0.007 0.004 0.000 0.000 0.000 0.005 0.005 0.003 0.003 0.004 0.004 0.004 0.005 0.006 0.010 0.068 0.007 0.005 0.891 0.000 0.420 0.010 0.010 0.010 0.010 0.034 0.007 0.000 0.010 0.007 0.009 0.011 0.053 0.070 0.007 0.010 0.033 0.008 0.007 0.007 0.010 0.000 0.000 0.000 0.007 0.003 0.005 0.004 0.000 0.000 0.000 0.000 0.050 0.000 0.004
0.007 0.074 0.004 0.007 0.005 0.007 0.006 0.010 0.010 0.010 0.044 0.003 0.002 0.002 0.000 0.006 0.000 0.000 0.000 0.000 0.004 0.010 0.005 0.000 0.000 0.000 0.000 0.000 0.000 0.000 0.007 0.011 0.009 0.009 0.005 0.006 0.005 0.111 0.238 0.419 0.021 0.010 0.010 0.000 0.010 0.010 0.010 0.010 0.010 0.010 0.007 0.010 0.009 0.000 0.000 0.009 0.010 0.009 0.009 0.070 0.007 0.007 0.007 0.006 0.000 0.000 0.000 0.006 0.003 0.003 0.000 0.000 0.002 0.000 0.000 0.000 0.002
0.005 0.003 0.005 0.003 0.004 0.004 0.009 0.010 0.010 0.010 0.009 0.002 0.000 0.003 0.005 0.010 0.000 0.000 0.010 0.010 0.004 0.082 0.010 0.000 0.003 0.004 0.003 0.000 0.003 0.024 0.059 0.005 0.007 0.060 0.007 0.000 0.000 0.007 0.005 0.005 0.138 0.009 0.000 0.010 0.089 0.000 0.355 0.007 0.009 0.010 0.038 0.000 0.011 0.007 0.007 0.007 0.009 0.032 0.010 0.007 0.009 0.003 0.002 0.007 0.003 0.005 0.003 0.005 0.003 0.000 0.003 0.002 0.003 0.002 0.001 0.004 0.005
0.007 0.010 0.008 0.008 0.004 0.007 0.027 0.306 0.090 0.010 0.004 0.004 0.002 0.000 0.006 0.007 0.000 0.000 0.000 0.023 0.007 0.006 0.000 0.004 0.002 0.003 0.007 0.005 0.000 0.005 0.000 0.007 0.008 0.008 0.004 0.005 0.007 0.005 0.122 0.014 0.013 0.015 0.006 0.008 0.000 0.000 0.469 0.000 0.010 0.010 0.009 0.006 0.000 0.010 0.009 0.065 0.000 0.008 0.010 0.003 0.003 0.009 0.010 0.055 0.000 0.004 0.005 0.006 0.011 0.000 0.003 0.003 0.010 0.004 0.004 0.013 0.010
0.004 0.005 0.006 0.010 0.055 0.006 0.247 0.017 0.021 0.010 0.003 0.003 0.000 0.007 0.007 0.007 0.010 0.058 0.000 0.000 0.006 0.000 0.006 0.005 0.003 0.000 0.007 0.004 0.007 0.010 0.010 0.010 0.007 0.005 0.010 0.000 0.008 0.007 0.006 0.010 0.010 0.000 0.010 0.030 0.007 0.007 0.009 0.007 0.083 0.000 0.010 0.010 0.075 0.010 0.010 0.010 0.015 0.006 0.016 0.007 0.006 0.007 0.007 0.019 0.010 0.000 0.009 0.000 0.000 0.003 0.005 0.005 0.010 0.014 0.007 0.010 0.010
0.005 0.008 0.008 0.015 0.005 0.005 0.005 0.007 0.054 0.013 0.015 0.031 0.075 0.000 0.010 0.010 0.007 0.009 0.010 0.000 0.010 0.007 0.003 0.003 0.000 0.000 0.004 0.007 0.010 0.010 0.007 0.005 0.008 0.007 0.005 0.000 0.007 0.006 0.139 0.011 0.010 0.000 0.000 0.010 0.007 0.006 0.004 0.007 0.000 0.010 0.131 0.000 0.010 0.010 0.010 0.023 0.010 0.008 0.000 0.000 0.005 0.005 0.010 0.009 0.007 0.007 0.005 0.007 0.002 0.001 0.000 0.024 0.006 0.004 0.000 0.052 0.009
0.007 0.004 0.005 0.007 0.006 0.005 0.007 0.009 0.013 0.012 0.020 0.067 0.000 0.005 0.043 0.019 0.003 0.005 0.000 0.004 0.007 0.010 0.007 0.007 0.000 0.005 0.009 0.010 0.034 0.010 0.000 0.005 0.000 0.008 0.000 0.000 0.009 0.007 0.039 0.007 0.000 0.000 0.000 0.010 0.000 0.010 0.011 0.021 0.010 0.008 0.010 0.010 0.124 0.000 0.010 0.010 0.010 0.007 0.000 0.000 0.000 0.010 0.010 0.005 0.007 0.005 0.004 0.000 0.002 0.005 0.006 0.003 0.007 0.010 0.010 0.010 0.044
0.008 0.008 0.007 0.006 0.006 0.007 0.007 0.007 0.010 0.010 0.062 0.085 0.000 0.002 0.004 0.006 0.005 0.007 0.005 0.007 0.007 0.005 0.005 0.007 0.005 0.005 0.019 0.010 0.010 0.005 0.010 0.013 0.000 0.006 0.000 0.011 0.007 0.009 0.004 0.007 0.010 0.010 0.010 0.000 0.000 0.000 0.004 0.007 0.006 0.007 0.005 0.010 0.010 0.010 0.199 0.000 0.159 0.010 0.010 0.007 0.003 0.010 0.043 0.016 0.007 0.009 0.004 0.003 0.001 0.002 0.002 0.002 0.003 0.010 0.009 0.017 0.010
0.008 0.007 0.006 0.005 0.007 0.006 0.007 0.009 0.005 0.090 0.187 0.000 0.002 0.003 0.003 0.004 0.006 0.005 0.007 0.006 0.009 0.005 0.000 0.006 0.004 0.004 0.000 0.000 0.002 0.000 0.005 0.005 0.006 0.000 0.000 0.005 0.007 0.009 0.003 0.009 0.000 0.000 0.010 0.010 0.010 0.010 0.006 0.005 0.061 0.010 0.010 0.010 0.010 0.006 0.010 0.010 0.010 0.000 0.129 0.010 0.009 0.010 0.010 0.010 0.010 0.004 0.003 0.003 0.002 0.002 0.000 0.001 0.002 0.004 0.004 0.007 0.010
0.004 0.020 0.007 0.010 0.007 0.007 0.005 0.007 0.006 0.005 0.104 0.005 0.010 0.003 0.007 0.004 0.009 0.000 0.000 0.010 0.026 0.000 0.005 0.004 0.009 0.000 0.000 0.000 0.000 0.003 0.000 0.009 0.000 0.015 0.009 0.010 0.093 0.010 0.003 0.007 0.000 0.000 0.066 0.000 0.010 0.006 0.018 0.007 0.005 0.031 0.146 0.000 0.008 0.005 0.007 0.009 0.010 0.010 0.010 0.000 0.261 0.010 0.010 0.080 0.007 0.006 0.004 0.000 0.002 0.001 0.000 0.002 0.001 0.006 0.000 0.010 0.000
0.006 0.008 0.007 0.000 0.007 0.011 0.010 0.010 0.045 0.000 0.097 0.007 0.007 0.005 0.004 0.007 0.006 0.006 0.009 0.016 0.007 0.002 0.003 0.005 0.000 0.004 0.000 0.004 0.003 0.000 0.000 0.000 0.013 0.009 0.010 0.006 0.005 0.006 0.005 0.007 0.010 0.010 0.000 0.000 0.000 0.007 0.010 0.010 0.007 0.009 0.066 0.054 0.000 0.000 0.003 0.007 0.005 0.010 0.010 0.010 0.010 0.000 0.394 0.010 0.004 0.000 0.009 0.000 0.000 0.001 0.000 0.002 0.002 0.004 0.004 0.000 0.000
0.010 0.010 0.010 0.010 0.009 0.007 0.009 0.000 0.000 0.063 0.006 0.000 0.010 0.004 0.003 0.010 0.005 0.007 0.005 0.005 0.017 0.007 0.004 0.006 0.000 0.010 0.003 0.002 0.004 0.000 0.012 0.010 0.009 0.108 0.009 0.005 0.007 0.007 0.006 0.006 0.000 0.010 0.010 0.010 0.010 0.005 0.010 0.000 0.000 0.007 0.010 0.009 0.010 0.006 0.020 0.009 0.004 0.006 0.007 0.009 0.010 0.010 0.010 0.000 0.000 0.034 0.000 0.004 0.000 0.001 0.001 0.002 0.003 0.009 0.002 0.003 0.002
0.010 0.010 0.010 0.000 0.007 0.056 0.000 0.060 0.010 0.000 0.000 0.007 0.007 0.003 0.003 0.010 0.002 0.003 0.002 0.005 0.004 0.004 0.024 0.006 0.007 0.020 0.007 0.009 0.000 0.000 0.007 0.010 0.010 0.007 0.009 0.006 0.009 0.010 0.008 0.051 0.000 0.048 0.000 0.000 0.009 0.007 0.042 0.010 0.009 0.010 0.000 0.010 0.006 0.000 0.009 0.017 0.007 0.000 0.007 0.006 0.010 0.006 0.009 0.005 0.017 0.000 0.031 0.006 0.000 0.002 0.001 0.000 0.000 0.003 0.080 0.003 0.002
0.010 0.006 0.000 0.007 0.082 0.000 0.024 0.009 0.000 0.006 0.007 0.002 0.002 0.005 0.000 0.000 0.006 0.003 0.003 0.007 0.005 0.000 0.003 0.000 0.007 0.007 0.008 0.005 0.009 0.007 0.010 0.007 0.010 0.006 0.007 0.009 0.009 0.012 0.008 0.010 0.000 0.000 0.000 0.000 0.006 0.006 0.017 0.018 0.006 0.007 0.006 0.004 0.022 0.003 0.010 0.000 0.060 0.005 0.007 0.000 0.003 0.006 0.008 0.000 0.000 0.005 0.009 0.000 0.313 0.010 0.003 0.003 0.000 0.003 0.004 0.004 0.006
0.005 0.008 0.007 0.000 0.010 0.007 0.010 0.000 0.000 0.000 0.003 0.004 0.008 0.000 0.000 0.004 0.003 0.002 0.005 0.006 0.000 0.006 0.003 0.006 0.005 0.006 0.007 0.056 0.010 0.005 0.009 0.007 0.009 0.006 0.004 0.013 0.009 0.007 0.023 0.010 0.010 0.007 0.000 0.009 0.009 0.007 0.033 0.116 0.093 0.000 0.005 0.000 0.000 0.000 0.000 0.005 0.006 0.000 0.007 0.006 0.000 0.004 0.005 0.006 0.005 0.004 0.006 0.003 0.010 0.000 0.000 0.014 0.004 0.010 0.000 0.000 0.000
0.007 0.280 0.000 0.010 0.009 0.010 0.010 0.000 0.005 0.005 0.006 0.057 0.010 0.010 0.008 0.009 0.002 0.000 0.003 0.009 0.006 0.000 0.000 0.005 0.005 0.007 0.006 0.010 0.009 0.000 0.000 0.063 0.007 0.007 0.010 0.007 0.008 0.007 0.006 0.006 0.007 0.006 0.007 0.010 0.088 0.000 0.000 0.085 0.057 0.007 0.004 0.000 0.000 0.000 0.000 0.000 0.005 0.019 0.007 0.007 0.006 0.005 0.076 0.010 0.000 0.012 0.005 0.007 0.007 0.004 0.007 0.000 0.000 0.006 0.000 0.002 0.010
0.000 0.010 0.010 0.005 0.010 0.010 0.004 0.003 0.003 0.002 0.008 0.069 0.010 0.010 0.005 0.000 0.000 0.000 0.004 0.007 0.000 0.000 0.000 0.000 0.006 0.000 0.005 0.110 0.010 0.010 0.007 0.004 0.003 0.007 0.006 0.041 0.007 0.007 0.006 0.006 0.005 0.005 0.004 0.010 0.010 0.026 0.007 0.007 0.000 0.006 0.000 0.000 0.000 0.000 0.010 0.007 0.006 0.005 0.010 0.010 0.007 0.000 0.010 0.000 0.000 0.000 0.005 0.005 0.005 0.000 0.000 0.003 0.011 0.000 0.000 0.006 0.005
