hx_30m/njhx/rain/result-0050.wd
ncols         211
nrows         286
xllcorner     660279.582600
yllcorner     3541874.325092
cellsize      30.000000
NODATA_value  -9999.000000
[rows 204 to 237 of 286, columns 0 to 76 of 211]
0.000 0.000 0.000 0.000 0.000 0.000 0.000 0.000 0.000 0.000 0.000 0.000 0.000 0.000 0.000 0.010 0.212 0.010 0.000 0.001 0.003 0.001 0.002 0.005 0.010 0.010 0.010 0.014 0.001 0.010 0.010 0.107 0.000 0.002 0.005 0.002 0.003 0.003 0.010 0.010 0.133 0.000 0.010 0.493 0.002 0.010 0.001 0.003 0.002 0.010 0.000 0.003 0.000 0.002 0.005 0.003 0.005 0.003 0.000 0.000 0.001 0.001 0.001 0.000 0.000 0.000 0.000 0.000 0.000 0.025 0.005 0.001 0.010 0.010 0.010 0.010 0.000
0.000 0.000 0.000 0.000 0.000 0.000 0.000 0.000 0.000 0.000 0.000 0.000 0.000 0.000 0.118 0.010 0.010 0.002 0.000 0.002 0.001 0.010 0.002 0.010 0.005 0.005 0.010 0.010 0.001 0.005 0.010 0.062 0.000 0.010 0.010 0.003 0.005 0.005 0.010 0.005 0.001 0.000 0.010 0.010 0.010 0.010 0.010 0.002 0.003 0.001 0.005 0.010 0.001 0.003 0.005 0.002 0.001 0.001 0.000 0.000 0.000 0.000 0.000 0.000 0.005 0.002 0.005 0.000 0.002 0.009 0.000 0.005 0.005 0.005 0.000 0.331 0.039
0.000 0.000 0.000 0.000 0.000 0.000 0.000 0.000 0.000 0.000 0.000 0.000 0.000 0.000 0.010 0.127 0.002 0.002 0.003 0.002 0.010 0.010 0.002 0.010 0.003 0.085 0.010 0.002 0.010 0.003 0.010 0.010 0.000 0.004 0.010 0.005 0.002 0.005 0.010 0.002 0.000 0.070 0.010 0.010 0.010 0.010 0.010 0.005 0.005 0.001 0.001 0.002 0.001 0.001 0.002 0.002 0.001 0.001 0.001 0.000 0.000 0.000 0.001 0.001 0.010 0.010 0.010 0.010 0.005 0.010 0.010 0.004 0.010 0.000 0.369 0.270 0.413
0.000 0.000 0.000 0.000 0.000 0.000 0.000 0.000 0.000 0.000 0.000 0.000 0.000 0.000 0.010 0.010 0.003 0.010 0.002 0.002 0.010 0.003 0.010 0.002 0.005 0.002 0.001 0.003 0.003 0.002 0.002 0.005 0.005 0.010 0.010 0.010 0.005 0.003 0.001 0.002 0.010 0.088 0.010 0.010 0.010 0.010 0.010 0.003 0.001 0.000 0.001 0.001 0.001 0.002 0.002 0.001 0.007 0.000 0.000 0.000 0.000 0.000 0.000 0.001 0.010 0.010 0.010 0.010 0.001 0.010 0.010 0.000 0.041 0.005 0.164 0.000 0.005
0.000 0.000 0.000 0.000 0.000 0.000 0.000 0.000 0.000 0.000 0.000 0.000 0.000 0.000 0.010 0.010 0.002 0.003 0.003 0.055 0.011 0.005 0.010 0.003 0.010 0.003 0.003 0.002 0.010 0.003 0.005 0.000 0.003 0.010 0.003 0.001 0.001 0.002 0.002 0.010 0.010 0.071 0.010 0.010 0.010 0.010 0.005 0.002 0.000 0.010 0.001 0.002 0.010 0.000 0.001 0.001 0.002 0.001 0.005 0.000 0.000 0.001 0.001 0.010 0.005 0.010 0.010 0.003 0.002 0.010 0.000 0.010 0.010 0.001 0.000 0.001 0.000
0.000 0.000 0.000 0.000 0.000 0.000 0.000 0.000 0.000 0.000 0.000 0.000 0.000 0.010 0.005 0.002 0.010 0.010 0.010 0.003 0.010 0.010 0.005 0.005 0.001 0.010 0.005 0.010 0.002 0.004 0.055 0.000 0.005 0.010 0.003 0.001 0.000 0.001 0.003 0.010 0.010 0.010 0.010 0.010 0.010 0.010 0.002 0.002 0.003 0.001 0.000 0.100 0.012 0.000 0.000 0.000 0.003 0.004 0.060 0.151 0.000 0.001 0.001 0.010 0.010 0.010 0.062 0.000 0.000 0.305 0.191 0.029 0.001 0.003 0.000 0.002 0.001
0.000 0.000 0.000 0.000 0.000 0.000 0.000 0.000 0.000 0.000 0.000 0.000 0.169 0.010 0.005 0.003 0.074 0.010 0.010 0.002 0.010 0.010 0.005 0.003 0.002 0.010 0.010 0.002 0.000 0.010 0.000 0.073 0.010 0.005 0.005 0.000 0.000 0.001 0.001 0.010 0.003 0.010 0.010 0.010 0.010 0.010 0.001 0.001 0.005 0.003 0.001 0.010 0.000 0.000 0.000 0.016 0.000 0.003 0.002 0.019 0.243 0.116 0.014 0.001 0.010 0.079 0.014 0.010 0.010 0.160 0.100 0.003 0.001 0.000 0.001 0.000 0.001
0.000 0.000 0.000 0.000 0.000 0.000 0.000 0.000 0.000 0.000 0.000 0.000 0.010 0.010 0.002 0.026 0.010 0.010 0.001 0.010 0.010 0.010 0.010 0.009 0.002 0.010 0.001 0.003 0.000 0.000 0.000 0.003 0.010 0.003 0.001 0.000 0.000 0.000 0.001 0.003 0.043 0.005 0.010 0.010 0.010 0.002 0.002 0.003 0.010 0.003 0.000 0.002 0.000 0.000 0.000 0.010 0.000 0.000 0.000 0.002 0.006 0.001 0.097 0.016 0.256 0.010 0.000 0.010 0.010 0.227 0.005 0.002 0.002 0.002 0.002 0.001 0.010
0.000 0.000 0.000 0.000 0.000 0.000 0.000 0.000 0.000 0.000 0.000 0.000 0.010 0.010 0.002 0.010 0.010 0.051 0.003 0.003 0.010 0.010 0.010 0.003 0.002 0.010 0.001 0.005 0.000 0.000 0.000 0.005 0.010 0.005 0.003 0.001 0.000 0.010 0.002 0.001 0.000 0.001 0.001 0.005 0.005 0.003 0.001 0.010 0.010 0.010 0.005 0.001 0.000 0.000 0.000 0.002 0.001 0.001 0.003 0.003 0.002 0.000 0.001 0.143 0.010 0.010 0.010 0.029 0.002 0.000 0.005 0.001 0.003 0.000 0.001 0.001 0.000
0.000 0.000 0.000 0.000 0.000 0.000 0.000 0.000 0.000 0.000 0.000 0.000 0.054 0.002 0.010 0.010 0.415 0.141 0.003 0.010 0.010 0.010 0.005 0.010 0.001 0.010 0.002 0.003 0.000 0.010 0.000 0.005 0.003 0.010 0.002 0.000 0.000 0.001 0.000 0.000 0.001 0.000 0.000 0.000 0.001 0.005 0.000 0.001 0.005 0.003 0.000 0.001 0.001 0.001 0.005 0.005 0.001 0.002 0.001 0.001 0.001 0.003 0.000 0.551 0.010 0.010 0.010 0.010 0.010 0.059 0.057 0.000 0.000 0.005 0.002 0.000 0.000
0.000 0.000 0.000 0.000 0.000 0.000 0.000 0.000 0.000 0.000 0.000 0.010 0.002 0.001 0.010 0.010 0.010 0.010 0.002 0.010 0.010 0.003 0.005 0.002 0.092 0.010 0.005 0.001 0.010 1.029 0.294 0.010 0.113 0.010 0.000 0.003 0.002 0.004 0.001 0.000 0.001 0.001 0.007 0.001 0.001 0.001 0.002 0.000 0.005 0.001 0.002 0.000 0.002 0.009 0.000 0.000 0.001 0.001 0.002 0.005 0.005 0.000 0.041 0.010 0.010 0.010 0.010 0.000 0.010 0.083 0.329 0.105 0.010 0.000 0.000 0.000 0.010
0.000 0.000 0.000 0.000 0.000 0.000 0.000 0.000 0.000 0.000 0.000 0.069 0.010 0.001 0.008 0.010 0.010 0.002 0.010 0.010 0.010 0.003 0.002 0.005 0.010 0.010 0.064 0.010 0.010 0.000 0.003 0.010 0.005 0.003 0.001 0.001 0.003 0.002 0.005 0.001 0.005 0.000 0.000 0.001 0.001 0.001 0.002 0.001 0.001 0.001 0.003 0.000 0.005 0.003 0.002 0.010 0.010 0.010 0.005 0.000 0.164 0.010 0.010 0.069 0.000 0.003 0.022 0.003 0.002 0.000 0.003 0.002 0.029 0.001 0.002 0.010 0.010
0.000 0.000 0.000 0.000 0.000 0.000 0.000 0.000 0.000 0.000 0.272 0.010 0.010 0.010 0.010 0.010 0.010 0.002 0.010 0.010 0.010 0.003 0.000 0.002 0.010 0.010 0.010 0.010 0.001 0.000 0.086 0.010 0.003 0.001 0.001 0.002 0.001 0.001 0.000 0.001 0.005 0.075 0.010 0.001 0.001 0.000 0.000 0.001 0.002 0.001 0.075 0.002 0.005 0.003 0.000 0.001 0.003 0.003 0.000 0.057 0.010 0.010 0.000 0.000 0.004 0.010 0.000 0.000 0.001 0.002 0.003 0.001 0.005 0.001 0.001 0.001 0.003
0.000 0.000 0.000 0.000 0.000 0.000 0.000 0.000 0.000 0.000 0.015 0.010 0.010 0.010 0.010 0.010 0.010 0.002 0.010 0.010 0.010 0.010 0.002 0.001 0.010 0.010 0.002 0.001 0.000 0.297 0.073 0.005 0.005 0.000 0.000 0.001 0.104 0.010 0.010 0.001 0.001 0.001 0.000 0.001 0.001 0.001 0.010 0.010 0.000 0.001 0.000 0.001 0.003 0.001 0.003 0.005 0.000 0.128 0.010 0.073 0.010 0.000 0.000 0.010 0.005 0.003 0.003 0.002 0.003 0.003 0.001 0.001 0.003 0.001 0.000 0.002 0.003
0.000 0.000 0.000 0.000 0.000 0.000 0.000 0.000 0.000 0.000 0.010 0.010 0.010 0.010 0.010 0.010 0.010 0.005 0.010 0.041 0.000 0.010 0.095 0.010 0.002 0.003 0.001 0.000 0.087 0.002 0.010 0.003 0.010 0.001 0.001 0.005 0.010 0.010 0.096 0.005 0.003 0.001 0.000 0.003 0.003 0.002 0.005 0.003 0.002 0.003 0.000 0.000 0.002 0.003 0.010 0.000 0.004 0.010 0.000 0.010 0.010 0.000 0.010 0.005 0.001 0.002 0.000 0.000 0.000 0.001 0.003 0.002 0.001 0.001 0.002 0.010 0.020
0.000 0.000 0.000 0.000 0.000 0.000 0.000 0.000 0.000 0.000 0.000 0.010 0.099 0.025 0.010 0.010 0.010 0.010 0.041 0.000 0.000 0.000 0.010 0.071 0.000 0.000 0.218 0.003 0.003 0.005 0.010 0.010 0.010 0.000 0.000 0.003 0.003 0.000 0.001 0.001 0.003 0.000 0.001 0.001 0.003 0.010 0.005 0.003 0.001 0.001 0.001 0.000 0.001 0.000 0.103 0.002 0.001 0.001 0.001 0.000 0.010 0.010 0.010 0.005 0.002 0.002 0.003 0.001 0.003 0.007 0.003 0.005 0.003 0.000 0.000 0.004 0.003
0.000 0.000 0.000 0.000 0.000 0.000 0.000 0.000 0.000 0.000 0.000 0.000 0.000 0.000 0.202 0.010 0.010 0.010 0.000 0.000 0.000 0.000 0.000 0.010 0.000 0.010 0.005 0.003 0.010 0.001 0.010 0.003 0.010 0.000 0.006 0.010 0.000 0.003 0.001 0.001 0.000 0.000 0.003 0.002 0.003 0.010 0.010 0.001 0.002 0.001 0.001 0.001 0.000 0.014 0.010 0.001 0.010 0.000 0.001 0.000 0.002 0.003 0.003 0.002 0.010 0.001 0.001 0.002 0.002 0.001 0.005 0.000 0.001 0.000 0.001 0.248 0.000
0.000 0.000 0.000 0.000 0.000 0.000 0.000 0.000 0.000 0.000 0.000 0.000 0.010 0.010 0.010 0.010 0.010 0.010 0.000 0.000 0.000 0.000 0.000 0.000 0.000 0.238 0.002 0.003 0.002 0.003 0.010 0.003 0.010 0.002 0.002 0.001 0.000 0.010 0.002 0.001 0.000 0.000 0.000 0.000 0.001 0.005 0.002 0.005 0.001 0.001 0.000 0.010 0.010 0.004 0.000 0.000 0.002 0.000 0.005 0.000 0.000 0.001 0.002 0.002 0.001 0.000 0.001 0.002 0.000 0.000 0.002 0.003 0.003 0.003 0.001 0.254 0.001
0.000 0.000 0.000 0.000 0.000 0.000 0.000 0.000 0.000 0.000 0.000 0.000 0.000 0.000 0.000 0.010 0.010 0.010 0.010 0.000 0.000 0.000 0.032 0.000 0.000 0.000 0.000 0.062 0.010 0.002 0.010 0.002 0.010 0.002 0.002 0.010 0.002 0.003 0.000 0.000 0.000 0.001 0.001 0.004 0.002 0.000 0.003 0.001 0.002 0.000 0.002 0.003 0.003 0.001 0.002 0.005 0.002 0.001 0.000 0.000 0.000 0.000 0.000 0.001 0.000 0.003 0.002 0.000 0.001 0.001 0.001 0.003 0.001 0.003 0.001 0.001 0.001
0.000 0.000 0.000 0.000 0.000 0.000 0.000 0.000 0.000 0.000 0.000 0.000 0.000 0.000 0.000 0.000 0.010 0.010 0.010 0.010 0.010 0.100 0.000 0.000 0.000 0.000 0.000 0.000 0.000 0.091 0.010 0.143 0.012 0.001 0.003 0.010 0.001 0.002 0.001 0.003 0.001 0.001 0.000 0.002 0.000 0.000 0.010 0.000 0.144 0.010 0.000 0.001 0.001 0.002 0.005 0.003 0.010 0.010 0.001 0.001 0.001 0.005 0.001 0.010 0.000 0.000 0.001 0.004 0.001 0.001 0.002 0.005 0.000 0.002 0.003 0.002 0.000
0.000 0.000 0.000 0.000 0.000 0.000 0.000 0.000 0.000 0.000 0.000 0.000 0.000 0.000 0.000 0.000 0.000 0.010 0.010 0.126 0.000 0.000 0.000 0.043 0.000 0.120 0.010 0.010 0.069 0.000 0.000 0.000 0.000 0.000 0.000 0.003 0.001 0.010 0.010 0.001 0.003 0.001 0.005 0.010 0.010 0.010 0.000 0.069 0.010 0.010 0.001 0.001 0.001 0.002 0.005 0.010 0.010 0.002 0.001 0.002 0.002 0.009 0.001 0.002 0.001 0.005 0.003 0.001 0.001 0.001 0.003 0.001 0.000 0.003 0.002 0.000 0.000
0.000 0.000 0.000 0.000 0.000 0.000 0.000 0.000 0.000 0.000 0.000 0.000 0.000 0.000 0.000 0.000 0.000 0.000 0.000 0.207 0.000 0.000 0.000 0.010 0.000 0.010 0.010 0.000 0.000 0.000 0.000 0.078 0.010 0.010 0.038 0.000 0.010 0.002 0.002 0.001 0.003 0.010 0.003 0.004 0.010 0.494 0.010 0.010 0.010 0.003 0.002 0.001 0.003 0.005 0.001 0.001 0.001 0.003 0.001 0.002 0.010 0.010 0.005 0.003 0.003 0.000 0.000 0.001 0.001 0.000 0.000 0.001 0.001 0.002 0.003 0.000 0.001
0.000 0.000 0.000 0.000 0.000 0.000 0.000 0.000 0.000 0.000 0.000 0.000 0.000 0.000 0.000 0.000 0.000 0.000 0.000 0.000 0.027 0.000 0.000 0.000 0.000 0.010 0.000 0.000 0.000 0.000 0.000 0.000 0.000 0.000 0.000 0.010 0.075 0.000 0.000 0.010 0.010 0.001 0.002 0.002 0.000 0.010 0.002 0.002 0.002 0.001 0.005 0.010 0.000 0.003 0.001 0.002 0.002 0.001 0.002 0.001 0.001 0.018 0.010 0.002 0.003 0.010 0.010 0.004 0.002 0.001 0.000 0.001 0.001 0.001 0.005 0.001 0.001
0.000 0.000 0.000 0.000 0.000 0.000 0.000 0.000 0.000 0.000 0.000 0.000 0.000 0.000 0.000 0.000 0.000 0.000 0.000 0.000 0.000 0.025 0.000 0.000 0.031 0.000 0.000 0.000 0.000 0.000 0.000 0.000 0.000 0.000 0.000 0.000 0.000 0.010 0.010 0.146 0.000 0.000 0.000 0.010 0.000 0.002 0.002 0.003 0.010 0.005 0.227 0.012 0.005 0.005 0.010 0.000 0.000 0.000 0.000 0.000 0.007 0.096 0.010 0.001 0.001 0.000 0.005 0.003 0.001 0.000 0.001 0.001 0.001 0.002 0.001 0.000 0.001
0.000 0.000 0.000 0.000 0.000 0.000 0.000 0.000 0.000 0.000 0.000 0.000 0.000 0.000 0.000 0.000 0.000 0.000 0.000 0.000 0.000 0.000 0.000 0.031 0.000 0.000 0.000 0.000 0.000 0.000 0.000 0.000 0.000 0.000 0.000 0.000 0.000 0.000 0.000 0.010 0.059 0.010 0.010 0.104 0.000 0.000 0.000 0.015 0.002 0.001 0.003 0.084 0.210 0.191 0.091 0.002 0.010 0.002 0.000 0.002 0.001 0.005 0.000 0.000 0.001 0.002 0.003 0.003 0.001 0.000 0.068 0.010 0.005 0.005 0.001 0.005 0.000
0.000 0.000 0.000 0.000 0.000 0.000 0.000 0.000 0.000 0.000 0.000 0.000 0.000 0.000 0.000 0.000 0.000 0.000 0.000 0.000 0.000 0.000 0.000 0.000 0.000 0.000 0.000 0.000 0.000 0.000 0.000 0.000 0.000 0.000 0.000 0.000 0.000 0.000 0.000 0.000 0.000 0.000 0.000 0.000 0.000 0.000 0.000 0.099 0.000 0.000 0.252 0.054 0.142 0.003 0.005 0.010 0.002 0.001 0.002 0.001 0.003 0.139 0.000 0.000 0.000 0.000 0.002 0.004 0.002 0.000 0.001 0.005 0.010 0.184 0.115 0.010 0.010
0.000 0.000 0.000 0.000 0.000 0.000 0.000 0.000 0.000 0.000 0.000 0.000 0.000 0.000 0.000 0.000 0.000 0.000 0.000 0.000 0.000 0.000 0.000 0.000 0.000 0.000 0.000 0.000 0.000 0.000 0.000 0.000 0.000 0.000 0.000 0.000 0.000 0.000 0.000 0.000 0.000 0.000 0.000 0.000 0.000 0.000 0.000 0.000 0.000 0.036 0.000 0.000 0.010 0.003 0.002 0.003 0.002 0.010 0.005 0.002 0.001 0.001 0.010 0.003 0.003 0.000 0.000 0.001 0.000 0.002 0.010 0.010 0.003 0.000 0.001 0.001 0.000
0.000 0.000 0.000 0.000 0.000 0.000 0.000 0.000 0.000 0.000 0.000 0.000 0.000 0.000 0.000 0.000 0.000 0.000 0.000 0.000 0.000 0.000 0.000 0.000 0.000 0.000 0.000 0.000 0.000 0.000 0.000 0.000 0.000 0.000 0.000 0.000 0.000 0.000 0.000 0.000 0.000 0.000 0.000 0.000 0.000 0.000 0.000 0.000 0.000 0.000 0.000 0.036 0.000 0.000 0.000 0.010 0.010 0.001 0.004 0.003 0.005 0.010 0.003 0.002 0.001 0.003 0.003 0.010 0.000 0.005 0.000 0.001 0.001 0.005 0.000 0.000 0.001
0.000 0.000 0.000 0.000 0.000 0.000 0.000 0.000 0.000 0.000 0.000 0.000 0.000 0.000 0.000 0.000 0.000 0.000 0.000 0.000 0.000 0.000 0.000 0.000 0.000 0.000 0.000 0.000 0.000 0.000 0.000 0.000 0.000 0.000 0.000 0.000 0.000 0.000 0.000 0.000 0.000 0.000 0.000 0.000 0.000 0.000 0.000 0.000 0.000 0.000 0.000 0.000 0.000 0.000 0.010 0.010 0.000 0.000 0.000 0.000 0.009 0.002 0.002 0.002 0.010 0.005 0.001 0.002 0.005 0.003 0.003 0.054 0.000 0.000 0.001 0.001 0.000
0.000 0.000 0.000 0.000 0.000 0.000 0.000 0.000 0.000 0.000 0.000 0.000 0.000 0.000 0.000 0.000 0.000 0.000 0.000 0.000 0.000 0.000 0.000 0.000 0.000 0.000 0.000 0.000 0.000 0.000 0.000 0.000 0.000 0.000 0.000 0.000 0.000 0.000 0.000 0.000 0.000 0.000 0.000 0.000 0.000 0.000 0.000 0.000 0.000 0.000 0.000 0.000 0.000 0.000 0.000 0.000 0.000 0.000 0.000 0.035 0.000 0.000 0.000 0.000 0.002 0.002 0.002 0.005 0.003 0.002 0.005 0.005 0.003 0.005 0.000 0.002 0.002
0.000 0.000 0.000 0.000 0.000 0.000 0.000 0.000 0.000 0.000 0.000 0.000 0.000 0.000 0.000 0.000 0.000 0.000 0.000 0.000 0.000 0.000 0.000 0.000 0.000 0.000 0.000 0.000 0.000 0.000 0.000 0.000 0.000 0.000 0.000 0.000 0.000 0.000 0.000 0.000 0.000 0.000 0.000 0.000 0.000 0.000 0.000 0.000 0.000 0.000 0.000 0.000 0.000 0.000 0.000 0.000 0.000 0.000 0.000 0.000 0.000 0.000 0.010 0.061 0.000 0.000 0.000 0.002 0.002 0.002 0.003 0.005 0.004 0.002 0.005 0.002 0.000
0.000 0.000 0.000 0.000 0.000 0.000 0.000 0.000 0.000 0.000 0.000 0.000 0.000 0.000 0.000 0.000 0.000 0.000 0.000 0.000 0.000 0.000 0.000 0.000 0.000 0.000 0.000 0.000 0.000 0.000 0.000 0.000 0.000 0.000 0.000 0.000 0.000 0.000 0.000 0.000 0.000 0.000 0.000 0.000 0.000 0.000 0.000 0.000 0.000 0.000 0.000 0.000 0.000 0.000 0.000 0.000 0.000 0.000 0.000 0.000 0.000 0.000 0.000 0.000 0.000 0.010 0.064 0.000 0.000 0.077 0.005 0.001 0.010 0.005 0.001 0.005 0.005
0.000 0.000 0.000 0.000 0.000 0.000 0.000 0.000 0.000 0.000 0.000 0.000 0.000 0.000 0.000 0.000 0.000 0.000 0.000 0.000 0.000 0.000 0.000 0.000 0.000 0.000 0.000 0.000 0.000 0.000 0.000 0.000 0.000 0.000 0.000 0.000 0.000 0.000 0.000 0.000 0.000 0.000 0.000 0.000 0.000 0.000 0.000 0.000 0.000 0.000 0.000 0.000 0.000 0.000 0.000 0.000 0.000 0.000 0.000 0.000 0.000 0.000 0.000 0.000 0.000 0.000 0.000 0.000 0.000 0.000 0.000 0.000 0.002 0.001 0.010 0.002 0.002
0.000 0.000 0.000 0.000 0.000 0.000 0.000 0.000 0.000 0.000 0.000 0.000 0.000 0.000 0.000 0.000 0.000 0.000 0.000 0.000 0.000 0.000 0.000 0.000 0.000 0.000 0.000 0.000 0.000 0.000 0.000 0.000 0.000 0.000 0.000 0.000 0.000 0.000 0.000 0.000 0.000 0.000 0.000 0.000 0.000 0.000 0.000 0.000 0.000 0.000 0.000 0.000 0.000 0.000 0.000 0.000 0.000 0.000 0.000 0.000 0.000 0.000 0.000 0.000 0.000 0.000 0.000 0.000 0.000 0.000 0.000 0.000 0.000 0.000 0.002 0.003 0.005
