hx_30m/njhx/rain/result-0030.wd
ncols         211
nrows         286
xllcorner     660279.582600
yllcorner     3541874.325092
cellsize      30.000000
NODATA_value  -9999.000000
[rows 238 to 271 of 286, columns 77 to 153 of 211]
0.007 0.009 0.009 0.012 0.007 0.008 0.000 0.000 0.000 0.006 0.004 0.005 0.000 0.000 0.004 0.002 0.000 0.004 0.008 0.010 0.010 0.010 0.006 0.005 0.007 0.004 0.005 0.000 0.004 0.005 0.002 0.002 0.002 0.002 0.002 0.002 0.005 0.000 0.005 0.008 0.010 0.657 0.090 0.005 0.007 0.007 0.000 0.010 0.000 0.000 0.009 0.044 0.010 0.010 0.010 0.010 0.010 0.010 0.077 0.009 0.007 0.000 0.008 0.010 0.006 0.008 0.010 0.000 0.000 0.003 0.005 0.005 0.008 0.000 0.006 0.005 0.002
0.106 0.007 0.009 0.010 0.014 0.010 0.006 0.000 0.000 0.010 0.000 0.006 0.000 0.006 0.006 0.000 0.004 0.002 0.010 0.010 0.010 0.010 0.007 0.006 0.006 0.005 0.016 0.000 0.000 0.003 0.002 0.002 0.001 0.002 0.002 0.002 0.005 0.009 0.008 0.009 0.000 0.121 0.000 0.004 0.004 0.007 0.007 0.000 0.010 0.010 0.007 0.010 0.010 0.069 0.010 0.010 0.010 0.000 0.043 0.007 0.008 0.010 0.010 0.019 0.009 0.000 0.003 0.000 0.007 0.006 0.023 0.004 0.005 0.008 0.000 0.005 0.005
0.000 0.000 0.009 0.063 0.008 0.007 0.004 0.010 0.009 0.000 0.000 0.008 0.002 0.005 0.004 0.006 0.005 0.040 0.010 0.010 0.010 0.110 0.005 0.005 0.004 0.006 0.006 0.020 0.002 0.003 0.000 0.002 0.002 0.002 0.001 0.003 0.013 0.009 0.015 0.000 0.146 0.125 0.000 0.010 0.005 0.005 0.010 0.007 0.007 0.009 0.010 0.010 0.010 0.010 0.010 0.010 0.000 0.105 0.008 0.009 0.007 0.000 0.010 0.010 0.008 0.009 0.002 0.000 0.003 0.006 0.000 0.005 0.016 0.007 0.000 0.003 0.003
0.000 0.037 0.000 0.000 0.024 0.006 0.009 0.008 0.007 0.007 0.007 0.000 0.005 0.007 0.010 0.010 0.259 0.010 0.010 0.010 0.117 0.010 0.007 0.009 0.009 0.003 0.000 0.000 0.002 0.005 0.004 0.003 0.002 0.005 0.004 0.004 0.010 0.007 0.010 0.008 0.007 0.007 0.007 0.005 0.005 0.007 0.000 0.006 0.004 0.008 0.007 0.007 0.010 0.019 0.010 0.057 0.000 0.010 0.007 0.010 0.000 0.000 0.096 0.108 0.010 0.000 0.007 0.005 0.005 0.005 0.012 0.000 0.002 0.004 0.000 0.000 0.000
0.000 0.000 0.010 0.059 0.000 0.049 0.007 0.007 0.010 0.012 0.008 0.010 0.010 0.008 0.010 0.010 0.010 0.010 0.010 0.010 0.009 0.006 0.006 0.004 0.005 0.000 0.000 0.004 0.006 0.005 0.006 0.005 0.005 0.021 0.010 0.009 0.007 0.009 0.000 0.005 0.010 0.010 0.007 0.006 0.000 0.009 0.005 0.005 0.007 0.006 0.007 0.005 0.007 0.010 0.010 0.010 0.391 0.006 0.006 0.000 0.037 0.000 0.010 0.010 0.000 0.000 0.034 0.000 0.000 0.004 0.003 0.000 0.005 0.002 0.004 0.000 0.004
0.000 0.000 0.000 0.000 0.000 0.010 0.000 0.371 0.007 0.007 0.009 0.008 0.010 0.007 0.010 0.056 0.010 0.010 0.010 0.068 0.007 0.006 0.009 0.006 0.005 0.003 0.000 0.003 0.006 0.009 0.005 0.005 0.003 0.009 0.000 0.008 0.009 0.000 0.007 0.009 0.010 0.010 0.010 0.000 0.005 0.005 0.006 0.006 0.006 0.006 0.000 0.006 0.004 0.006 0.007 0.008 0.009 0.007 0.011 0.000 0.000 0.025 0.136 0.010 0.000 0.091 0.000 0.000 0.000 0.000 0.008 0.003 0.000 0.005 0.003 0.003 0.029
0.000 0.000 0.000 0.000 0.000 0.000 0.000 0.010 0.000 0.131 0.019 0.007 0.013 0.007 0.009 0.009 0.061 0.010 0.058 0.010 0.006 0.013 0.004 0.004 0.006 0.032 0.004 0.010 0.009 0.009 0.006 0.000 0.000 0.007 0.007 0.007 0.010 0.091 0.005 0.009 0.010 0.010 0.003 0.000 0.005 0.000 0.006 0.005 0.005 0.000 0.005 0.000 0.000 0.005 0.004 0.010 0.009 0.009 0.000 0.000 0.010 0.010 0.010 0.070 0.000 0.058 0.010 0.020 0.000 0.000 0.000 0.000 0.007 0.004 0.004 0.004 0.005
0.000 0.000 0.000 0.000 0.000 0.000 0.000 0.000 0.000 0.010 0.000 0.077 0.005 0.010 0.142 0.004 0.010 0.010 0.010 0.006 0.010 0.007 0.005 0.004 0.006 0.000 0.000 0.007 0.009 0.009 0.000 0.000 0.000 0.008 0.008 0.007 0.000 0.009 0.007 0.015 0.010 0.008 0.006 0.000 0.000 0.006 0.003 0.000 0.000 0.005 0.004 0.000 0.005 0.000 0.000 0.004 0.008 0.010 0.007 0.000 0.081 0.092 0.010 0.000 0.171 0.010 0.007 0.008 0.007 0.005 0.056 0.008 0.000 0.000 0.003 0.009 0.003
0.000 0.000 0.000 0.000 0.000 0.000 0.000 0.000 0.000 0.000 0.000 0.010 0.000 0.286 0.198 0.010 0.014 0.007 0.007 0.007 0.008 0.006 0.007 0.000 0.000 0.000 0.008 0.048 0.009 0.005 0.002 0.000 0.010 0.007 0.008 0.000 0.010 0.005 0.010 0.007 0.008 0.006 0.006 0.008 0.006 0.004 0.003 0.000 0.005 0.005 0.010 0.009 0.000 0.008 0.000 0.007 0.007 0.007 0.016 0.008 0.009 0.010 0.050 0.010 0.106 0.010 0.010 0.008 0.006 0.000 0.030 0.005 0.000 0.000 0.019 0.007 0.010
0.000 0.000 0.000 0.000 0.000 0.000 0.000 0.000 0.000 0.000 0.000 0.000 0.034 0.000 0.178 0.082 0.010 0.008 0.007 0.010 0.005 0.010 0.007 0.026 0.000 0.000 0.000 0.000 0.000 0.000 0.019 0.009 0.008 0.008 0.008 0.007 0.005 0.008 0.019 0.024 0.009 0.005 0.009 0.009 0.007 0.005 0.006 0.010 0.000 0.005 0.007 0.007 0.009 0.003 0.003 0.008 0.009 0.010 0.010 0.010 0.012 0.005 0.009 0.010 0.010 0.000 0.010 0.000 0.008 0.000 0.010 0.000 0.056 0.014 0.012 0.098 0.027
0.000 0.000 0.000 0.000 0.000 0.000 0.000 0.000 0.000 0.000 0.000 0.000 0.000 0.000 0.000 0.000 0.010 0.005 0.010 0.006 0.007 0.010 0.010 0.010 0.010 0.009 0.011 0.000 0.000 0.000 0.000 0.048 0.009 0.007 0.000 0.006 0.007 0.008 0.010 0.010 0.005 0.008 0.008 0.005 0.004 0.010 0.021 0.000 0.008 0.008 0.007 0.004 0.005 0.008 0.007 0.005 0.154 0.093 0.010 0.010 0.010 0.009 0.006 0.005 0.005 0.000 0.009 0.010 0.000 0.000 0.000 0.000 0.069 0.010 0.078 0.091 0.085
0.000 0.000 0.000 0.000 0.000 0.000 0.000 0.000 0.000 0.000 0.000 0.000 0.000 0.000 0.000 0.034 0.169 0.000 0.331 0.004 0.010 0.007 0.016 0.009 0.010 0.010 0.010 0.009 0.000 0.000 0.000 0.009 0.006 0.000 0.004 0.009 0.000 0.005 0.008 0.010 0.007 0.009 0.004 0.000 0.007 0.016 0.009 0.005 0.007 0.010 0.029 0.009 0.009 0.004 0.005 0.000 0.000 0.010 0.010 0.010 0.010 0.010 0.010 0.007 0.009 0.007 0.006 0.065 0.000 0.000 0.000 0.000 0.010 0.010 0.124 0.132 0.176
0.000 0.000 0.000 0.000 0.000 0.000 0.000 0.000 0.000 0.000 0.000 0.000 0.000 0.000 0.000 0.000 0.000 0.032 0.000 0.000 0.014 0.009 0.009 0.017 0.010 0.010 0.010 0.010 0.024 0.000 0.041 0.007 0.008 0.009 0.000 0.007 0.007 0.000 0.000 0.004 0.005 0.005 0.008 0.009 0.021 0.000 0.000 0.006 0.004 0.009 0.014 0.008 0.007 0.006 0.000 0.038 0.053 0.010 0.010 0.090 0.010 0.052 0.369 0.010 0.010 0.007 0.007 0.007 0.016 0.000 0.000 0.006 0.006 0.005 0.006 0.048 0.157
0.000 0.000 0.000 0.000 0.000 0.000 0.000 0.000 0.000 0.000 0.000 0.000 0.000 0.000 0.000 0.000 0.000 0.000 0.000 0.000 0.000 0.000 0.007 0.010 0.008 0.008 0.010 0.010 0.010 0.028 0.007 0.007 0.010 0.009 0.007 0.005 0.005 0.005 0.007 0.006 0.003 0.008 0.008 0.008 0.000 0.000 0.004 0.005 0.009 0.010 0.010 0.010 0.022 0.007 0.000 0.000 0.000 0.075 0.010 0.010 0.010 0.061 0.010 0.010 0.010 0.010 0.010 0.008 0.010 0.007 0.007 0.015 0.008 0.000 0.010 0.070 0.040
0.000 0.000 0.000 0.000 0.000 0.000 0.000 0.000 0.000 0.000 0.000 0.000 0.000 0.000 0.000 0.000 0.000 0.000 0.000 0.000 0.000 0.000 0.048 0.000 0.008 0.007 0.008 0.007 0.010 0.008 0.008 0.000 0.008 0.007 0.005 0.007 0.008 0.005 0.007 0.005 0.005 0.007 0.007 0.017 0.007 0.000 0.009 0.005 0.012 0.010 0.010 0.007 0.008 0.000 0.010 0.000 0.102 0.010 0.010 0.010 0.010 0.010 0.069 0.010 0.010 0.010 0.010 0.010 0.009 0.007 0.010 0.006 0.006 0.087 0.112 0.000 0.157
0.000 0.000 0.000 0.000 0.000 0.000 0.000 0.000 0.000 0.000 0.000 0.000 0.000 0.000 0.000 0.000 0.000 0.000 0.000 0.000 0.000 0.000 0.000 0.000 0.221 0.000 0.007 0.008 0.008 0.010 0.082 0.647 0.004 0.006 0.005 0.005 0.006 0.006 0.008 0.007 0.000 0.008 0.007 0.000 0.010 0.006 0.006 0.009 0.006 0.008 0.007 0.008 0.007 0.000 0.011 0.010 0.010 0.010 0.010 0.010 0.000 0.010 0.103 0.000 0.049 0.010 0.010 0.197 0.010 0.010 0.007 0.007 0.006 0.005 0.010 0.139 0.000
0.000 0.000 0.000 0.000 0.000 0.000 0.000 0.000 0.000 0.000 0.000 0.000 0.000 0.000 0.000 0.000 0.000 0.000 0.000 0.000 0.000 0.000 0.000 0.000 0.000 0.000 0.000 0.018 0.010 0.009 0.000 0.010 0.008 0.016 0.007 0.007 0.011 0.000 0.005 0.008 0.007 0.007 0.061 0.004 0.000 0.008 0.009 0.010 0.009 0.009 0.005 0.018 0.000 0.000 0.000 0.000 0.061 0.010 0.010 0.010 0.096 0.104 0.000 0.000 0.082 0.071 0.010 0.010 0.010 0.008 0.007 0.009 0.008 0.007 0.006 0.010 0.042
0.000 0.000 0.000 0.000 0.000 0.000 0.000 0.000 0.000 0.000 0.000 0.000 0.000 0.000 0.000 0.000 0.000 0.000 0.000 0.000 0.000 0.000 0.000 0.000 0.000 0.000 0.000 0.010 0.070 0.000 0.010 0.009 0.007 0.005 0.007 0.009 0.000 0.005 0.008 0.007 0.007 0.009 0.007 0.080 0.010 0.006 0.007 0.005 0.006 0.010 0.005 0.007 0.000 0.032 0.020 0.053 0.010 0.010 0.111 0.000 0.084 0.068 0.010 0.000 0.000 0.074 0.096 0.000 0.010 0.005 0.010 0.027 0.010 0.009 0.007 0.006 0.006
0.000 0.000 0.000 0.000 0.000 0.000 0.000 0.000 0.000 0.000 0.000 0.000 0.000 0.000 0.000 0.000 0.000 0.000 0.000 0.000 0.000 0.000 0.000 0.000 0.000 0.000 0.000 0.000 0.000 0.000 0.000 0.008 0.010 0.009 0.020 0.007 0.004 0.006 0.008 0.007 0.035 0.000 0.000 0.005 0.005 0.064 0.007 0.000 0.000 0.005 0.007 0.000 0.036 0.000 0.000 0.026 0.010 0.010 0.013 0.010 0.034 0.010 0.000 0.000 0.000 0.000 0.000 0.201 0.010 0.010 0.045 0.000 0.009 0.008 0.089 0.008 0.008
0.000 0.000 0.000 0.000 0.000 0.000 0.000 0.000 0.000 0.000 0.000 0.000 0.000 0.000 0.000 0.000 0.000 0.000 0.000 0.000 0.000 0.000 0.000 0.000 0.000 0.000 0.000 0.000 0.000 0.000 0.000 0.100 0.000 0.010 0.010 0.007 0.007 0.010 0.010 0.008 0.006 0.000 0.000 0.004 0.000 0.005 0.013 0.006 0.005 0.006 0.025 0.078 0.000 0.000 0.132 0.010 0.010 0.010 0.010 0.010 0.010 0.010 0.000 0.010 0.060 0.148 0.160 0.010 0.010 0.081 0.007 0.000 0.007 0.000 0.000 0.021 0.018
0.000 0.000 0.000 0.000 0.000 0.000 0.000 0.000 0.000 0.000 0.000 0.000 0.000 0.000 0.000 0.000 0.000 0.000 0.000 0.000 0.000 0.000 0.000 0.000 0.000 0.000 0.000 0.000 0.000 0.000 0.000 0.000 0.000 0.029 0.246 0.007 0.009 0.007 0.008 0.007 0.006 0.012 0.000 0.000 0.000 0.006 0.007 0.008 0.007 0.008 0.000 0.000 0.036 0.000 0.010 0.010 0.010 0.213 0.010 0.086 0.010 0.020 0.010 0.000 0.000 0.029 0.096 0.009 0.007 0.008 0.009 0.009 0.009 0.000 0.021 0.019 0.015
0.000 0.000 0.000 0.000 0.000 0.000 0.000 0.000 0.000 0.000 0.000 0.000 0.000 0.000 0.000 0.000 0.000 0.000 0.000 0.000 0.000 0.000 0.000 0.000 0.000 0.000 0.000 0.000 0.000 0.000 0.000 0.000 0.000 0.000 0.010 0.000 0.007 0.005 0.007 0.007 0.010 0.008 0.007 0.000 0.005 0.000 0.000 0.005 0.006 0.008 0.074 0.123 0.000 0.000 0.010 0.010 0.010 0.095 0.010 0.092 0.010 0.208 0.000 0.000 0.010 0.000 0.008 0.000 0.041 0.010 0.009 0.009 0.009 0.010 0.040 0.009 0.009
0.000 0.000 0.000 0.000 0.000 0.000 0.000 0.000 0.000 0.000 0.000 0.000 0.000 0.000 0.000 0.000 0.000 0.000 0.000 0.000 0.000 0.000 0.000 0.000 0.000 0.000 0.000 0.000 0.000 0.000 0.000 0.000 0.000 0.000 0.000 0.000 0.156 0.000 0.010 0.007 0.007 0.007 0.042 0.007 0.009 0.000 0.007 0.005 0.010 0.006 0.009 0.009 0.070 0.010 0.010 0.010 0.059 0.004 0.007 0.009 0.010 0.010 0.010 0.010 0.010 0.010 0.009 0.000 0.009 0.010 0.010 0.010 0.010 0.009 0.009 0.009 0.009
0.000 0.000 0.000 0.000 0.000 0.000 0.000 0.000 0.000 0.000 0.000 0.000 0.000 0.000 0.000 0.000 0.000 0.000 0.000 0.000 0.000 0.000 0.000 0.000 0.000 0.000 0.000 0.000 0.000 0.000 0.000 0.000 0.000 0.000 0.000 0.000 0.000 0.000 0.766 0.000 0.006 0.010 0.008 0.006 0.008 0.007 0.006 0.009 0.009 0.009 0.008 0.000 0.000 0.006 0.009 0.009 0.010 0.006 0.044 0.012 0.007 0.010 0.010 0.010 0.000 0.010 0.008 0.009 0.010 0.009 0.013 0.010 0.010 0.010 0.010 0.008 0.007
0.000 0.000 0.000 0.000 0.000 0.000 0.000 0.000 0.000 0.000 0.000 0.000 0.000 0.000 0.000 0.000 0.000 0.000 0.000 0.000 0.000 0.000 0.000 0.000 0.000 0.000 0.000 0.000 0.000 0.000 0.000 0.000 0.000 0.000 0.000 0.000 0.000 0.000 0.000 0.000 0.140 0.008 0.007 0.009 0.007 0.009 0.005 0.010 0.009 0.010 0.000 0.000 0.000 0.000 0.007 0.008 0.006 0.000 0.008 0.010 0.005 0.010 0.010 0.010 0.010 0.010 0.009 0.010 0.010 0.010 0.010 0.010 0.010 0.010 0.041 0.010 0.010
0.000 0.000 0.000 0.000 0.000 0.000 0.000 0.000 0.000 0.000 0.000 0.000 0.000 0.000 0.000 0.000 0.000 0.000 0.000 0.000 0.000 0.000 0.000 0.000 0.000 0.000 0.000 0.000 0.000 0.000 0.000 0.000 0.000 0.000 0.000 0.000 0.000 0.000 0.000 0.000 0.000 0.010 0.000 0.007 0.012 0.008 0.048 0.008 0.010 0.009 0.009 0.005 0.000 0.000 0.008 0.005 0.000 0.000 0.007 0.006 0.009 0.010 0.010 0.010 0.010 0.007 0.009 0.010 0.008 0.009 0.030 0.010 0.010 0.010 0.010 0.010 0.010
0.000 0.000 0.000 0.000 0.000 0.000 0.000 0.000 0.000 0.000 0.000 0.000 0.000 0.000 0.000 0.000 0.000 0.000 0.000 0.000 0.000 0.000 0.000 0.000 0.000 0.000 0.000 0.000 0.000 0.000 0.000 0.000 0.000 0.000 0.000 0.000 0.000 0.000 0.000 0.000 0.000 0.000 0.000 0.073 0.000 0.010 0.014 0.009 0.007 0.046 0.008 0.008 0.003 0.007 0.008 0.005 0.000 0.013 0.006 0.008 0.009 0.010 0.010 0.009 0.023 0.007 0.007 0.007 0.009 0.010 0.023 0.089 0.194 0.022 0.010 0.010 0.098
0.000 0.000 0.000 0.000 0.000 0.000 0.000 0.000 0.000 0.000 0.000 0.000 0.000 0.000 0.000 0.000 0.000 0.000 0.000 0.000 0.000 0.000 0.000 0.000 0.000 0.000 0.000 0.000 0.000 0.000 0.000 0.000 0.000 0.000 0.000 0.000 0.000 0.000 0.000 0.000 0.000 0.000 0.000 0.000 0.000 0.010 0.000 0.010 0.010 0.010 0.107 0.006 0.009 0.007 0.009 0.005 0.000 0.006 0.009 0.006 0.008 0.018 0.010 0.007 0.007 0.008 0.000 0.000 0.010 0.010 0.010 0.363 0.067 0.035 0.010 0.010 0.010
0.000 0.000 0.000 0.000 0.000 0.000 0.000 0.000 0.000 0.000 0.000 0.000 0.000 0.000 0.000 0.000 0.000 0.000 0.000 0.000 0.000 0.000 0.000 0.000 0.000 0.000 0.000 0.000 0.000 0.000 0.000 0.000 0.000 0.000 0.000 0.000 0.000 0.000 0.000 0.000 0.000 0.000 0.000 0.000 0.000 0.000 0.000 0.102 0.000 0.126 0.088 0.069 0.000 0.010 0.005 0.010 0.000 0.005 0.010 0.005 0.008 0.010 0.008 0.016 0.007 0.007 0.000 0.000 0.000 0.010 0.010 0.010 0.045 0.063 0.009 0.009 0.010
0.000 0.000 0.000 0.000 0.000 0.000 0.000 0.000 0.000 0.000 0.000 0.000 0.000 0.000 0.000 0.000 0.000 0.000 0.000 0.000 0.000 0.000 0.000 0.000 0.000 0.000 0.000 0.000 0.000 0.000 0.000 0.000 0.000 0.000 0.000 0.000 0.000 0.000 0.000 0.000 0.000 0.000 0.000 0.000 0.000 0.000 0.000 0.000 0.000 0.000 0.597 0.008 0.010 0.008 0.009 0.006 0.004 0.000 0.007 0.005 0.009 0.008 0.008 0.009 0.006 0.000 0.000 0.000 0.000 0.000 0.000 0.010 0.008 0.059 0.010 0.010 0.009
0.000 0.000 0.000 0.000 0.000 0.000 0.000 0.000 0.000 0.000 0.000 0.000 0.000 0.000 0.000 0.000 0.000 0.000 0.000 0.000 0.000 0.000 0.000 0.000 0.000 0.000 0.000 0.000 0.000 0.000 0.000 0.000 0.000 0.000 0.000 0.000 0.000 0.000 0.000 0.000 0.000 0.000 0.000 0.000 0.000 0.000 0.000 0.000 0.000 0.000 0.010 0.000 0.010 0.006 0.009 0.008 0.005 0.029 0.010 0.019 0.008 0.007 0.032 0.009 0.009 0.010 0.000 0.000 0.000 0.000 0.000 0.000 0.000 0.007 0.010 0.077 0.010
0.000 0.000 0.000 0.000 0.000 0.000 0.000 0.000 0.000 0.000 0.000 0.000 0.000 0.000 0.000 0.000 0.000 0.000 0.000 0.000 0.000 0.000 0.000 0.000 0.000 0.000 0.000 0.000 0.000 0.000 0.000 0.000 0.000 0.000 0.000 0.000 0.000 0.000 0.000 0.000 0.000 0.000 0.000 0.000 0.000 0.000 0.000 0.000 0.000 0.000 0.000 0.000 0.064 0.000 0.006 0.009 0.008 0.020 0.009 0.005 0.008 0.006 0.008 0.008 0.023 0.007 0.031 0.016 0.000 0.000 0.000 0.000 0.008 0.000 0.000 0.009 0.024
0.000 0.000 0.000 0.000 0.000 0.000 0.000 0.000 0.000 0.000 0.000 0.000 0.000 0.000 0.000 0.000 0.000 0.000 0.000 0.000 0.000 0.000 0.000 0.000 0.000 0.000 0.000 0.000 0.000 0.000 0.000 0.000 0.000 0.000 0.000 0.000 0.000 0.000 0.000 0.000 0.000 0.000 0.000 0.000 0.000 0.000 0.000 0.000 0.000 0.000 0.000 0.000 0.000 0.000 0.058 0.000 0.007 0.008 0.012 0.008 0.009 0.008 0.006 0.010 0.010 0.010 0.007 0.007 0.026 0.005 0.000 0.000 0.000 0.000 0.032 0.007 0.010
0.000 0.000 0.000 0.000 0.000 0.000 0.000 0.000 0.000 0.000 0.000 0.000 0.000 0.000 0.000 0.000 0.000 0.000 0.000 0.000 0.000 0.000 0.000 0.000 0.000 0.000 0.000 0.000 0.000 0.000 0.000 0.000 0.000 0.000 0.000 0.000 0.000 0.000 0.000 0.000 0.000 0.000 0.000 0.000 0.000 0.000 0.000 0.000 0.000 0.000 0.000 0.000 0.000 0.000 0.000 0.000 0.000 0.032 0.006 0.009 0.005 0.007 0.010 0.009 0.010 0.010 0.010 0.010 0.009 0.008 0.000 0.000 0.000 0.000 0.000 0.003 0.000
