hx_30m/njhx/rain/result-0037.wd
ncols         211
nrows         286
xllcorner     660279.582600
yllcorner     3541874.325092
cellsize      30.000000
NODATA_value  -9999.000000
[rows 102 to 135 of 286, columns 77 to 153 of 211]
0.000 0.058 0.010 0.004 0.008 0.004 0.002 0.001 0.001 0.002 0.007 0.004 0.002 0.000 0.001 0.001 0.000 0.008 0.030 0.004 0.010 0.047 0.144 0.010 0.010 0.010 0.018 0.002 0.005 0.005 0.000 0.000 0.000 0.003 0.012 0.000 0.003 0.003 0.005 0.001 0.004 0.002 0.010 0.014 0.000 0.003 0.003 0.002 0.000 0.002 0.007 0.010 0.006 0.000 0.043 0.000 0.000 0.004 0.004 0.001 0.000 0.000 0.000 0.006 0.001 0.003 0.002 0.001 0.001 0.004 0.002 0.001 0.000 0.003 0.006 0.008 0.000
0.010 0.010 0.005 0.003 0.007 0.001 0.001 0.001 0.001 0.010 0.005 0.002 0.000 0.001 0.001 0.004 0.004 0.004 0.004 0.010 0.027 0.010 0.010 0.010 0.010 0.010 0.010 0.002 0.002 0.002 0.000 0.000 0.000 0.008 0.003 0.000 0.002 0.001 0.002 0.001 0.006 0.006 0.057 0.000 0.000 0.000 0.001 0.003 0.001 0.002 0.003 0.006 0.006 0.000 0.000 0.000 0.000 0.002 0.004 0.002 0.000 0.000 0.000 0.002 0.006 0.001 0.002 0.001 0.001 0.001 0.000 0.002 0.003 0.002 0.001 0.004 0.000
0.010 0.010 0.005 0.004 0.010 0.003 0.003 0.003 0.001 0.002 0.010 0.004 0.000 0.002 0.002 0.001 0.001 0.001 0.001 0.003 0.010 0.022 0.010 0.010 0.010 0.010 0.010 0.008 0.003 0.004 0.010 0.005 0.004 0.009 0.002 0.005 0.005 0.005 0.004 0.002 0.000 0.010 0.000 0.000 0.000 0.003 0.001 0.000 0.000 0.000 0.002 0.010 0.002 0.001 0.013 0.042 0.010 0.034 0.005 0.003 0.002 0.007 0.010 0.002 0.001 0.002 0.003 0.002 0.006 0.010 0.007 0.000 0.000 0.002 0.006 0.010 0.006
0.010 0.010 0.005 0.007 0.008 0.020 0.007 0.002 0.002 0.001 0.010 0.003 0.000 0.001 0.001 0.001 0.002 0.003 0.003 0.001 0.096 0.107 0.010 0.010 0.010 0.010 0.010 0.166 0.010 0.010 0.010 0.010 0.010 0.010 0.147 0.010 0.005 0.005 0.003 0.002 0.000 0.066 0.010 0.002 0.002 0.001 0.002 0.002 0.000 0.001 0.001 0.005 0.001 0.001 0.002 0.003 0.004 0.000 0.002 0.001 0.001 0.000 0.000 0.006 0.002 0.002 0.003 0.004 0.000 0.004 0.000 0.000 0.000 0.010 0.010 0.010 0.010
0.010 0.010 0.003 0.007 0.005 0.000 0.001 0.002 0.000 0.001 0.000 0.002 0.000 0.001 0.002 0.001 0.003 0.001 0.001 0.003 0.010 0.010 0.010 0.010 0.010 0.010 0.010 0.010 0.010 0.010 0.010 0.010 0.010 0.010 0.010 0.010 0.005 0.005 0.003 0.003 0.010 0.010 0.010 0.010 0.008 0.001 0.001 0.003 0.002 0.003 0.002 0.021 0.010 0.000 0.000 0.000 0.000 0.000 0.000 0.001 0.001 0.000 0.000 0.001 0.002 0.022 0.000 0.000 0.018 0.000 0.000 0.001 0.005 0.010 0.000 0.010 0.004
0.010 0.010 0.005 0.007 0.005 0.003 0.000 0.000 0.000 0.001 0.001 0.000 0.000 0.001 0.000 0.000 0.000 0.000 0.002 0.010 0.010 0.039 0.221 0.147 0.010 0.010 0.010 0.010 0.189 0.076 0.010 0.010 0.000 0.146 0.000 0.010 0.005 0.005 0.002 0.009 0.010 0.010 0.010 0.010 0.004 0.000 0.002 0.000 0.001 0.000 0.000 0.003 0.010 0.001 0.002 0.001 0.001 0.002 0.002 0.001 0.001 0.000 0.000 0.000 0.000 0.010 0.000 0.002 0.001 0.001 0.001 0.003 0.002 0.010 0.000 0.000 0.010
0.290 0.033 0.004 0.007 0.007 0.000 0.000 0.000 0.000 0.000 0.001 0.000 0.001 0.001 0.008 0.000 0.001 0.002 0.002 0.006 0.010 0.611 0.010 0.010 0.010 0.010 0.010 0.010 0.010 0.010 0.010 0.010 0.117 0.010 0.024 0.000 0.005 0.273 0.010 0.000 0.010 0.110 0.003 0.002 0.004 0.000 0.003 0.002 0.003 0.001 0.002 0.003 0.007 0.000 0.004 0.005 0.001 0.001 0.001 0.002 0.003 0.002 0.000 0.004 0.000 0.010 0.000 0.002 0.002 0.001 0.003 0.010 0.000 0.000 0.000 0.032 0.006
0.074 0.010 0.003 0.010 0.008 0.006 0.003 0.002 0.001 0.003 0.002 0.002 0.001 0.000 0.004 0.003 0.010 0.004 0.002 0.006 0.003 0.004 0.005 0.010 0.010 0.010 0.004 0.007 0.010 0.017 0.005 0.007 0.003 0.007 0.008 0.010 0.004 0.010 0.002 0.010 0.011 0.010 0.008 0.001 0.007 0.000 0.003 0.000 0.000 0.000 0.000 0.003 0.004 0.000 0.000 0.000 0.002 0.001 0.000 0.000 0.000 0.005 0.002 0.000 0.000 0.001 0.000 0.000 0.002 0.002 0.057 0.010 0.000 0.000 0.000 0.010 0.004
0.010 0.010 0.003 0.010 0.002 0.000 0.000 0.000 0.000 0.002 0.003 0.008 0.004 0.010 0.006 0.034 0.010 0.010 0.010 0.009 0.003 0.003 0.010 0.003 0.047 0.010 0.010 0.009 0.010 0.009 0.004 0.003 0.003 0.003 0.004 0.009 0.002 0.057 0.005 0.010 0.010 0.007 0.002 0.009 0.005 0.004 0.005 0.004 0.004 0.003 0.004 0.003 0.010 0.014 0.010 0.012 0.004 0.004 0.004 0.004 0.003 0.002 0.003 0.001 0.001 0.005 0.003 0.004 0.003 0.003 0.006 0.010 0.008 0.010 0.010 0.010 0.010
0.010 0.005 0.005 0.006 0.003 0.000 0.000 0.001 0.002 0.001 0.011 0.000 0.002 0.010 0.034 0.000 0.000 0.000 0.010 0.010 0.010 0.010 0.009 0.009 0.010 0.008 0.045 0.004 0.008 0.010 0.005 0.001 0.001 0.004 0.003 0.007 0.010 0.048 0.004 0.005 0.007 0.007 0.003 0.004 0.003 0.002 0.002 0.004 0.005 0.002 0.007 0.003 0.003 0.004 0.004 0.008 0.006 0.001 0.004 0.002 0.004 0.007 0.008 0.003 0.004 0.002 0.003 0.003 0.003 0.003 0.002 0.003 0.001 0.001 0.003 0.017 0.010
0.010 0.005 0.006 0.005 0.002 0.000 0.001 0.002 0.001 0.002 0.010 0.010 0.007 0.029 0.010 0.054 0.001 0.005 0.008 0.001 0.002 0.002 0.001 0.001 0.003 0.010 0.010 0.010 0.010 0.010 0.004 0.000 0.012 0.000 0.000 0.000 0.004 0.269 0.005 0.010 0.000 0.000 0.010 0.010 0.010 0.002 0.003 0.002 0.010 0.010 0.010 0.005 0.027 0.010 0.140 0.010 0.004 0.002 0.001 0.002 0.002 0.002 0.010 0.002 0.000 0.003 0.001 0.000 0.003 0.010 0.010 0.001 0.001 0.000 0.000 0.000 0.009
0.010 0.003 0.010 0.004 0.001 0.001 0.003 0.004 0.002 0.002 0.010 0.006 0.046 0.033 0.010 0.002 0.002 0.002 0.017 0.010 0.010 0.056 0.010 0.001 0.003 0.010 0.011 0.010 0.010 0.010 0.060 0.001 0.010 0.001 0.003 0.000 0.003 0.010 0.010 0.010 0.010 0.010 0.103 0.010 0.010 0.002 0.000 0.001 0.010 0.010 0.010 0.003 0.000 0.010 0.010 0.010 0.002 0.003 0.002 0.001 0.001 0.004 0.000 0.001 0.003 0.005 0.003 0.010 0.008 0.010 0.031 0.003 0.002 0.000 0.000 0.000 0.003
0.007 0.004 0.010 0.003 0.001 0.006 0.001 0.001 0.001 0.003 0.036 0.010 0.010 0.000 0.007 0.001 0.010 0.005 0.002 0.003 0.001 0.001 0.001 0.001 0.005 0.004 0.010 0.010 0.058 0.010 0.003 0.010 0.010 0.001 0.001 0.000 0.001 0.010 0.006 0.004 0.004 0.001 0.001 0.001 0.002 0.051 0.000 0.001 0.010 0.005 0.004 0.011 0.006 0.005 0.004 0.010 0.000 0.001 0.001 0.001 0.001 0.001 0.001 0.000 0.000 0.002 0.001 0.000 0.010 0.030 0.010 0.000 0.001 0.022 0.000 0.000 0.006
0.003 0.005 0.005 0.002 0.002 0.010 0.008 0.003 0.002 0.003 0.010 0.000 0.000 0.000 0.000 0.000 0.003 0.001 0.043 0.001 0.003 0.002 0.001 0.001 0.003 0.005 0.010 0.010 0.010 0.034 0.002 0.010 0.010 0.001 0.001 0.000 0.003 0.067 0.002 0.004 0.008 0.003 0.000 0.000 0.003 0.257 0.000 0.002 0.010 0.009 0.000 0.003 0.007 0.000 0.007 0.007 0.004 0.005 0.010 0.010 0.005 0.001 0.001 0.000 0.003 0.003 0.000 0.002 0.002 0.001 0.004 0.004 0.000 0.000 0.000 0.000 0.004
0.005 0.005 0.004 0.000 0.000 0.007 0.000 0.000 0.000 0.000 0.040 0.000 0.005 0.005 0.003 0.000 0.000 0.003 0.003 0.000 0.000 0.000 0.000 0.000 0.003 0.029 0.010 0.010 0.010 0.007 0.004 0.010 0.020 0.002 0.001 0.007 0.003 0.007 0.002 0.010 0.008 0.003 0.000 0.000 0.008 0.010 0.002 0.003 0.003 0.002 0.000 0.001 0.002 0.000 0.001 0.001 0.005 0.007 0.006 0.010 0.005 0.000 0.000 0.003 0.003 0.010 0.000 0.000 0.001 0.001 0.004 0.007 0.001 0.000 0.003 0.000 0.002
0.002 0.010 0.003 0.004 0.002 0.002 0.000 0.000 0.000 0.000 0.060 0.000 0.002 0.003 0.003 0.000 0.015 0.000 0.001 0.001 0.000 0.000 0.000 0.000 0.004 0.002 0.004 0.009 0.007 0.006 0.000 0.000 0.010 0.010 0.002 0.005 0.004 0.010 0.003 0.005 0.007 0.005 0.000 0.000 0.003 0.002 0.004 0.001 0.005 0.000 0.000 0.003 0.000 0.000 0.004 0.000 0.002 0.003 0.003 0.009 0.001 0.001 0.000 0.000 0.005 0.066 0.000 0.019 0.048 0.000 0.003 0.010 0.004 0.005 0.010 0.000 0.000
0.005 0.010 0.007 0.007 0.002 0.000 0.003 0.000 0.000 0.003 0.207 0.000 0.000 0.000 0.117 0.000 0.283 0.000 0.001 0.000 0.000 0.000 0.000 0.001 0.003 0.004 0.000 0.001 0.007 0.010 0.000 0.011 0.001 0.010 0.099 0.000 0.002 0.010 0.005 0.010 0.010 0.010 0.000 0.000 0.001 0.007 0.010 0.005 0.007 0.003 0.005 0.010 0.000 0.000 0.000 0.001 0.000 0.001 0.001 0.001 0.001 0.002 0.000 0.001 0.002 0.100 0.110 0.010 0.010 0.010 0.110 0.216 0.048 0.244 0.000 0.004 0.010
0.005 0.005 0.000 0.000 0.000 0.002 0.001 0.003 0.005 0.002 0.390 0.054 0.026 0.010 0.064 0.354 0.140 0.001 0.007 0.005 0.007 0.003 0.001 0.001 0.004 0.003 0.008 0.003 0.003 0.003 0.034 0.223 0.339 0.445 0.031 0.000 0.003 0.010 0.004 0.004 0.007 0.010 0.000 0.000 0.044 0.005 0.000 0.007 0.004 0.010 0.010 0.005 0.002 0.004 0.000 0.002 0.002 0.001 0.002 0.002 0.002 0.002 0.001 0.001 0.003 0.023 0.090 0.000 0.000 0.000 0.010 0.034 0.052 0.063 0.006 0.007 0.039
0.010 0.004 0.007 0.005 0.003 0.002 0.000 0.001 0.002 0.000 0.353 0.007 0.559 0.010 0.161 0.307 0.129 0.088 0.005 0.010 0.010 0.010 0.005 0.003 0.005 0.007 0.010 0.002 0.005 0.005 0.120 0.474 0.445 0.374 0.044 0.000 0.008 0.010 0.005 0.003 0.003 0.005 0.010 0.001 0.002 0.002 0.001 0.002 0.002 0.002 0.007 0.001 0.001 0.000 0.000 0.002 0.002 0.002 0.001 0.002 0.001 0.000 0.001 0.001 0.003 0.085 0.041 0.001 0.000 0.000 0.010 0.021 0.058 0.066 0.002 0.010 0.000
0.010 0.004 0.002 0.002 0.002 0.001 0.007 0.001 0.000 0.000 0.423 0.007 0.010 0.010 0.010 0.010 0.289 0.139 0.006 0.010 0.010 0.000 0.005 0.004 0.000 0.007 0.000 0.001 0.000 0.000 0.010 0.491 0.469 0.077 0.003 0.000 0.023 0.007 0.010 0.000 0.000 0.004 0.010 0.008 0.001 0.003 0.004 0.004 0.002 0.003 0.004 0.002 0.002 0.001 0.001 0.002 0.002 0.001 0.004 0.002 0.000 0.002 0.001 0.001 0.010 0.000 0.010 0.010 0.000 0.000 0.018 0.010 0.026 0.010 0.004 0.002 0.000
0.003 0.004 0.003 0.003 0.000 0.000 0.002 0.010 0.010 0.010 0.306 0.010 0.007 0.010 0.010 0.010 0.111 0.079 0.003 0.000 0.000 0.010 0.005 0.004 0.000 0.005 0.000 0.007 0.000 0.000 0.002 0.213 0.402 0.002 0.002 0.002 0.007 0.004 0.007 0.000 0.004 0.005 0.002 0.005 0.001 0.002 0.002 0.002 0.005 0.001 0.004 0.003 0.005 0.003 0.021 0.004 0.010 0.001 0.000 0.000 0.001 0.001 0.002 0.002 0.005 0.017 0.005 0.006 0.016 0.000 0.271 0.034 0.097 0.046 0.377 0.001 0.000
0.004 0.005 0.001 0.003 0.001 0.003 0.002 0.003 0.005 0.005 0.017 0.008 0.007 0.010 0.009 0.004 0.010 0.010 0.002 0.003 0.003 0.010 0.009 0.002 0.004 0.007 0.004 0.127 0.041 0.030 0.020 0.028 0.013 0.004 0.003 0.065 0.005 0.006 0.010 0.000 0.010 0.010 0.005 0.001 0.001 0.004 0.004 0.003 0.005 0.007 0.010 0.003 0.010 0.010 0.010 0.000 0.000 0.001 0.000 0.000 0.001 0.002 0.007 0.004 0.002 0.000 0.000 0.000 0.000 0.000 0.000 0.000 0.010 0.003 0.000 0.003 0.000
0.002 0.001 0.001 0.001 0.001 0.001 0.001 0.003 0.004 0.000 0.268 0.000 0.007 0.000 0.010 0.000 0.000 0.010 0.000 0.000 0.000 0.000 0.026 0.064 0.061 0.043 0.068 0.000 0.000 0.000 0.000 0.044 0.007 0.010 0.004 0.389 0.007 0.007 0.004 0.000 0.005 0.010 0.002 0.001 0.001 0.001 0.000 0.004 0.017 0.010 0.003 0.001 0.007 0.000 0.000 0.000 0.000 0.001 0.001 0.000 0.001 0.000 0.000 0.004 0.002 0.000 0.001 0.000 0.001 0.002 0.001 0.001 0.002 0.000 0.000 0.007 0.000
0.004 0.001 0.002 0.002 0.003 0.001 0.002 0.003 0.004 0.000 0.313 0.000 0.003 0.000 0.026 0.002 0.002 0.053 0.000 0.000 0.000 0.000 0.029 0.019 0.121 0.108 0.003 0.004 0.004 0.005 0.003 0.001 0.047 0.000 0.000 0.075 0.010 0.004 0.000 0.003 0.002 0.010 0.003 0.002 0.001 0.002 0.000 0.000 0.003 0.002 0.007 0.001 0.006 0.010 0.027 0.000 0.000 0.002 0.001 0.000 0.001 0.000 0.001 0.001 0.001 0.000 0.004 0.010 0.005 0.004 0.001 0.001 0.001 0.007 0.000 0.005 0.000
0.008 0.000 0.000 0.000 0.000 0.001 0.000 0.001 0.000 0.000 0.210 0.000 0.000 0.000 0.002 0.010 0.010 0.003 0.003 0.004 0.001 0.000 0.069 0.142 0.101 0.003 0.006 0.020 0.005 0.002 0.003 0.009 0.000 0.000 0.000 0.005 0.005 0.002 0.000 0.003 0.000 0.000 0.007 0.003 0.001 0.002 0.002 0.000 0.000 0.000 0.003 0.001 0.002 0.003 0.002 0.000 0.000 0.000 0.000 0.001 0.000 0.000 0.002 0.000 0.004 0.005 0.005 0.032 0.000 0.004 0.001 0.003 0.001 0.000 0.009 0.003 0.000
0.003 0.004 0.000 0.000 0.000 0.002 0.000 0.000 0.000 0.000 0.212 0.000 0.000 0.001 0.002 0.001 0.000 0.005 0.000 0.004 0.001 0.001 0.055 0.002 0.001 0.001 0.000 0.000 0.001 0.001 0.001 0.001 0.000 0.000 0.000 0.001 0.007 0.003 0.000 0.000 0.000 0.004 0.007 0.005 0.003 0.003 0.004 0.007 0.001 0.002 0.001 0.002 0.002 0.005 0.000 0.000 0.000 0.000 0.001 0.001 0.000 0.000 0.000 0.000 0.001 0.000 0.002 0.010 0.000 0.000 0.001 0.005 0.001 0.001 0.002 0.007 0.003
0.003 0.002 0.007 0.002 0.005 0.001 0.002 0.001 0.000 0.005 0.008 0.002 0.001 0.001 0.001 0.000 0.000 0.002 0.001 0.001 0.000 0.001 0.197 0.000 0.000 0.001 0.000 0.000 0.001 0.001 0.001 0.000 0.000 0.001 0.000 0.002 0.010 0.005 0.000 0.000 0.000 0.001 0.001 0.003 0.004 0.009 0.005 0.010 0.003 0.003 0.001 0.002 0.000 0.000 0.002 0.002 0.000 0.000 0.000 0.000 0.001 0.000 0.000 0.000 0.003 0.000 0.000 0.000 0.000 0.001 0.001 0.000 0.007 0.007 0.003 0.010 0.000
0.005 0.000 0.000 0.002 0.002 0.002 0.001 0.001 0.001 0.005 0.007 0.003 0.002 0.001 0.000 0.002 0.001 0.002 0.002 0.001 0.000 0.000 0.361 0.000 0.000 0.002 0.000 0.000 0.003 0.010 0.004 0.001 0.001 0.001 0.007 0.002 0.007 0.004 0.000 0.000 0.010 0.009 0.001 0.005 0.010 0.008 0.000 0.000 0.000 0.000 0.000 0.002 0.000 0.000 0.002 0.001 0.000 0.000 0.000 0.000 0.002 0.002 0.001 0.000 0.002 0.041 0.000 0.001 0.000 0.000 0.000 0.001 0.000 0.005 0.004 0.002 0.004
0.001 0.004 0.003 0.005 0.007 0.001 0.001 0.002 0.005 0.007 0.003 0.001 0.001 0.004 0.000 0.000 0.000 0.003 0.010 0.010 0.000 0.000 0.433 0.000 0.000 0.000 0.001 0.001 0.001 0.010 0.003 0.000 0.000 0.003 0.000 0.004 0.010 0.007 0.000 0.000 0.005 0.002 0.000 0.000 0.008 0.010 0.003 0.006 0.002 0.003 0.004 0.003 0.005 0.005 0.004 0.007 0.002 0.002 0.000 0.000 0.001 0.000 0.000 0.010 0.004 0.004 0.001 0.000 0.001 0.001 0.003 0.003 0.001 0.001 0.002 0.000 0.003
0.002 0.001 0.004 0.001 0.001 0.004 0.002 0.001 0.003 0.010 0.007 0.010 0.007 0.009 0.010 0.075 0.004 0.001 0.001 0.001 0.000 0.000 0.398 0.002 0.001 0.002 0.001 0.000 0.001 0.010 0.001 0.002 0.001 0.001 0.000 0.001 0.007 0.005 0.005 0.005 0.083 0.002 0.001 0.002 0.003 0.003 0.000 0.000 0.002 0.001 0.003 0.004 0.000 0.000 0.000 0.000 0.002 0.004 0.001 0.001 0.004 0.002 0.002 0.002 0.010 0.001 0.001 0.001 0.002 0.002 0.000 0.000 0.001 0.010 0.045 0.004 0.002
0.000 0.000 0.004 0.000 0.000 0.000 0.002 0.002 0.003 0.010 0.002 0.074 0.000 0.000 0.000 0.000 0.000 0.002 0.000 0.000 0.000 0.000 0.525 0.002 0.002 0.003 0.001 0.001 0.001 0.002 0.001 0.000 0.001 0.005 0.000 0.005 0.010 0.002 0.000 0.000 0.000 0.000 0.000 0.000 0.000 0.002 0.001 0.000 0.000 0.001 0.001 0.005 0.000 0.000 0.000 0.001 0.001 0.001 0.000 0.000 0.000 0.002 0.001 0.004 0.004 0.000 0.001 0.001 0.000 0.002 0.007 0.001 0.000 0.000 0.000 0.017 0.000
0.001 0.002 0.007 0.003 0.002 0.002 0.002 0.004 0.000 0.009 0.005 0.173 0.005 0.005 0.005 0.005 0.010 0.004 0.003 0.005 0.000 0.000 0.359 0.002 0.002 0.001 0.001 0.001 0.000 0.001 0.001 0.001 0.002 0.005 0.000 0.001 0.438 0.002 0.000 0.002 0.010 0.036 0.000 0.000 0.000 0.002 0.002 0.000 0.001 0.001 0.000 0.000 0.003 0.007 0.000 0.000 0.001 0.000 0.002 0.003 0.001 0.000 0.000 0.000 0.004 0.000 0.001 0.053 0.000 0.001 0.002 0.002 0.000 0.000 0.000 0.000 0.000
0.000 0.007 0.000 0.002 0.003 0.001 0.002 0.003 0.000 0.007 0.004 0.010 0.000 0.000 0.010 0.000 0.000 0.004 0.000 0.000 0.004 0.000 0.223 0.003 0.001 0.001 0.001 0.002 0.002 0.002 0.000 0.001 0.010 0.004 0.007 0.005 0.010 0.002 0.010 0.000 0.005 0.000 0.010 0.000 0.000 0.005 0.001 0.007 0.003 0.001 0.001 0.000 0.010 0.003 0.001 0.001 0.001 0.002 0.001 0.000 0.000 0.000 0.000 0.000 0.001 0.037 0.000 0.000 0.009 0.000 0.001 0.002 0.002 0.002 0.000 0.002 0.001
0.005 0.010 0.002 0.002 0.048 0.010 0.004 0.005 0.004 0.005 0.007 0.021 0.010 0.010 0.008 0.008 0.010 0.003 0.000 0.000 0.005 0.003 0.005 0.004 0.003 0.002 0.002 0.003 0.003 0.003 0.001 0.002 0.003 0.002 0.002 0.002 0.010 0.008 0.002 0.002 0.002 0.001 0.001 0.005 0.002 0.003 0.001 0.000 0.000 0.001 0.010 0.000 0.005 0.005 0.000 0.000 0.001 0.000 0.000 0.001 0.000 0.002 0.010 0.000 0.003 0.000 0.010 0.002 0.000 0.000 0.001 0.000 0.007 0.001 0.000 0.000 0.005
