hx_30m/njhx/rain/result.mxe
ncols         211
nrows         286
xllcorner     660279.582600
yllcorner     3541874.325092
cellsize      30.000000
NODATA_value  -9999.000000
[rows 210 to 239 of 286, columns 134 to 200 of 211]
-9999.000 14.512 11.677 7.885 6.783 6.995 6.761 -9999.000 6.703 6.705 6.908 -9999.000 -9999.000 -9999.000 6.929 7.248 7.385 7.452 -9999.000 6.835 6.781 6.767 6.690 6.727 7.118 7.878 -9999.000 7.306 -9999.000 6.683 -9999.000 6.324 6.249 -9999.000 6.037 6.240 6.229 6.460 6.623 6.400 6.789 7.181 7.162 7.186 7.002 6.815 6.972 7.123 -9999.000 -9999.000 7.506 9.845 11.156 11.011 8.344 7.891 7.883 -9999.000 -9999.000 -9999.000 8.113 8.865 9.167 9.567 10.807 11.089 10.944
7.274 7.134 11.681 12.534 7.515 7.622 6.912 -9999.000 -9999.000 6.943 6.554 6.776 -9999.000 -9999.000 6.928 -9999.000 7.100 7.242 6.873 6.870 -9999.000 6.792 6.665 -9999.000 6.344 7.097 7.360 7.379 7.170 7.214 -9999.000 6.776 -9999.000 6.348 6.249 -9999.000 6.444 6.666 6.768 6.350 6.958 7.303 7.160 6.998 6.806 6.888 7.059 -9999.000 7.258 7.297 10.089 7.272 -9999.000 -9999.000 10.704 8.023 8.176 8.178 -9999.000 8.128 8.135 8.169 8.177 8.129 -9999.000 11.097 10.870
-9999.000 -9999.000 7.363 7.326 8.656 13.391 11.841 8.216 6.931 6.793 6.399 6.399 6.466 6.876 -9999.000 7.486 -9999.000 6.948 6.727 6.874 6.696 -9999.000 -9999.000 -9999.000 6.610 7.321 -9999.000 7.299 7.407 7.269 -9999.000 7.189 -9999.000 6.529 -9999.000 6.752 6.713 6.683 6.697 6.772 7.497 8.144 -9999.000 6.869 6.801 6.916 6.999 -9999.000 7.125 -9999.000 11.411 -9999.000 -9999.000 -9999.000 7.453 10.818 8.642 8.185 8.170 8.206 8.196 8.173 8.202 8.128 8.149 10.896 10.896
-9999.000 -9999.000 -9999.000 -9999.000 7.389 7.336 8.792 9.822 11.814 6.831 6.399 6.399 6.433 6.872 -9999.000 7.465 7.158 6.715 6.715 -9999.000 7.262 7.204 -9999.000 -9999.000 -9999.000 -9999.000 6.950 -9999.000 -9999.000 7.169 7.129 7.108 7.212 7.109 7.133 6.875 -9999.000 6.683 6.733 -9999.000 7.293 7.257 -9999.000 6.791 6.792 6.956 -9999.000 6.956 7.011 7.377 11.574 -9999.000 9.127 9.468 10.249 -9999.000 11.178 8.937 8.170 8.170 8.191 8.444 8.185 -9999.000 -9999.000 10.659 10.818
7.542 7.543 -9999.000 -9999.000 8.057 7.983 7.742 7.511 14.158 13.325 7.533 7.042 6.600 6.902 -9999.000 -9999.000 7.017 6.715 7.613 7.638 -9999.000 -9999.000 7.374 -9999.000 7.028 -9999.000 -9999.000 -9999.000 7.265 7.023 -9999.000 7.299 7.005 7.089 6.922 -9999.000 -9999.000 6.683 -9999.000 5.871 6.964 -9999.000 7.188 6.791 6.791 -9999.000 7.027 7.056 7.018 8.155 11.157 9.020 -9999.000 -9999.000 -9999.000 9.291 -9999.000 11.165 9.076 8.351 8.359 8.556 9.204 -9999.000 -9999.000 11.096 9.274
7.909 7.733 8.218 7.536 8.212 8.124 -9999.000 7.510 7.753 7.353 10.880 14.443 11.069 7.272 7.124 6.905 6.996 6.936 -9999.000 -9999.000 7.669 7.444 7.643 7.129 7.322 -9999.000 -9999.000 7.046 6.833 -9999.000 6.905 7.299 -9999.000 6.981 6.785 7.058 6.939 6.703 -9999.000 6.374 -9999.000 -9999.000 6.898 6.872 6.796 -9999.000 7.068 6.859 6.861 8.232 11.832 -9999.000 -9999.000 -9999.000 -9999.000 9.103 10.179 -9999.000 10.694 -9999.000 -9999.000 8.684 -9999.000 11.443 11.290 11.023 -9999.000
7.916 7.805 -9999.000 7.505 8.226 -9999.000 7.960 7.847 -9999.000 7.928 7.638 7.214 10.085 10.780 7.654 7.204 6.984 7.419 -9999.000 7.339 7.273 8.136 7.503 7.266 7.173 7.108 -9999.000 -9999.000 7.224 -9999.000 7.185 6.963 7.168 6.915 6.830 6.637 6.636 -9999.000 6.858 6.980 -9999.000 6.532 -9999.000 -9999.000 -9999.000 -9999.000 6.199 7.128 7.107 10.106 7.860 9.847 -9999.000 -9999.000 -9999.000 -9999.000 -9999.000 9.419 -9999.000 11.194 -9999.000 8.450 9.514 11.505 11.103 10.973 -9999.000
9.467 10.161 -9999.000 8.048 7.724 7.999 7.792 8.051 8.018 8.086 7.739 -9999.000 7.431 7.377 7.657 14.952 7.933 7.377 7.226 -9999.000 7.483 7.893 7.352 7.421 7.366 7.387 9.254 9.270 7.050 6.882 7.782 -9999.000 7.038 6.831 6.743 6.634 -9999.000 6.645 6.645 -9999.000 7.138 7.186 -9999.000 7.122 -9999.000 -9999.000 -9999.000 -9999.000 8.064 11.135 -9999.000 9.320 -9999.000 -9999.000 -9999.000 -9999.000 -9999.000 -9999.000 8.518 7.906 8.550 -9999.000 -9999.000 11.507 11.100 10.878 -9999.000
7.597 -9999.000 8.563 8.008 -9999.000 7.919 7.917 8.104 -9999.000 -9999.000 -9999.000 -9999.000 -9999.000 -9999.000 7.031 7.117 9.271 13.790 14.000 7.700 7.711 -9999.000 7.293 7.294 7.213 7.414 7.259 7.338 -9999.000 6.835 -9999.000 7.364 6.883 7.041 6.634 6.634 -9999.000 6.645 -9999.000 6.476 6.583 -9999.000 7.076 7.120 -9999.000 7.000 -9999.000 -9999.000 7.962 11.504 -9999.000 -9999.000 -9999.000 -9999.000 -9999.000 -9999.000 -9999.000 -9999.000 8.377 7.721 10.730 11.263 -9999.000 -9999.000 11.034 9.155 -9999.000
7.500 7.452 8.070 8.226 8.172 8.040 8.157 8.134 8.120 8.012 7.301 -9999.000 -9999.000 7.331 7.106 7.110 7.789 7.677 14.649 15.518 8.058 7.719 -9999.000 7.353 7.420 7.079 -9999.000 7.254 7.258 7.223 7.049 6.859 7.010 6.689 -9999.000 -9999.000 6.669 6.650 6.623 6.518 6.470 6.468 6.469 -9999.000 7.170 7.210 -9999.000 7.551 8.352 11.472 7.814 -9999.000 -9999.000 -9999.000 -9999.000 -9999.000 -9999.000 -9999.000 8.115 7.721 11.003 10.923 10.920 11.095 10.909 -9999.000 -9999.000
7.093 7.473 -9999.000 -9999.000 8.071 8.118 -9999.000 8.066 8.142 7.332 7.300 7.284 7.284 7.500 7.311 -9999.000 -9999.000 -9999.000 7.903 8.099 13.117 12.302 7.370 7.096 7.225 7.297 -9999.000 7.338 7.337 -9999.000 7.302 7.058 6.690 6.689 6.683 -9999.000 6.670 6.681 6.599 6.579 6.513 6.468 -9999.000 6.439 6.817 -9999.000 7.233 -9999.000 9.827 10.489 8.853 -9999.000 -9999.000 -9999.000 -9999.000 -9999.000 -9999.000 -9999.000 9.511 9.889 11.537 12.348 -9999.000 11.267 10.594 -9999.000 -9999.000
6.936 -9999.000 7.932 8.244 8.139 8.079 8.089 -9999.000 -9999.000 -9999.000 7.301 -9999.000 7.198 7.350 7.539 8.019 8.032 8.039 7.933 -9999.000 -9999.000 7.363 10.991 11.380 8.434 7.253 7.280 -9999.000 7.276 7.245 7.312 6.812 6.691 -9999.000 6.671 6.670 6.670 6.669 6.691 6.561 -9999.000 6.468 6.468 -9999.000 6.519 7.064 7.616 -9999.000 9.613 8.882 8.611 -9999.000 -9999.000 -9999.000 -9999.000 -9999.000 -9999.000 -9999.000 -9999.000 11.254 -9999.000 -9999.000 12.360 10.963 11.007 -9999.000 -9999.000
-9999.000 6.951 -9999.000 7.710 8.060 8.064 -9999.000 8.006 -9999.000 7.360 -9999.000 7.302 7.227 7.246 -9999.000 -9999.000 8.330 9.118 8.121 8.071 7.724 7.247 7.113 13.749 8.166 10.404 7.225 -9999.000 -9999.000 7.303 6.843 6.693 6.692 6.684 6.671 -9999.000 6.670 6.670 6.740 6.562 -9999.000 6.468 6.471 6.483 6.515 7.288 7.333 8.444 10.615 -9999.000 9.193 -9999.000 -9999.000 -9999.000 -9999.000 -9999.000 -9999.000 -9999.000 -9999.000 8.224 10.943 11.005 11.107 10.799 9.736 -9999.000 -9999.000
7.075 6.982 6.929 7.779 -9999.000 7.750 7.948 7.503 7.362 7.359 -9999.000 7.249 7.190 7.272 7.811 8.049 8.228 8.549 7.982 7.916 7.870 7.029 -9999.000 7.251 -9999.000 6.952 12.255 7.645 7.606 7.338 6.771 6.753 -9999.000 6.809 -9999.000 -9999.000 6.719 6.900 6.707 -9999.000 6.483 6.482 6.480 6.512 6.633 7.261 7.241 8.448 11.164 -9999.000 -9999.000 -9999.000 -9999.000 -9999.000 -9999.000 -9999.000 -9999.000 -9999.000 -9999.000 11.193 -9999.000 10.736 -9999.000 10.727 -9999.000 -9999.000 -9999.000
6.860 7.026 7.298 -9999.000 7.700 -9999.000 7.632 7.480 7.408 7.359 7.490 7.142 7.157 -9999.000 -9999.000 7.591 7.601 7.774 7.776 7.514 7.311 -9999.000 -9999.000 7.156 7.134 7.131 7.069 8.000 9.175 9.023 8.307 7.286 -9999.000 6.968 7.481 6.734 6.647 -9999.000 6.617 -9999.000 -9999.000 6.484 6.484 6.497 -9999.000 7.170 -9999.000 9.279 9.804 8.122 -9999.000 -9999.000 -9999.000 -9999.000 -9999.000 -9999.000 -9999.000 8.863 -9999.000 11.205 11.474 11.483 10.810 10.555 -9999.000 -9999.000 -9999.000
-9999.000 7.249 7.734 7.730 7.742 7.733 -9999.000 -9999.000 7.656 7.458 7.249 7.150 7.137 7.284 7.111 7.112 7.112 7.365 7.359 8.067 7.145 -9999.000 7.170 -9999.000 7.224 7.136 -9999.000 7.125 7.332 7.426 11.283 11.745 8.229 7.356 -9999.000 -9999.000 6.827 -9999.000 -9999.000 7.684 7.439 -9999.000 6.485 6.570 -9999.000 -9999.000 7.866 11.314 8.656 9.307 -9999.000 -9999.000 -9999.000 -9999.000 -9999.000 -9999.000 -9999.000 8.851 -9999.000 11.132 11.198 11.576 10.994 10.538 -9999.000 -9999.000 -9999.000
6.752 7.094 7.915 7.767 7.606 7.703 -9999.000 -9999.000 -9999.000 7.513 7.366 -9999.000 7.087 7.225 7.161 -9999.000 7.129 -9999.000 7.178 7.236 7.312 -9999.000 7.171 -9999.000 7.178 -9999.000 7.202 7.122 6.936 -9999.000 7.709 9.084 9.501 14.417 7.535 7.208 -9999.000 6.854 -9999.000 7.687 -9999.000 7.766 7.157 -9999.000 -9999.000 -9999.000 -9999.000 11.636 -9999.000 -9999.000 -9999.000 -9999.000 -9999.000 -9999.000 -9999.000 -9999.000 -9999.000 9.317 -9999.000 11.128 10.933 10.933 11.061 11.579 -9999.000 -9999.000 9.870
6.775 6.775 6.946 7.396 7.528 7.610 7.533 -9999.000 -9999.000 7.291 7.219 7.103 7.062 -9999.000 7.203 -9999.000 7.208 7.081 7.089 7.087 7.274 7.180 -9999.000 -9999.000 7.194 -9999.000 7.165 -9999.000 6.936 7.283 8.230 8.296 7.538 7.487 7.991 9.540 12.911 7.495 7.273 -9999.000 7.643 7.654 -9999.000 7.737 7.576 7.576 9.907 11.318 7.963 -9999.000 -9999.000 -9999.000 -9999.000 -9999.000 -9999.000 -9999.000 -9999.000 -9999.000 -9999.000 6.343 12.235 11.144 11.357 10.431 -9999.000 -9999.000 12.743
7.231 7.205 -9999.000 7.125 7.125 7.236 -9999.000 -9999.000 7.446 7.387 -9999.000 7.090 7.032 7.210 7.157 6.965 7.171 7.224 7.148 7.146 7.349 7.255 -9999.000 7.159 -9999.000 7.162 7.073 7.073 -9999.000 7.259 7.799 -9999.000 8.248 -9999.000 7.334 7.420 8.370 13.850 12.839 8.796 7.360 -9999.000 7.576 7.576 7.577 7.577 11.300 9.247 7.963 -9999.000 -9999.000 -9999.000 -9999.000 -9999.000 -9999.000 -9999.000 -9999.000 -9999.000 8.124 -9999.000 -9999.000 -9999.000 11.406 10.431 -9999.000 -9999.000 -9999.000
7.346 7.288 7.490 7.567 7.125 7.125 7.118 7.379 7.251 -9999.000 -9999.000 7.049 7.020 7.017 6.965 6.965 6.965 6.965 6.965 7.029 7.126 7.160 7.298 7.159 7.216 7.183 7.059 -9999.000 7.278 -9999.000 -9999.000 7.278 7.288 6.855 -9999.000 6.480 -9999.000 7.354 9.270 8.900 12.853 7.463 7.617 7.846 7.632 7.664 11.026 8.493 8.682 -9999.000 -9999.000 -9999.000 -9999.000 -9999.000 -9999.000 -9999.000 -9999.000 -9999.000 -9999.000 -9999.000 7.961 10.690 11.689 -9999.000 -9999.000 -9999.000 -9999.000
7.311 7.351 6.813 7.454 -9999.000 7.363 6.898 6.957 7.063 7.310 -9999.000 7.094 6.992 -9999.000 6.965 6.965 6.965 6.965 6.965 6.982 7.022 7.131 7.284 7.174 7.131 7.109 6.883 -9999.000 -9999.000 7.276 7.244 7.302 7.372 7.049 -9999.000 -9999.000 6.713 6.653 -9999.000 10.283 13.169 8.192 8.411 10.225 8.555 8.286 10.650 10.900 10.956 -9999.000 -9999.000 -9999.000 -9999.000 -9999.000 -9999.000 -9999.000 -9999.000 -9999.000 -9999.000 -9999.000 -9999.000 -9999.000 -9999.000 10.788 10.138 11.382 -9999.000
7.221 7.296 7.420 7.359 -9999.000 -9999.000 6.887 6.886 -9999.000 6.555 7.013 6.976 -9999.000 6.965 6.965 6.965 6.965 6.991 6.970 6.973 -9999.000 7.246 7.194 7.079 7.172 6.985 -9999.000 7.144 -9999.000 7.343 8.042 7.515 7.513 -9999.000 7.389 7.143 6.653 6.653 6.653 6.701 7.337 10.913 9.645 13.891 14.711 10.116 12.592 -9999.000 -9999.000 -9999.000 -9999.000 -9999.000 -9999.000 -9999.000 -9999.000 -9999.000 -9999.000 -9999.000 -9999.000 -9999.000 -9999.000 -9999.000 -9999.000 -9999.000 -9999.000 -9999.000 -9999.000
7.186 7.188 7.323 7.277 6.814 7.216 6.828 6.801 6.773 7.409 -9999.000 6.976 6.971 6.966 6.965 6.965 6.965 7.215 7.024 7.040 7.168 7.108 7.097 -9999.000 -9999.000 6.830 -9999.000 -9999.000 -9999.000 7.348 8.111 7.248 7.247 -9999.000 7.249 6.783 6.653 6.653 -9999.000 6.717 7.283 7.204 7.604 8.923 13.123 13.757 16.747 -9999.000 -9999.000 -9999.000 -9999.000 -9999.000 -9999.000 -9999.000 -9999.000 -9999.000 -9999.000 -9999.000 -9999.000 -9999.000 -9999.000 -9999.000 -9999.000 -9999.000 -9999.000 -9999.000 -9999.000
-9999.000 6.690 -9999.000 7.069 7.515 6.826 6.886 6.772 6.773 6.772 6.773 7.419 -9999.000 6.965 6.965 6.966 -9999.000 7.240 7.038 7.139 7.097 7.097 7.097 7.159 6.875 -9999.000 7.152 -9999.000 7.279 -9999.000 -9999.000 7.247 -9999.000 7.209 7.182 6.710 6.653 6.653 -9999.000 6.717 6.719 6.720 6.720 7.242 -9999.000 10.186 -9999.000 13.678 -9999.000 -9999.000 -9999.000 -9999.000 -9999.000 -9999.000 -9999.000 -9999.000 -9999.000 -9999.000 -9999.000 -9999.000 -9999.000 -9999.000 -9999.000 -9999.000 -9999.000 -9999.000 -9999.000
6.615 6.612 6.612 6.689 -9999.000 6.826 7.005 -9999.000 6.773 6.773 -9999.000 -9999.000 8.426 7.625 -9999.000 7.060 7.076 7.077 7.136 7.092 7.097 7.097 7.097 7.152 -9999.000 7.179 -9999.000 7.351 7.317 -9999.000 7.152 7.243 7.248 7.298 6.712 6.660 -9999.000 6.653 6.871 -9999.000 6.719 6.720 6.720 7.604 8.942 10.541 -9999.000 9.975 -9999.000 -9999.000 -9999.000 -9999.000 -9999.000 -9999.000 -9999.000 -9999.000 -9999.000 -9999.000 -9999.000 -9999.000 -9999.000 -9999.000 -9999.000 -9999.000 -9999.000 -9999.000 -9999.000
6.721 6.644 6.668 6.631 6.792 6.969 -9999.000 7.658 7.125 6.772 -9999.000 6.577 6.561 7.147 7.472 7.381 -9999.000 7.078 7.078 7.089 7.144 7.097 7.097 7.097 -9999.000 7.193 -9999.000 -9999.000 -9999.000 7.236 7.260 -9999.000 7.230 7.100 -9999.000 6.759 -9999.000 6.832 -9999.000 7.272 7.187 7.250 6.720 7.873 10.602 9.863 -9999.000 10.342 -9999.000 -9999.000 -9999.000 -9999.000 -9999.000 -9999.000 -9999.000 -9999.000 -9999.000 -9999.000 -9999.000 -9999.000 -9999.000 -9999.000 -9999.000 -9999.000 -9999.000 -9999.000 -9999.000
6.545 6.593 6.718 6.814 7.075 7.316 -9999.000 -9999.000 7.754 8.170 6.948 6.565 -9999.000 7.532 7.377 -9999.000 -9999.000 7.396 -9999.000 7.095 7.096 7.097 7.097 -9999.000 7.180 -9999.000 7.316 -9999.000 -9999.000 7.169 -9999.000 7.227 7.282 6.693 6.784 6.896 7.003 7.028 7.637 8.129 10.141 9.914 7.435 7.614 10.832 -9999.000 -9999.000 10.660 -9999.000 -9999.000 -9999.000 -9999.000 -9999.000 -9999.000 -9999.000 -9999.000 -9999.000 -9999.000 -9999.000 -9999.000 -9999.000 -9999.000 -9999.000 -9999.000 -9999.000 -9999.000 -9999.000
6.598 6.700 6.704 7.063 7.120 -9999.000 -9999.000 7.972 9.439 -9999.000 -9999.000 -9999.000 7.566 7.455 -9999.000 7.580 7.672 7.416 7.573 7.285 -9999.000 7.097 7.097 7.097 7.264 -9999.000 -9999.000 -9999.000 7.339 7.169 7.190 7.141 6.732 -9999.000 6.766 6.891 7.018 7.112 7.757 9.123 10.562 10.437 10.648 10.801 11.068 -9999.000 -9999.000 -9999.000 -9999.000 -9999.000 -9999.000 -9999.000 -9999.000 -9999.000 -9999.000 -9999.000 -9999.000 -9999.000 -9999.000 -9999.000 -9999.000 -9999.000 -9999.000 -9999.000 -9999.000 -9999.000 -9999.000
6.707 6.672 6.722 7.263 -9999.000 7.523 7.633 7.740 9.871 9.532 -9999.000 -9999.000 7.533 7.610 7.545 7.645 -9999.000 7.338 7.299 7.308 7.279 7.167 -9999.000 7.096 7.097 -9999.000 -9999.000 7.357 7.197 7.236 -9999.000 7.205 6.440 -9999.000 6.585 6.690 6.701 6.722 8.921 -9999.000 10.797 10.526 10.742 11.008 10.594 -9999.000 9.005 -9999.000 -9999.000 -9999.000 -9999.000 -9999.000 -9999.000 -9999.000 -9999.000 -9999.000 -9999.000 -9999.000 -9999.000 -9999.000 -9999.000 -9999.000 -9999.000 -9999.000 -9999.000 -9999.000 -9999.000
-9999.000 6.672 6.978 6.773 6.952 6.774 6.682 7.522 -9999.000 7.799 -9999.000 8.587 7.560 7.428 7.501 7.515 7.562 -9999.000 7.260 7.292 7.299 7.225 6.525 7.084 7.074 6.993 6.993 6.993 -9999.000 7.265 -9999.000 6.870 6.537 -9999.000 6.585 -9999.000 7.060 7.467 10.456 10.911 10.832 10.645 10.853 11.022 8.752 -9999.000 -9999.000 -9999.000 -9999.000 -9999.000 -9999.000 -9999.000 -9999.000 -9999.000 -9999.000 -9999.000 -9999.000 -9999.000 -9999.000 -9999.000 -9999.000 -9999.000 -9999.000 -9999.000 -9999.000 -9999.000 -9999.000
