hx_30m/njhx/rain/result.inittm
ncols         211
nrows         286
xllcorner     660279.582600
yllcorner     3541874.325092
cellsize      30.000000
NODATA_value  -9999.000000
[rows 210 to 239 of 286, columns 67 to 133 of 211]
2.280 2.280 1.445 3.564 3.520 3.626 -9999.000 3.750 -9999.000 3.634 -9999.000 3.526 3.458 3.540 3.604 3.634 -9999.000 -9999.000 -9999.000 -9999.000 3.513 3.506 3.622 -9999.000 -9999.000 2.290 3.598 2.700 3.341 2.327 2.238 -9999.000 0.822 2.242 3.413 2.315 3.528 -9999.000 4.216 4.089 2.285 -9999.000 3.712 3.954 3.849 -9999.000 2.322 3.660 4.033 4.318 4.254 2.276 2.248 2.220 -9999.000 4.078 4.217 4.245 2.333 4.199 -9999.000 2.182 2.178 2.297 2.000 -9999.000 2.206
2.270 2.272 1.477 3.433 3.533 3.567 3.571 3.575 3.633 3.336 3.341 3.383 3.418 3.378 4.157 3.633 3.632 -9999.000 -9999.000 3.395 3.523 -9999.000 3.605 -9999.000 -9999.000 -9999.000 3.662 3.261 3.313 4.074 2.276 2.229 2.220 2.221 2.226 -9999.000 1.256 3.328 4.137 -9999.000 2.284 2.286 3.469 2.281 4.023 -9999.000 2.316 2.291 3.561 2.272 -9999.000 2.222 2.212 2.209 2.205 2.288 4.305 -9999.000 2.231 -9999.000 -9999.000 2.181 2.204 -9999.000 2.196 2.252 0.995
1.753 3.496 -9999.000 3.430 3.585 3.525 3.570 3.587 3.608 -9999.000 -9999.000 2.783 3.475 3.469 3.570 3.591 3.573 3.587 -9999.000 3.540 2.292 3.472 3.568 -9999.000 4.050 3.630 3.610 3.298 3.335 2.325 3.490 3.551 2.320 3.772 2.223 2.233 1.202 1.163 -9999.000 3.572 3.572 -9999.000 3.590 3.730 3.612 2.288 2.288 2.272 4.050 -9999.000 2.308 2.322 2.285 -9999.000 2.309 4.205 4.223 4.287 2.298 2.332 -9999.000 -9999.000 3.964 -9999.000 2.250 2.289 -9999.000
1.444 2.195 2.241 3.514 -9999.000 -9999.000 3.450 3.550 -9999.000 -9999.000 3.587 3.497 -9999.000 3.568 -9999.000 3.552 3.569 3.598 3.575 -9999.000 2.322 -9999.000 3.547 3.592 3.604 3.475 3.596 4.150 3.528 2.326 3.490 3.645 2.229 4.027 3.610 3.685 3.714 1.288 3.799 2.304 -9999.000 0.916 3.542 3.702 2.311 2.258 2.263 3.790 4.190 -9999.000 2.298 2.318 2.252 2.328 2.320 -9999.000 2.305 4.157 -9999.000 -9999.000 -9999.000 2.318 -9999.000 -9999.000 2.225 0.808 4.067
-9999.000 2.214 2.257 2.273 2.419 3.176 -9999.000 -9999.000 -9999.000 3.325 3.393 3.431 3.548 3.607 3.514 -9999.000 -9999.000 3.606 3.594 3.546 2.300 3.529 3.514 -9999.000 3.605 3.632 3.663 3.622 4.096 3.527 2.316 3.552 3.639 4.028 3.576 4.023 3.818 -9999.000 -9999.000 3.710 3.672 0.835 -9999.000 1.009 1.065 3.672 3.704 2.182 2.281 2.274 3.725 2.294 2.299 2.281 2.327 1.840 -9999.000 -9999.000 2.265 2.186 -9999.000 2.722 -9999.000 2.300 2.264 0.922 -9999.000
2.298 3.552 -9999.000 3.521 3.560 2.561 3.551 3.495 3.318 3.335 3.448 3.167 -9999.000 3.623 3.588 3.596 -9999.000 3.563 3.594 3.595 -9999.000 -9999.000 3.459 2.312 3.454 3.560 3.650 3.626 3.403 3.471 2.257 2.255 2.261 4.022 3.578 3.733 3.705 2.276 2.329 2.294 3.779 2.266 0.947 0.999 -9999.000 3.718 3.691 2.333 2.327 2.216 2.217 2.215 2.321 2.308 2.138 -9999.000 4.057 4.314 -9999.000 -9999.000 2.252 -9999.000 -9999.000 2.266 -9999.000 2.290 -9999.000
-9999.000 3.568 3.552 3.522 3.594 3.438 3.567 3.557 3.522 3.500 3.538 3.472 3.352 3.581 3.600 -9999.000 3.577 3.627 -9999.000 3.533 3.404 3.508 3.420 -9999.000 3.521 3.559 3.556 3.503 2.322 3.568 3.427 2.281 2.279 2.317 3.634 3.681 3.651 3.511 3.705 3.696 3.558 3.541 3.575 3.717 2.225 2.289 -9999.000 2.314 2.296 2.214 2.255 2.302 2.316 4.207 2.232 2.267 3.580 -9999.000 3.921 -9999.000 -9999.000 -9999.000 4.140 2.267 0.773 -9999.000 -9999.000
3.536 2.331 3.521 3.591 3.597 3.531 3.601 -9999.000 3.559 3.559 3.537 3.536 3.467 3.544 -9999.000 3.620 3.600 3.631 -9999.000 3.469 3.394 -9999.000 3.271 3.255 3.506 3.577 3.388 3.660 4.127 3.554 3.563 3.568 3.637 3.440 3.495 3.525 3.509 3.627 -9999.000 3.682 3.659 3.621 3.737 2.257 -9999.000 3.679 -9999.000 2.326 -9999.000 2.308 2.311 -9999.000 2.307 2.212 2.279 2.319 -9999.000 1.454 -9999.000 -9999.000 -9999.000 2.330 2.262 -9999.000 2.295 2.300 2.240
3.649 -9999.000 3.586 3.529 3.531 3.561 3.580 3.581 3.382 3.521 3.473 3.445 3.512 3.540 3.552 3.593 -9999.000 -9999.000 3.507 3.497 3.484 3.470 3.425 3.510 3.534 3.572 3.560 3.579 3.526 2.322 2.308 3.502 3.797 2.294 3.510 3.577 3.556 3.627 -9999.000 3.653 3.680 3.536 3.554 2.254 -9999.000 4.139 4.146 4.155 4.227 0.979 -9999.000 2.278 2.249 -9999.000 4.306 -9999.000 -9999.000 4.015 -9999.000 2.325 -9999.000 2.306 2.229 2.257 -9999.000 4.115 2.313
3.610 3.563 2.305 3.517 3.434 3.523 -9999.000 -9999.000 3.568 3.609 -9999.000 3.338 -9999.000 3.535 3.561 3.551 3.543 3.533 3.513 3.307 -9999.000 -9999.000 -9999.000 3.558 3.588 3.557 4.033 3.655 3.347 2.324 2.304 2.299 3.531 3.679 3.677 3.749 3.709 -9999.000 -9999.000 2.262 3.745 3.627 3.632 -9999.000 2.224 2.267 2.201 3.917 -9999.000 0.945 0.854 0.998 -9999.000 2.223 -9999.000 -9999.000 -9999.000 -9999.000 -9999.000 4.271 -9999.000 2.232 2.261 -9999.000 -9999.000 2.707 2.333
3.568 3.570 3.546 2.311 -9999.000 3.630 -9999.000 3.605 2.797 -9999.000 -9999.000 3.555 -9999.000 -9999.000 3.551 3.574 3.507 3.505 3.464 3.426 3.391 2.332 3.488 3.436 3.567 3.555 3.647 3.625 3.507 3.485 2.302 2.301 3.409 3.701 3.793 3.585 3.620 3.710 3.721 2.328 2.328 3.590 2.254 -9999.000 3.761 -9999.000 -9999.000 2.271 3.749 1.141 1.260 1.079 2.332 2.247 2.262 2.245 2.328 -9999.000 -9999.000 -9999.000 2.311 2.251 -9999.000 2.354 3.398 2.331 -9999.000
3.573 -9999.000 -9999.000 3.578 3.540 3.544 3.551 3.597 2.759 3.606 3.573 3.551 -9999.000 3.524 3.474 3.569 3.559 -9999.000 3.501 3.486 3.442 3.524 3.483 3.587 -9999.000 -9999.000 2.314 3.526 3.571 3.535 3.550 2.306 2.317 2.322 3.504 3.559 -9999.000 -9999.000 -9999.000 3.680 3.624 2.326 2.258 -9999.000 4.026 2.212 2.188 3.700 -9999.000 3.012 3.721 1.140 1.335 2.303 2.304 2.005 1.701 2.266 2.316 -9999.000 2.309 2.223 3.783 3.704 -9999.000 -9999.000 -9999.000
-9999.000 3.632 3.609 3.638 3.541 3.568 3.556 3.576 3.589 3.624 3.555 3.528 -9999.000 -9999.000 3.413 3.552 3.537 3.548 3.596 -9999.000 -9999.000 3.482 3.429 3.504 3.534 3.460 3.396 2.282 2.288 2.306 3.468 2.314 3.709 3.543 3.473 3.555 3.675 3.705 -9999.000 3.644 4.038 4.074 4.036 -9999.000 3.834 2.312 2.289 3.795 3.684 4.098 2.297 1.231 1.363 2.257 2.266 2.215 2.308 2.265 -9999.000 2.326 -9999.000 -9999.000 -9999.000 -9999.000 2.221 -9999.000 -9999.000
2.286 3.629 3.618 3.582 2.314 -9999.000 3.597 3.576 3.588 -9999.000 -9999.000 3.535 3.567 3.559 -9999.000 3.443 3.507 3.540 -9999.000 3.575 3.428 3.533 3.502 3.516 3.525 3.496 3.516 3.446 2.292 2.298 2.308 3.577 3.781 3.681 -9999.000 3.684 -9999.000 -9999.000 3.700 3.783 4.042 4.011 4.021 3.823 4.029 3.773 3.819 3.783 -9999.000 2.322 1.488 1.339 1.430 2.221 2.193 2.229 2.233 2.322 2.320 2.308 2.176 2.277 2.228 -9999.000 2.272 4.020 -9999.000
3.604 3.614 3.635 3.577 3.547 -9999.000 3.558 3.596 -9999.000 -9999.000 3.594 3.547 3.574 3.551 3.556 3.577 3.612 3.568 3.565 3.622 3.515 3.552 3.586 3.570 -9999.000 2.300 3.454 3.540 3.665 3.465 3.597 2.322 3.336 3.764 -9999.000 3.773 -9999.000 -9999.000 4.071 3.545 3.590 3.545 3.519 3.807 4.006 3.743 -9999.000 3.746 3.795 4.038 2.295 -9999.000 2.263 2.187 2.188 2.231 2.232 2.265 2.289 -9999.000 2.187 2.183 2.219 2.313 2.291 -9999.000 -9999.000
3.625 3.607 -9999.000 -9999.000 3.595 3.609 3.575 3.562 -9999.000 3.594 3.549 -9999.000 3.607 3.611 3.613 3.623 3.611 3.618 -9999.000 3.572 3.544 3.616 -9999.000 -9999.000 3.581 3.404 2.288 2.279 3.526 3.509 3.607 3.559 3.454 3.658 3.325 3.616 -9999.000 3.633 4.007 3.516 3.617 4.109 -9999.000 3.628 4.028 4.141 4.051 3.716 2.331 -9999.000 -9999.000 2.276 2.267 2.283 2.187 2.231 2.234 2.307 2.192 2.222 2.267 2.306 2.306 1.074 0.987 2.285 2.223
2.293 3.533 3.621 -9999.000 3.603 3.594 3.576 3.516 3.651 3.615 -9999.000 3.641 3.617 3.626 3.607 -9999.000 3.612 3.611 3.585 3.612 3.558 3.555 3.434 3.623 3.511 2.296 2.289 2.278 2.274 2.288 3.619 3.716 3.718 3.595 3.345 3.224 3.502 3.543 2.286 3.843 3.627 3.613 2.267 3.536 -9999.000 -9999.000 3.707 4.061 4.055 3.713 -9999.000 2.249 2.237 2.264 2.272 2.264 2.237 2.238 2.218 2.222 2.187 2.299 2.286 2.232 2.286 2.183 1.154
2.297 2.314 -9999.000 3.648 3.582 3.599 3.591 3.970 4.097 3.807 3.600 3.654 -9999.000 2.438 3.645 3.647 3.564 3.591 2.313 3.562 3.553 3.629 -9999.000 2.328 2.295 2.293 2.288 2.276 2.274 3.533 3.591 4.080 3.579 3.529 3.534 3.268 2.319 3.508 3.461 3.643 3.567 2.313 2.314 3.612 2.299 3.679 3.768 -9999.000 -9999.000 3.714 2.265 -9999.000 -9999.000 2.251 2.268 2.293 2.241 -9999.000 2.289 2.289 2.273 2.268 2.192 2.259 2.314 2.308 2.262
2.303 2.326 -9999.000 2.217 2.231 2.306 2.326 3.664 3.539 -9999.000 -9999.000 4.065 2.486 2.111 3.634 3.652 3.636 3.568 3.532 3.577 -9999.000 3.535 3.552 3.518 3.510 -9999.000 3.559 2.280 2.288 3.551 2.316 4.072 3.353 3.491 3.546 3.658 3.549 3.559 3.566 3.565 3.656 -9999.000 4.009 -9999.000 -9999.000 3.805 3.703 2.270 3.753 2.216 4.062 4.090 4.062 -9999.000 -9999.000 2.289 2.265 2.248 2.292 2.271 2.201 2.198 2.219 2.225 2.191 2.189 2.320
3.445 3.552 -9999.000 3.600 2.271 2.238 2.254 2.493 2.456 2.332 3.559 -9999.000 3.527 2.167 2.218 3.838 4.027 3.586 3.576 3.656 3.594 -9999.000 3.706 -9999.000 3.530 2.285 -9999.000 3.497 3.557 3.639 3.734 3.723 -9999.000 3.666 -9999.000 3.583 3.452 3.459 3.638 3.554 2.325 2.277 4.061 4.053 4.041 3.746 3.585 4.055 3.593 4.050 3.794 -9999.000 2.312 4.032 2.308 2.302 1.368 2.255 2.289 2.287 2.281 2.242 2.239 2.273 2.308 2.285 2.332
3.634 -9999.000 2.313 1.944 2.167 3.565 -9999.000 3.909 3.939 4.063 2.289 -9999.000 -9999.000 4.082 4.124 4.019 4.032 3.593 3.586 3.694 3.640 3.687 3.727 -9999.000 -9999.000 -9999.000 3.584 -9999.000 3.645 -9999.000 3.625 3.616 3.662 -9999.000 -9999.000 3.210 3.558 3.463 3.654 3.614 3.633 2.250 4.106 3.828 4.016 3.718 3.740 4.049 3.625 4.073 4.090 4.051 -9999.000 4.044 2.327 -9999.000 1.159 2.229 2.225 2.252 2.305 2.290 2.265 2.199 2.263 2.314 2.314
0.855 -9999.000 2.246 -9999.000 3.632 3.585 2.311 4.088 -9999.000 3.653 3.585 3.637 -9999.000 -9999.000 -9999.000 3.655 3.663 3.583 3.635 3.647 3.604 3.663 -9999.000 -9999.000 3.639 -9999.000 3.661 3.680 3.674 -9999.000 3.623 3.571 3.533 3.644 -9999.000 -9999.000 3.739 3.477 3.618 3.628 3.623 3.563 -9999.000 -9999.000 -9999.000 3.750 3.729 3.832 2.325 2.272 3.790 2.264 3.809 2.302 2.300 2.252 2.254 2.247 2.227 2.249 2.216 2.244 2.291 2.322 2.304 2.287 2.256
2.249 2.235 2.278 2.312 2.190 -9999.000 -9999.000 3.649 3.664 -9999.000 2.322 4.007 3.646 4.027 3.658 3.726 3.530 3.588 -9999.000 4.037 3.580 3.590 3.576 2.315 -9999.000 3.644 2.247 3.661 3.652 3.651 3.772 4.013 3.631 4.046 3.534 4.029 3.652 3.500 3.556 -9999.000 -9999.000 4.093 3.727 4.148 -9999.000 -9999.000 -9999.000 3.647 2.287 4.029 3.788 -9999.000 2.331 2.326 2.278 -9999.000 2.245 2.239 2.281 2.223 2.231 2.212 2.208 2.242 2.275 2.198 2.255
2.238 2.279 2.298 2.286 2.264 2.319 2.286 -9999.000 3.602 3.605 3.659 4.047 4.009 4.005 3.839 3.611 3.584 3.659 3.639 4.037 4.012 3.801 4.025 3.577 2.311 3.736 3.609 -9999.000 -9999.000 3.628 3.598 -9999.000 -9999.000 4.143 4.079 4.005 3.527 3.672 3.608 -9999.000 -9999.000 -9999.000 -9999.000 3.741 3.826 4.084 3.828 3.818 3.787 3.722 3.775 2.334 3.778 -9999.000 -9999.000 -9999.000 -9999.000 2.251 -9999.000 2.226 2.220 2.263 2.240 2.251 2.279 2.201 2.279
2.316 2.323 2.333 2.309 2.262 2.297 2.325 2.274 3.605 -9999.000 2.311 3.577 3.611 3.623 3.637 3.635 3.638 -9999.000 4.050 3.748 4.003 3.800 -9999.000 4.034 4.014 3.799 3.593 2.251 2.284 4.018 3.731 2.310 2.330 -9999.000 3.773 3.782 3.632 3.643 -9999.000 -9999.000 -9999.000 4.082 4.165 4.159 -9999.000 4.044 3.631 3.792 3.796 3.699 3.703 2.296 2.290 2.268 -9999.000 -9999.000 -9999.000 2.253 -9999.000 -9999.000 2.233 2.233 2.268 2.277 2.281 2.225 2.289
-9999.000 -9999.000 0.779 2.251 3.589 2.182 2.256 2.323 2.255 2.283 -9999.000 -9999.000 2.321 3.607 3.604 3.659 3.678 4.072 -9999.000 -9999.000 4.021 2.186 2.288 3.784 3.832 4.018 3.710 3.705 3.695 3.801 -9999.000 3.880 3.685 3.723 3.651 3.764 3.748 3.542 4.155 4.045 -9999.000 -9999.000 4.044 3.913 -9999.000 -9999.000 3.605 3.441 3.677 2.302 2.301 2.222 -9999.000 2.269 2.273 -9999.000 -9999.000 -9999.000 -9999.000 -9999.000 -9999.000 2.238 2.264 2.275 2.234 2.241 2.286
-9999.000 -9999.000 -9999.000 -9999.000 -9999.000 2.308 3.590 0.826 2.294 2.298 2.199 3.576 3.605 3.618 3.616 3.624 -9999.000 4.019 3.739 4.054 4.102 -9999.000 4.020 3.652 4.002 4.056 4.085 4.078 3.678 3.689 3.801 -9999.000 3.859 3.726 3.769 3.655 3.775 3.706 -9999.000 -9999.000 4.125 -9999.000 -9999.000 -9999.000 4.067 4.001 3.781 3.499 2.324 2.259 1.954 0.897 0.985 2.272 -9999.000 -9999.000 2.262 2.259 -9999.000 -9999.000 -9999.000 2.248 2.287 2.237 2.224 2.215 2.277
-9999.000 -9999.000 -9999.000 -9999.000 -9999.000 -9999.000 -9999.000 2.304 2.308 2.255 2.294 3.602 3.627 3.652 3.601 -9999.000 -9999.000 3.948 4.052 3.623 -9999.000 4.058 4.128 -9999.000 -9999.000 3.816 3.793 4.021 3.672 2.258 2.281 2.309 3.690 3.696 3.780 3.654 3.692 3.576 -9999.000 -9999.000 -9999.000 -9999.000 -9999.000 -9999.000 4.123 -9999.000 3.673 2.325 2.323 3.606 2.284 -9999.000 2.309 2.319 2.307 2.276 2.264 2.259 -9999.000 -9999.000 2.245 2.274 2.247 2.237 2.226 2.213 2.201
-9999.000 -9999.000 -9999.000 -9999.000 -9999.000 -9999.000 0.947 -9999.000 2.188 3.585 2.317 2.280 2.294 2.323 3.633 3.599 -9999.000 -9999.000 -9999.000 2.301 4.045 4.020 -9999.000 -9999.000 4.053 4.102 -9999.000 3.938 2.272 2.239 2.256 2.288 3.632 3.693 3.644 3.717 3.708 -9999.000 4.004 3.932 -9999.000 -9999.000 -9999.000 -9999.000 -9999.000 -9999.000 3.738 -9999.000 3.785 2.325 2.279 0.972 2.332 3.780 2.315 2.314 -9999.000 2.256 -9999.000 -9999.000 2.265 2.248 2.239 2.234 2.225 2.212 2.196
-9999.000 -9999.000 -9999.000 -9999.000 -9999.000 -9999.000 -9999.000 -9999.000 0.790 -9999.000 0.853 2.330 2.297 2.258 2.327 2.275 3.766 -9999.000 -9999.000 2.215 -9999.000 3.830 -9999.000 3.654 3.674 -9999.000 3.906 4.075 2.208 2.225 2.247 2.264 3.616 3.673 3.683 3.695 3.683 -9999.000 -9999.000 4.072 -9999.000 -9999.000 -9999.000 -9999.000 -9999.000 -9999.000 3.659 2.321 2.328 2.314 -9999.000 2.331 -9999.000 -9999.000 -9999.000 2.310 2.309 -9999.000 2.247 2.243 2.266 2.242 2.243 2.232 2.225 2.203 2.196
