hx_30m/njhx/rain/result.maxtm
ncols         211
nrows         286
xllcorner     660279.582600
yllcorner     3541874.325092
cellsize      30.000000
NODATA_value  -9999.000000
[rows 90 to 119 of 286, columns 68 to 135 of 211]
-9999.000 -9999.000 -9999.000 -9999.000 -9999.000 -9999.000 -9999.000 5.499 4.030 4.047 4.175 4.166 4.134 4.130 4.003 4.008 4.113 4.161 4.157 4.164 4.161 4.166 4.166 4.168 4.167 4.161 4.478 4.475 4.497 4.165 4.167 4.150 4.163 4.165 4.167 4.102 4.140 4.333 3.332 3.330 3.288 4.323 4.282 4.333 4.226 4.312 4.225 4.168 4.317 4.334 4.342 3.979 3.967 3.999 3.997 3.988 4.000 4.333 4.333 5.658 5.657 5.647 5.639 5.662 5.674 5.674 5.130 5.379
-9999.000 -9999.000 -9999.000 -9999.000 -9999.000 -9999.000 -9999.000 3.975 4.148 4.085 4.110 4.155 4.124 4.024 4.034 4.069 4.136 4.157 4.167 4.184 4.135 4.166 4.166 4.167 4.331 -9999.000 -9999.000 4.163 4.164 -9999.000 4.105 4.164 4.133 4.156 4.167 -9999.000 4.156 4.095 3.331 -9999.000 4.329 4.333 4.333 4.333 -9999.000 -9999.000 4.314 4.326 4.332 -9999.000 -9999.000 -9999.000 -9999.000 -9999.000 -9999.000 -9999.000 -9999.000 4.333 -9999.000 -9999.000 -9999.000 -9999.000 -9999.000 4.084 5.288 5.179 4.861 4.164
-9999.000 -9999.000 -9999.000 -9999.000 -9999.000 -9999.000 5.532 4.120 4.042 4.034 4.322 4.155 4.072 4.036 4.025 -9999.000 -9999.000 -9999.000 4.101 -9999.000 -9999.000 4.167 4.333 4.325 4.271 4.332 4.166 4.152 4.156 4.117 -9999.000 4.151 -9999.000 4.143 -9999.000 4.139 4.150 -9999.000 -9999.000 4.151 4.792 4.815 4.333 4.333 4.193 -9999.000 4.333 4.309 3.305 -9999.000 -9999.000 4.333 4.333 -9999.000 4.167 -9999.000 4.167 4.138 4.149 4.167 4.158 4.167 4.167 4.167 4.159 -9999.000 4.167 -9999.000
-9999.000 -9999.000 -9999.000 -9999.000 -9999.000 -9999.000 4.123 4.013 4.161 4.167 4.093 4.118 4.118 4.006 5.500 -9999.000 4.145 4.332 -9999.000 -9999.000 -9999.000 -9999.000 4.306 4.155 4.144 4.333 4.158 -9999.000 -9999.000 4.165 4.167 -9999.000 -9999.000 4.112 4.079 4.142 4.149 -9999.000 -9999.000 4.791 4.804 4.774 4.800 4.322 4.264 3.328 3.329 3.316 3.326 3.332 -9999.000 4.010 3.313 3.315 -9999.000 4.167 3.333 4.101 -9999.000 4.157 -9999.000 4.127 -9999.000 -9999.000 4.166 4.107 4.167 4.123
-9999.000 -9999.000 -9999.000 -9999.000 -9999.000 5.532 4.139 4.165 4.060 4.073 4.122 4.031 5.500 4.157 4.148 4.098 4.122 4.121 -9999.000 -9999.000 -9999.000 4.339 -9999.000 -9999.000 -9999.000 4.010 4.179 -9999.000 -9999.000 4.086 4.122 4.036 4.105 4.167 4.167 4.160 4.152 -9999.000 -9999.000 -9999.000 -9999.000 4.820 4.812 4.824 -9999.000 4.364 3.285 3.302 3.310 5.167 3.278 3.239 4.313 4.178 4.271 4.144 4.128 4.169 -9999.000 4.167 4.078 4.166 -9999.000 4.931 -9999.000 4.097 4.161 4.037
-9999.000 -9999.000 -9999.000 -9999.000 -9999.000 4.013 4.150 4.167 4.165 4.156 4.045 4.122 4.085 4.144 4.048 4.126 -9999.000 4.150 4.082 4.132 4.159 4.167 4.107 4.020 4.103 4.163 4.166 -9999.000 -9999.000 4.167 4.131 4.150 4.104 4.150 -9999.000 -9999.000 4.334 4.112 -9999.000 4.333 -9999.000 4.333 4.333 4.332 3.322 4.343 3.320 3.296 3.308 -9999.000 -9999.000 3.196 3.319 -9999.000 4.078 4.331 -9999.000 3.326 4.167 4.157 4.163 4.167 -9999.000 4.893 -9999.000 4.167 4.140 4.131
-9999.000 -9999.000 -9999.000 -9999.000 5.500 4.157 4.096 4.111 -9999.000 -9999.000 -9999.000 4.108 4.090 4.077 4.098 4.156 4.144 4.153 4.333 -9999.000 -9999.000 4.112 4.128 5.500 4.124 4.165 4.331 4.167 4.167 4.149 4.114 4.166 4.163 4.152 -9999.000 -9999.000 4.333 3.266 3.254 3.259 4.333 4.325 4.284 -9999.000 -9999.000 4.334 4.325 3.319 4.377 -9999.000 -9999.000 3.329 3.264 3.297 4.153 4.325 3.333 4.589 4.154 4.166 4.072 4.076 -9999.000 4.857 -9999.000 -9999.000 -9999.000 -9999.000
-9999.000 -9999.000 -9999.000 -9999.000 4.115 4.157 -9999.000 5.511 -9999.000 4.166 4.165 4.147 4.145 4.111 4.049 4.166 5.466 4.139 4.260 4.333 4.373 4.333 4.138 4.087 -9999.000 4.183 4.169 4.143 -9999.000 -9999.000 -9999.000 4.141 -9999.000 4.167 -9999.000 -9999.000 4.132 -9999.000 3.323 3.329 3.331 3.291 4.329 -9999.000 4.334 -9999.000 3.323 3.319 4.357 -9999.000 -9999.000 3.323 -9999.000 4.272 4.325 -9999.000 -9999.000 4.497 4.460 4.154 4.167 4.167 -9999.000 4.844 -9999.000 -9999.000 -9999.000 -9999.000
-9999.000 -9999.000 -9999.000 5.500 4.077 -9999.000 5.560 5.585 -9999.000 -9999.000 -9999.000 4.162 4.088 4.127 4.160 4.166 -9999.000 4.003 -9999.000 -9999.000 4.140 -9999.000 -9999.000 4.166 -9999.000 4.167 4.149 4.151 -9999.000 4.333 4.157 4.154 -9999.000 4.167 4.166 -9999.000 4.331 -9999.000 4.335 4.329 4.332 4.304 4.327 -9999.000 3.173 -9999.000 4.277 4.278 4.333 -9999.000 -9999.000 3.300 3.296 3.334 4.334 4.333 3.233 3.285 4.469 -9999.000 4.162 -9999.000 -9999.000 4.721 -9999.000 -9999.000 -9999.000 -9999.000
-9999.000 -9999.000 -9999.000 4.040 4.123 -9999.000 -9999.000 4.145 -9999.000 -9999.000 4.114 4.334 4.140 4.014 4.133 4.334 4.334 4.166 4.052 4.074 4.164 4.334 4.133 4.143 4.167 4.152 4.133 4.333 4.333 4.333 4.109 4.162 4.158 4.135 4.161 4.152 4.165 4.157 4.146 4.308 4.333 4.255 4.258 4.306 4.292 4.595 3.333 3.333 3.318 4.333 3.333 3.289 3.331 3.333 4.334 3.297 3.235 3.292 4.445 -9999.000 -9999.000 -9999.000 -9999.000 4.638 -9999.000 -9999.000 -9999.000 -9999.000
-9999.000 -9999.000 5.500 3.920 4.001 5.500 -9999.000 4.128 4.155 -9999.000 -9999.000 4.114 4.080 4.153 4.125 4.117 4.167 4.167 -9999.000 4.167 -9999.000 4.167 4.121 4.167 -9999.000 -9999.000 4.056 4.334 -9999.000 4.162 4.165 4.107 4.131 4.114 3.228 4.165 3.326 3.315 3.237 -9999.000 -9999.000 -9999.000 4.333 4.333 4.297 4.325 3.333 3.316 4.332 4.333 4.314 3.333 4.307 3.325 4.147 4.510 4.497 4.432 4.422 4.448 4.445 4.436 4.467 4.600 4.607 4.616 4.607 4.598
-9999.000 -9999.000 4.058 2.197 4.155 4.157 -9999.000 -9999.000 -9999.000 5.727 5.601 4.104 4.071 4.043 4.138 4.128 -9999.000 4.167 4.167 4.160 4.167 4.167 4.167 -9999.000 -9999.000 -9999.000 4.109 4.167 4.332 4.132 4.156 3.245 4.079 2.301 4.166 5.396 4.160 4.167 4.167 -9999.000 4.332 -9999.000 4.327 4.325 4.589 4.226 3.313 4.333 4.305 -9999.000 4.311 4.333 4.335 -9999.000 4.156 4.137 -9999.000 3.331 4.319 4.431 -9999.000 4.540 4.582 4.607 4.597 4.607 3.325 3.315
-9999.000 -9999.000 4.058 4.139 4.005 5.583 5.516 5.541 -9999.000 -9999.000 5.522 4.157 4.110 4.152 4.167 4.184 4.167 4.167 4.167 4.148 4.100 4.167 -9999.000 4.167 4.167 -9999.000 4.165 5.333 4.142 4.161 5.360 5.333 4.088 4.065 4.036 5.353 4.133 3.330 3.280 -9999.000 -9999.000 -9999.000 4.328 4.554 -9999.000 4.334 3.328 4.290 4.333 4.333 4.333 4.141 4.347 -9999.000 4.334 3.304 4.333 -9999.000 4.333 4.320 3.322 3.321 -9999.000 4.599 -9999.000 -9999.000 4.161 4.168
-9999.000 5.500 4.006 4.153 4.035 4.083 4.142 4.146 4.167 4.150 4.079 4.154 4.136 4.158 4.165 4.167 4.167 4.167 4.078 4.080 4.167 -9999.000 4.167 4.167 4.164 4.147 4.332 4.134 4.087 4.166 4.113 4.157 4.114 4.137 3.317 3.168 3.333 4.167 4.154 -9999.000 -9999.000 -9999.000 4.150 4.535 -9999.000 4.315 4.333 4.163 4.333 3.283 4.313 4.483 -9999.000 -9999.000 -9999.000 4.166 3.328 4.333 4.333 4.467 3.311 4.151 -9999.000 -9999.000 -9999.000 -9999.000 4.160 4.153
-9999.000 4.144 4.165 5.909 4.132 5.496 4.011 4.164 4.096 4.062 4.099 4.063 4.154 4.160 4.160 4.162 4.141 4.142 4.140 4.054 4.133 -9999.000 4.167 4.167 4.333 4.332 4.167 4.167 4.152 4.164 5.353 4.136 3.295 4.042 2.207 3.175 4.159 4.149 4.169 3.320 4.108 4.112 4.077 3.294 3.289 3.316 3.324 3.323 4.197 -9999.000 4.317 -9999.000 -9999.000 -9999.000 3.331 4.333 -9999.000 -9999.000 -9999.000 4.167 4.334 4.148 4.167 4.166 4.166 4.153 4.375 4.165
-9999.000 4.140 4.109 5.559 4.153 -9999.000 5.543 5.537 4.105 4.108 4.092 4.118 4.108 4.064 4.167 4.123 4.158 4.167 4.167 4.127 4.112 -9999.000 4.167 4.167 4.167 4.167 4.118 4.120 4.167 5.389 5.481 4.114 4.033 2.203 2.283 4.054 5.331 4.129 4.105 3.333 4.128 4.161 4.089 5.790 3.191 3.306 3.318 3.320 4.333 -9999.000 4.332 4.113 4.157 4.164 4.148 4.166 4.166 -9999.000 4.167 4.167 3.297 4.167 4.166 4.158 3.323 3.331 -9999.000 4.333
5.500 4.017 4.111 5.544 4.024 4.124 4.166 5.782 4.157 4.141 4.100 4.135 4.157 4.129 -9999.000 4.162 4.167 -9999.000 4.167 -9999.000 4.167 -9999.000 4.167 4.167 4.167 4.167 4.167 4.167 4.162 4.150 4.115 4.151 4.087 4.139 4.165 2.188 4.152 3.252 2.269 4.166 4.156 4.138 4.164 4.055 3.268 3.274 3.330 4.045 3.320 3.293 3.317 4.116 4.031 4.067 4.167 4.172 4.143 4.163 4.167 4.107 4.330 4.145 -9999.000 -9999.000 -9999.000 -9999.000 -9999.000 -9999.000
4.023 4.148 5.671 5.529 5.820 4.110 4.126 5.592 4.129 4.086 4.110 4.090 4.160 4.138 4.163 -9999.000 -9999.000 -9999.000 4.167 4.167 -9999.000 4.167 4.167 -9999.000 -9999.000 -9999.000 -9999.000 4.167 4.146 4.078 15.999 15.983 15.972 4.165 4.151 4.106 4.109 4.175 4.168 4.147 4.110 -9999.000 5.790 -9999.000 3.278 3.290 4.066 3.281 3.272 3.274 3.213 3.318 4.157 4.148 -9999.000 4.165 -9999.000 4.167 -9999.000 -9999.000 4.163 4.161 4.167 4.108 4.167 4.167 4.155 4.167
3.553 -9999.000 5.558 5.690 5.578 4.167 4.156 4.165 -9999.000 5.600 5.541 4.099 4.079 4.166 -9999.000 -9999.000 -9999.000 -9999.000 -9999.000 4.167 -9999.000 4.167 4.167 4.333 -9999.000 4.167 4.167 4.167 4.043 4.165 15.987 4.137 4.162 4.167 4.160 4.035 4.161 4.103 4.185 4.058 4.002 5.179 4.083 4.157 -9999.000 3.282 15.998 3.303 -9999.000 3.275 5.184 4.109 4.164 3.316 -9999.000 3.321 4.167 3.315 4.167 3.331 4.161 4.167 -9999.000 4.167 3.316 4.094 4.075 4.154
4.109 -9999.000 4.068 4.120 4.105 4.019 4.166 -9999.000 -9999.000 5.581 4.089 4.145 4.152 4.164 4.192 4.164 4.164 4.167 4.104 4.154 4.153 4.167 4.167 4.064 4.124 4.164 4.109 4.163 4.162 4.165 4.067 4.015 4.157 4.161 4.148 4.114 4.062 4.149 4.334 4.053 4.121 4.159 4.079 4.046 3.321 3.333 4.011 4.106 3.250 3.333 3.330 3.274 4.132 4.151 -9999.000 3.322 -9999.000 -9999.000 -9999.000 -9999.000 3.324 4.186 -9999.000 -9999.000 -9999.000 4.060 4.139 -9999.000
4.166 4.167 4.138 4.054 -9999.000 4.101 4.161 4.166 4.167 4.162 4.114 4.156 4.074 4.168 -9999.000 -9999.000 -9999.000 -9999.000 4.157 4.151 4.154 4.161 4.193 4.156 4.355 4.307 4.161 4.163 4.167 4.142 4.098 4.060 4.049 4.166 4.143 4.076 4.167 4.118 4.150 4.113 4.126 3.327 4.152 4.162 4.012 4.167 4.340 3.322 4.032 3.243 3.231 3.297 3.306 4.152 4.144 4.184 3.323 4.167 3.302 3.283 3.331 3.322 4.167 4.151 4.222 4.110 4.139 4.133
4.170 4.146 4.163 4.154 4.136 -9999.000 -9999.000 4.162 4.277 4.061 4.052 4.083 4.136 4.089 -9999.000 -9999.000 4.167 4.164 4.162 4.167 -9999.000 4.152 4.163 4.350 -9999.000 -9999.000 -9999.000 4.156 4.023 4.134 4.135 4.009 4.105 4.102 4.016 4.333 4.166 4.165 4.018 4.102 4.167 4.167 4.056 4.058 4.020 4.162 4.354 4.026 3.288 3.303 4.022 4.023 4.068 4.047 4.163 3.330 4.040 3.333 3.332 3.309 3.330 4.168 3.313 3.331 4.166 4.167 4.148 4.197
4.140 4.166 4.166 4.167 4.167 4.167 -9999.000 4.232 4.277 4.017 4.049 4.123 4.089 4.162 -9999.000 4.167 4.131 4.167 4.165 4.166 4.136 4.161 4.332 4.392 4.643 4.167 4.164 4.310 4.160 4.129 4.133 4.167 4.167 4.158 4.255 4.248 4.166 4.167 4.067 4.215 -9999.000 4.297 4.167 -9999.000 -9999.000 4.047 4.374 3.298 4.037 -9999.000 -9999.000 4.154 4.140 3.262 4.125 4.166 4.174 4.166 3.326 3.317 3.278 4.170 3.302 4.167 4.165 4.128 4.156 4.157
4.151 4.117 4.161 4.167 4.183 4.218 4.223 4.210 4.137 4.074 4.106 4.106 4.115 4.166 4.155 4.221 4.143 4.124 4.166 4.167 4.158 4.334 4.328 4.341 4.156 4.167 4.135 4.333 4.063 4.085 5.333 4.160 4.153 4.154 4.275 4.166 4.167 4.167 4.167 4.206 4.139 4.157 4.167 4.149 -9999.000 4.071 4.164 3.309 3.251 4.149 4.104 4.167 4.167 4.150 4.130 -9999.000 4.185 4.180 3.247 3.239 3.312 -9999.000 3.316 3.296 4.161 4.110 4.145 4.162
4.167 4.128 4.193 4.181 4.192 4.201 4.232 4.074 4.068 4.155 4.076 4.118 4.106 4.167 4.196 4.166 4.166 4.165 4.163 4.166 4.364 4.352 -9999.000 4.505 4.161 2.280 2.327 4.153 4.158 4.162 4.167 4.165 4.167 4.153 4.126 4.145 4.004 4.167 4.122 4.108 4.106 4.138 4.232 4.167 -9999.000 4.167 4.167 3.912 4.134 4.064 4.145 4.119 4.140 4.140 4.520 -9999.000 4.167 4.167 3.288 3.279 4.166 4.167 3.329 3.249 3.305 -9999.000 4.167 3.315
4.167 4.167 4.176 4.186 4.135 4.188 4.168 4.158 4.142 4.124 4.134 4.122 4.134 4.150 4.165 4.171 4.167 4.165 4.166 4.167 -9999.000 -9999.000 -9999.000 -9999.000 -9999.000 4.124 4.092 5.333 4.167 4.167 4.115 4.167 4.149 4.161 4.154 4.164 4.161 4.054 4.065 4.131 4.112 4.058 4.167 4.167 -9999.000 4.064 4.164 4.051 3.323 4.068 4.145 -9999.000 -9999.000 4.062 4.507 -9999.000 4.140 3.328 4.167 -9999.000 3.332 4.238 -9999.000 3.223 3.289 4.167 3.333 3.273
4.159 4.165 4.167 4.157 4.168 4.179 4.173 4.203 4.140 4.165 4.111 4.165 -9999.000 -9999.000 4.166 -9999.000 -9999.000 -9999.000 -9999.000 4.686 -9999.000 2.313 2.310 4.089 -9999.000 -9999.000 4.134 4.163 -9999.000 -9999.000 -9999.000 -9999.000 -9999.000 4.166 4.168 4.158 4.067 4.139 4.054 4.167 4.128 4.166 4.111 4.167 4.163 4.157 4.157 4.036 4.089 4.167 4.167 -9999.000 -9999.000 4.167 4.150 4.045 4.107 3.304 3.307 -9999.000 4.275 4.250 -9999.000 3.313 3.268 3.246 3.262 3.271
4.167 4.167 4.167 4.100 4.205 4.190 4.225 4.218 4.164 4.163 4.126 4.154 4.085 4.076 4.064 -9999.000 -9999.000 -9999.000 -9999.000 4.693 -9999.000 4.167 4.165 4.067 -9999.000 5.542 -9999.000 4.167 4.167 -9999.000 -9999.000 -9999.000 -9999.000 4.134 4.153 4.078 4.167 4.153 4.073 -9999.000 -9999.000 4.117 4.142 4.139 4.164 4.163 4.162 3.331 4.014 4.161 4.167 -9999.000 -9999.000 4.167 4.149 3.319 3.333 3.304 -9999.000 -9999.000 3.334 -9999.000 -9999.000 4.397 -9999.000 3.313 4.167 4.167
4.112 4.150 4.165 4.093 4.218 4.206 4.240 -9999.000 5.327 4.056 4.042 4.167 4.149 4.154 -9999.000 4.167 -9999.000 -9999.000 4.161 4.731 -9999.000 -9999.000 -9999.000 5.546 -9999.000 5.517 -9999.000 4.167 -9999.000 -9999.000 -9999.000 -9999.000 4.167 4.024 4.132 -9999.000 4.154 4.017 4.080 -9999.000 5.985 4.091 5.568 6.043 -9999.000 4.157 4.139 4.131 4.115 4.095 4.128 -9999.000 -9999.000 4.044 4.163 4.167 3.325 3.319 3.242 3.279 3.302 -9999.000 -9999.000 -9999.000 3.332 -9999.000 3.332 3.333
4.118 4.055 4.166 4.175 4.202 4.365 4.353 4.336 4.033 4.143 4.160 -9999.000 -9999.000 -9999.000 4.130 4.167 4.142 4.167 4.166 4.724 4.743 4.749 4.761 5.527 5.530 5.504 4.136 4.086 4.043 4.149 4.167 4.162 4.030 4.018 4.162 4.167 4.075 4.129 4.117 6.015 5.994 6.002 5.946 6.031 -9999.000 4.167 4.127 4.110 4.107 4.057 4.085 -9999.000 -9999.000 4.461 4.066 -9999.000 3.236 3.258 3.182 3.280 3.243 3.333 3.280 -9999.000 4.168 3.333 3.319 3.315
