hx_30m/njhx/rain/result-0026.wd
ncols         211
nrows         286
xllcorner     660279.582600
yllcorner     3541874.325092
cellsize      30.000000
NODATA_value  -9999.000000
[rows 204 to 237 of 286, columns 77 to 153 of 211]
0.010 0.010 0.010 0.010 0.060 0.010 0.010 0.009 0.008 0.008 0.010 0.010 0.033 0.244 0.010 0.000 0.010 0.009 0.010 0.036 0.010 0.010 0.023 0.010 0.000 0.010 0.010 0.050 0.134 0.014 0.010 0.000 0.010 0.010 0.049 0.010 0.010 0.068 0.010 0.010 0.010 0.010 0.010 0.010 0.010 0.010 0.009 0.008 0.012 0.010 0.000 0.000 0.000 0.000 0.010 0.008 0.010 0.000 0.043 0.010 0.009 0.010 0.026 0.000 0.010 0.034 0.008 0.010 0.048 0.010 0.009 0.008 0.009 0.009 0.059 0.000 0.000
0.034 0.010 0.010 0.010 0.038 0.010 0.007 0.009 0.010 0.008 0.000 0.000 0.010 0.010 0.010 0.010 0.010 0.010 0.010 0.010 0.010 0.000 0.000 0.030 0.010 0.010 0.010 0.035 0.010 0.000 0.008 0.000 0.000 0.000 0.010 0.010 0.045 0.010 0.010 0.000 0.023 0.010 0.035 0.010 0.010 0.010 0.010 0.008 0.009 0.009 0.010 0.009 0.018 0.000 0.009 0.000 0.000 0.009 0.010 0.010 0.078 0.000 0.000 0.059 0.010 0.009 0.010 0.009 0.010 0.010 0.010 0.009 0.008 0.010 0.008 0.009 0.021
0.010 0.028 0.010 0.061 0.010 0.010 0.008 0.000 0.000 0.000 0.008 0.009 0.010 0.000 0.000 0.010 0.000 0.010 0.017 0.010 0.000 0.000 0.000 0.010 0.010 0.010 0.010 0.010 0.000 0.010 0.014 0.009 0.000 0.010 0.016 0.010 0.010 0.010 0.000 0.037 0.010 0.010 0.010 0.010 0.010 0.041 0.010 0.008 0.007 0.007 0.008 0.010 0.010 0.017 0.010 0.010 0.009 0.010 0.012 0.000 0.010 0.000 0.016 0.010 0.009 0.010 0.010 0.014 0.026 0.000 0.010 0.010 0.010 0.009 0.015 0.009 0.000
0.032 0.010 0.000 0.048 0.010 0.010 0.010 0.010 0.012 0.008 0.006 0.006 0.010 0.010 0.010 0.010 0.000 0.010 0.010 0.010 0.000 0.000 0.010 0.010 0.010 0.033 0.015 0.010 0.010 0.010 0.028 0.000 0.010 0.046 0.010 0.010 0.000 0.010 0.010 0.011 0.000 0.000 0.010 0.056 0.010 0.210 0.000 0.006 0.000 0.008 0.010 0.010 0.009 0.010 0.021 0.010 0.454 0.145 0.038 0.264 0.000 0.009 0.009 0.000 0.019 0.010 0.010 0.010 0.010 0.010 0.010 0.010 0.046 0.000 0.000 0.009 0.013
0.010 0.000 0.010 0.021 0.010 0.010 0.010 0.000 0.000 0.010 0.010 0.010 0.015 0.010 0.039 0.010 0.010 0.162 0.050 0.010 0.010 0.010 0.010 0.010 0.034 0.000 0.010 0.000 0.010 0.010 0.000 0.000 0.000 0.010 0.010 0.050 0.000 0.015 0.010 0.010 0.010 0.000 0.099 0.010 0.010 0.000 0.007 0.006 0.010 0.008 0.010 0.010 0.010 0.010 0.009 0.010 0.010 0.156 0.000 0.129 0.000 0.008 0.010 0.010 0.009 0.010 0.010 0.010 0.027 0.010 0.010 0.010 0.000 0.000 0.039 0.000 0.000
0.000 0.010 0.010 0.010 0.010 0.010 0.000 0.000 0.012 0.010 0.013 0.009 0.009 0.000 0.010 0.010 0.010 0.129 0.339 0.061 0.144 0.010 0.010 0.010 0.000 0.010 0.010 0.010 0.029 0.010 0.022 0.000 0.000 0.010 0.010 0.045 0.010 0.010 0.000 0.000 0.000 0.010 0.021 0.010 0.010 0.000 0.007 0.007 0.000 0.009 0.000 0.043 0.010 0.000 0.010 0.010 0.010 0.010 0.010 0.206 0.000 0.043 0.010 0.009 0.013 0.018 0.009 0.010 0.000 0.000 0.026 0.010 0.000 0.010 0.000 0.010 0.010
0.000 0.010 0.070 0.010 0.010 0.013 0.000 0.000 0.000 0.000 0.010 0.010 0.009 0.000 0.000 0.031 0.010 0.206 0.046 0.233 0.314 0.000 0.582 0.010 0.010 0.010 0.010 0.000 0.010 0.010 0.010 0.000 0.010 0.010 0.010 0.000 0.010 0.010 0.022 0.010 0.010 0.010 0.017 0.010 0.000 0.010 0.010 0.013 0.010 0.010 0.008 0.010 0.013 0.010 0.010 0.000 0.010 0.000 0.010 0.009 0.008 0.010 0.009 0.008 0.000 0.010 0.012 0.010 0.000 0.000 0.000 0.018 0.010 0.010 0.010 0.000 0.009
0.010 0.010 0.010 0.010 0.010 0.010 0.010 0.000 0.000 0.028 0.010 0.000 0.010 0.000 0.000 0.009 0.010 0.040 0.117 0.010 0.378 0.029 0.049 0.139 0.715 0.000 0.361 0.010 0.010 0.000 0.012 0.010 0.125 0.010 0.010 0.000 0.010 0.010 0.010 0.010 0.000 0.010 0.010 0.010 0.010 0.010 0.010 0.000 0.010 0.000 0.000 0.010 0.074 0.000 0.039 0.010 0.077 0.010 0.014 0.008 0.009 0.007 0.010 0.009 0.000 0.000 0.009 0.010 0.009 0.000 0.000 0.056 0.000 0.028 0.010 0.010 0.010
0.000 0.077 0.010 0.010 0.017 0.010 0.010 0.010 0.000 0.010 0.010 0.010 0.013 0.000 0.010 0.010 0.103 0.226 0.242 0.201 0.010 0.010 0.010 0.010 0.010 0.010 0.012 0.010 0.000 0.010 0.018 0.000 0.124 0.010 0.050 0.010 0.010 0.010 0.020 0.000 0.010 0.010 0.010 0.000 0.010 0.010 0.013 0.010 0.010 0.011 0.000 0.000 0.008 0.000 0.040 0.010 0.000 0.000 0.000 0.009 0.013 0.008 0.009 0.008 0.008 0.008 0.010 0.085 0.053 0.010 0.010 0.000 0.010 0.000 0.009 0.010 0.010
0.010 0.010 0.000 0.015 0.000 0.010 0.014 0.010 0.015 0.000 0.054 0.000 0.010 0.011 0.017 0.010 0.210 0.010 0.188 0.010 0.010 0.010 0.010 0.010 0.010 0.010 0.010 0.158 0.010 0.010 0.000 0.209 0.048 0.028 0.010 0.010 0.010 0.010 0.010 0.000 0.010 0.010 0.010 0.010 0.010 0.000 0.010 0.013 0.000 0.000 0.000 0.037 0.000 0.000 0.010 0.010 0.009 0.000 0.000 0.000 0.000 0.010 0.013 0.010 0.009 0.008 0.009 0.086 0.023 0.010 0.010 0.000 0.010 0.010 0.053 0.065 0.000
0.010 0.010 0.010 0.009 0.010 0.000 0.000 0.010 0.009 0.010 0.056 0.009 0.010 0.000 0.010 0.010 0.067 0.241 0.010 0.010 0.010 0.010 0.010 0.010 0.010 0.010 0.010 0.000 0.000 0.010 0.010 0.036 0.000 0.093 0.155 0.010 0.010 0.010 0.047 0.010 0.010 0.036 0.010 0.010 0.010 0.059 0.000 0.008 0.014 0.010 0.000 0.036 0.000 0.012 0.010 0.364 0.000 0.008 0.028 0.000 0.000 0.010 0.008 0.008 0.008 0.009 0.009 0.008 0.010 0.010 0.010 0.000 0.000 0.009 0.029 0.010 0.006
0.087 0.010 0.000 0.008 0.009 0.010 0.000 0.016 0.009 0.009 0.000 0.000 0.010 0.010 0.010 0.010 0.010 0.010 0.071 0.010 0.010 0.010 0.010 0.010 0.010 0.010 0.010 0.011 0.010 0.010 0.010 0.010 0.010 0.052 0.000 0.010 0.010 0.010 0.010 0.063 0.010 0.039 0.010 0.010 0.010 0.000 0.031 0.010 0.000 0.000 0.010 0.000 0.000 0.010 0.000 0.009 0.000 0.008 0.009 0.008 0.010 0.008 0.009 0.000 0.009 0.009 0.028 0.009 0.008 0.009 0.009 0.009 0.016 0.010 0.010 0.000 0.000
0.043 0.010 0.010 0.010 0.015 0.000 0.010 0.009 0.000 0.010 0.040 0.010 0.010 0.000 0.010 0.010 0.033 0.010 0.010 0.010 0.010 0.010 0.010 0.010 0.010 0.010 0.010 0.114 0.010 0.010 0.010 0.010 0.028 0.010 0.010 0.084 0.000 0.010 0.010 0.010 0.010 0.010 0.010 0.010 0.016 0.085 0.018 0.000 0.012 0.000 0.006 0.000 0.009 0.010 0.165 0.000 0.000 0.010 0.009 0.000 0.013 0.009 0.000 0.007 0.007 0.000 0.009 0.009 0.026 0.008 0.009 0.009 0.009 0.019 0.009 0.000 0.009
0.021 0.010 0.010 0.010 0.000 0.009 0.015 0.009 0.000 0.010 0.010 0.000 0.010 0.010 0.010 0.010 0.010 0.010 0.009 0.010 0.010 0.010 0.010 0.010 0.010 0.010 0.010 0.010 0.000 0.010 0.011 0.010 0.010 0.010 0.000 0.010 0.000 0.050 0.000 0.010 0.010 0.000 0.010 0.010 0.010 0.010 0.000 0.105 0.000 0.005 0.005 0.006 0.010 0.000 0.009 0.008 0.010 0.010 0.010 0.000 0.010 0.015 0.009 0.011 0.007 0.007 0.009 0.008 0.000 0.010 0.056 0.009 0.010 0.010 0.009 0.016 0.000
0.010 0.010 0.010 0.016 0.039 0.010 0.000 0.000 0.010 0.010 0.010 0.010 0.010 0.010 0.010 0.010 0.042 0.010 0.010 0.010 0.010 0.010 0.010 0.010 0.010 0.010 0.079 0.010 0.000 0.010 0.010 0.010 0.038 0.010 0.000 0.010 0.010 0.010 0.010 0.634 0.000 0.010 0.010 0.000 0.010 0.007 0.000 0.027 0.000 0.031 0.000 0.010 0.010 0.015 0.000 0.007 0.008 0.008 0.000 0.010 0.013 0.000 0.007 0.008 0.008 0.000 0.000 0.000 0.000 0.000 0.000 0.041 0.010 0.009 0.010 0.009 0.014
0.000 0.010 0.000 0.010 0.009 0.040 0.010 0.010 0.010 0.052 0.000 0.000 0.000 0.010 0.010 0.030 0.010 0.010 0.010 0.010 0.010 0.010 0.010 0.022 0.010 0.010 0.010 0.000 0.000 0.010 0.010 0.010 0.010 0.000 0.010 0.045 0.010 0.010 0.000 0.114 0.022 0.024 0.000 0.010 0.008 0.000 0.005 0.006 0.000 0.010 0.000 0.010 0.016 0.006 0.005 0.026 0.008 0.007 0.010 0.009 0.007 0.007 0.010 0.007 0.010 0.008 0.010 0.010 0.000 0.000 0.009 0.010 0.010 0.010 0.015 0.009 0.009
0.000 0.010 0.000 0.000 0.009 0.009 0.010 0.042 0.010 0.010 0.010 0.010 0.010 0.025 0.010 0.010 0.010 0.010 0.063 0.010 0.010 0.010 0.058 0.010 0.010 0.058 0.010 0.010 0.010 0.027 0.010 0.010 0.010 0.000 0.010 0.000 0.000 0.038 0.021 0.163 0.011 0.020 0.010 0.043 0.010 0.010 0.010 0.000 0.005 0.005 0.010 0.054 0.007 0.010 0.013 0.011 0.000 0.006 0.009 0.000 0.000 0.009 0.009 0.000 0.009 0.007 0.010 0.010 0.033 0.009 0.009 0.010 0.000 0.000 0.000 0.042 0.009
0.009 0.010 0.000 0.010 0.009 0.009 0.008 0.000 0.010 0.009 0.010 0.010 0.039 0.009 0.000 0.000 0.010 0.010 0.010 0.010 0.010 0.116 0.010 0.010 0.010 0.010 0.000 0.000 0.000 0.021 0.010 0.050 0.010 0.000 0.010 0.010 0.038 0.034 0.000 0.087 0.010 0.014 0.010 0.010 0.010 0.010 0.077 0.010 0.010 0.000 0.010 0.010 0.010 0.010 0.000 0.006 0.000 0.077 0.000 0.011 0.010 0.008 0.008 0.009 0.000 0.000 0.000 0.013 0.000 0.015 0.009 0.010 0.008 0.006 0.007 0.007 0.000
0.034 0.010 0.000 0.000 0.010 0.009 0.009 0.010 0.009 0.000 0.000 0.032 0.010 0.010 0.010 0.010 0.010 0.010 0.189 0.010 0.010 0.010 0.010 0.010 0.010 0.037 0.031 0.040 0.000 0.010 0.010 0.010 0.010 0.000 0.010 0.079 0.060 0.010 0.010 0.010 0.010 0.015 0.032 0.010 0.010 0.031 0.010 0.020 0.000 0.009 0.000 0.000 0.000 0.000 0.010 0.006 0.000 0.000 0.004 0.000 0.015 0.010 0.009 0.000 0.009 0.000 0.051 0.000 0.010 0.009 0.010 0.000 0.000 0.008 0.009 0.009 0.009
0.000 0.010 0.009 0.009 0.000 0.010 0.010 0.019 0.000 0.009 0.010 0.009 0.010 0.010 0.010 0.010 0.013 0.010 0.010 0.158 0.010 0.010 0.010 0.010 0.000 0.015 0.000 0.000 0.058 0.010 0.010 0.010 0.017 0.010 0.010 0.071 0.057 0.010 0.000 0.010 0.209 0.092 0.188 0.029 0.010 0.010 0.010 0.010 0.010 0.010 0.050 0.010 0.010 0.000 0.028 0.008 0.004 0.007 0.007 0.012 0.009 0.000 0.078 0.010 0.010 0.013 0.031 0.000 0.009 0.010 0.010 0.007 0.007 0.008 0.009 0.007 0.006
0.011 0.010 0.010 0.010 0.038 0.010 0.009 0.010 0.019 0.009 0.009 0.010 0.009 0.010 0.000 0.010 0.010 0.032 0.009 0.010 0.010 0.105 0.010 0.010 0.000 0.010 0.000 0.000 0.010 0.010 0.010 0.010 0.010 0.010 0.010 0.010 0.000 0.010 0.010 0.010 0.010 0.000 0.010 0.126 0.082 0.054 0.092 0.010 0.010 0.000 0.010 0.010 0.034 0.010 0.010 0.000 0.000 0.005 0.008 0.008 0.000 0.012 0.000 0.010 0.010 0.010 0.028 0.010 0.017 0.010 0.000 0.000 0.010 0.005 0.008 0.008 0.009
0.010 0.000 0.009 0.009 0.010 0.009 0.009 0.009 0.000 0.010 0.055 0.008 0.000 0.000 0.010 0.010 0.010 0.096 0.022 0.010 0.010 0.010 0.020 0.010 0.018 0.010 0.000 0.021 0.010 0.010 0.035 0.009 0.000 0.020 0.010 0.010 0.010 0.010 0.026 0.007 0.000 0.084 0.091 0.022 0.131 0.027 0.010 0.010 0.010 0.037 0.010 0.009 0.009 0.216 0.010 0.009 0.010 0.000 0.007 0.009 0.011 0.009 0.009 0.000 0.000 0.007 0.009 0.008 0.009 0.009 0.005 0.013 0.015 0.012 0.007 0.007 0.009
0.000 0.008 0.009 0.009 0.010 0.000 0.017 0.009 0.009 0.009 0.010 0.008 0.010 0.009 0.010 0.010 0.010 0.010 0.010 0.010 0.009 0.010 0.010 0.010 0.010 0.155 0.010 0.026 0.010 0.010 0.010 0.010 0.010 0.010 0.000 0.000 0.010 0.009 0.010 0.014 0.000 0.010 0.014 0.013 0.010 0.010 0.010 0.010 0.133 0.010 0.010 0.009 0.009 0.010 0.009 0.010 0.257 0.013 0.010 0.009 0.010 0.009 0.008 0.000 0.000 0.000 0.009 0.009 0.000 0.010 0.007 0.007 0.000 0.010 0.000 0.009 0.008
0.021 0.008 0.000 0.079 0.009 0.009 0.010 0.019 0.010 0.009 0.009 0.009 0.000 0.010 0.010 0.010 0.010 0.010 0.010 0.010 0.010 0.009 0.016 0.010 0.010 0.010 0.010 0.010 0.010 0.010 0.010 0.010 0.010 0.016 0.010 0.010 0.012 0.000 0.008 0.010 0.027 0.000 0.000 0.010 0.010 0.009 0.010 0.000 0.010 0.010 0.010 0.009 0.010 0.010 0.009 0.008 0.010 0.917 0.764 0.009 0.009 0.009 0.008 0.007 0.000 0.000 0.009 0.009 0.010 0.010 0.000 0.002 0.000 0.006 0.021 0.010 0.018
0.007 0.008 0.077 0.108 0.010 0.010 0.009 0.010 0.010 0.009 0.000 0.021 0.010 0.009 0.010 0.000 0.013 0.010 0.010 0.010 0.058 0.009 0.010 0.010 0.027 0.010 0.010 0.010 0.010 0.041 0.010 0.000 0.010 0.000 0.000 0.009 0.009 0.010 0.013 0.010 0.008 0.009 0.009 0.000 0.000 0.010 0.010 0.039 0.009 0.010 0.010 0.048 0.010 0.010 0.010 0.010 0.009 0.008 0.009 0.000 0.544 0.011 0.008 0.000 0.000 0.009 0.009 0.000 0.009 0.010 0.003 0.005 0.010 0.009 0.008 0.007 0.010
0.009 0.000 0.010 0.016 0.252 0.110 0.008 0.009 0.009 0.009 0.010 0.000 0.008 0.000 0.009 0.131 0.000 0.022 0.010 0.008 0.009 0.014 0.000 0.010 0.000 0.010 0.057 0.010 0.010 0.010 0.010 0.010 0.010 0.009 0.009 0.017 0.010 0.009 0.023 0.009 0.010 0.000 0.010 0.010 0.011 0.009 0.533 0.010 0.010 0.010 0.010 0.010 0.010 0.009 0.008 0.009 0.007 0.009 0.008 0.009 0.010 0.010 0.135 0.009 0.009 0.009 0.000 0.000 0.005 0.009 0.006 0.009 0.015 0.112 0.038 0.010 0.010
0.010 0.000 0.000 0.008 0.008 0.009 0.008 0.067 0.009 0.009 0.009 0.009 0.019 0.000 0.000 0.000 0.010 0.000 0.008 0.000 0.009 0.010 0.010 0.000 0.000 0.010 0.011 0.010 0.009 0.010 0.009 0.010 0.009 0.009 0.009 0.010 0.009 0.008 0.009 0.009 0.009 0.009 0.000 0.009 0.009 0.000 0.010 0.010 0.010 0.010 0.009 0.009 0.009 0.010 0.010 0.008 0.009 0.009 0.010 0.014 0.010 0.000 0.010 0.696 0.010 0.009 0.009 0.000 0.005 0.013 0.000 0.010 0.031 0.018 0.010 0.010 0.010
0.009 0.009 0.000 0.000 0.000 0.009 0.008 0.022 0.009 0.029 0.010 0.009 0.000 0.000 0.014 0.000 0.008 0.009 0.009 0.000 0.029 0.010 0.010 0.016 0.000 0.000 0.008 0.010 0.027 0.010 0.009 0.009 0.007 0.000 0.000 0.020 0.010 0.009 0.010 0.010 0.009 0.010 0.008 0.010 0.010 0.010 0.010 0.019 0.010 0.010 0.010 0.010 0.009 0.008 0.008 0.008 0.010 0.009 0.010 0.010 0.010 0.000 0.000 0.017 0.009 0.000 0.022 0.009 0.027 0.000 0.010 0.055 0.068 0.048 0.008 0.010 0.016
0.010 0.008 0.009 0.008 0.009 0.009 0.010 0.010 0.000 0.008 0.125 0.107 0.010 0.010 0.000 0.009 0.010 0.022 0.009 0.009 0.008 0.009 0.010 0.008 0.010 0.008 0.009 0.010 0.010 0.000 0.000 0.008 0.013 0.008 0.006 0.000 0.000 0.019 0.010 0.008 0.009 0.000 0.010 0.010 0.045 0.000 0.010 0.010 0.010 0.014 0.055 0.010 0.010 0.010 0.009 0.010 0.010 0.025 0.010 0.010 0.010 0.016 0.007 0.021 0.010 0.020 0.010 0.000 0.318 0.018 0.010 0.015 0.171 0.006 0.009 0.010 0.010
0.008 0.008 0.008 0.008 0.009 0.037 0.036 0.009 0.009 0.008 0.009 0.009 0.008 0.031 0.010 0.008 0.025 0.000 0.000 0.009 0.010 0.000 0.000 0.008 0.008 0.009 0.010 0.009 0.010 0.006 0.006 0.000 0.000 0.014 0.009 0.009 0.011 0.009 0.009 0.010 0.009 0.016 0.009 0.000 0.000 0.000 0.000 0.010 0.000 0.010 0.010 0.010 0.067 0.010 0.009 0.010 0.009 0.000 0.010 0.000 0.010 0.010 0.012 0.008 0.120 0.077 0.075 0.139 0.010 0.000 0.653 0.021 0.022 0.000 0.009 0.010 0.010
0.010 0.009 0.008 0.009 0.009 0.009 0.009 0.000 0.007 0.013 0.009 0.009 0.000 0.008 0.008 0.009 0.010 0.010 0.165 0.008 0.009 0.010 0.050 0.000 0.010 0.024 0.010 0.027 0.007 0.000 0.007 0.008 0.007 0.008 0.008 0.009 0.010 0.009 0.009 0.010 0.014 0.010 0.010 0.294 0.000 0.000 0.000 0.042 0.000 0.000 0.010 0.010 0.010 0.027 0.009 0.010 0.009 0.010 0.085 0.022 0.010 0.000 0.010 0.009 0.000 0.084 0.010 0.000 0.000 0.010 0.010 0.000 0.028 0.261 0.111 0.006 0.048
0.000 0.000 0.010 0.009 0.010 0.015 0.009 0.008 0.000 0.000 0.008 0.010 0.031 0.008 0.009 0.008 0.009 0.009 0.020 0.009 0.000 0.009 0.009 0.009 0.010 0.008 0.009 0.010 0.008 0.009 0.004 0.000 0.009 0.011 0.007 0.006 0.020 0.030 0.010 0.038 0.010 0.010 0.000 0.010 0.090 0.000 0.000 0.000 0.000 0.000 0.000 0.010 0.010 0.010 0.010 0.029 0.009 0.009 0.010 0.009 0.023 0.009 0.009 0.000 0.009 0.010 0.052 0.000 0.010 0.105 0.010 0.007 0.010 0.000 0.217 0.337 0.067
0.010 0.010 0.009 0.009 0.059 0.010 0.006 0.008 0.015 0.008 0.007 0.000 0.009 0.009 0.009 0.008 0.008 0.008 0.010 0.046 0.009 0.000 0.008 0.009 0.015 0.010 0.009 0.009 0.000 0.006 0.008 0.006 0.006 0.007 0.008 0.009 0.009 0.020 0.010 0.011 0.010 0.010 0.682 0.011 0.000 0.000 0.132 0.025 0.000 0.000 0.000 0.010 0.009 0.010 0.010 0.010 0.009 0.069 0.008 0.009 0.009 0.010 0.008 0.000 0.000 0.009 0.008 0.008 0.024 0.000 0.009 0.014 0.000 0.000 0.007 0.000 0.139
0.010 0.009 0.009 0.009 0.010 0.000 0.000 0.010 0.008 0.025 0.000 0.010 0.007 0.000 0.000 0.009 0.009 0.008 0.010 0.010 0.010 0.064 0.009 0.009 0.008 0.010 0.009 0.010 0.000 0.000 0.000 0.006 0.006 0.007 0.008 0.000 0.009 0.010 0.010 0.009 0.027 0.000 0.010 0.010 0.010 0.010 0.013 0.010 0.000 0.000 0.010 0.010 0.010 0.010 0.010 0.010 0.010 0.010 0.010 0.009 0.009 0.009 0.000 0.000 0.010 0.010 0.000 0.000 0.000 0.009 0.007 0.000 0.020 0.006 0.006 0.007 0.009
