hx_30m/njhx/rain/result-0054.wd
ncols         211
nrows         286
xllcorner     660279.582600
yllcorner     3541874.325092
cellsize      30.000000
NODATA_value  -9999.000000
[rows 136 to 169 of 286, columns 77 to 153 of 211]
0.002 0.001 0.002 0.002 0.002 0.004 0.001 0.002 0.002 0.004 0.002 0.002 0.010 0.002 0.001 0.001 0.002 0.002 0.001 0.001 0.001 0.005 0.001 0.001 0.002 0.010 0.002 0.002 0.002 0.002 0.001 0.001 0.004 0.005 0.000 0.000 0.011 0.000 0.002 0.001 0.010 0.001 0.001 0.000 0.004 0.001 0.002 0.001 0.000 0.001 0.003 0.000 0.001 0.001 0.000 0.000 0.000 0.000 0.000 0.000 0.000 0.000 0.000 0.000 0.001 0.010 0.000 0.010 0.000 0.000 0.000 0.000 0.000 0.010 0.002 0.007 0.000
0.001 0.001 0.002 0.002 0.002 0.001 0.004 0.002 0.001 0.001 0.002 0.000 0.001 0.001 0.006 0.001 0.001 0.000 0.001 0.001 0.002 0.001 0.002 0.002 0.002 0.001 0.002 0.002 0.000 0.000 0.000 0.000 0.000 0.000 0.001 0.001 0.080 0.002 0.010 0.000 0.000 0.001 0.000 0.000 0.000 0.004 0.000 0.001 0.000 0.002 0.001 0.001 0.002 0.001 0.004 0.000 0.000 0.002 0.000 0.000 0.000 0.000 0.002 0.004 0.000 0.004 0.000 0.000 0.006 0.001 0.000 0.000 0.001 0.000 0.000 0.000 0.000
0.000 0.000 0.000 0.000 0.000 0.000 0.000 0.000 0.001 0.002 0.001 0.000 0.000 0.000 0.000 0.000 0.002 0.001 0.000 0.000 0.000 0.001 0.002 0.001 0.010 0.005 0.010 0.010 0.000 0.000 0.000 0.000 0.000 0.000 0.000 0.002 0.691 0.001 0.000 0.010 0.001 0.000 0.010 0.010 0.010 0.035 0.000 0.000 0.000 0.000 0.000 0.000 0.000 0.000 0.000 0.001 0.001 0.000 0.000 0.001 0.000 0.000 0.001 0.001 0.001 0.004 0.001 0.001 0.001 0.001 0.001 0.001 0.010 0.000 0.000 0.000 0.000
0.001 0.001 0.004 0.001 0.001 0.001 0.004 0.001 0.000 0.002 0.000 0.000 0.000 0.001 0.000 0.000 0.000 0.030 0.042 0.010 0.002 0.002 0.002 0.000 0.010 0.010 0.010 0.001 0.000 0.000 0.000 0.001 0.000 0.000 0.000 0.001 0.010 0.001 0.046 0.000 0.000 0.000 0.002 0.010 0.000 0.004 0.000 0.000 0.000 0.000 0.000 0.000 0.001 0.000 0.000 0.000 0.000 0.000 0.000 0.000 0.001 0.001 0.001 0.001 0.004 0.004 0.000 0.001 0.001 0.000 0.002 0.001 0.001 0.010 0.001 0.000 0.000
0.003 0.000 0.000 0.001 0.001 0.001 0.000 0.001 0.003 0.005 0.002 0.001 0.000 0.002 0.001 0.000 0.000 0.000 0.000 0.001 0.001 0.001 0.002 0.001 0.010 0.010 0.010 0.001 0.000 0.000 0.000 0.001 0.000 0.000 0.000 0.002 0.010 0.001 0.009 0.001 0.000 0.000 0.000 0.010 0.010 0.001 0.000 0.002 0.001 0.002 0.010 0.010 0.002 0.000 0.000 0.000 0.000 0.000 0.000 0.000 0.000 0.000 0.000 0.000 0.002 0.000 0.000 0.010 0.004 0.019 0.129 0.117 0.000 0.031 0.004 0.001 0.001
0.004 0.000 0.000 0.003 0.000 0.000 0.001 0.000 0.001 0.002 0.010 0.032 0.099 0.010 0.010 0.010 0.000 0.000 0.052 0.010 0.010 0.010 0.001 0.001 0.010 0.010 0.010 0.012 0.000 0.000 0.000 0.004 0.000 0.000 0.000 0.001 0.010 0.001 0.001 0.001 0.001 0.000 0.000 0.010 0.000 0.000 0.005 0.000 0.000 0.000 0.000 0.000 0.000 0.000 0.001 0.000 0.000 0.000 0.000 0.000 0.000 0.000 0.000 0.000 0.000 0.000 0.000 0.000 0.010 0.138 0.065 0.124 0.004 0.000 0.035 0.010 0.010
0.008 0.000 0.004 0.010 0.004 0.010 0.010 0.010 0.002 0.001 0.073 0.010 0.078 0.010 0.096 0.010 0.084 0.010 0.010 0.010 0.138 0.005 0.001 0.002 0.010 0.010 0.010 0.005 0.000 0.000 0.000 0.001 0.000 0.000 0.000 0.001 0.002 0.001 0.001 0.000 0.001 0.010 0.000 0.000 0.000 0.000 0.000 0.001 0.000 0.000 0.000 0.001 0.000 0.001 0.000 0.000 0.000 0.000 0.000 0.001 0.010 0.010 0.000 0.000 0.000 0.000 0.000 0.003 0.010 0.144 0.080 0.010 0.010 0.036 0.010 0.000 0.010
0.010 0.010 0.002 0.002 0.002 0.000 0.001 0.001 0.001 0.003 0.010 0.010 0.010 0.119 0.010 0.010 0.010 0.010 0.117 0.010 0.044 0.010 0.001 0.005 0.010 0.010 0.010 0.002 0.005 0.000 0.000 0.000 0.000 0.000 0.004 0.001 0.002 0.001 0.000 0.000 0.010 0.000 0.047 0.000 0.000 0.000 0.000 0.000 0.000 0.000 0.001 0.010 0.010 0.002 0.000 0.000 0.000 0.001 0.000 0.001 0.000 0.002 0.001 0.002 0.001 0.000 0.000 0.010 0.010 0.029 0.010 0.010 0.000 0.000 0.052 0.010 0.010
0.010 0.010 0.010 0.010 0.010 0.010 0.000 0.002 0.010 0.010 0.010 0.010 0.010 0.010 0.000 0.000 0.000 0.000 0.010 0.010 0.095 0.010 0.001 0.005 0.010 0.109 0.010 0.010 0.001 0.010 0.002 0.004 0.002 0.010 0.005 0.001 0.002 0.001 0.001 0.010 0.010 0.046 0.010 0.056 0.000 0.002 0.001 0.059 0.010 0.092 0.010 0.010 0.010 0.001 0.010 0.010 0.010 0.050 0.010 0.076 0.000 0.000 0.000 0.000 0.001 0.000 0.000 0.000 0.010 0.047 0.010 0.010 0.000 0.010 0.000 0.010 0.000
0.005 0.010 0.010 0.010 0.010 0.010 0.000 0.000 0.001 0.005 0.010 0.010 0.010 0.010 0.010 0.010 0.010 0.010 0.010 0.010 0.010 0.004 0.001 0.002 0.010 0.010 0.010 0.103 0.002 0.002 0.002 0.001 0.006 0.002 0.002 0.004 0.010 0.000 0.010 0.010 0.010 0.010 0.152 0.002 0.000 0.000 0.010 0.010 0.010 0.010 0.010 0.006 0.005 0.001 0.010 0.010 0.010 0.010 0.010 0.062 0.010 0.000 0.000 0.000 0.002 0.000 0.000 0.000 0.001 0.010 0.009 0.000 0.022 0.037 0.011 0.010 0.010
0.002 0.001 0.005 0.005 0.005 0.002 0.000 0.000 0.001 0.010 0.010 0.010 0.010 0.010 0.010 0.010 0.010 0.010 0.010 0.010 0.089 0.001 0.001 0.002 0.002 0.001 0.000 0.001 0.001 0.001 0.002 0.004 0.011 0.004 0.002 0.002 0.001 0.000 0.000 0.001 0.001 0.004 0.001 0.001 0.004 0.001 0.001 0.000 0.000 0.000 0.010 0.000 0.000 0.001 0.022 0.000 0.000 0.066 0.010 0.017 0.000 0.000 0.000 0.000 0.002 0.001 0.000 0.000 0.000 0.010 0.010 0.000 0.001 0.002 0.002 0.000 0.000
0.010 0.010 0.010 0.004 0.002 0.002 0.003 0.004 0.002 0.010 0.060 0.010 0.010 0.010 0.010 0.010 0.010 0.010 0.010 0.010 0.010 0.010 0.002 0.004 0.003 0.000 0.001 0.001 0.001 0.002 0.004 0.002 0.010 0.002 0.002 0.004 0.001 0.002 0.010 0.010 0.022 0.010 0.010 0.010 0.010 0.004 0.010 0.001 0.000 0.000 0.010 0.001 0.000 0.000 0.000 0.000 0.000 0.010 0.175 0.000 0.000 0.097 0.045 0.000 0.001 0.000 0.001 0.000 0.000 0.000 0.000 0.000 0.001 0.000 0.006 0.000 0.000
0.116 0.010 0.010 0.010 0.010 0.030 0.010 0.001 0.001 0.010 0.010 0.010 0.010 0.010 0.010 0.010 0.010 0.010 0.010 0.010 0.010 0.002 0.005 0.000 0.001 0.001 0.001 0.001 0.000 0.002 0.001 0.001 0.001 0.001 0.000 0.001 0.000 0.004 0.010 0.010 0.010 0.010 0.010 0.055 0.010 0.001 0.000 0.001 0.000 0.000 0.049 0.000 0.000 0.000 0.060 0.010 0.010 0.010 0.010 0.000 0.070 0.010 0.010 0.000 0.002 0.000 0.000 0.000 0.000 0.000 0.000 0.000 0.000 0.000 0.001 0.000 0.000
0.000 0.016 0.010 0.010 0.010 0.010 0.010 0.001 0.001 0.010 0.010 0.456 0.010 0.010 0.010 0.010 0.010 0.010 0.010 0.010 0.010 0.002 0.003 0.003 0.004 0.003 0.002 0.002 0.002 0.010 0.005 0.010 0.010 0.004 0.001 0.000 0.001 0.004 0.010 0.030 0.010 0.010 0.010 0.000 0.000 0.001 0.002 0.000 0.000 0.001 0.001 0.004 0.001 0.001 0.000 0.001 0.004 0.010 0.010 0.000 0.010 0.004 0.010 0.003 0.010 0.010 0.000 0.000 0.000 0.000 0.006 0.009 0.000 0.000 0.000 0.000 0.000
0.010 0.010 0.010 0.010 0.010 0.010 0.010 0.010 0.005 0.010 0.028 0.155 0.152 0.010 0.010 0.010 0.010 0.010 0.010 0.024 0.010 0.002 0.000 0.004 0.010 0.010 0.010 0.010 0.010 0.010 0.010 0.050 0.010 0.001 0.001 0.004 0.001 0.000 0.005 0.002 0.008 0.006 0.000 0.000 0.000 0.000 0.000 0.000 0.000 0.000 0.000 0.010 0.004 0.004 0.001 0.004 0.001 0.001 0.001 0.001 0.010 0.001 0.000 0.000 0.001 0.001 0.000 0.000 0.000 0.000 0.000 0.000 0.000 0.000 0.000 0.000 0.000
0.010 0.010 0.010 0.010 0.010 0.010 0.010 0.002 0.001 0.010 0.010 0.010 0.098 0.010 0.010 0.010 0.010 0.010 0.010 0.010 0.062 0.010 0.010 0.002 0.001 0.000 0.000 0.000 0.000 0.000 0.002 0.004 0.010 0.004 0.001 0.010 0.001 0.004 0.010 0.010 0.010 0.010 0.000 0.000 0.000 0.003 0.001 0.000 0.000 0.010 0.010 0.010 0.016 0.102 0.053 0.010 0.010 0.010 0.010 0.002 0.002 0.000 0.004 0.001 0.000 0.000 0.004 0.000 0.000 0.000 0.000 0.000 0.001 0.001 0.000 0.000 0.000
0.130 0.090 0.010 0.010 0.010 0.010 0.003 0.003 0.001 0.010 0.010 0.010 0.010 0.010 0.010 0.010 0.010 0.010 0.010 0.010 0.010 0.002 0.002 0.004 0.001 0.000 0.000 0.000 0.000 0.000 0.000 0.001 0.010 0.002 0.001 0.002 0.000 0.010 0.010 0.010 0.010 0.010 0.009 0.005 0.002 0.001 0.001 0.000 0.010 0.010 0.010 0.065 0.000 0.021 0.001 0.001 0.004 0.001 0.000 0.001 0.001 0.001 0.003 0.001 0.004 0.002 0.001 0.000 0.001 0.001 0.000 0.000 0.000 0.001 0.000 0.004 0.000
0.010 0.556 0.010 0.010 0.010 0.206 0.004 0.004 0.010 0.010 0.010 0.010 0.010 0.010 0.010 0.010 0.010 0.010 0.010 0.010 0.010 0.002 0.002 0.004 0.001 0.000 0.000 0.000 0.000 0.000 0.000 0.002 0.010 0.001 0.000 0.004 0.000 0.010 0.010 0.004 0.004 0.001 0.010 0.010 0.010 0.010 0.010 0.004 0.003 0.008 0.008 0.001 0.001 0.001 0.004 0.001 0.001 0.001 0.000 0.003 0.000 0.001 0.001 0.001 0.003 0.002 0.000 0.001 0.001 0.001 0.001 0.000 0.000 0.002 0.000 0.001 0.001
0.010 0.010 0.010 0.010 0.010 0.057 0.004 0.002 0.002 0.010 0.010 0.010 0.010 0.010 0.010 0.010 0.055 0.010 0.010 0.010 0.010 0.002 0.002 0.001 0.001 0.004 0.004 0.010 0.010 0.000 0.002 0.002 0.004 0.010 0.001 0.001 0.000 0.010 0.010 0.001 0.006 0.010 0.001 0.002 0.002 0.002 0.001 0.001 0.001 0.001 0.001 0.001 0.001 0.004 0.004 0.001 0.002 0.001 0.004 0.010 0.001 0.001 0.000 0.000 0.000 0.001 0.000 0.000 0.000 0.001 0.001 0.000 0.006 0.001 0.002 0.000 0.000
0.010 0.010 0.010 0.010 0.010 0.010 0.010 0.010 0.010 0.010 0.010 0.010 0.010 0.010 0.010 0.278 0.135 0.086 0.010 0.010 0.010 0.010 0.010 0.001 0.002 0.002 0.002 0.001 0.001 0.004 0.001 0.001 0.004 0.000 0.001 0.170 0.010 0.001 0.001 0.002 0.002 0.004 0.001 0.001 0.001 0.002 0.001 0.004 0.001 0.004 0.010 0.010 0.010 0.004 0.002 0.010 0.010 0.016 0.010 0.004 0.000 0.000 0.000 0.000 0.000 0.001 0.000 0.000 0.000 0.000 0.000 0.000 0.001 0.002 0.001 0.001 0.006
0.000 0.010 0.019 0.100 0.116 0.010 0.002 0.010 0.010 0.010 0.010 0.196 0.049 0.078 0.154 0.247 0.233 0.180 0.010 0.010 0.268 0.001 0.001 0.001 0.001 0.002 0.005 0.001 0.001 0.010 0.001 0.001 0.001 0.001 0.001 0.001 0.010 0.001 0.001 0.002 0.002 0.001 0.004 0.010 0.004 0.010 0.010 0.010 0.056 0.092 0.045 0.000 0.000 0.002 0.001 0.000 0.000 0.000 0.000 0.000 0.000 0.000 0.000 0.000 0.000 0.000 0.000 0.000 0.000 0.000 0.000 0.000 0.001 0.000 0.000 0.000 0.001
0.185 0.193 0.040 0.010 0.010 0.005 0.001 0.002 0.125 0.144 0.141 0.135 0.082 0.010 0.140 0.257 0.239 0.010 0.010 0.010 0.238 0.001 0.001 0.001 0.001 0.001 0.001 0.001 0.004 0.004 0.004 0.004 0.004 0.001 0.001 0.001 0.010 0.004 0.004 0.002 0.000 0.004 0.002 0.141 0.010 0.000 0.000 0.000 0.000 0.000 0.000 0.000 0.000 0.002 0.002 0.010 0.010 0.000 0.010 0.000 0.001 0.000 0.001 0.000 0.000 0.002 0.000 0.000 0.000 0.000 0.000 0.000 0.001 0.003 0.000 0.000 0.010
0.010 0.010 0.010 0.010 0.010 0.010 0.005 0.010 0.099 0.122 0.087 0.103 0.081 0.039 0.193 0.189 0.051 0.010 0.010 0.027 0.074 0.001 0.001 0.004 0.004 0.000 0.000 0.000 0.000 0.000 0.000 0.001 0.002 0.009 0.002 0.002 0.136 0.001 0.000 0.000 0.000 0.002 0.010 0.000 0.000 0.010 0.010 0.010 0.000 0.000 0.000 0.000 0.001 0.001 0.001 0.000 0.002 0.000 0.001 0.002 0.005 0.000 0.000 0.000 0.000 0.001 0.000 0.002 0.000 0.000 0.000 0.000 0.000 0.000 0.001 0.001 0.000
0.010 0.010 0.010 0.010 0.010 0.005 0.001 0.010 0.040 0.086 0.130 0.010 0.010 0.010 0.010 0.010 0.010 0.010 0.174 0.010 0.010 0.002 0.001 0.000 0.000 0.000 0.000 0.000 0.000 0.000 0.002 0.004 0.010 0.010 0.001 0.001 0.161 0.000 0.010 0.000 0.004 0.004 0.010 0.000 0.010 0.010 0.010 0.010 0.010 0.000 0.000 0.010 0.000 0.001 0.000 0.010 0.000 0.017 0.010 0.000 0.002 0.002 0.001 0.001 0.000 0.010 0.000 0.000 0.002 0.001 0.000 0.000 0.000 0.000 0.000 0.000 0.000
0.010 0.010 0.010 0.010 0.010 0.002 0.002 0.010 0.010 0.128 0.542 0.010 0.010 0.010 0.010 0.010 0.010 0.010 0.010 0.010 0.010 0.002 0.001 0.000 0.000 0.000 0.000 0.000 0.000 0.000 0.000 0.001 0.002 0.001 0.001 0.000 0.001 0.000 0.073 0.010 0.010 0.010 0.010 0.000 0.241 0.000 0.010 0.055 0.085 0.010 0.010 0.010 0.010 0.001 0.000 0.002 0.000 0.041 0.010 0.000 0.000 0.010 0.000 0.010 0.001 0.001 0.000 0.000 0.000 0.000 0.000 0.000 0.000 0.000 0.000 0.000 0.000
0.010 0.010 0.010 0.010 0.010 0.010 0.004 0.010 0.010 0.087 0.010 0.010 0.273 0.010 0.010 0.010 0.010 0.010 0.010 0.010 0.010 0.002 0.001 0.000 0.000 0.000 0.000 0.000 0.000 0.000 0.000 0.000 0.000 0.001 0.010 0.001 0.001 0.000 0.004 0.114 0.035 0.010 0.159 0.010 0.120 0.000 0.000 0.000 0.010 0.010 0.010 0.010 0.001 0.001 0.004 0.010 0.000 0.000 0.003 0.000 0.004 0.010 0.000 0.061 0.010 0.001 0.001 0.000 0.001 0.000 0.000 0.000 0.000 0.000 0.000 0.000 0.001
0.010 0.000 0.010 0.010 0.010 0.001 0.001 0.010 0.010 0.121 0.119 0.010 0.144 0.131 0.010 0.010 0.171 0.051 0.010 0.010 0.010 0.001 0.001 0.000 0.000 0.000 0.000 0.000 0.000 0.000 0.000 0.000 0.000 0.001 0.004 0.002 0.001 0.000 0.004 0.096 0.074 0.010 0.000 0.000 0.049 0.010 0.010 0.010 0.010 0.000 0.000 0.000 0.002 0.001 0.063 0.000 0.000 0.000 0.000 0.000 0.002 0.001 0.000 0.000 0.040 0.001 0.000 0.000 0.000 0.000 0.000 0.000 0.000 0.000 0.000 0.000 0.001
0.010 0.003 0.005 0.006 0.004 0.002 0.002 0.010 0.010 0.010 0.162 0.010 0.010 0.004 0.010 0.153 0.204 0.010 0.010 0.010 0.022 0.001 0.010 0.004 0.010 0.010 0.000 0.000 0.000 0.000 0.000 0.000 0.000 0.002 0.010 0.001 0.000 0.000 0.002 0.220 0.065 0.000 0.000 0.004 0.010 0.000 0.000 0.000 0.010 0.010 0.010 0.000 0.001 0.003 0.000 0.000 0.000 0.000 0.000 0.000 0.000 0.000 0.000 0.000 0.001 0.000 0.000 0.000 0.000 0.000 0.000 0.000 0.000 0.000 0.000 0.010 0.010
0.002 0.001 0.024 0.003 0.001 0.010 0.010 0.002 0.001 0.010 0.002 0.004 0.002 0.002 0.010 0.002 0.002 0.002 0.002 0.010 0.002 0.001 0.001 0.004 0.001 0.000 0.001 0.001 0.002 0.000 0.002 0.001 0.004 0.001 0.010 0.002 0.002 0.001 0.001 0.010 0.161 0.002 0.001 0.004 0.002 0.000 0.000 0.001 0.001 0.002 0.007 0.000 0.002 0.001 0.010 0.000 0.000 0.000 0.000 0.000 0.000 0.000 0.000 0.000 0.001 0.002 0.000 0.005 0.000 0.001 0.010 0.001 0.000 0.010 0.010 0.010 0.056
0.005 0.000 0.000 0.000 0.008 0.010 0.006 0.000 0.001 0.001 0.001 0.001 0.001 0.001 0.001 0.001 0.001 0.001 0.001 0.002 0.001 0.002 0.001 0.001 0.000 0.001 0.002 0.002 0.001 0.004 0.001 0.024 0.003 0.002 0.010 0.002 0.001 0.004 0.001 0.001 0.001 0.001 0.010 0.010 0.010 0.000 0.000 0.000 0.001 0.002 0.001 0.001 0.004 0.002 0.001 0.001 0.000 0.000 0.000 0.000 0.000 0.000 0.000 0.000 0.002 0.002 0.000 0.000 0.000 0.000 0.001 0.000 0.000 0.000 0.010 0.043 0.000
0.010 0.001 0.001 0.002 0.001 0.010 0.001 0.001 0.001 0.002 0.000 0.001 0.000 0.001 0.001 0.001 0.001 0.001 0.001 0.001 0.002 0.000 0.001 0.000 0.000 0.001 0.001 0.000 0.001 0.000 0.000 0.000 0.001 0.000 0.000 0.002 0.001 0.002 0.001 0.010 0.010 0.010 0.010 0.010 0.010 0.001 0.001 0.004 0.004 0.010 0.000 0.000 0.001 0.000 0.000 0.001 0.007 0.001 0.000 0.001 0.000 0.000 0.000 0.000 0.002 0.001 0.000 0.001 0.000 0.000 0.000 0.000 0.000 0.000 0.000 0.010 0.000
0.001 0.000 0.001 0.000 0.001 0.010 0.002 0.001 0.000 0.000 0.004 0.000 0.000 0.000 0.001 0.004 0.009 0.005 0.004 0.010 0.001 0.001 0.001 0.004 0.010 0.010 0.010 0.000 0.000 0.001 0.001 0.000 0.001 0.010 0.000 0.004 0.001 0.004 0.001 0.001 0.010 0.010 0.010 0.010 0.010 0.002 0.001 0.010 0.001 0.004 0.001 0.001 0.001 0.000 0.000 0.000 0.005 0.000 0.000 0.002 0.001 0.000 0.000 0.001 0.000 0.001 0.000 0.000 0.000 0.000 0.000 0.000 0.000 0.000 0.002 0.005 0.000
0.001 0.010 0.006 0.001 0.002 0.065 0.000 0.002 0.000 0.001 0.001 0.002 0.001 0.004 0.002 0.010 0.004 0.010 0.000 0.000 0.001 0.001 0.000 0.000 0.001 0.010 0.000 0.010 0.010 0.001 0.002 0.009 0.001 0.010 0.010 0.004 0.003 0.001 0.001 0.001 0.010 0.010 0.010 0.010 0.010 0.010 0.010 0.010 0.004 0.010 0.000 0.001 0.009 0.004 0.000 0.001 0.000 0.000 0.000 0.010 0.001 0.000 0.000 0.001 0.001 0.001 0.002 0.000 0.000 0.000 0.000 0.000 0.000 0.000 0.001 0.000 0.000
0.000 0.001 0.000 0.000 0.001 0.012 0.000 0.001 0.001 0.002 0.010 0.001 0.092 0.005 0.010 0.002 0.010 0.010 0.004 0.004 0.002 0.001 0.000 0.003 0.000 0.000 0.000 0.001 0.000 0.000 0.000 0.000 0.000 0.034 0.004 0.000 0.010 0.001 0.001 0.001 0.010 0.010 0.010 0.010 0.022 0.177 0.004 0.000 0.000 0.000 0.000 0.030 0.000 0.002 0.000 0.000 0.000 0.000 0.000 0.001 0.000 0.001 0.000 0.000 0.000 0.000 0.000 0.000 0.001 0.000 0.002 0.000 0.000 0.000 0.001 0.000 0.000
