hx_30m/njhx/rain/result-0047.wd
ncols         211
nrows         286
xllcorner     660279.582600
yllcorner     3541874.325092
cellsize      30.000000
NODATA_value  -9999.000000
[rows 170 to 203 of 286, columns 77 to 153 of 211]
0.010 0.001 0.006 0.002 0.207 0.098 0.001 0.001 0.002 0.002 0.002 0.005 0.010 0.010 0.010 0.006 0.003 0.010 0.010 0.010 0.002 0.001 0.000 0.000 0.002 0.000 0.010 0.003 0.010 0.006 0.005 0.001 0.001 0.010 0.002 0.001 0.005 0.002 0.001 0.002 0.010 0.118 0.196 0.010 0.000 0.000 0.000 0.000 0.001 0.000 0.001 0.001 0.000 0.002 0.001 0.003 0.000 0.000 0.002 0.001 0.032 0.000 0.000 0.000 0.005 0.000 0.000 0.000 0.000 0.000 0.000 0.001 0.010 0.010 0.022 0.000 0.010
0.010 0.001 0.003 0.010 0.107 0.002 0.002 0.002 0.001 0.000 0.010 0.002 0.001 0.001 0.001 0.002 0.010 0.005 0.000 0.000 0.001 0.002 0.000 0.000 0.002 0.000 0.010 0.000 0.000 0.006 0.003 0.005 0.003 0.010 0.010 0.000 0.005 0.005 0.010 0.001 0.005 0.003 0.001 0.000 0.000 0.000 0.000 0.000 0.003 0.010 0.001 0.001 0.005 0.000 0.000 0.009 0.000 0.002 0.000 0.000 0.010 0.000 0.000 0.001 0.000 0.000 0.000 0.000 0.001 0.001 0.000 0.001 0.005 0.010 0.000 0.001 0.005
0.003 0.002 0.006 0.002 0.010 0.092 0.003 0.001 0.001 0.000 0.000 0.000 0.003 0.002 0.000 0.001 0.003 0.065 0.010 0.010 0.002 0.002 0.000 0.001 0.005 0.005 0.010 0.000 0.060 0.010 0.000 0.000 0.001 0.010 0.006 0.000 0.001 0.001 0.003 0.001 0.001 0.000 0.002 0.000 0.000 0.000 0.000 0.001 0.005 0.013 0.001 0.001 0.000 0.000 0.000 0.000 0.003 0.010 0.005 0.002 0.010 0.000 0.000 0.000 0.001 0.001 0.002 0.000 0.000 0.000 0.000 0.001 0.001 0.000 0.000 0.136 0.274
0.046 0.006 0.002 0.006 0.026 0.012 0.001 0.010 0.002 0.002 0.002 0.005 0.002 0.001 0.003 0.001 0.000 0.000 0.000 0.000 0.002 0.002 0.001 0.002 0.005 0.002 0.005 0.000 0.010 0.010 0.001 0.001 0.000 0.001 0.000 0.001 0.003 0.003 0.002 0.002 0.003 0.001 0.000 0.002 0.001 0.003 0.000 0.000 0.001 0.000 0.002 0.000 0.003 0.010 0.000 0.000 0.004 0.000 0.004 0.000 0.010 0.005 0.001 0.001 0.000 0.000 0.002 0.001 0.003 0.001 0.000 0.001 0.001 0.001 0.000 0.012 0.000
0.000 0.010 0.010 0.006 0.003 0.004 0.001 0.039 0.002 0.004 0.002 0.003 0.038 0.002 0.001 0.002 0.002 0.005 0.001 0.005 0.001 0.002 0.002 0.001 0.001 0.000 0.000 0.000 0.000 0.000 0.001 0.000 0.000 0.002 0.010 0.010 0.003 0.003 0.001 0.003 0.001 0.000 0.000 0.002 0.000 0.000 0.000 0.001 0.001 0.000 0.002 0.000 0.001 0.010 0.002 0.000 0.001 0.000 0.001 0.001 0.003 0.002 0.000 0.005 0.001 0.001 0.001 0.000 0.000 0.002 0.000 0.000 0.001 0.148 0.010 0.010 0.000
0.028 0.000 0.010 0.010 0.003 0.001 0.001 0.001 0.003 0.003 0.002 0.003 0.005 0.002 0.003 0.003 0.005 0.014 0.003 0.029 0.005 0.003 0.002 0.002 0.002 0.003 0.001 0.001 0.002 0.005 0.002 0.000 0.001 0.001 0.010 0.003 0.000 0.005 0.001 0.010 0.005 0.000 0.000 0.010 0.001 0.000 0.000 0.000 0.000 0.000 0.001 0.010 0.001 0.001 0.000 0.000 0.000 0.001 0.001 0.002 0.003 0.000 0.001 0.001 0.002 0.005 0.001 0.002 0.000 0.000 0.000 0.001 0.010 0.155 0.002 0.008 0.000
0.000 0.044 0.010 0.010 0.001 0.000 0.001 0.001 0.000 0.001 0.000 0.001 0.002 0.002 0.001 0.002 0.000 0.002 0.001 0.002 0.002 0.002 0.001 0.002 0.002 0.001 0.012 0.002 0.003 0.002 0.009 0.002 0.002 0.001 0.001 0.001 0.001 0.000 0.001 0.003 0.005 0.010 0.010 0.010 0.000 0.000 0.000 0.000 0.000 0.001 0.001 0.000 0.001 0.000 0.000 0.000 0.002 0.001 0.003 0.003 0.000 0.000 0.002 0.001 0.001 0.001 0.001 0.000 0.000 0.000 0.001 0.003 0.548 0.000 0.000 0.010 0.000
0.010 0.010 0.023 0.010 0.000 0.000 0.003 0.005 0.005 0.005 0.001 0.001 0.000 0.000 0.000 0.001 0.002 0.001 0.001 0.002 0.003 0.001 0.000 0.003 0.010 0.003 0.003 0.003 0.003 0.002 0.002 0.002 0.001 0.001 0.001 0.001 0.001 0.002 0.001 0.003 0.003 0.018 0.001 0.001 0.001 0.003 0.003 0.001 0.002 0.008 0.005 0.002 0.001 0.001 0.000 0.001 0.010 0.001 0.000 0.001 0.001 0.011 0.003 0.010 0.000 0.001 0.001 0.001 0.000 0.000 0.000 0.001 0.000 0.001 0.231 0.000 0.000
0.010 0.010 0.006 0.001 0.001 0.001 0.002 0.001 0.001 0.002 0.003 0.002 0.001 0.000 0.001 0.002 0.002 0.002 0.001 0.000 0.010 0.005 0.003 0.003 0.005 0.001 0.005 0.000 0.001 0.000 0.000 0.000 0.003 0.004 0.001 0.001 0.001 0.005 0.002 0.005 0.001 0.005 0.005 0.003 0.003 0.003 0.001 0.001 0.002 0.001 0.002 0.001 0.001 0.002 0.001 0.001 0.005 0.001 0.000 0.000 0.002 0.000 0.010 0.010 0.010 0.003 0.005 0.000 0.000 0.001 0.001 0.000 0.000 0.001 0.000 0.000 0.010
0.010 0.002 0.006 0.001 0.002 0.006 0.005 0.002 0.001 0.003 0.000 0.000 0.001 0.001 0.000 0.001 0.003 0.010 0.031 0.003 0.002 0.001 0.003 0.010 0.084 0.031 0.010 0.005 0.005 0.005 0.003 0.010 0.005 0.003 0.000 0.000 0.000 0.001 0.001 0.010 0.004 0.010 0.086 0.037 0.010 0.010 0.010 0.033 0.010 0.012 0.010 0.001 0.003 0.000 0.002 0.001 0.001 0.001 0.005 0.010 0.004 0.001 0.008 0.001 0.003 0.005 0.010 0.010 0.000 0.001 0.001 0.001 0.001 0.002 0.001 0.003 0.000
0.010 0.010 0.001 0.000 0.000 0.002 0.003 0.001 0.005 0.003 0.010 0.001 0.001 0.001 0.001 0.001 0.010 0.047 0.113 0.010 0.010 0.001 0.001 0.040 0.000 0.003 0.005 0.001 0.010 0.000 0.004 0.009 0.005 0.001 0.000 0.000 0.000 0.001 0.002 0.010 0.004 0.010 0.010 0.010 0.010 0.010 0.136 0.141 0.010 0.003 0.010 0.001 0.001 0.000 0.003 0.000 0.001 0.001 0.000 0.001 0.001 0.011 0.001 0.001 0.002 0.002 0.003 0.002 0.005 0.003 0.001 0.001 0.000 0.001 0.001 0.000 0.000
0.010 0.002 0.001 0.001 0.010 0.002 0.005 0.001 0.001 0.001 0.000 0.000 0.001 0.001 0.000 0.003 0.010 0.102 0.010 0.010 0.001 0.001 0.000 0.006 0.010 0.010 0.003 0.010 0.010 0.010 0.007 0.002 0.006 0.000 0.002 0.000 0.001 0.001 0.001 0.001 0.001 0.010 0.010 0.010 0.010 0.010 0.132 0.181 0.010 0.001 0.002 0.000 0.005 0.010 0.001 0.000 0.000 0.000 0.000 0.001 0.001 0.000 0.005 0.000 0.001 0.001 0.001 0.003 0.002 0.003 0.003 0.005 0.000 0.004 0.001 0.001 0.000
0.003 0.005 0.000 0.001 0.001 0.001 0.000 0.002 0.003 0.001 0.001 0.001 0.000 0.000 0.002 0.003 0.010 0.010 0.086 0.079 0.003 0.002 0.005 0.003 0.003 0.005 0.005 0.005 0.133 0.005 0.000 0.005 0.002 0.002 0.010 0.003 0.038 0.003 0.002 0.001 0.001 0.010 0.010 0.022 0.010 0.010 0.010 0.010 0.005 0.001 0.000 0.002 0.000 0.000 0.000 0.000 0.000 0.001 0.000 0.000 0.000 0.001 0.001 0.002 0.002 0.001 0.002 0.010 0.008 0.002 0.003 0.003 0.002 0.003 0.010 0.010 0.000
0.005 0.005 0.005 0.002 0.002 0.000 0.000 0.001 0.001 0.000 0.001 0.010 0.004 0.000 0.003 0.003 0.010 0.093 0.010 0.010 0.002 0.001 0.003 0.010 0.002 0.005 0.000 0.002 0.005 0.002 0.006 0.015 0.010 0.001 0.010 0.005 0.000 0.003 0.002 0.005 0.001 0.010 0.056 0.010 0.010 0.010 0.010 0.010 0.002 0.001 0.000 0.002 0.000 0.000 0.000 0.000 0.001 0.000 0.000 0.001 0.001 0.001 0.000 0.001 0.000 0.000 0.001 0.010 0.005 0.003 0.010 0.002 0.003 0.005 0.004 0.005 0.001
0.001 0.064 0.010 0.010 0.006 0.002 0.001 0.001 0.001 0.000 0.001 0.007 0.004 0.003 0.002 0.002 0.049 0.005 0.010 0.010 0.002 0.001 0.003 0.005 0.002 0.011 0.002 0.001 0.005 0.002 0.011 0.005 0.000 0.001 0.002 0.001 0.000 0.002 0.003 0.002 0.005 0.010 0.010 0.239 0.010 0.010 0.010 0.010 0.010 0.000 0.000 0.000 0.000 0.000 0.001 0.001 0.001 0.001 0.003 0.005 0.000 0.003 0.001 0.000 0.001 0.000 0.000 0.000 0.002 0.001 0.040 0.019 0.002 0.001 0.005 0.005 0.001
0.002 0.010 0.010 0.002 0.002 0.001 0.003 0.001 0.000 0.000 0.001 0.001 0.006 0.010 0.010 0.003 0.000 0.000 0.010 0.000 0.001 0.001 0.001 0.001 0.001 0.003 0.000 0.010 0.000 0.002 0.005 0.008 0.003 0.001 0.010 0.010 0.002 0.006 0.010 0.002 0.000 0.010 0.339 0.036 0.010 0.010 0.029 0.010 0.002 0.010 0.005 0.001 0.001 0.005 0.005 0.010 0.000 0.000 0.003 0.010 0.003 0.010 0.001 0.002 0.000 0.001 0.000 0.000 0.001 0.001 0.001 0.004 0.005 0.010 0.010 0.002 0.002
0.010 0.006 0.002 0.002 0.001 0.004 0.001 0.000 0.001 0.010 0.020 0.002 0.010 0.004 0.000 0.000 0.003 0.000 0.052 0.000 0.001 0.003 0.001 0.000 0.000 0.001 0.000 0.001 0.001 0.001 0.001 0.000 0.005 0.001 0.002 0.001 0.001 0.006 0.002 0.002 0.935 0.010 0.328 0.073 0.010 0.273 0.010 0.010 0.002 0.000 0.005 0.005 0.005 0.000 0.002 0.010 0.012 0.010 0.003 0.006 0.000 0.005 0.002 0.000 0.010 0.004 0.000 0.000 0.001 0.005 0.003 0.000 0.000 0.000 0.001 0.001 0.000
0.002 0.014 0.002 0.004 0.001 0.001 0.001 0.001 0.001 0.010 0.001 0.009 0.000 0.000 0.001 0.000 0.001 0.000 0.000 0.000 0.010 0.010 0.002 0.001 0.000 0.000 0.000 0.001 0.001 0.000 0.000 0.001 0.001 0.000 0.001 0.001 0.005 0.166 0.002 0.001 0.882 0.000 0.729 0.163 0.010 0.035 0.010 0.011 0.003 0.000 0.010 0.003 0.005 0.006 0.025 0.041 0.003 0.010 0.011 0.002 0.003 0.003 0.004 0.000 0.000 0.000 0.002 0.000 0.001 0.001 0.000 0.000 0.000 0.000 0.021 0.000 0.001
0.002 0.031 0.001 0.002 0.001 0.002 0.002 0.010 0.010 0.010 0.008 0.000 0.000 0.000 0.000 0.001 0.000 0.000 0.000 0.000 0.001 0.010 0.001 0.000 0.000 0.000 0.000 0.000 0.000 0.000 0.002 0.002 0.005 0.005 0.001 0.001 0.001 0.209 0.335 0.517 0.017 0.010 0.030 0.000 0.012 0.010 0.014 0.010 0.010 0.010 0.003 0.010 0.005 0.000 0.000 0.005 0.010 0.005 0.005 0.070 0.003 0.002 0.003 0.001 0.000 0.000 0.000 0.001 0.000 0.000 0.000 0.000 0.000 0.000 0.000 0.000 0.000
0.001 0.000 0.001 0.000 0.001 0.001 0.006 0.007 0.010 0.010 0.006 0.000 0.000 0.000 0.001 0.010 0.000 0.000 0.010 0.010 0.001 0.082 0.010 0.000 0.000 0.000 0.001 0.000 0.000 0.006 0.016 0.001 0.002 0.060 0.002 0.000 0.000 0.002 0.001 0.001 0.130 0.005 0.000 0.010 0.811 0.000 0.497 0.003 0.005 0.010 0.012 0.000 0.002 0.003 0.002 0.002 0.005 0.004 0.004 0.003 0.005 0.000 0.000 0.002 0.000 0.001 0.000 0.001 0.000 0.000 0.000 0.000 0.000 0.000 0.000 0.001 0.001
0.002 0.002 0.004 0.004 0.001 0.002 0.004 0.196 0.013 0.010 0.001 0.001 0.000 0.000 0.002 0.002 0.000 0.000 0.000 0.006 0.002 0.001 0.000 0.001 0.000 0.000 0.001 0.001 0.000 0.001 0.000 0.002 0.003 0.003 0.001 0.001 0.002 0.001 0.054 0.010 0.010 0.011 0.001 0.003 0.000 0.000 0.611 0.000 0.010 0.010 0.005 0.001 0.000 0.010 0.005 0.017 0.000 0.002 0.001 0.000 0.000 0.005 0.010 0.055 0.000 0.001 0.001 0.001 0.003 0.000 0.000 0.000 0.010 0.001 0.001 0.008 0.010
0.001 0.001 0.002 0.010 0.058 0.002 0.055 0.010 0.010 0.010 0.001 0.001 0.000 0.002 0.002 0.003 0.010 0.059 0.000 0.000 0.002 0.000 0.001 0.001 0.000 0.000 0.002 0.001 0.003 0.010 0.010 0.010 0.002 0.001 0.002 0.000 0.001 0.002 0.001 0.010 0.010 0.000 0.010 0.006 0.003 0.003 0.005 0.002 0.083 0.000 0.010 0.010 0.075 0.010 0.010 0.001 0.001 0.001 0.009 0.002 0.001 0.002 0.002 0.019 0.010 0.000 0.005 0.000 0.000 0.000 0.001 0.001 0.010 0.002 0.002 0.002 0.008
0.001 0.004 0.004 0.002 0.001 0.001 0.001 0.003 0.031 0.010 0.010 0.016 0.051 0.000 0.010 0.010 0.001 0.006 0.010 0.000 0.010 0.002 0.000 0.000 0.000 0.000 0.001 0.003 0.010 0.010 0.002 0.001 0.003 0.002 0.001 0.000 0.002 0.001 0.060 0.010 0.010 0.000 0.000 0.010 0.003 0.001 0.001 0.001 0.000 0.010 0.130 0.000 0.010 0.010 0.010 0.023 0.010 0.002 0.000 0.000 0.001 0.001 0.010 0.005 0.002 0.002 0.001 0.003 0.000 0.000 0.000 0.009 0.001 0.001 0.000 0.021 0.002
0.002 0.001 0.001 0.004 0.002 0.001 0.002 0.006 0.010 0.010 0.010 0.050 0.000 0.001 0.034 0.005 0.000 0.001 0.000 0.001 0.004 0.010 0.003 0.003 0.000 0.001 0.002 0.010 0.034 0.010 0.000 0.001 0.000 0.001 0.000 0.000 0.002 0.002 0.002 0.002 0.000 0.000 0.000 0.010 0.000 0.010 0.004 0.005 0.007 0.002 0.010 0.010 0.124 0.000 0.010 0.010 0.010 0.003 0.000 0.000 0.000 0.008 0.010 0.001 0.003 0.001 0.001 0.000 0.000 0.001 0.001 0.000 0.001 0.010 0.010 0.002 0.039
0.004 0.004 0.003 0.002 0.002 0.003 0.003 0.003 0.007 0.010 0.042 0.066 0.000 0.000 0.001 0.002 0.001 0.002 0.001 0.002 0.003 0.001 0.001 0.003 0.001 0.001 0.003 0.010 0.010 0.001 0.004 0.001 0.000 0.001 0.000 0.001 0.002 0.001 0.001 0.003 0.010 0.010 0.010 0.000 0.000 0.000 0.001 0.002 0.001 0.002 0.001 0.007 0.010 0.010 0.205 0.000 0.159 0.010 0.010 0.003 0.001 0.010 0.042 0.016 0.002 0.005 0.001 0.001 0.000 0.000 0.000 0.000 0.000 0.010 0.005 0.002 0.010
0.004 0.004 0.002 0.001 0.002 0.002 0.003 0.006 0.001 0.064 0.161 0.000 0.000 0.000 0.001 0.001 0.002 0.001 0.002 0.002 0.006 0.001 0.000 0.002 0.001 0.001 0.000 0.000 0.000 0.000 0.001 0.001 0.001 0.000 0.000 0.001 0.002 0.005 0.000 0.005 0.000 0.000 0.010 0.010 0.010 0.010 0.001 0.001 0.063 0.010 0.010 0.010 0.008 0.001 0.010 0.010 0.010 0.000 0.129 0.010 0.005 0.010 0.010 0.010 0.010 0.001 0.000 0.000 0.000 0.000 0.000 0.000 0.000 0.001 0.001 0.003 0.010
0.001 0.003 0.002 0.010 0.004 0.003 0.001 0.003 0.002 0.001 0.075 0.001 0.002 0.001 0.001 0.001 0.006 0.000 0.000 0.010 0.010 0.000 0.001 0.001 0.006 0.000 0.000 0.000 0.000 0.000 0.000 0.002 0.000 0.003 0.005 0.010 0.093 0.010 0.000 0.002 0.000 0.000 0.066 0.000 0.010 0.001 0.016 0.002 0.001 0.014 0.129 0.000 0.002 0.001 0.002 0.005 0.010 0.010 0.010 0.000 0.265 0.010 0.010 0.080 0.002 0.001 0.001 0.000 0.000 0.000 0.000 0.000 0.000 0.001 0.000 0.010 0.000
0.002 0.006 0.003 0.000 0.002 0.004 0.010 0.010 0.047 0.000 0.067 0.003 0.004 0.001 0.001 0.001 0.002 0.002 0.006 0.003 0.003 0.000 0.000 0.001 0.000 0.001 0.000 0.001 0.000 0.000 0.000 0.000 0.003 0.005 0.010 0.001 0.001 0.001 0.001 0.002 0.010 0.010 0.000 0.000 0.000 0.003 0.010 0.003 0.001 0.005 0.049 0.037 0.000 0.000 0.000 0.002 0.001 0.008 0.010 0.010 0.010 0.000 0.461 0.010 0.001 0.000 0.005 0.000 0.000 0.000 0.000 0.000 0.000 0.001 0.001 0.000 0.000
0.010 0.010 0.010 0.010 0.006 0.001 0.006 0.000 0.000 0.074 0.002 0.000 0.010 0.001 0.001 0.003 0.001 0.003 0.001 0.001 0.005 0.002 0.001 0.002 0.000 0.004 0.000 0.000 0.001 0.000 0.002 0.010 0.005 0.108 0.005 0.001 0.002 0.002 0.001 0.001 0.000 0.010 0.010 0.010 0.010 0.001 0.004 0.000 0.000 0.003 0.010 0.005 0.010 0.001 0.005 0.005 0.001 0.001 0.002 0.004 0.010 0.010 0.010 0.000 0.000 0.034 0.000 0.001 0.000 0.000 0.000 0.000 0.001 0.004 0.000 0.000 0.000
0.010 0.010 0.010 0.000 0.003 0.014 0.000 0.062 0.010 0.000 0.000 0.001 0.001 0.000 0.000 0.010 0.000 0.000 0.000 0.001 0.001 0.001 0.005 0.002 0.002 0.003 0.002 0.005 0.000 0.000 0.003 0.010 0.010 0.002 0.005 0.001 0.005 0.002 0.005 0.051 0.000 0.048 0.000 0.000 0.005 0.003 0.036 0.010 0.005 0.010 0.000 0.010 0.001 0.000 0.005 0.005 0.002 0.000 0.003 0.002 0.004 0.002 0.005 0.001 0.008 0.000 0.010 0.002 0.000 0.000 0.000 0.000 0.000 0.000 0.080 0.001 0.000
0.010 0.002 0.000 0.003 0.008 0.000 0.009 0.006 0.000 0.002 0.003 0.000 0.000 0.001 0.000 0.000 0.002 0.001 0.000 0.003 0.001 0.000 0.000 0.000 0.002 0.003 0.001 0.001 0.005 0.003 0.010 0.003 0.010 0.001 0.002 0.002 0.005 0.002 0.005 0.010 0.000 0.000 0.000 0.000 0.001 0.001 0.012 0.010 0.001 0.003 0.001 0.001 0.009 0.001 0.010 0.000 0.060 0.001 0.003 0.000 0.001 0.002 0.002 0.000 0.000 0.001 0.005 0.000 0.356 0.010 0.000 0.000 0.000 0.001 0.001 0.001 0.002
0.001 0.002 0.002 0.000 0.010 0.004 0.010 0.000 0.000 0.000 0.000 0.001 0.002 0.000 0.000 0.001 0.000 0.000 0.001 0.001 0.000 0.002 0.000 0.002 0.001 0.001 0.003 0.009 0.010 0.001 0.005 0.002 0.005 0.001 0.001 0.002 0.005 0.002 0.003 0.010 0.010 0.002 0.000 0.005 0.005 0.002 0.018 0.095 0.072 0.000 0.001 0.000 0.000 0.000 0.000 0.001 0.001 0.000 0.003 0.002 0.000 0.001 0.001 0.002 0.002 0.001 0.002 0.001 0.010 0.000 0.000 0.014 0.001 0.010 0.000 0.000 0.000
0.007 0.188 0.000 0.010 0.006 0.010 0.010 0.000 0.001 0.001 0.002 0.057 0.010 0.010 0.002 0.006 0.000 0.000 0.001 0.006 0.001 0.000 0.000 0.001 0.001 0.002 0.001 0.010 0.005 0.000 0.000 0.015 0.002 0.003 0.010 0.003 0.005 0.002 0.001 0.002 0.001 0.001 0.002 0.004 0.008 0.000 0.000 0.063 0.036 0.002 0.001 0.000 0.000 0.000 0.000 0.000 0.001 0.008 0.003 0.002 0.002 0.001 0.078 0.010 0.000 0.004 0.001 0.003 0.003 0.001 0.002 0.000 0.000 0.001 0.000 0.000 0.010
0.000 0.010 0.010 0.001 0.010 0.010 0.001 0.000 0.001 0.000 0.002 0.069 0.010 0.010 0.001 0.000 0.000 0.000 0.001 0.003 0.000 0.000 0.000 0.000 0.001 0.000 0.001 0.110 0.010 0.010 0.002 0.001 0.000 0.003 0.002 0.012 0.003 0.002 0.001 0.001 0.001 0.001 0.001 0.001 0.002 0.003 0.003 0.002 0.000 0.001 0.000 0.000 0.000 0.000 0.010 0.001 0.001 0.001 0.010 0.009 0.002 0.000 0.010 0.000 0.000 0.000 0.001 0.001 0.001 0.000 0.000 0.001 0.003 0.000 0.000 0.001 0.000
