hx_30m/njhx/rain/result-0039.wd
ncols         211
nrows         286
xllcorner     660279.582600
yllcorner     3541874.325092
cellsize      30.000000
NODATA_value  -9999.000000
[rows 68 to 101 of 286, columns 77 to 153 of 211]
0.000 0.000 0.000 0.000 0.000 0.000 0.010 0.010 0.010 0.000 0.000 0.005 0.008 0.010 0.635 0.000 0.028 0.065 0.065 0.000 0.000 0.000 0.000 0.006 0.001 0.001 0.001 0.003 0.002 0.010 0.002 0.002 0.001 0.004 0.001 0.002 0.002 0.005 0.347 0.008 0.001 0.002 0.002 0.004 0.002 0.007 0.010 0.010 0.017 0.001 0.000 0.005 0.002 0.000 0.010 0.046 0.010 0.010 0.003 0.001 0.000 0.002 0.000 0.000 0.000 0.000 0.007 0.010 0.000 0.000 0.000 0.010 0.000 0.000 0.000 0.000 0.000
0.000 0.000 0.000 0.000 0.000 0.010 0.010 0.005 0.005 0.010 0.070 0.045 0.005 0.007 0.000 0.022 0.004 0.004 0.005 0.010 0.004 0.003 0.001 0.001 0.004 0.003 0.003 0.002 0.002 0.001 0.002 0.009 0.010 0.057 0.052 0.010 0.010 0.002 0.343 0.001 0.000 0.000 0.000 0.000 0.000 0.003 0.019 0.002 0.000 0.021 0.005 0.001 0.002 0.000 0.010 0.004 0.010 0.010 0.002 0.002 0.002 0.001 0.000 0.000 0.002 0.001 0.002 0.010 0.000 0.000 0.000 0.010 0.000 0.000 0.000 0.000 0.000
0.000 0.000 0.000 0.000 0.000 0.084 0.010 0.003 0.008 0.005 0.004 0.002 0.002 0.002 0.010 0.010 0.004 0.001 0.001 0.002 0.006 0.002 0.000 0.000 0.010 0.000 0.000 0.003 0.000 0.000 0.003 0.003 0.000 0.000 0.000 0.010 0.000 0.003 0.028 0.001 0.000 0.000 0.000 0.000 0.000 0.004 0.003 0.000 0.000 0.000 0.000 0.000 0.001 0.001 0.006 0.003 0.005 0.004 0.000 0.000 0.004 0.000 0.000 0.000 0.000 0.000 0.005 0.010 0.000 0.000 0.000 0.010 0.000 0.000 0.000 0.000 0.000
0.000 0.000 0.000 0.000 0.000 0.010 0.005 0.010 0.008 0.002 0.000 0.000 0.001 0.000 0.001 0.010 0.001 0.001 0.001 0.002 0.010 0.002 0.000 0.002 0.000 0.000 0.002 0.003 0.000 0.001 0.002 0.000 0.000 0.001 0.005 0.004 0.000 0.006 0.622 0.001 0.000 0.000 0.000 0.000 0.003 0.003 0.002 0.000 0.000 0.000 0.000 0.000 0.003 0.000 0.010 0.004 0.010 0.001 0.001 0.001 0.001 0.000 0.000 0.000 0.000 0.000 0.013 0.010 0.000 0.000 0.000 0.136 0.000 0.000 0.000 0.000 0.000
0.000 0.000 0.000 0.000 0.000 0.076 0.008 0.005 0.010 0.001 0.000 0.000 0.001 0.000 0.000 0.032 0.001 0.000 0.001 0.001 0.000 0.001 0.001 0.001 0.000 0.013 0.010 0.001 0.000 0.000 0.003 0.001 0.000 0.001 0.001 0.000 0.000 0.001 0.164 0.002 0.000 0.034 0.000 0.000 0.000 0.000 0.001 0.000 0.000 0.002 0.000 0.000 0.001 0.002 0.001 0.004 0.003 0.000 0.002 0.001 0.001 0.001 0.001 0.001 0.000 0.000 0.009 0.010 0.000 0.000 0.000 0.010 0.000 0.000 0.000 0.000 0.000
0.000 0.000 0.000 0.000 0.000 0.010 0.005 0.005 0.004 0.001 0.001 0.000 0.001 0.002 0.000 0.000 0.002 0.002 0.001 0.001 0.010 0.001 0.000 0.001 0.000 0.003 0.000 0.002 0.001 0.001 0.001 0.001 0.000 0.000 0.002 0.000 0.000 0.004 0.007 0.007 0.010 0.010 0.000 0.000 0.000 0.000 0.001 0.001 0.000 0.000 0.000 0.000 0.002 0.000 0.000 0.002 0.001 0.002 0.002 0.001 0.000 0.000 0.001 0.000 0.001 0.001 0.005 0.010 0.000 0.000 0.000 0.010 0.000 0.000 0.000 0.000 0.000
0.000 0.000 0.000 0.000 0.000 0.008 0.008 0.005 0.005 0.002 0.001 0.001 0.001 0.000 0.000 0.274 0.002 0.000 0.000 0.004 0.036 0.017 0.000 0.001 0.001 0.006 0.000 0.002 0.000 0.001 0.001 0.000 0.000 0.000 0.001 0.002 0.003 0.001 0.005 0.002 0.000 0.004 0.000 0.000 0.001 0.000 0.004 0.001 0.000 0.000 0.000 0.000 0.002 0.000 0.002 0.001 0.000 0.001 0.001 0.000 0.000 0.000 0.000 0.001 0.001 0.003 0.005 0.010 0.000 0.000 0.000 0.010 0.000 0.000 0.000 0.000 0.000
0.000 0.000 0.000 0.000 0.096 0.008 0.008 0.005 0.005 0.002 0.011 0.004 0.002 0.001 0.001 0.010 0.010 0.001 0.000 0.000 0.002 0.002 0.000 0.000 0.000 0.008 0.002 0.002 0.003 0.002 0.004 0.002 0.002 0.002 0.004 0.002 0.003 0.001 0.005 0.002 0.010 0.007 0.000 0.000 0.000 0.002 0.002 0.002 0.002 0.002 0.002 0.001 0.004 0.000 0.000 0.000 0.001 0.001 0.000 0.000 0.000 0.000 0.000 0.002 0.000 0.005 0.007 0.010 0.000 0.000 0.000 0.000 0.000 0.000 0.000 0.000 0.000
0.000 0.000 0.000 0.000 0.010 0.005 0.008 0.008 0.006 0.010 0.002 0.002 0.031 0.004 0.000 0.000 0.123 0.000 0.000 0.000 0.001 0.001 0.001 0.001 0.000 0.000 0.000 0.005 0.000 0.010 0.004 0.001 0.001 0.000 0.002 0.000 0.006 0.001 0.003 0.002 0.010 0.010 0.000 0.000 0.000 0.000 0.004 0.003 0.001 0.001 0.001 0.000 0.002 0.007 0.003 0.000 0.003 0.000 0.000 0.000 0.000 0.001 0.001 0.000 0.000 0.002 0.010 0.010 0.000 0.000 0.000 0.000 0.000 0.000 0.000 0.000 0.000
0.000 0.000 0.000 0.000 0.010 0.007 0.008 0.010 0.006 0.001 0.001 0.001 0.002 0.000 0.001 0.000 0.000 0.001 0.002 0.002 0.001 0.004 0.010 0.002 0.002 0.000 0.000 0.008 0.002 0.001 0.001 0.001 0.007 0.005 0.004 0.000 0.010 0.001 0.002 0.004 0.010 0.010 0.000 0.000 0.000 0.000 0.000 0.000 0.001 0.001 0.002 0.000 0.000 0.001 0.000 0.003 0.001 0.000 0.000 0.000 0.000 0.001 0.001 0.001 0.001 0.002 0.006 0.077 0.000 0.000 0.000 0.000 0.000 0.000 0.000 0.000 0.000
0.000 0.000 0.000 0.000 0.010 0.010 0.010 0.010 0.003 0.000 0.001 0.000 0.001 0.002 0.002 0.000 0.004 0.006 0.000 0.000 0.001 0.004 0.000 0.001 0.001 0.000 0.000 0.008 0.000 0.000 0.001 0.001 0.002 0.004 0.005 0.000 0.010 0.003 0.010 0.003 0.010 0.010 0.000 0.000 0.000 0.000 0.000 0.002 0.001 0.000 0.000 0.001 0.001 0.002 0.002 0.003 0.002 0.001 0.001 0.000 0.000 0.001 0.001 0.000 0.002 0.006 0.006 0.010 0.000 0.000 0.000 0.041 0.000 0.000 0.000 0.000 0.000
0.000 0.000 0.000 0.000 0.010 0.005 0.010 0.006 0.003 0.000 0.001 0.000 0.000 0.002 0.000 0.000 0.001 0.005 0.010 0.000 0.026 0.021 0.010 0.002 0.002 0.000 0.000 0.003 0.000 0.001 0.001 0.001 0.002 0.000 0.000 0.000 0.000 0.001 0.005 0.002 0.048 0.010 0.000 0.000 0.001 0.007 0.000 0.010 0.001 0.001 0.001 0.000 0.000 0.004 0.003 0.000 0.000 0.000 0.002 0.001 0.001 0.001 0.000 0.002 0.000 0.003 0.006 0.010 0.000 0.000 0.105 0.000 0.000 0.000 0.000 0.000 0.000
0.000 0.000 0.000 0.096 0.010 0.005 0.010 0.010 0.013 0.000 0.000 0.000 0.000 0.001 0.000 0.000 0.001 0.006 0.000 0.000 0.003 0.010 0.000 0.003 0.010 0.010 0.001 0.002 0.000 0.000 0.001 0.001 0.001 0.000 0.000 0.000 0.010 0.002 0.005 0.002 0.010 0.010 0.000 0.000 0.002 0.003 0.000 0.014 0.003 0.012 0.004 0.005 0.002 0.002 0.000 0.000 0.001 0.001 0.008 0.003 0.000 0.002 0.004 0.002 0.001 0.004 0.006 0.128 0.000 0.000 0.010 0.000 0.000 0.000 0.000 0.000 0.000
0.000 0.000 0.000 0.010 0.044 0.006 0.010 0.008 0.005 0.000 0.000 0.000 0.004 0.001 0.000 0.000 0.000 0.000 0.003 0.000 0.004 0.010 0.103 0.010 0.010 0.010 0.003 0.025 0.000 0.014 0.001 0.001 0.001 0.000 0.000 0.000 0.000 0.001 0.005 0.004 0.010 0.010 0.000 0.000 0.000 0.016 0.000 0.012 0.000 0.010 0.000 0.000 0.000 0.004 0.000 0.000 0.000 0.000 0.000 0.002 0.001 0.000 0.000 0.000 0.000 0.003 0.008 0.000 0.000 0.000 0.010 0.000 0.000 0.000 0.000 0.000 0.000
0.000 0.000 0.087 0.010 0.010 0.006 0.010 0.006 0.146 0.000 0.000 0.000 0.000 0.001 0.000 0.000 0.001 0.004 0.045 0.000 0.000 0.000 0.373 0.307 0.000 0.000 0.000 0.010 0.000 0.022 0.008 0.010 0.017 0.000 0.000 0.010 0.003 0.002 0.008 0.003 0.005 0.008 0.007 0.009 0.004 0.010 0.000 0.008 0.000 0.010 0.010 0.000 0.002 0.004 0.000 0.000 0.000 0.000 0.001 0.001 0.000 0.000 0.000 0.000 0.000 0.003 0.008 0.000 0.000 0.000 0.010 0.000 0.000 0.000 0.000 0.000 0.000
0.000 0.000 0.010 0.010 0.010 0.005 0.010 0.006 0.235 0.339 0.000 0.000 0.000 0.000 0.000 0.000 0.000 0.002 0.094 0.008 0.139 0.072 0.003 0.022 0.002 0.006 0.003 0.085 0.010 0.208 0.010 0.010 0.003 0.004 0.003 0.010 0.002 0.001 0.002 0.002 0.003 0.004 0.006 0.003 0.000 0.000 0.000 0.008 0.041 0.010 0.001 0.001 0.002 0.005 0.001 0.001 0.001 0.002 0.005 0.000 0.000 0.003 0.000 0.001 0.000 0.003 0.010 0.000 0.000 0.000 0.113 0.000 0.000 0.000 0.000 0.000 0.000
0.000 0.000 0.008 0.008 0.008 0.004 0.008 0.004 0.328 0.000 0.000 0.000 0.349 0.035 0.495 0.028 0.109 0.272 0.051 0.015 0.010 0.010 0.102 0.090 0.033 0.010 0.054 0.032 0.000 0.000 0.000 0.000 0.001 0.000 0.002 0.010 0.342 0.002 0.005 0.002 0.010 0.000 0.004 0.004 0.001 0.001 0.008 0.010 0.015 0.010 0.000 0.001 0.000 0.002 0.001 0.002 0.003 0.000 0.000 0.002 0.010 0.001 0.001 0.000 0.000 0.002 0.010 0.000 0.000 0.000 0.010 0.000 0.000 0.000 0.000 0.000 0.000
0.000 0.061 0.010 0.118 0.115 0.002 0.010 0.026 0.000 0.000 0.000 0.000 0.000 0.000 0.000 0.000 0.001 0.004 0.001 0.002 0.000 0.000 0.001 0.000 0.001 0.000 0.000 0.038 0.001 0.000 0.002 0.004 0.007 0.010 0.002 0.006 0.010 0.004 0.003 0.001 0.000 0.003 0.002 0.008 0.003 0.000 0.004 0.010 0.014 0.010 0.026 0.054 0.000 0.008 0.010 0.010 0.008 0.010 0.000 0.001 0.001 0.001 0.000 0.000 0.002 0.010 0.010 0.000 0.000 0.000 0.000 0.000 0.000 0.000 0.000 0.000 0.000
0.074 0.010 0.010 0.010 0.008 0.006 0.010 0.000 0.000 0.000 0.000 0.000 0.000 0.000 0.000 0.000 0.003 0.004 0.002 0.010 0.002 0.003 0.004 0.001 0.002 0.009 0.002 0.005 0.001 0.001 0.001 0.001 0.005 0.000 0.009 0.010 0.011 0.002 0.005 0.003 0.000 0.004 0.006 0.000 0.002 0.001 0.003 0.010 0.015 0.023 0.000 0.000 0.000 0.005 0.010 0.010 0.008 0.010 0.010 0.002 0.001 0.001 0.000 0.000 0.012 0.010 0.008 0.000 0.000 0.000 0.000 0.000 0.000 0.000 0.000 0.000 0.000
0.010 0.010 0.010 0.010 0.006 0.008 0.053 0.000 0.001 0.001 0.000 0.000 0.000 0.000 0.000 0.000 0.006 0.000 0.001 0.010 0.005 0.002 0.010 0.058 0.003 0.001 0.000 0.001 0.002 0.002 0.001 0.003 0.002 0.010 0.010 0.010 0.005 0.001 0.003 0.002 0.000 0.009 0.010 0.000 0.001 0.001 0.004 0.059 0.013 0.108 0.114 0.000 0.177 0.005 0.010 0.010 0.010 0.005 0.005 0.010 0.010 0.001 0.004 0.008 0.000 0.010 0.007 0.000 0.000 0.000 0.000 0.000 0.000 0.000 0.000 0.000 0.000
0.010 0.010 0.010 0.010 0.006 0.008 0.010 0.003 0.001 0.000 0.000 0.000 0.000 0.000 0.000 0.000 0.000 0.008 0.002 0.010 0.002 0.001 0.000 0.001 0.002 0.002 0.000 0.003 0.000 0.000 0.002 0.006 0.002 0.002 0.011 0.000 0.000 0.001 0.003 0.006 0.000 0.000 0.007 0.000 0.001 0.004 0.000 0.020 0.014 0.076 0.094 0.240 0.217 0.002 0.003 0.008 0.003 0.000 0.000 0.003 0.001 0.001 0.010 0.010 0.010 0.010 0.004 0.006 0.000 0.000 0.000 0.038 0.000 0.000 0.000 0.000 0.000
0.010 0.173 0.010 0.058 0.005 0.008 0.003 0.001 0.001 0.000 0.001 0.010 0.000 0.000 0.000 0.000 0.001 0.002 0.002 0.004 0.000 0.000 0.004 0.003 0.001 0.002 0.004 0.005 0.000 0.000 0.008 0.008 0.010 0.000 0.000 0.003 0.010 0.002 0.004 0.004 0.005 0.003 0.004 0.002 0.002 0.003 0.001 0.012 0.003 0.000 0.000 0.000 0.000 0.287 0.003 0.002 0.008 0.008 0.006 0.004 0.004 0.058 0.008 0.010 0.010 0.010 0.008 0.002 0.000 0.000 0.000 0.000 0.037 0.000 0.000 0.000 0.000
0.010 0.030 0.115 0.010 0.004 0.010 0.001 0.000 0.001 0.002 0.002 0.001 0.001 0.001 0.000 0.001 0.002 0.008 0.004 0.002 0.002 0.004 0.002 0.003 0.004 0.002 0.005 0.005 0.004 0.007 0.003 0.005 0.010 0.003 0.003 0.003 0.002 0.002 0.002 0.010 0.009 0.011 0.005 0.004 0.004 0.006 0.003 0.011 0.012 0.015 0.182 0.017 0.153 0.199 0.059 0.081 0.210 0.010 0.051 0.266 0.216 0.168 0.258 0.148 0.140 0.010 0.010 0.010 0.010 0.000 0.000 0.000 0.000 0.035 0.000 0.000 0.000
0.010 0.010 0.010 0.010 0.002 0.010 0.001 0.001 0.001 0.001 0.001 0.010 0.001 0.001 0.000 0.001 0.000 0.000 0.004 0.010 0.000 0.004 0.004 0.005 0.001 0.001 0.000 0.005 0.004 0.004 0.000 0.001 0.010 0.001 0.001 0.000 0.000 0.002 0.001 0.010 0.000 0.000 0.000 0.000 0.000 0.000 0.000 0.000 0.014 0.000 0.000 0.000 0.000 0.000 0.008 0.010 0.010 0.010 0.006 0.004 0.003 0.004 0.007 0.010 0.008 0.000 0.373 0.008 0.003 0.008 0.000 0.000 0.000 0.000 0.031 0.000 0.000
0.010 0.010 0.010 0.010 0.004 0.010 0.000 0.000 0.000 0.004 0.000 0.000 0.001 0.001 0.000 0.001 0.002 0.002 0.002 0.001 0.002 0.000 0.003 0.000 0.001 0.000 0.003 0.007 0.000 0.000 0.010 0.007 0.031 0.001 0.001 0.007 0.000 0.001 0.004 0.007 0.000 0.000 0.016 0.001 0.000 0.001 0.000 0.001 0.003 0.003 0.001 0.002 0.003 0.001 0.001 0.001 0.000 0.001 0.000 0.000 0.000 0.002 0.010 0.000 0.003 0.000 0.095 0.003 0.002 0.005 0.008 0.000 0.000 0.000 0.000 0.032 0.000
0.010 0.010 0.010 0.010 0.004 0.089 0.000 0.004 0.007 0.000 0.000 0.000 0.000 0.002 0.002 0.002 0.001 0.002 0.000 0.000 0.003 0.004 0.000 0.000 0.005 0.005 0.003 0.003 0.000 0.000 0.042 0.143 0.109 0.022 0.010 0.005 0.002 0.002 0.007 0.007 0.010 0.000 0.005 0.003 0.004 0.000 0.001 0.001 0.001 0.000 0.002 0.000 0.006 0.000 0.000 0.016 0.001 0.004 0.001 0.001 0.001 0.001 0.001 0.010 0.006 0.002 0.048 0.000 0.001 0.003 0.005 0.005 0.000 0.000 0.000 0.000 0.034
0.010 0.010 0.010 0.047 0.003 0.010 0.002 0.002 0.002 0.000 0.000 0.000 0.009 0.000 0.000 0.000 0.007 0.001 0.000 0.000 0.007 0.008 0.010 0.010 0.004 0.002 0.002 0.002 0.000 0.000 0.000 0.000 0.016 0.034 0.105 0.000 0.015 0.003 0.010 0.007 0.149 0.010 0.005 0.002 0.001 0.002 0.002 0.002 0.003 0.000 0.001 0.002 0.001 0.000 0.001 0.000 0.002 0.004 0.005 0.005 0.001 0.001 0.000 0.000 0.002 0.000 0.032 0.002 0.010 0.004 0.002 0.006 0.008 0.000 0.000 0.000 0.000
0.010 0.010 0.010 0.005 0.007 0.005 0.002 0.000 0.006 0.005 0.010 0.010 0.005 0.010 0.010 0.008 0.001 0.002 0.000 0.000 0.003 0.010 0.010 0.010 0.002 0.000 0.000 0.005 0.003 0.000 0.001 0.000 0.011 0.010 0.010 0.010 0.019 0.003 0.004 0.010 0.000 0.000 0.010 0.010 0.000 0.003 0.001 0.000 0.003 0.001 0.002 0.001 0.005 0.000 0.001 0.000 0.001 0.003 0.002 0.004 0.000 0.001 0.000 0.008 0.880 0.002 0.020 0.010 0.003 0.002 0.023 0.010 0.004 0.010 0.000 0.000 0.000
0.000 0.000 0.010 0.004 0.007 0.005 0.005 0.004 0.007 0.003 0.000 0.000 0.002 0.010 0.041 0.010 0.003 0.001 0.001 0.002 0.006 0.010 0.004 0.004 0.002 0.000 0.000 0.003 0.006 0.010 0.007 0.005 0.009 0.002 0.000 0.000 0.010 0.010 0.003 0.020 0.000 0.000 0.006 0.002 0.002 0.001 0.001 0.001 0.003 0.001 0.001 0.002 0.003 0.000 0.002 0.000 0.000 0.000 0.000 0.000 0.000 0.000 0.000 0.067 0.010 0.011 0.011 0.000 0.006 0.006 0.004 0.000 0.001 0.003 0.006 0.000 0.000
0.010 0.010 0.010 0.005 0.007 0.010 0.008 0.064 0.003 0.001 0.001 0.008 0.001 0.003 0.007 0.000 0.002 0.001 0.003 0.000 0.000 0.000 0.002 0.000 0.001 0.000 0.000 0.004 0.000 0.010 0.010 0.010 0.005 0.001 0.000 0.012 0.000 0.003 0.005 0.010 0.000 0.000 0.010 0.000 0.001 0.001 0.000 0.000 0.001 0.215 0.010 0.001 0.003 0.000 0.004 0.000 0.000 0.000 0.000 0.000 0.000 0.000 0.000 0.008 0.036 0.000 0.200 0.008 0.005 0.002 0.010 0.009 0.002 0.001 0.003 0.006 0.000
0.000 0.000 0.008 0.003 0.008 0.010 0.010 0.000 0.010 0.000 0.000 0.005 0.000 0.000 0.002 0.000 0.001 0.007 0.005 0.000 0.002 0.002 0.001 0.000 0.002 0.002 0.000 0.003 0.000 0.030 0.010 0.034 0.010 0.003 0.000 0.010 0.000 0.003 0.002 0.010 0.000 0.000 0.010 0.003 0.003 0.005 0.008 0.008 0.007 0.663 0.000 0.001 0.000 0.000 0.003 0.000 0.000 0.000 0.000 0.000 0.000 0.001 0.000 0.000 0.001 0.001 0.011 0.003 0.002 0.000 0.000 0.001 0.006 0.001 0.001 0.002 0.008
0.000 0.010 0.062 0.010 0.010 0.010 0.055 0.004 0.003 0.010 0.003 0.002 0.005 0.004 0.003 0.002 0.001 0.003 0.002 0.002 0.001 0.002 0.003 0.001 0.002 0.002 0.001 0.004 0.004 0.004 0.001 0.001 0.002 0.002 0.006 0.005 0.037 0.002 0.004 0.009 0.001 0.001 0.005 0.002 0.008 0.006 0.005 0.008 0.004 0.310 0.000 0.000 0.000 0.000 0.002 0.000 0.000 0.000 0.000 0.002 0.000 0.001 0.000 0.002 0.003 0.008 0.086 0.006 0.002 0.001 0.005 0.010 0.010 0.002 0.001 0.000 0.002
0.000 0.000 0.010 0.005 0.010 0.010 0.005 0.001 0.001 0.000 0.001 0.000 0.002 0.007 0.001 0.000 0.000 0.010 0.005 0.000 0.002 0.010 0.010 0.010 0.010 0.010 0.010 0.003 0.007 0.010 0.000 0.000 0.000 0.001 0.001 0.003 0.003 0.007 0.005 0.005 0.001 0.001 0.001 0.010 0.002 0.002 0.003 0.003 0.162 0.176 0.249 0.075 0.077 0.019 0.027 0.067 0.118 0.155 0.217 0.010 0.002 0.001 0.006 0.002 0.001 0.006 0.006 0.001 0.001 0.003 0.001 0.003 0.003 0.002 0.001 0.001 0.002
0.036 0.043 0.010 0.005 0.010 0.008 0.001 0.000 0.000 0.001 0.001 0.003 0.001 0.001 0.000 0.000 0.000 0.010 0.005 0.004 0.003 0.010 0.010 0.010 0.010 0.010 0.208 0.002 0.001 0.001 0.000 0.001 0.000 0.002 0.002 0.004 0.002 0.005 0.006 0.010 0.000 0.003 0.005 0.010 0.000 0.002 0.002 0.000 0.002 0.010 0.358 0.000 0.010 0.032 0.032 0.036 0.013 0.010 0.005 0.001 0.001 0.001 0.001 0.005 0.002 0.002 0.002 0.001 0.002 0.009 0.002 0.005 0.010 0.002 0.002 0.007 0.000
