hx_30m/njhx/rain/result-0019.wd
ncols         211
nrows         286
xllcorner     660279.582600
yllcorner     3541874.325092
cellsize      30.000000
NODATA_value  -9999.000000
[rows 204 to 237 of 286, columns 0 to 76 of 211]
0.000 0.000 0.000 0.000 0.000 0.000 0.000 0.000 0.000 0.000 0.000 0.000 0.000 0.000 0.000 0.010 0.009 0.010 0.000 0.002 0.004 0.003 0.003 0.007 0.010 0.010 0.010 0.017 0.002 0.010 0.010 0.024 0.000 0.005 0.008 0.004 0.006 0.006 0.010 0.010 0.026 0.000 0.010 0.088 0.006 0.010 0.005 0.006 0.005 0.010 0.000 0.006 0.000 0.005 0.008 0.006 0.008 0.006 0.000 0.000 0.004 0.003 0.003 0.002 0.000 0.001 0.002 0.002 0.000 0.008 0.008 0.003 0.003 0.007 0.010 0.010 0.000
0.000 0.000 0.000 0.000 0.000 0.000 0.000 0.000 0.000 0.000 0.000 0.000 0.000 0.000 0.024 0.010 0.010 0.003 0.001 0.004 0.003 0.010 0.004 0.010 0.008 0.008 0.010 0.010 0.002 0.008 0.010 0.010 0.000 0.010 0.010 0.006 0.008 0.008 0.010 0.008 0.004 0.000 0.010 0.010 0.010 0.010 0.010 0.005 0.006 0.005 0.008 0.010 0.005 0.006 0.009 0.004 0.003 0.003 0.000 0.002 0.000 0.000 0.000 0.002 0.008 0.005 0.008 0.000 0.005 0.005 0.000 0.008 0.006 0.007 0.000 0.073 0.004
0.000 0.000 0.000 0.000 0.000 0.000 0.000 0.000 0.000 0.000 0.000 0.000 0.000 0.000 0.010 0.023 0.004 0.004 0.005 0.004 0.010 0.010 0.004 0.010 0.006 0.017 0.010 0.005 0.010 0.006 0.010 0.010 0.000 0.007 0.010 0.007 0.004 0.008 0.010 0.005 0.000 0.037 0.010 0.010 0.010 0.010 0.010 0.008 0.008 0.004 0.004 0.005 0.003 0.004 0.004 0.004 0.003 0.003 0.003 0.000 0.000 0.003 0.003 0.004 0.010 0.010 0.010 0.010 0.008 0.007 0.010 0.005 0.010 0.000 0.015 0.010 0.018
0.000 0.000 0.000 0.000 0.000 0.000 0.000 0.000 0.000 0.000 0.000 0.000 0.000 0.000 0.010 0.010 0.005 0.010 0.004 0.003 0.010 0.005 0.010 0.005 0.006 0.003 0.003 0.006 0.006 0.004 0.004 0.008 0.008 0.010 0.010 0.010 0.008 0.006 0.002 0.005 0.010 0.055 0.010 0.010 0.010 0.010 0.010 0.007 0.003 0.000 0.003 0.004 0.004 0.006 0.005 0.003 0.010 0.000 0.000 0.000 0.000 0.002 0.001 0.003 0.010 0.010 0.010 0.010 0.005 0.008 0.010 0.000 0.010 0.006 0.007 0.000 0.007
0.000 0.000 0.000 0.000 0.000 0.000 0.000 0.000 0.000 0.000 0.000 0.000 0.000 0.000 0.010 0.010 0.004 0.007 0.007 0.020 0.007 0.008 0.010 0.006 0.010 0.006 0.006 0.004 0.010 0.006 0.008 0.000 0.006 0.010 0.007 0.003 0.003 0.004 0.006 0.010 0.010 0.039 0.010 0.010 0.010 0.010 0.008 0.005 0.000 0.010 0.004 0.005 0.010 0.000 0.002 0.004 0.005 0.003 0.008 0.002 0.002 0.004 0.004 0.010 0.008 0.010 0.010 0.007 0.006 0.010 0.000 0.010 0.010 0.002 0.000 0.004 0.000
0.000 0.000 0.000 0.000 0.000 0.000 0.000 0.000 0.000 0.000 0.000 0.000 0.000 0.010 0.008 0.004 0.010 0.010 0.010 0.006 0.010 0.010 0.008 0.008 0.002 0.010 0.008 0.010 0.005 0.006 0.013 0.000 0.008 0.010 0.006 0.003 0.000 0.002 0.006 0.010 0.010 0.010 0.010 0.010 0.010 0.010 0.006 0.006 0.007 0.005 0.000 0.052 0.010 0.000 0.000 0.002 0.004 0.006 0.005 0.006 0.002 0.003 0.004 0.010 0.010 0.010 0.015 0.000 0.000 0.185 0.071 0.004 0.004 0.006 0.000 0.004 0.004
0.000 0.000 0.000 0.000 0.000 0.000 0.000 0.000 0.000 0.000 0.000 0.000 0.030 0.010 0.008 0.005 0.016 0.010 0.010 0.005 0.010 0.010 0.008 0.005 0.006 0.010 0.010 0.005 0.000 0.010 0.000 0.017 0.010 0.008 0.008 0.001 0.000 0.002 0.003 0.010 0.006 0.010 0.010 0.010 0.010 0.010 0.006 0.004 0.008 0.007 0.003 0.010 0.000 0.000 0.000 0.025 0.000 0.007 0.006 0.004 0.053 0.010 0.010 0.004 0.010 0.016 0.010 0.010 0.010 0.038 0.004 0.006 0.003 0.000 0.003 0.002 0.003
0.000 0.000 0.000 0.000 0.000 0.000 0.000 0.000 0.000 0.000 0.000 0.000 0.010 0.010 0.004 0.015 0.010 0.010 0.003 0.010 0.010 0.010 0.010 0.010 0.005 0.010 0.002 0.006 0.000 0.000 0.000 0.006 0.010 0.007 0.004 0.000 0.001 0.001 0.002 0.007 0.017 0.008 0.010 0.010 0.010 0.006 0.006 0.008 0.010 0.007 0.000 0.005 0.000 0.000 0.002 0.010 0.000 0.000 0.000 0.006 0.006 0.003 0.086 0.010 0.249 0.010 0.000 0.010 0.010 0.102 0.008 0.005 0.005 0.005 0.005 0.003 0.010
0.000 0.000 0.000 0.000 0.000 0.000 0.000 0.000 0.000 0.000 0.000 0.000 0.010 0.010 0.004 0.010 0.010 0.010 0.006 0.006 0.010 0.010 0.010 0.011 0.004 0.010 0.003 0.008 0.000 0.000 0.000 0.008 0.010 0.008 0.006 0.003 0.001 0.010 0.005 0.003 0.000 0.003 0.004 0.011 0.009 0.011 0.005 0.010 0.010 0.010 0.009 0.003 0.000 0.000 0.002 0.006 0.005 0.004 0.007 0.007 0.006 0.000 0.005 0.084 0.010 0.010 0.010 0.023 0.006 0.000 0.008 0.003 0.006 0.002 0.003 0.002 0.000
0.000 0.000 0.000 0.000 0.000 0.000 0.000 0.000 0.000 0.000 0.000 0.000 0.016 0.005 0.010 0.010 0.106 0.010 0.007 0.010 0.010 0.010 0.008 0.010 0.003 0.010 0.005 0.007 0.000 0.010 0.000 0.008 0.007 0.010 0.004 0.002 0.002 0.003 0.000 0.000 0.004 0.000 0.000 0.000 0.005 0.010 0.000 0.005 0.008 0.007 0.000 0.004 0.005 0.003 0.010 0.009 0.004 0.006 0.005 0.003 0.005 0.008 0.000 0.491 0.010 0.010 0.010 0.010 0.010 0.010 0.005 0.000 0.000 0.007 0.005 0.000 0.000
0.000 0.000 0.000 0.000 0.000 0.000 0.000 0.000 0.000 0.000 0.000 0.010 0.004 0.003 0.010 0.010 0.010 0.010 0.006 0.010 0.010 0.007 0.008 0.006 0.025 0.010 0.008 0.003 0.010 0.263 0.010 0.010 0.030 0.010 0.002 0.007 0.006 0.007 0.005 0.000 0.005 0.005 0.011 0.003 0.004 0.004 0.006 0.003 0.009 0.005 0.006 0.000 0.006 0.019 0.003 0.000 0.006 0.004 0.006 0.009 0.009 0.000 0.016 0.010 0.010 0.010 0.010 0.000 0.010 0.009 0.148 0.014 0.010 0.000 0.000 0.000 0.010
0.000 0.000 0.000 0.000 0.000 0.000 0.000 0.000 0.000 0.000 0.000 0.021 0.010 0.003 0.012 0.010 0.010 0.005 0.010 0.010 0.010 0.007 0.005 0.008 0.010 0.010 0.023 0.010 0.010 0.000 0.007 0.010 0.007 0.007 0.003 0.003 0.007 0.005 0.009 0.004 0.009 0.000 0.000 0.004 0.004 0.004 0.006 0.005 0.006 0.005 0.007 0.000 0.009 0.007 0.007 0.010 0.010 0.010 0.009 0.000 0.039 0.010 0.010 0.021 0.000 0.006 0.015 0.007 0.006 0.000 0.007 0.005 0.020 0.003 0.005 0.010 0.010
0.000 0.000 0.000 0.000 0.000 0.000 0.000 0.000 0.000 0.000 0.062 0.010 0.010 0.010 0.010 0.010 0.010 0.006 0.010 0.010 0.010 0.007 0.002 0.005 0.010 0.010 0.010 0.010 0.005 0.000 0.023 0.010 0.007 0.004 0.002 0.006 0.004 0.004 0.000 0.004 0.009 0.023 0.010 0.005 0.004 0.000 0.000 0.005 0.006 0.004 0.075 0.006 0.009 0.007 0.002 0.005 0.007 0.008 0.000 0.015 0.010 0.010 0.000 0.000 0.007 0.010 0.000 0.000 0.004 0.006 0.007 0.005 0.008 0.003 0.003 0.004 0.005
0.000 0.000 0.000 0.000 0.000 0.000 0.000 0.000 0.000 0.000 0.010 0.010 0.010 0.010 0.010 0.010 0.010 0.005 0.010 0.010 0.010 0.010 0.006 0.004 0.010 0.010 0.005 0.003 0.000 0.134 0.007 0.008 0.008 0.000 0.000 0.003 0.034 0.010 0.010 0.005 0.003 0.005 0.002 0.004 0.005 0.005 0.010 0.010 0.003 0.005 0.000 0.003 0.007 0.004 0.007 0.009 0.000 0.035 0.010 0.031 0.010 0.000 0.000 0.010 0.009 0.007 0.007 0.006 0.007 0.007 0.005 0.004 0.006 0.003 0.000 0.004 0.003
0.000 0.000 0.000 0.000 0.000 0.000 0.000 0.000 0.000 0.000 0.010 0.010 0.010 0.010 0.010 0.010 0.010 0.008 0.010 0.018 0.000 0.010 0.029 0.010 0.006 0.007 0.003 0.000 0.025 0.005 0.010 0.008 0.010 0.004 0.005 0.010 0.010 0.010 0.030 0.009 0.007 0.003 0.002 0.007 0.007 0.006 0.009 0.007 0.006 0.008 0.003 0.002 0.006 0.007 0.010 0.000 0.009 0.010 0.000 0.010 0.010 0.000 0.010 0.009 0.005 0.006 0.000 0.003 0.000 0.005 0.007 0.005 0.004 0.004 0.005 0.009 0.004
0.000 0.000 0.000 0.000 0.000 0.000 0.000 0.000 0.000 0.000 0.000 0.010 0.036 0.010 0.010 0.010 0.010 0.010 0.018 0.000 0.000 0.000 0.010 0.025 0.000 0.000 0.026 0.007 0.007 0.008 0.010 0.010 0.010 0.000 0.000 0.007 0.007 0.000 0.005 0.005 0.007 0.002 0.004 0.003 0.007 0.010 0.010 0.011 0.005 0.004 0.003 0.002 0.003 0.000 0.033 0.006 0.005 0.003 0.004 0.000 0.010 0.010 0.010 0.009 0.009 0.006 0.007 0.004 0.006 0.009 0.007 0.008 0.006 0.000 0.000 0.004 0.003
0.000 0.000 0.000 0.000 0.000 0.000 0.000 0.000 0.000 0.000 0.000 0.000 0.000 0.000 0.084 0.010 0.010 0.010 0.000 0.000 0.000 0.000 0.000 0.010 0.000 0.010 0.008 0.007 0.010 0.005 0.010 0.008 0.010 0.000 0.011 0.010 0.000 0.007 0.005 0.004 0.000 0.001 0.005 0.005 0.007 0.010 0.010 0.005 0.006 0.004 0.003 0.004 0.000 0.014 0.010 0.005 0.010 0.000 0.003 0.003 0.008 0.008 0.007 0.007 0.010 0.004 0.005 0.006 0.006 0.005 0.009 0.000 0.004 0.000 0.004 0.058 0.000
0.000 0.000 0.000 0.000 0.000 0.000 0.000 0.000 0.000 0.000 0.000 0.000 0.010 0.010 0.010 0.010 0.010 0.010 0.000 0.000 0.000 0.000 0.000 0.000 0.000 0.089 0.005 0.007 0.006 0.008 0.010 0.007 0.010 0.006 0.006 0.004 0.000 0.010 0.005 0.003 0.002 0.002 0.002 0.000 0.004 0.009 0.006 0.009 0.005 0.003 0.000 0.010 0.010 0.010 0.000 0.000 0.007 0.000 0.009 0.000 0.000 0.003 0.006 0.006 0.005 0.000 0.004 0.006 0.000 0.000 0.006 0.007 0.006 0.006 0.003 0.064 0.004
0.000 0.000 0.000 0.000 0.000 0.000 0.000 0.000 0.000 0.000 0.000 0.000 0.000 0.000 0.000 0.010 0.010 0.010 0.010 0.000 0.000 0.000 0.017 0.000 0.000 0.000 0.000 0.028 0.010 0.006 0.010 0.006 0.010 0.006 0.007 0.010 0.006 0.007 0.000 0.000 0.002 0.004 0.004 0.007 0.006 0.003 0.009 0.003 0.006 0.000 0.006 0.010 0.007 0.005 0.006 0.009 0.006 0.005 0.000 0.000 0.002 0.000 0.003 0.005 0.002 0.007 0.006 0.000 0.004 0.005 0.003 0.007 0.004 0.006 0.004 0.003 0.004
0.000 0.000 0.000 0.000 0.000 0.000 0.000 0.000 0.000 0.000 0.000 0.000 0.000 0.000 0.000 0.000 0.010 0.010 0.010 0.010 0.010 0.044 0.000 0.000 0.000 0.000 0.000 0.000 0.000 0.039 0.010 0.089 0.007 0.004 0.007 0.010 0.005 0.006 0.005 0.007 0.004 0.003 0.000 0.006 0.000 0.000 0.010 0.000 0.084 0.010 0.003 0.005 0.005 0.006 0.009 0.007 0.010 0.010 0.004 0.004 0.003 0.009 0.004 0.010 0.000 0.000 0.005 0.008 0.004 0.004 0.006 0.009 0.000 0.005 0.006 0.005 0.000
0.000 0.000 0.000 0.000 0.000 0.000 0.000 0.000 0.000 0.000 0.000 0.000 0.000 0.000 0.000 0.000 0.000 0.010 0.010 0.041 0.000 0.000 0.000 0.022 0.000 0.056 0.010 0.010 0.036 0.000 0.000 0.000 0.000 0.000 0.000 0.007 0.006 0.010 0.010 0.005 0.010 0.006 0.009 0.010 0.010 0.010 0.000 0.039 0.010 0.010 0.004 0.004 0.003 0.006 0.009 0.010 0.010 0.007 0.005 0.006 0.006 0.004 0.005 0.006 0.004 0.008 0.007 0.005 0.005 0.003 0.004 0.005 0.000 0.006 0.005 0.000 0.000
0.000 0.000 0.000 0.000 0.000 0.000 0.000 0.000 0.000 0.000 0.000 0.000 0.000 0.000 0.000 0.000 0.000 0.000 0.000 0.121 0.000 0.000 0.000 0.010 0.000 0.010 0.010 0.000 0.000 0.000 0.000 0.038 0.010 0.010 0.022 0.000 0.010 0.006 0.007 0.005 0.007 0.010 0.007 0.010 0.010 0.155 0.010 0.010 0.010 0.008 0.006 0.003 0.008 0.009 0.004 0.004 0.006 0.007 0.005 0.006 0.010 0.010 0.009 0.007 0.007 0.000 0.000 0.005 0.005 0.000 0.000 0.005 0.003 0.005 0.006 0.000 0.004
0.000 0.000 0.000 0.000 0.000 0.000 0.000 0.000 0.000 0.000 0.000 0.000 0.000 0.000 0.000 0.000 0.000 0.000 0.000 0.000 0.015 0.000 0.000 0.000 0.000 0.010 0.000 0.000 0.000 0.000 0.000 0.000 0.000 0.000 0.000 0.010 0.034 0.000 0.000 0.010 0.010 0.006 0.008 0.006 0.000 0.010 0.006 0.006 0.006 0.005 0.009 0.010 0.000 0.007 0.004 0.006 0.007 0.003 0.006 0.004 0.004 0.015 0.010 0.006 0.007 0.010 0.010 0.009 0.006 0.004 0.002 0.004 0.003 0.004 0.008 0.004 0.004
0.000 0.000 0.000 0.000 0.000 0.000 0.000 0.000 0.000 0.000 0.000 0.000 0.000 0.000 0.000 0.000 0.000 0.000 0.000 0.000 0.000 0.012 0.000 0.000 0.018 0.000 0.000 0.000 0.000 0.000 0.000 0.000 0.000 0.000 0.000 0.000 0.000 0.010 0.010 0.053 0.000 0.000 0.000 0.010 0.000 0.006 0.006 0.007 0.010 0.009 0.008 0.006 0.009 0.009 0.010 0.000 0.000 0.000 0.000 0.000 0.006 0.077 0.010 0.004 0.004 0.000 0.009 0.007 0.006 0.002 0.003 0.005 0.004 0.005 0.003 0.002 0.003
0.000 0.000 0.000 0.000 0.000 0.000 0.000 0.000 0.000 0.000 0.000 0.000 0.000 0.000 0.000 0.000 0.000 0.000 0.000 0.000 0.000 0.000 0.000 0.017 0.000 0.000 0.000 0.000 0.000 0.000 0.000 0.000 0.000 0.000 0.000 0.000 0.000 0.000 0.000 0.010 0.024 0.010 0.010 0.038 0.000 0.000 0.000 0.009 0.006 0.005 0.007 0.010 0.025 0.006 0.007 0.006 0.010 0.006 0.000 0.006 0.005 0.009 0.002 0.002 0.003 0.006 0.007 0.007 0.005 0.000 0.017 0.010 0.009 0.009 0.004 0.008 0.000
0.000 0.000 0.000 0.000 0.000 0.000 0.000 0.000 0.000 0.000 0.000 0.000 0.000 0.000 0.000 0.000 0.000 0.000 0.000 0.000 0.000 0.000 0.000 0.000 0.000 0.000 0.000 0.000 0.000 0.000 0.000 0.000 0.000 0.000 0.000 0.000 0.000 0.000 0.000 0.000 0.000 0.000 0.000 0.000 0.000 0.000 0.000 0.068 0.000 0.000 0.207 0.010 0.010 0.007 0.009 0.010 0.007 0.005 0.006 0.004 0.007 0.015 0.000 0.000 0.000 0.002 0.006 0.009 0.005 0.000 0.004 0.009 0.010 0.025 0.010 0.010 0.010
0.000 0.000 0.000 0.000 0.000 0.000 0.000 0.000 0.000 0.000 0.000 0.000 0.000 0.000 0.000 0.000 0.000 0.000 0.000 0.000 0.000 0.000 0.000 0.000 0.000 0.000 0.000 0.000 0.000 0.000 0.000 0.000 0.000 0.000 0.000 0.000 0.000 0.000 0.000 0.000 0.000 0.000 0.000 0.000 0.000 0.000 0.000 0.000 0.000 0.017 0.000 0.000 0.010 0.007 0.006 0.011 0.006 0.010 0.009 0.006 0.005 0.005 0.010 0.007 0.007 0.000 0.000 0.004 0.000 0.006 0.023 0.010 0.007 0.000 0.003 0.003 0.002
0.000 0.000 0.000 0.000 0.000 0.000 0.000 0.000 0.000 0.000 0.000 0.000 0.000 0.000 0.000 0.000 0.000 0.000 0.000 0.000 0.000 0.000 0.000 0.000 0.000 0.000 0.000 0.000 0.000 0.000 0.000 0.000 0.000 0.000 0.000 0.000 0.000 0.000 0.000 0.000 0.000 0.000 0.000 0.000 0.000 0.000 0.000 0.000 0.000 0.000 0.000 0.016 0.000 0.000 0.000 0.010 0.010 0.004 0.008 0.007 0.009 0.010 0.007 0.006 0.004 0.007 0.007 0.010 0.000 0.009 0.000 0.005 0.004 0.009 0.002 0.000 0.003
0.000 0.000 0.000 0.000 0.000 0.000 0.000 0.000 0.000 0.000 0.000 0.000 0.000 0.000 0.000 0.000 0.000 0.000 0.000 0.000 0.000 0.000 0.000 0.000 0.000 0.000 0.000 0.000 0.000 0.000 0.000 0.000 0.000 0.000 0.000 0.000 0.000 0.000 0.000 0.000 0.000 0.000 0.000 0.000 0.000 0.000 0.000 0.000 0.000 0.000 0.000 0.000 0.000 0.000 0.010 0.010 0.000 0.000 0.000 0.000 0.010 0.006 0.005 0.006 0.010 0.009 0.006 0.006 0.009 0.007 0.007 0.017 0.000 0.000 0.004 0.003 0.000
0.000 0.000 0.000 0.000 0.000 0.000 0.000 0.000 0.000 0.000 0.000 0.000 0.000 0.000 0.000 0.000 0.000 0.000 0.000 0.000 0.000 0.000 0.000 0.000 0.000 0.000 0.000 0.000 0.000 0.000 0.000 0.000 0.000 0.000 0.000 0.000 0.000 0.000 0.000 0.000 0.000 0.000 0.000 0.000 0.000 0.000 0.000 0.000 0.000 0.000 0.000 0.000 0.000 0.000 0.000 0.000 0.000 0.000 0.000 0.015 0.000 0.000 0.000 0.000 0.006 0.006 0.006 0.009 0.007 0.006 0.010 0.009 0.007 0.009 0.000 0.005 0.005
0.000 0.000 0.000 0.000 0.000 0.000 0.000 0.000 0.000 0.000 0.000 0.000 0.000 0.000 0.000 0.000 0.000 0.000 0.000 0.000 0.000 0.000 0.000 0.000 0.000 0.000 0.000 0.000 0.000 0.000 0.000 0.000 0.000 0.000 0.000 0.000 0.000 0.000 0.000 0.000 0.000 0.000 0.000 0.000 0.000 0.000 0.000 0.000 0.000 0.000 0.000 0.000 0.000 0.000 0.000 0.000 0.000 0.000 0.000 0.000 0.000 0.000 0.010 0.019 0.000 0.000 0.000 0.007 0.006 0.006 0.007 0.009 0.008 0.006 0.009 0.006 0.000
0.000 0.000 0.000 0.000 0.000 0.000 0.000 0.000 0.000 0.000 0.000 0.000 0.000 0.000 0.000 0.000 0.000 0.000 0.000 0.000 0.000 0.000 0.000 0.000 0.000 0.000 0.000 0.000 0.000 0.000 0.000 0.000 0.000 0.000 0.000 0.000 0.000 0.000 0.000 0.000 0.000 0.000 0.000 0.000 0.000 0.000 0.000 0.000 0.000 0.000 0.000 0.000 0.000 0.000 0.000 0.000 0.000 0.000 0.000 0.000 0.000 0.000 0.000 0.000 0.000 0.010 0.022 0.000 0.000 0.021 0.009 0.004 0.010 0.009 0.004 0.009 0.009
0.000 0.000 0.000 0.000 0.000 0.000 0.000 0.000 0.000 0.000 0.000 0.000 0.000 0.000 0.000 0.000 0.000 0.000 0.000 0.000 0.000 0.000 0.000 0.000 0.000 0.000 0.000 0.000 0.000 0.000 0.000 0.000 0.000 0.000 0.000 0.000 0.000 0.000 0.000 0.000 0.000 0.000 0.000 0.000 0.000 0.000 0.000 0.000 0.000 0.000 0.000 0.000 0.000 0.000 0.000 0.000 0.000 0.000 0.000 0.000 0.000 0.000 0.000 0.000 0.000 0.000 0.000 0.000 0.000 0.000 0.000 0.000 0.007 0.004 0.010 0.006 0.007
0.000 0.000 0.000 0.000 0.000 0.000 0.000 0.000 0.000 0.000 0.000 0.000 0.000 0.000 0.000 0.000 0.000 0.000 0.000 0.000 0.000 0.000 0.000 0.000 0.000 0.000 0.000 0.000 0.000 0.000 0.000 0.000 0.000 0.000 0.000 0.000 0.000 0.000 0.000 0.000 0.000 0.000 0.000 0.000 0.000 0.000 0.000 0.000 0.000 0.000 0.000 0.000 0.000 0.000 0.000 0.000 0.000 0.000 0.000 0.000 0.000 0.000 0.000 0.000 0.000 0.000 0.000 0.000 0.000 0.000 0.000 0.000 0.000 0.000 0.006 0.007 0.009
