hx_30m/njhx/rain/result-0016.wd
ncols         211
nrows         286
xllcorner     660279.582600
yllcorner     3541874.325092
cellsize      30.000000
NODATA_value  -9999.000000
[rows 102 to 135 of 286, columns 77 to 153 of 211]
0.000 0.026 0.010 0.007 0.009 0.008 0.005 0.003 0.004 0.004 0.009 0.007 0.005 0.000 0.003 0.002 0.000 0.009 0.011 0.006 0.010 0.010 0.025 0.010 0.010 0.010 0.010 0.004 0.008 0.008 0.000 0.000 0.000 0.005 0.003 0.000 0.004 0.005 0.007 0.003 0.005 0.004 0.008 0.005 0.000 0.005 0.006 0.004 0.000 0.004 0.008 0.010 0.005 0.000 0.003 0.000 0.000 0.005 0.005 0.003 0.000 0.000 0.000 0.005 0.002 0.003 0.003 0.001 0.002 0.002 0.002 0.002 0.000 0.003 0.004 0.005 0.000
0.010 0.010 0.008 0.006 0.009 0.004 0.003 0.003 0.004 0.010 0.009 0.004 0.000 0.003 0.003 0.007 0.006 0.005 0.005 0.010 0.014 0.010 0.010 0.010 0.010 0.010 0.010 0.005 0.004 0.005 0.000 0.000 0.000 0.007 0.003 0.000 0.004 0.003 0.004 0.003 0.008 0.008 0.022 0.000 0.000 0.000 0.004 0.006 0.004 0.005 0.004 0.008 0.007 0.000 0.000 0.000 0.000 0.004 0.005 0.004 0.000 0.000 0.000 0.004 0.006 0.002 0.002 0.002 0.002 0.002 0.000 0.002 0.002 0.002 0.001 0.003 0.000
0.010 0.010 0.008 0.007 0.010 0.007 0.006 0.006 0.003 0.005 0.010 0.007 0.000 0.004 0.004 0.003 0.003 0.003 0.003 0.005 0.010 0.010 0.010 0.010 0.010 0.010 0.010 0.009 0.006 0.006 0.010 0.008 0.007 0.008 0.004 0.008 0.007 0.007 0.006 0.004 0.000 0.010 0.000 0.000 0.000 0.005 0.004 0.000 0.000 0.000 0.004 0.007 0.003 0.002 0.002 0.002 0.002 0.004 0.006 0.004 0.003 0.006 0.010 0.003 0.003 0.002 0.002 0.003 0.005 0.007 0.004 0.000 0.000 0.002 0.004 0.006 0.004
0.010 0.010 0.008 0.009 0.009 0.013 0.009 0.004 0.004 0.004 0.010 0.007 0.000 0.004 0.004 0.003 0.004 0.005 0.005 0.003 0.015 0.026 0.010 0.010 0.010 0.010 0.010 0.047 0.010 0.010 0.010 0.010 0.010 0.010 0.024 0.010 0.007 0.007 0.005 0.004 0.000 0.033 0.010 0.005 0.004 0.003 0.004 0.005 0.000 0.004 0.003 0.006 0.002 0.002 0.002 0.004 0.005 0.000 0.003 0.003 0.003 0.000 0.000 0.004 0.004 0.003 0.003 0.004 0.000 0.003 0.000 0.000 0.000 0.005 0.007 0.007 0.005
0.010 0.010 0.006 0.009 0.009 0.000 0.003 0.004 0.000 0.003 0.000 0.005 0.000 0.003 0.004 0.003 0.005 0.003 0.003 0.005 0.010 0.010 0.010 0.010 0.010 0.010 0.010 0.010 0.010 0.010 0.010 0.010 0.010 0.010 0.010 0.010 0.007 0.007 0.005 0.005 0.010 0.010 0.010 0.010 0.009 0.005 0.003 0.006 0.005 0.006 0.005 0.004 0.005 0.000 0.000 0.000 0.000 0.000 0.000 0.003 0.003 0.000 0.000 0.003 0.004 0.004 0.000 0.000 0.002 0.000 0.000 0.001 0.003 0.005 0.000 0.005 0.002
0.010 0.010 0.008 0.009 0.009 0.006 0.000 0.000 0.000 0.003 0.003 0.000 0.002 0.004 0.000 0.000 0.000 0.000 0.004 0.010 0.010 0.010 0.075 0.010 0.010 0.010 0.010 0.010 0.074 0.010 0.010 0.010 0.000 0.026 0.000 0.010 0.007 0.007 0.004 0.010 0.010 0.010 0.010 0.010 0.007 0.000 0.004 0.000 0.004 0.000 0.000 0.003 0.004 0.002 0.002 0.002 0.002 0.003 0.003 0.002 0.003 0.000 0.000 0.000 0.000 0.003 0.000 0.003 0.002 0.001 0.002 0.002 0.001 0.005 0.000 0.000 0.006
0.057 0.010 0.007 0.009 0.010 0.000 0.000 0.000 0.000 0.000 0.004 0.000 0.003 0.003 0.011 0.000 0.003 0.005 0.004 0.008 0.010 0.023 0.010 0.010 0.010 0.010 0.010 0.010 0.010 0.010 0.010 0.010 0.020 0.010 0.017 0.000 0.007 0.031 0.010 0.000 0.010 0.019 0.007 0.006 0.006 0.000 0.006 0.004 0.006 0.004 0.005 0.004 0.005 0.000 0.004 0.005 0.002 0.002 0.003 0.004 0.004 0.004 0.000 0.005 0.000 0.003 0.000 0.002 0.002 0.001 0.003 0.007 0.000 0.000 0.000 0.006 0.003
0.010 0.010 0.005 0.010 0.009 0.009 0.006 0.004 0.004 0.006 0.005 0.005 0.004 0.002 0.007 0.006 0.010 0.007 0.004 0.007 0.005 0.006 0.006 0.006 0.006 0.006 0.007 0.009 0.009 0.010 0.008 0.009 0.006 0.009 0.009 0.010 0.006 0.010 0.005 0.010 0.011 0.010 0.009 0.004 0.009 0.000 0.006 0.000 0.000 0.000 0.000 0.005 0.004 0.000 0.000 0.000 0.002 0.002 0.000 0.000 0.000 0.005 0.003 0.000 0.000 0.003 0.000 0.000 0.002 0.002 0.008 0.008 0.000 0.000 0.000 0.006 0.002
0.010 0.010 0.006 0.010 0.006 0.000 0.000 0.000 0.000 0.006 0.006 0.007 0.003 0.003 0.004 0.005 0.007 0.004 0.003 0.005 0.006 0.005 0.010 0.005 0.005 0.006 0.010 0.008 0.005 0.007 0.007 0.005 0.006 0.006 0.007 0.007 0.004 0.012 0.007 0.010 0.010 0.009 0.006 0.010 0.010 0.006 0.006 0.007 0.006 0.006 0.007 0.005 0.010 0.004 0.003 0.003 0.004 0.005 0.005 0.005 0.004 0.004 0.004 0.002 0.002 0.005 0.003 0.004 0.003 0.003 0.005 0.008 0.005 0.007 0.007 0.006 0.002
0.010 0.008 0.008 0.009 0.007 0.000 0.000 0.004 0.005 0.004 0.011 0.000 0.004 0.004 0.019 0.000 0.000 0.000 0.007 0.010 0.010 0.010 0.008 0.010 0.010 0.009 0.031 0.007 0.009 0.008 0.004 0.004 0.003 0.007 0.005 0.009 0.003 0.009 0.004 0.007 0.009 0.009 0.005 0.007 0.005 0.005 0.005 0.007 0.008 0.006 0.009 0.006 0.004 0.005 0.005 0.006 0.005 0.002 0.005 0.003 0.005 0.005 0.005 0.004 0.005 0.004 0.004 0.003 0.003 0.003 0.002 0.003 0.001 0.001 0.002 0.002 0.003
0.010 0.008 0.009 0.009 0.006 0.000 0.004 0.005 0.004 0.005 0.010 0.010 0.006 0.011 0.010 0.020 0.004 0.008 0.005 0.004 0.005 0.004 0.003 0.003 0.005 0.010 0.010 0.010 0.010 0.010 0.006 0.000 0.010 0.002 0.000 0.000 0.006 0.018 0.008 0.010 0.000 0.000 0.010 0.010 0.010 0.005 0.006 0.007 0.010 0.010 0.010 0.008 0.009 0.010 0.009 0.009 0.005 0.003 0.003 0.003 0.003 0.003 0.005 0.003 0.000 0.004 0.002 0.000 0.003 0.008 0.007 0.002 0.001 0.000 0.000 0.000 0.001
0.010 0.006 0.010 0.008 0.004 0.004 0.006 0.008 0.006 0.006 0.010 0.006 0.026 0.013 0.010 0.006 0.005 0.006 0.024 0.010 0.010 0.016 0.010 0.004 0.005 0.010 0.010 0.010 0.010 0.010 0.051 0.005 0.010 0.003 0.005 0.000 0.005 0.010 0.010 0.010 0.010 0.010 0.020 0.010 0.010 0.007 0.000 0.005 0.010 0.010 0.010 0.007 0.000 0.010 0.010 0.009 0.003 0.004 0.004 0.003 0.002 0.005 0.000 0.002 0.004 0.006 0.004 0.008 0.006 0.007 0.007 0.004 0.001 0.000 0.000 0.000 0.002
0.009 0.007 0.010 0.007 0.005 0.011 0.004 0.004 0.005 0.007 0.034 0.010 0.010 0.000 0.004 0.004 0.010 0.009 0.006 0.006 0.003 0.003 0.004 0.003 0.008 0.006 0.010 0.010 0.058 0.010 0.006 0.010 0.010 0.003 0.003 0.000 0.003 0.010 0.006 0.005 0.006 0.003 0.003 0.003 0.005 0.010 0.000 0.003 0.010 0.009 0.007 0.008 0.006 0.007 0.006 0.010 0.000 0.002 0.002 0.002 0.003 0.003 0.002 0.000 0.000 0.003 0.003 0.000 0.008 0.003 0.006 0.000 0.001 0.007 0.000 0.000 0.003
0.006 0.009 0.009 0.006 0.005 0.010 0.010 0.009 0.005 0.007 0.010 0.000 0.000 0.000 0.000 0.000 0.007 0.004 0.014 0.004 0.005 0.005 0.003 0.004 0.005 0.008 0.010 0.010 0.010 0.017 0.005 0.010 0.010 0.003 0.004 0.000 0.005 0.020 0.004 0.005 0.004 0.005 0.000 0.000 0.005 0.028 0.000 0.004 0.010 0.008 0.000 0.006 0.009 0.000 0.008 0.007 0.004 0.006 0.009 0.008 0.006 0.002 0.003 0.000 0.004 0.003 0.000 0.003 0.003 0.002 0.004 0.005 0.000 0.000 0.000 0.000 0.002
0.008 0.008 0.007 0.000 0.000 0.010 0.000 0.000 0.000 0.000 0.010 0.000 0.009 0.009 0.007 0.000 0.000 0.006 0.006 0.000 0.000 0.000 0.000 0.000 0.003 0.021 0.010 0.010 0.010 0.009 0.008 0.010 0.020 0.005 0.004 0.009 0.006 0.009 0.005 0.010 0.009 0.007 0.000 0.000 0.008 0.010 0.004 0.006 0.006 0.004 0.000 0.003 0.004 0.000 0.003 0.003 0.006 0.007 0.006 0.008 0.005 0.000 0.000 0.004 0.004 0.003 0.000 0.000 0.002 0.002 0.004 0.007 0.001 0.000 0.001 0.000 0.001
0.005 0.010 0.007 0.008 0.004 0.005 0.000 0.000 0.000 0.000 0.010 0.000 0.007 0.007 0.007 0.000 0.002 0.000 0.004 0.003 0.000 0.000 0.000 0.000 0.006 0.005 0.006 0.008 0.009 0.009 0.000 0.000 0.010 0.010 0.005 0.008 0.006 0.010 0.005 0.008 0.009 0.009 0.000 0.000 0.004 0.005 0.006 0.004 0.008 0.000 0.000 0.006 0.000 0.000 0.004 0.000 0.004 0.003 0.003 0.005 0.003 0.002 0.000 0.000 0.006 0.004 0.000 0.010 0.021 0.000 0.004 0.009 0.005 0.003 0.007 0.000 0.000
0.008 0.010 0.010 0.009 0.006 0.000 0.006 0.000 0.000 0.007 0.010 0.000 0.000 0.000 0.018 0.000 0.018 0.000 0.003 0.000 0.000 0.000 0.000 0.002 0.006 0.006 0.000 0.003 0.009 0.010 0.000 0.003 0.003 0.010 0.004 0.000 0.004 0.010 0.008 0.010 0.010 0.010 0.000 0.000 0.003 0.009 0.008 0.008 0.009 0.006 0.008 0.010 0.000 0.000 0.000 0.002 0.000 0.002 0.003 0.003 0.002 0.003 0.000 0.002 0.003 0.005 0.003 0.007 0.007 0.009 0.007 0.003 0.003 0.002 0.000 0.003 0.010
0.007 0.009 0.000 0.000 0.000 0.005 0.003 0.007 0.009 0.005 0.117 0.007 0.010 0.010 0.010 0.081 0.010 0.005 0.009 0.009 0.010 0.007 0.004 0.003 0.007 0.007 0.009 0.005 0.005 0.006 0.004 0.004 0.002 0.010 0.004 0.000 0.005 0.010 0.006 0.006 0.009 0.010 0.000 0.000 0.015 0.008 0.000 0.009 0.007 0.010 0.010 0.008 0.004 0.006 0.000 0.003 0.003 0.002 0.004 0.003 0.003 0.003 0.002 0.002 0.003 0.002 0.003 0.000 0.000 0.000 0.007 0.003 0.003 0.004 0.002 0.003 0.008
0.010 0.007 0.009 0.009 0.006 0.005 0.000 0.003 0.006 0.000 0.081 0.009 0.038 0.010 0.010 0.034 0.010 0.007 0.009 0.010 0.010 0.010 0.008 0.006 0.008 0.009 0.010 0.004 0.008 0.008 0.010 0.058 0.030 0.004 0.004 0.000 0.004 0.010 0.009 0.005 0.005 0.004 0.013 0.004 0.005 0.005 0.003 0.005 0.004 0.005 0.009 0.004 0.003 0.000 0.000 0.003 0.003 0.003 0.003 0.004 0.003 0.000 0.002 0.002 0.004 0.002 0.001 0.002 0.000 0.000 0.009 0.009 0.005 0.002 0.001 0.004 0.000
0.010 0.006 0.004 0.005 0.004 0.004 0.009 0.005 0.000 0.000 0.155 0.009 0.010 0.010 0.010 0.010 0.178 0.028 0.009 0.010 0.010 0.000 0.008 0.006 0.000 0.009 0.000 0.003 0.000 0.000 0.005 0.076 0.054 0.004 0.006 0.000 0.010 0.009 0.010 0.000 0.000 0.006 0.010 0.010 0.003 0.006 0.006 0.006 0.005 0.005 0.006 0.004 0.004 0.003 0.003 0.003 0.003 0.002 0.005 0.003 0.000 0.003 0.002 0.003 0.007 0.000 0.007 0.007 0.000 0.000 0.006 0.003 0.003 0.006 0.002 0.003 0.000
0.006 0.006 0.006 0.006 0.000 0.000 0.006 0.010 0.010 0.010 0.049 0.010 0.009 0.010 0.010 0.010 0.011 0.010 0.007 0.000 0.000 0.010 0.009 0.007 0.000 0.008 0.000 0.009 0.000 0.000 0.005 0.010 0.010 0.005 0.004 0.005 0.006 0.006 0.009 0.000 0.006 0.008 0.005 0.007 0.004 0.004 0.004 0.003 0.007 0.003 0.006 0.005 0.007 0.005 0.007 0.004 0.009 0.002 0.001 0.002 0.002 0.003 0.003 0.003 0.005 0.006 0.005 0.005 0.004 0.000 0.004 0.003 0.002 0.008 0.020 0.003 0.000
0.008 0.008 0.004 0.005 0.003 0.006 0.005 0.007 0.008 0.009 0.018 0.008 0.008 0.010 0.010 0.008 0.010 0.010 0.006 0.006 0.006 0.010 0.008 0.005 0.007 0.009 0.007 0.005 0.010 0.010 0.010 0.010 0.006 0.008 0.005 0.010 0.008 0.008 0.010 0.000 0.010 0.010 0.008 0.003 0.003 0.006 0.006 0.005 0.008 0.009 0.010 0.005 0.010 0.010 0.010 0.000 0.000 0.002 0.001 0.001 0.003 0.003 0.006 0.004 0.003 0.000 0.000 0.000 0.000 0.000 0.000 0.000 0.002 0.004 0.000 0.004 0.000
0.007 0.003 0.003 0.003 0.003 0.004 0.003 0.007 0.008 0.000 0.276 0.000 0.008 0.000 0.010 0.000 0.000 0.016 0.000 0.000 0.000 0.000 0.010 0.027 0.026 0.023 0.046 0.000 0.000 0.000 0.000 0.014 0.009 0.010 0.007 0.090 0.009 0.009 0.006 0.000 0.005 0.010 0.005 0.003 0.003 0.003 0.000 0.006 0.010 0.010 0.005 0.003 0.008 0.000 0.000 0.000 0.000 0.003 0.002 0.002 0.002 0.000 0.000 0.002 0.003 0.000 0.002 0.000 0.002 0.003 0.002 0.003 0.003 0.000 0.000 0.007 0.000
0.007 0.003 0.005 0.004 0.006 0.003 0.005 0.007 0.008 0.000 0.322 0.000 0.007 0.000 0.039 0.007 0.007 0.071 0.000 0.000 0.002 0.000 0.011 0.010 0.073 0.062 0.006 0.007 0.006 0.008 0.005 0.004 0.015 0.000 0.000 0.006 0.010 0.006 0.000 0.005 0.005 0.010 0.006 0.004 0.003 0.003 0.000 0.000 0.004 0.004 0.008 0.003 0.002 0.005 0.008 0.000 0.000 0.003 0.003 0.002 0.002 0.000 0.002 0.002 0.002 0.000 0.004 0.008 0.005 0.004 0.002 0.002 0.002 0.006 0.000 0.005 0.000
0.009 0.000 0.000 0.000 0.000 0.003 0.000 0.003 0.000 0.000 0.218 0.000 0.000 0.000 0.007 0.010 0.010 0.007 0.007 0.008 0.003 0.000 0.026 0.096 0.054 0.006 0.008 0.010 0.008 0.005 0.006 0.010 0.000 0.002 0.000 0.008 0.007 0.004 0.000 0.005 0.000 0.000 0.009 0.005 0.003 0.006 0.004 0.000 0.000 0.000 0.005 0.003 0.004 0.005 0.004 0.000 0.000 0.002 0.001 0.002 0.002 0.000 0.002 0.000 0.004 0.004 0.004 0.008 0.000 0.004 0.002 0.004 0.002 0.000 0.005 0.004 0.000
0.005 0.006 0.000 0.000 0.000 0.005 0.000 0.000 0.000 0.000 0.221 0.000 0.000 0.003 0.005 0.005 0.000 0.009 0.000 0.008 0.003 0.004 0.013 0.005 0.004 0.004 0.000 0.000 0.003 0.003 0.003 0.006 0.000 0.000 0.000 0.003 0.009 0.005 0.000 0.000 0.000 0.006 0.009 0.007 0.005 0.007 0.008 0.009 0.003 0.003 0.003 0.004 0.004 0.005 0.000 0.000 0.000 0.002 0.002 0.002 0.002 0.000 0.000 0.000 0.002 0.000 0.002 0.007 0.000 0.000 0.002 0.004 0.002 0.002 0.003 0.004 0.004
0.006 0.006 0.009 0.005 0.009 0.004 0.005 0.003 0.000 0.009 0.009 0.004 0.003 0.003 0.004 0.000 0.000 0.005 0.005 0.004 0.002 0.004 0.013 0.000 0.000 0.005 0.000 0.000 0.003 0.004 0.004 0.002 0.002 0.003 0.000 0.005 0.010 0.007 0.000 0.000 0.000 0.003 0.003 0.005 0.008 0.010 0.009 0.010 0.006 0.005 0.003 0.004 0.000 0.000 0.003 0.003 0.002 0.002 0.002 0.000 0.002 0.000 0.000 0.000 0.003 0.000 0.000 0.000 0.000 0.002 0.002 0.001 0.006 0.005 0.003 0.007 0.000
0.009 0.000 0.000 0.006 0.006 0.005 0.003 0.005 0.006 0.009 0.009 0.007 0.005 0.003 0.000 0.006 0.003 0.005 0.006 0.005 0.000 0.000 0.020 0.000 0.000 0.005 0.000 0.000 0.006 0.010 0.007 0.003 0.003 0.003 0.009 0.004 0.009 0.006 0.000 0.002 0.010 0.010 0.002 0.007 0.010 0.010 0.000 0.000 0.000 0.000 0.000 0.004 0.000 0.000 0.003 0.002 0.002 0.001 0.001 0.000 0.003 0.003 0.002 0.000 0.003 0.006 0.000 0.002 0.000 0.001 0.001 0.002 0.000 0.005 0.004 0.003 0.005
0.005 0.008 0.006 0.009 0.009 0.005 0.003 0.006 0.009 0.009 0.007 0.005 0.007 0.008 0.000 0.000 0.000 0.008 0.010 0.010 0.000 0.000 0.057 0.000 0.000 0.000 0.003 0.003 0.003 0.010 0.006 0.000 0.000 0.005 0.000 0.006 0.010 0.009 0.000 0.000 0.005 0.005 0.000 0.000 0.010 0.010 0.006 0.006 0.004 0.005 0.005 0.004 0.005 0.006 0.005 0.007 0.004 0.003 0.000 0.000 0.002 0.000 0.000 0.005 0.003 0.004 0.002 0.000 0.002 0.002 0.004 0.004 0.002 0.002 0.003 0.000 0.003
0.006 0.003 0.007 0.004 0.004 0.008 0.005 0.005 0.007 0.010 0.009 0.010 0.009 0.010 0.010 0.025 0.007 0.005 0.004 0.005 0.000 0.000 0.012 0.006 0.005 0.005 0.003 0.002 0.003 0.010 0.004 0.004 0.003 0.003 0.000 0.003 0.009 0.007 0.007 0.007 0.012 0.003 0.003 0.004 0.006 0.007 0.000 0.000 0.004 0.003 0.004 0.005 0.000 0.000 0.000 0.000 0.004 0.004 0.002 0.002 0.004 0.003 0.003 0.003 0.005 0.002 0.002 0.002 0.003 0.003 0.000 0.000 0.002 0.008 0.003 0.004 0.003
0.000 0.000 0.008 0.000 0.000 0.000 0.005 0.006 0.007 0.010 0.006 0.010 0.000 0.000 0.000 0.000 0.000 0.005 0.000 0.000 0.000 0.000 0.075 0.006 0.005 0.006 0.003 0.002 0.003 0.005 0.002 0.000 0.003 0.007 0.000 0.007 0.010 0.004 0.000 0.002 0.000 0.000 0.000 0.000 0.000 0.004 0.003 0.000 0.002 0.002 0.002 0.006 0.000 0.000 0.000 0.002 0.002 0.002 0.000 0.000 0.000 0.003 0.002 0.003 0.003 0.000 0.002 0.002 0.000 0.003 0.005 0.002 0.000 0.000 0.000 0.004 0.000
0.004 0.006 0.009 0.007 0.005 0.005 0.006 0.008 0.000 0.015 0.009 0.042 0.009 0.009 0.008 0.009 0.010 0.013 0.007 0.009 0.000 0.000 0.007 0.006 0.005 0.003 0.003 0.003 0.002 0.003 0.002 0.003 0.004 0.007 0.000 0.003 0.028 0.004 0.000 0.004 0.010 0.011 0.000 0.000 0.000 0.004 0.005 0.002 0.002 0.002 0.001 0.000 0.004 0.007 0.002 0.002 0.002 0.001 0.003 0.003 0.002 0.000 0.000 0.000 0.003 0.001 0.002 0.002 0.000 0.002 0.003 0.003 0.000 0.000 0.000 0.000 0.000
0.000 0.009 0.000 0.006 0.007 0.004 0.005 0.006 0.000 0.022 0.008 0.010 0.000 0.000 0.010 0.000 0.000 0.008 0.000 0.000 0.008 0.000 0.008 0.007 0.004 0.005 0.004 0.005 0.004 0.005 0.002 0.004 0.010 0.007 0.009 0.008 0.010 0.004 0.010 0.000 0.007 0.000 0.008 0.000 0.000 0.007 0.004 0.009 0.002 0.003 0.002 0.000 0.010 0.004 0.002 0.002 0.003 0.003 0.002 0.000 0.000 0.000 0.000 0.000 0.002 0.006 0.000 0.000 0.002 0.000 0.002 0.003 0.003 0.003 0.000 0.003 0.002
0.009 0.010 0.006 0.006 0.061 0.010 0.007 0.009 0.008 0.009 0.009 0.028 0.010 0.010 0.009 0.009 0.010 0.007 0.000 0.000 0.009 0.007 0.009 0.008 0.007 0.006 0.006 0.006 0.006 0.005 0.003 0.005 0.007 0.004 0.004 0.004 0.010 0.004 0.005 0.004 0.004 0.003 0.003 0.007 0.004 0.005 0.003 0.000 0.000 0.002 0.010 0.000 0.006 0.006 0.000 0.001 0.002 0.000 0.000 0.002 0.000 0.002 0.006 0.000 0.003 0.000 0.007 0.003 0.000 0.000 0.002 0.000 0.007 0.002 0.000 0.000 0.005
