hx_30m/njhx/rain/result-0031.wd
ncols         211
nrows         286
xllcorner     660279.582600
yllcorner     3541874.325092
cellsize      30.000000
NODATA_value  -9999.000000
[rows 204 to 237 of 286, columns 77 to 153 of 211]
0.010 0.010 0.009 0.008 0.044 0.010 0.005 0.003 0.003 0.003 0.010 0.010 0.047 0.259 0.007 0.000 0.003 0.003 0.007 0.013 0.007 0.005 0.012 0.003 0.000 0.007 0.007 0.045 0.128 0.009 0.004 0.000 0.005 0.010 0.008 0.007 0.004 0.038 0.007 0.004 0.003 0.003 0.004 0.007 0.005 0.004 0.004 0.004 0.008 0.006 0.000 0.000 0.000 0.000 0.004 0.003 0.005 0.000 0.062 0.006 0.005 0.010 0.009 0.000 0.010 0.009 0.002 0.008 0.020 0.010 0.004 0.003 0.004 0.004 0.059 0.000 0.000
0.013 0.008 0.009 0.010 0.022 0.010 0.002 0.003 0.006 0.003 0.000 0.000 0.010 0.010 0.010 0.010 0.006 0.004 0.005 0.009 0.004 0.000 0.000 0.011 0.007 0.007 0.010 0.029 0.004 0.000 0.002 0.000 0.000 0.000 0.005 0.010 0.014 0.007 0.003 0.000 0.003 0.010 0.012 0.007 0.004 0.007 0.006 0.004 0.006 0.004 0.006 0.003 0.010 0.000 0.002 0.000 0.000 0.005 0.010 0.010 0.120 0.000 0.000 0.011 0.003 0.005 0.008 0.005 0.005 0.010 0.008 0.005 0.004 0.007 0.003 0.004 0.012
0.007 0.007 0.005 0.033 0.006 0.010 0.002 0.000 0.000 0.000 0.004 0.004 0.010 0.000 0.000 0.006 0.000 0.010 0.007 0.003 0.000 0.000 0.000 0.006 0.007 0.006 0.008 0.007 0.000 0.004 0.003 0.002 0.000 0.009 0.008 0.007 0.006 0.003 0.000 0.008 0.004 0.006 0.005 0.010 0.010 0.039 0.010 0.003 0.002 0.003 0.004 0.007 0.006 0.007 0.008 0.007 0.004 0.006 0.042 0.000 0.010 0.000 0.005 0.007 0.004 0.008 0.008 0.010 0.015 0.000 0.010 0.010 0.008 0.006 0.005 0.006 0.000
0.016 0.009 0.000 0.020 0.010 0.007 0.006 0.006 0.006 0.004 0.002 0.002 0.006 0.004 0.004 0.006 0.000 0.008 0.006 0.006 0.000 0.000 0.010 0.005 0.010 0.006 0.007 0.010 0.010 0.007 0.009 0.000 0.010 0.013 0.006 0.005 0.000 0.003 0.004 0.005 0.000 0.000 0.006 0.012 0.010 0.208 0.000 0.002 0.000 0.002 0.008 0.005 0.004 0.007 0.006 0.008 0.520 0.212 0.094 0.314 0.000 0.006 0.004 0.000 0.003 0.004 0.008 0.010 0.008 0.010 0.010 0.010 0.046 0.000 0.000 0.006 0.004
0.007 0.000 0.010 0.010 0.005 0.006 0.005 0.000 0.000 0.007 0.009 0.006 0.010 0.006 0.014 0.006 0.006 0.227 0.113 0.005 0.006 0.007 0.009 0.006 0.015 0.000 0.010 0.000 0.009 0.010 0.000 0.000 0.000 0.005 0.007 0.012 0.000 0.003 0.006 0.007 0.010 0.000 0.023 0.006 0.010 0.000 0.002 0.001 0.004 0.003 0.010 0.008 0.005 0.005 0.004 0.007 0.010 0.221 0.000 0.179 0.000 0.004 0.006 0.010 0.005 0.007 0.007 0.007 0.007 0.005 0.010 0.008 0.000 0.000 0.039 0.000 0.000
0.000 0.010 0.010 0.006 0.010 0.003 0.000 0.000 0.005 0.006 0.004 0.003 0.004 0.000 0.005 0.004 0.004 0.193 0.400 0.123 0.206 0.016 0.007 0.004 0.000 0.010 0.010 0.006 0.008 0.005 0.012 0.000 0.000 0.005 0.006 0.009 0.007 0.002 0.000 0.000 0.000 0.010 0.005 0.010 0.010 0.000 0.001 0.002 0.000 0.004 0.000 0.019 0.010 0.000 0.007 0.007 0.007 0.006 0.010 0.255 0.000 0.023 0.007 0.005 0.003 0.005 0.005 0.007 0.000 0.000 0.005 0.005 0.000 0.010 0.000 0.010 0.006
0.000 0.008 0.017 0.007 0.004 0.003 0.000 0.000 0.000 0.000 0.005 0.006 0.003 0.000 0.000 0.032 0.007 0.274 0.118 0.296 0.377 0.000 0.576 0.010 0.006 0.007 0.007 0.000 0.004 0.005 0.010 0.000 0.007 0.006 0.007 0.000 0.010 0.007 0.005 0.002 0.003 0.008 0.003 0.010 0.000 0.004 0.002 0.004 0.005 0.005 0.003 0.010 0.010 0.004 0.010 0.000 0.008 0.000 0.010 0.005 0.003 0.008 0.006 0.003 0.000 0.010 0.005 0.008 0.000 0.000 0.000 0.010 0.010 0.010 0.010 0.000 0.004
0.010 0.010 0.010 0.010 0.003 0.003 0.004 0.000 0.000 0.020 0.006 0.000 0.005 0.000 0.000 0.003 0.044 0.134 0.269 0.081 0.441 0.037 0.046 0.136 0.712 0.000 0.526 0.009 0.004 0.000 0.010 0.010 0.115 0.010 0.004 0.000 0.010 0.010 0.006 0.010 0.000 0.010 0.010 0.010 0.010 0.004 0.002 0.000 0.008 0.000 0.000 0.010 0.049 0.000 0.025 0.010 0.076 0.010 0.005 0.004 0.006 0.002 0.007 0.005 0.000 0.000 0.004 0.010 0.006 0.000 0.000 0.017 0.000 0.011 0.008 0.006 0.007
0.000 0.028 0.009 0.009 0.006 0.004 0.006 0.005 0.000 0.006 0.010 0.007 0.004 0.000 0.005 0.006 0.271 0.385 0.401 0.359 0.062 0.006 0.006 0.005 0.010 0.010 0.010 0.010 0.000 0.008 0.010 0.000 0.114 0.007 0.008 0.010 0.010 0.010 0.004 0.000 0.007 0.005 0.005 0.000 0.006 0.003 0.003 0.004 0.004 0.003 0.000 0.000 0.003 0.000 0.027 0.006 0.000 0.000 0.000 0.004 0.006 0.003 0.005 0.004 0.003 0.003 0.010 0.058 0.026 0.010 0.010 0.000 0.010 0.000 0.004 0.010 0.010
0.006 0.005 0.000 0.006 0.000 0.007 0.007 0.005 0.006 0.000 0.042 0.000 0.005 0.005 0.007 0.009 0.387 0.147 0.347 0.009 0.007 0.005 0.010 0.004 0.006 0.006 0.006 0.163 0.006 0.010 0.000 0.194 0.037 0.020 0.008 0.010 0.010 0.006 0.004 0.000 0.010 0.007 0.008 0.004 0.005 0.000 0.006 0.005 0.000 0.000 0.000 0.038 0.000 0.000 0.009 0.011 0.004 0.000 0.000 0.000 0.000 0.007 0.004 0.007 0.005 0.004 0.005 0.059 0.010 0.010 0.007 0.000 0.010 0.007 0.032 0.044 0.000
0.010 0.009 0.007 0.003 0.008 0.000 0.000 0.005 0.004 0.005 0.046 0.005 0.004 0.000 0.005 0.006 0.255 0.434 0.004 0.006 0.006 0.007 0.006 0.005 0.007 0.005 0.006 0.000 0.000 0.005 0.007 0.022 0.000 0.083 0.144 0.007 0.007 0.010 0.016 0.009 0.006 0.015 0.006 0.007 0.009 0.040 0.000 0.003 0.005 0.010 0.000 0.036 0.000 0.006 0.007 0.448 0.000 0.003 0.011 0.000 0.000 0.007 0.003 0.004 0.003 0.004 0.005 0.004 0.007 0.010 0.010 0.000 0.000 0.004 0.009 0.007 0.002
0.069 0.010 0.000 0.003 0.003 0.005 0.000 0.007 0.004 0.003 0.000 0.000 0.005 0.010 0.009 0.007 0.087 0.004 0.041 0.009 0.010 0.010 0.010 0.005 0.007 0.006 0.006 0.010 0.009 0.010 0.006 0.010 0.010 0.042 0.000 0.006 0.007 0.008 0.007 0.063 0.010 0.017 0.004 0.005 0.010 0.000 0.011 0.004 0.000 0.000 0.008 0.000 0.000 0.007 0.000 0.006 0.000 0.004 0.006 0.003 0.007 0.004 0.005 0.000 0.003 0.006 0.020 0.004 0.004 0.004 0.005 0.006 0.005 0.007 0.007 0.000 0.000
0.025 0.009 0.010 0.006 0.006 0.000 0.006 0.004 0.000 0.006 0.027 0.005 0.009 0.000 0.008 0.007 0.191 0.009 0.010 0.005 0.009 0.010 0.010 0.008 0.006 0.006 0.004 0.017 0.006 0.006 0.009 0.009 0.014 0.005 0.010 0.029 0.000 0.007 0.007 0.010 0.008 0.005 0.005 0.004 0.010 0.070 0.010 0.000 0.008 0.000 0.001 0.000 0.004 0.007 0.186 0.000 0.000 0.010 0.004 0.000 0.005 0.004 0.000 0.003 0.003 0.000 0.005 0.006 0.048 0.004 0.006 0.004 0.006 0.008 0.006 0.000 0.005
0.011 0.006 0.009 0.009 0.000 0.005 0.005 0.004 0.000 0.008 0.009 0.000 0.010 0.010 0.007 0.005 0.010 0.005 0.003 0.005 0.008 0.007 0.006 0.008 0.006 0.006 0.009 0.007 0.000 0.006 0.006 0.007 0.004 0.010 0.000 0.007 0.000 0.021 0.000 0.006 0.005 0.000 0.005 0.010 0.003 0.004 0.000 0.090 0.000 0.001 0.001 0.001 0.007 0.000 0.006 0.004 0.007 0.010 0.010 0.000 0.009 0.008 0.005 0.005 0.003 0.003 0.005 0.003 0.000 0.008 0.057 0.005 0.007 0.007 0.006 0.006 0.000
0.009 0.009 0.005 0.005 0.014 0.006 0.000 0.000 0.007 0.005 0.004 0.005 0.007 0.006 0.007 0.005 0.015 0.008 0.009 0.010 0.010 0.009 0.006 0.010 0.009 0.006 0.019 0.007 0.000 0.007 0.006 0.009 0.011 0.010 0.000 0.004 0.004 0.004 0.003 0.633 0.000 0.006 0.008 0.000 0.003 0.002 0.000 0.014 0.000 0.016 0.000 0.005 0.009 0.009 0.000 0.002 0.003 0.003 0.000 0.007 0.006 0.000 0.002 0.004 0.004 0.000 0.000 0.000 0.000 0.000 0.000 0.014 0.010 0.005 0.007 0.004 0.007
0.000 0.010 0.000 0.007 0.005 0.011 0.006 0.006 0.007 0.052 0.000 0.000 0.000 0.006 0.006 0.015 0.005 0.006 0.010 0.010 0.010 0.010 0.009 0.007 0.006 0.006 0.006 0.000 0.000 0.010 0.006 0.007 0.006 0.000 0.010 0.015 0.010 0.005 0.000 0.113 0.022 0.024 0.000 0.010 0.002 0.000 0.001 0.001 0.000 0.004 0.000 0.009 0.008 0.002 0.001 0.016 0.003 0.002 0.004 0.005 0.003 0.003 0.007 0.003 0.007 0.004 0.009 0.006 0.000 0.000 0.004 0.007 0.007 0.010 0.007 0.004 0.005
0.000 0.007 0.000 0.000 0.004 0.004 0.008 0.007 0.007 0.008 0.008 0.010 0.008 0.018 0.007 0.008 0.006 0.007 0.014 0.005 0.010 0.010 0.025 0.005 0.005 0.024 0.007 0.006 0.006 0.012 0.009 0.005 0.010 0.000 0.006 0.000 0.000 0.038 0.020 0.162 0.011 0.020 0.004 0.019 0.007 0.008 0.004 0.000 0.001 0.001 0.005 0.018 0.003 0.006 0.010 0.010 0.000 0.002 0.004 0.000 0.000 0.004 0.005 0.000 0.003 0.003 0.010 0.009 0.012 0.006 0.005 0.006 0.000 0.000 0.000 0.043 0.004
0.005 0.007 0.000 0.003 0.006 0.005 0.003 0.000 0.007 0.005 0.008 0.007 0.018 0.005 0.000 0.000 0.010 0.008 0.007 0.008 0.004 0.118 0.010 0.010 0.008 0.007 0.000 0.000 0.000 0.005 0.007 0.021 0.010 0.000 0.004 0.010 0.045 0.034 0.000 0.086 0.010 0.013 0.010 0.005 0.005 0.010 0.084 0.007 0.005 0.000 0.005 0.009 0.006 0.008 0.000 0.002 0.000 0.058 0.000 0.005 0.010 0.004 0.003 0.006 0.000 0.000 0.000 0.011 0.000 0.005 0.004 0.009 0.003 0.002 0.002 0.002 0.000
0.010 0.008 0.000 0.000 0.009 0.006 0.005 0.007 0.004 0.000 0.000 0.012 0.009 0.008 0.007 0.009 0.010 0.010 0.187 0.010 0.009 0.010 0.005 0.008 0.009 0.023 0.017 0.025 0.000 0.007 0.004 0.004 0.005 0.000 0.005 0.096 0.077 0.005 0.007 0.004 0.010 0.014 0.031 0.007 0.006 0.012 0.005 0.011 0.000 0.004 0.000 0.000 0.000 0.000 0.010 0.003 0.000 0.000 0.001 0.000 0.006 0.010 0.005 0.000 0.006 0.000 0.035 0.000 0.009 0.005 0.007 0.000 0.000 0.003 0.005 0.005 0.005
0.000 0.008 0.006 0.005 0.000 0.009 0.007 0.009 0.000 0.006 0.009 0.006 0.008 0.008 0.008 0.007 0.006 0.009 0.010 0.164 0.010 0.007 0.004 0.006 0.000 0.008 0.000 0.000 0.038 0.006 0.005 0.005 0.004 0.006 0.004 0.088 0.075 0.006 0.000 0.007 0.208 0.091 0.187 0.031 0.010 0.008 0.008 0.005 0.005 0.005 0.051 0.006 0.009 0.000 0.013 0.004 0.001 0.002 0.002 0.006 0.005 0.000 0.086 0.010 0.010 0.010 0.015 0.000 0.005 0.006 0.009 0.003 0.003 0.003 0.004 0.003 0.002
0.004 0.008 0.006 0.008 0.018 0.006 0.005 0.006 0.009 0.005 0.005 0.007 0.006 0.007 0.000 0.010 0.008 0.016 0.004 0.009 0.007 0.106 0.010 0.004 0.000 0.005 0.000 0.000 0.003 0.009 0.007 0.009 0.009 0.006 0.005 0.006 0.000 0.006 0.005 0.004 0.008 0.000 0.007 0.149 0.105 0.078 0.115 0.007 0.006 0.000 0.010 0.010 0.017 0.007 0.008 0.000 0.000 0.002 0.004 0.003 0.000 0.007 0.000 0.010 0.007 0.010 0.012 0.007 0.005 0.007 0.000 0.000 0.002 0.002 0.004 0.004 0.005
0.008 0.000 0.006 0.005 0.006 0.005 0.006 0.005 0.000 0.007 0.013 0.003 0.000 0.000 0.007 0.009 0.010 0.081 0.008 0.007 0.007 0.008 0.015 0.006 0.018 0.006 0.000 0.007 0.004 0.008 0.008 0.004 0.000 0.008 0.005 0.003 0.004 0.006 0.014 0.002 0.000 0.156 0.162 0.053 0.154 0.050 0.008 0.005 0.010 0.025 0.005 0.005 0.005 0.399 0.010 0.006 0.009 0.000 0.003 0.006 0.006 0.005 0.006 0.000 0.000 0.003 0.006 0.004 0.005 0.004 0.002 0.004 0.004 0.008 0.002 0.002 0.005
0.000 0.004 0.006 0.006 0.006 0.000 0.006 0.006 0.006 0.005 0.007 0.004 0.009 0.006 0.008 0.010 0.010 0.010 0.010 0.010 0.003 0.005 0.005 0.006 0.010 0.156 0.007 0.004 0.010 0.006 0.006 0.007 0.010 0.006 0.000 0.000 0.006 0.002 0.004 0.007 0.000 0.066 0.069 0.052 0.006 0.006 0.009 0.008 0.064 0.009 0.010 0.006 0.006 0.009 0.006 0.010 0.715 0.010 0.008 0.006 0.008 0.005 0.004 0.000 0.000 0.000 0.006 0.005 0.000 0.003 0.003 0.003 0.000 0.010 0.000 0.005 0.003
0.010 0.004 0.000 0.068 0.005 0.005 0.008 0.007 0.010 0.006 0.007 0.005 0.000 0.010 0.010 0.010 0.010 0.010 0.010 0.007 0.006 0.003 0.005 0.008 0.007 0.010 0.010 0.006 0.009 0.004 0.006 0.009 0.009 0.005 0.009 0.006 0.003 0.000 0.003 0.004 0.019 0.000 0.000 0.007 0.006 0.004 0.009 0.000 0.007 0.005 0.006 0.006 0.010 0.008 0.004 0.003 0.008 0.903 0.750 0.006 0.006 0.006 0.004 0.003 0.000 0.000 0.005 0.005 0.010 0.010 0.000 0.001 0.000 0.002 0.004 0.004 0.006
0.002 0.003 0.066 0.098 0.009 0.009 0.006 0.008 0.007 0.007 0.000 0.012 0.008 0.005 0.006 0.000 0.006 0.010 0.010 0.007 0.058 0.004 0.010 0.008 0.009 0.005 0.008 0.006 0.007 0.019 0.006 0.000 0.005 0.000 0.000 0.005 0.005 0.009 0.003 0.010 0.003 0.004 0.003 0.000 0.000 0.006 0.008 0.026 0.006 0.008 0.010 0.048 0.009 0.007 0.010 0.010 0.005 0.004 0.006 0.000 0.655 0.012 0.004 0.000 0.000 0.005 0.005 0.000 0.006 0.007 0.001 0.002 0.025 0.005 0.004 0.003 0.006
0.005 0.000 0.009 0.013 0.240 0.097 0.004 0.008 0.006 0.005 0.008 0.000 0.004 0.000 0.007 0.132 0.000 0.008 0.007 0.004 0.005 0.005 0.000 0.006 0.000 0.006 0.035 0.009 0.006 0.007 0.007 0.009 0.003 0.005 0.005 0.006 0.007 0.004 0.012 0.004 0.006 0.000 0.006 0.004 0.007 0.007 0.660 0.009 0.007 0.007 0.007 0.009 0.009 0.005 0.003 0.006 0.003 0.006 0.004 0.005 0.009 0.010 0.276 0.005 0.006 0.005 0.000 0.000 0.001 0.002 0.002 0.006 0.079 0.177 0.103 0.005 0.006
0.010 0.000 0.000 0.004 0.003 0.004 0.004 0.019 0.007 0.006 0.007 0.007 0.008 0.000 0.000 0.000 0.008 0.000 0.004 0.000 0.006 0.006 0.005 0.000 0.000 0.010 0.004 0.009 0.004 0.006 0.004 0.010 0.004 0.005 0.004 0.006 0.005 0.004 0.004 0.004 0.004 0.003 0.000 0.005 0.005 0.000 0.010 0.010 0.010 0.009 0.006 0.007 0.006 0.010 0.007 0.004 0.005 0.005 0.008 0.006 0.010 0.000 0.010 0.686 0.010 0.005 0.005 0.000 0.002 0.003 0.000 0.057 0.096 0.082 0.006 0.009 0.009
0.006 0.006 0.000 0.000 0.000 0.006 0.004 0.008 0.005 0.010 0.008 0.007 0.000 0.000 0.008 0.000 0.004 0.006 0.005 0.000 0.010 0.008 0.010 0.006 0.000 0.000 0.003 0.009 0.006 0.006 0.005 0.005 0.002 0.000 0.000 0.007 0.006 0.004 0.007 0.010 0.006 0.010 0.003 0.008 0.008 0.010 0.010 0.012 0.010 0.009 0.010 0.009 0.005 0.003 0.004 0.004 0.008 0.006 0.009 0.009 0.008 0.000 0.000 0.010 0.005 0.000 0.013 0.006 0.032 0.000 0.010 0.120 0.132 0.112 0.004 0.008 0.016
0.010 0.004 0.006 0.003 0.006 0.005 0.009 0.008 0.000 0.004 0.060 0.043 0.008 0.010 0.000 0.007 0.010 0.006 0.007 0.006 0.005 0.006 0.006 0.003 0.007 0.003 0.005 0.009 0.007 0.000 0.000 0.004 0.007 0.004 0.002 0.000 0.000 0.008 0.010 0.003 0.005 0.000 0.006 0.006 0.046 0.000 0.010 0.010 0.008 0.010 0.020 0.010 0.010 0.009 0.005 0.010 0.008 0.019 0.010 0.010 0.010 0.007 0.003 0.013 0.010 0.057 0.010 0.000 0.322 0.022 0.013 0.084 0.234 0.002 0.005 0.005 0.007
0.004 0.004 0.004 0.004 0.005 0.014 0.013 0.006 0.007 0.003 0.005 0.006 0.004 0.013 0.010 0.005 0.008 0.000 0.000 0.008 0.009 0.000 0.000 0.003 0.003 0.005 0.009 0.004 0.007 0.002 0.002 0.000 0.000 0.008 0.005 0.004 0.004 0.005 0.006 0.007 0.005 0.006 0.005 0.000 0.000 0.000 0.000 0.010 0.000 0.010 0.010 0.007 0.040 0.009 0.004 0.010 0.006 0.000 0.010 0.000 0.010 0.010 0.007 0.004 0.164 0.121 0.120 0.184 0.010 0.000 1.104 0.196 0.037 0.000 0.006 0.006 0.007
0.010 0.006 0.004 0.006 0.005 0.007 0.007 0.000 0.003 0.007 0.006 0.006 0.000 0.004 0.005 0.006 0.009 0.010 0.165 0.005 0.007 0.010 0.057 0.000 0.007 0.009 0.007 0.008 0.003 0.000 0.003 0.004 0.003 0.004 0.004 0.004 0.008 0.006 0.004 0.007 0.006 0.009 0.009 0.616 0.000 0.000 0.000 0.045 0.000 0.000 0.010 0.010 0.007 0.008 0.005 0.009 0.006 0.010 0.058 0.010 0.010 0.000 0.005 0.005 0.000 0.129 0.010 0.000 0.000 0.010 0.010 0.000 0.025 0.251 0.101 0.002 0.036
0.000 0.000 0.010 0.006 0.008 0.006 0.006 0.004 0.000 0.000 0.005 0.010 0.010 0.005 0.006 0.005 0.007 0.007 0.018 0.006 0.000 0.007 0.008 0.008 0.009 0.004 0.005 0.009 0.003 0.004 0.001 0.000 0.004 0.006 0.003 0.002 0.011 0.021 0.007 0.012 0.009 0.010 0.000 0.010 0.164 0.000 0.000 0.000 0.000 0.000 0.000 0.010 0.008 0.007 0.010 0.008 0.007 0.007 0.009 0.006 0.009 0.006 0.005 0.000 0.005 0.008 0.058 0.000 0.010 0.108 0.010 0.003 0.009 0.000 0.206 0.327 0.056
0.010 0.008 0.007 0.007 0.018 0.009 0.003 0.005 0.008 0.004 0.004 0.000 0.006 0.008 0.006 0.005 0.005 0.005 0.010 0.024 0.006 0.000 0.006 0.008 0.006 0.007 0.005 0.005 0.000 0.002 0.004 0.002 0.002 0.003 0.004 0.005 0.006 0.011 0.009 0.010 0.010 0.010 0.673 0.010 0.000 0.000 0.135 0.028 0.000 0.000 0.000 0.010 0.006 0.010 0.010 0.010 0.007 0.043 0.004 0.005 0.006 0.008 0.004 0.000 0.000 0.005 0.003 0.003 0.018 0.000 0.005 0.009 0.000 0.000 0.003 0.000 0.127
0.008 0.007 0.006 0.005 0.009 0.000 0.000 0.006 0.004 0.009 0.000 0.005 0.004 0.000 0.000 0.007 0.006 0.005 0.010 0.010 0.010 0.026 0.006 0.008 0.006 0.009 0.005 0.010 0.000 0.000 0.000 0.002 0.002 0.003 0.003 0.000 0.006 0.009 0.009 0.006 0.017 0.000 0.008 0.007 0.008 0.010 0.016 0.010 0.000 0.000 0.010 0.008 0.010 0.010 0.010 0.010 0.010 0.010 0.009 0.007 0.005 0.006 0.000 0.000 0.010 0.010 0.000 0.000 0.000 0.006 0.002 0.000 0.017 0.003 0.002 0.003 0.005
