hx_30m/njhx/rain/result-0053.wd
ncols         211
nrows         286
xllcorner     660279.582600
yllcorner     3541874.325092
cellsize      30.000000
NODATA_value  -9999.000000
[rows 170 to 203 of 286, columns 77 to 153 of 211]
0.010 0.000 0.005 0.001 0.206 0.097 0.001 0.000 0.002 0.001 0.002 0.005 0.010 0.010 0.010 0.005 0.003 0.010 0.010 0.010 0.002 0.001 0.000 0.000 0.001 0.000 0.010 0.002 0.010 0.005 0.004 0.001 0.001 0.010 0.002 0.001 0.004 0.001 0.001 0.001 0.010 0.118 0.196 0.010 0.000 0.000 0.000 0.000 0.000 0.000 0.001 0.000 0.000 0.001 0.001 0.003 0.000 0.000 0.001 0.001 0.032 0.000 0.000 0.000 0.004 0.000 0.000 0.000 0.000 0.000 0.000 0.000 0.010 0.010 0.015 0.000 0.010
0.010 0.001 0.003 0.010 0.106 0.001 0.001 0.001 0.000 0.000 0.010 0.001 0.000 0.000 0.001 0.002 0.010 0.005 0.000 0.000 0.001 0.002 0.000 0.000 0.001 0.000 0.010 0.000 0.000 0.004 0.002 0.004 0.002 0.010 0.010 0.000 0.004 0.004 0.010 0.001 0.004 0.002 0.000 0.000 0.000 0.000 0.000 0.000 0.002 0.009 0.001 0.001 0.004 0.000 0.000 0.008 0.000 0.002 0.000 0.000 0.010 0.000 0.000 0.001 0.000 0.000 0.000 0.000 0.000 0.001 0.000 0.001 0.004 0.008 0.000 0.001 0.002
0.002 0.002 0.005 0.001 0.009 0.048 0.002 0.001 0.000 0.000 0.000 0.000 0.003 0.002 0.000 0.001 0.003 0.065 0.010 0.010 0.002 0.002 0.000 0.001 0.005 0.005 0.010 0.000 0.060 0.010 0.000 0.000 0.001 0.010 0.005 0.000 0.001 0.001 0.002 0.001 0.001 0.000 0.001 0.000 0.000 0.000 0.000 0.001 0.004 0.008 0.001 0.001 0.000 0.000 0.000 0.000 0.002 0.010 0.004 0.001 0.010 0.000 0.000 0.000 0.001 0.001 0.001 0.000 0.000 0.000 0.000 0.001 0.001 0.000 0.000 0.033 0.169
0.046 0.005 0.002 0.005 0.023 0.006 0.001 0.010 0.002 0.001 0.001 0.005 0.002 0.000 0.002 0.001 0.000 0.000 0.000 0.000 0.001 0.001 0.000 0.002 0.005 0.001 0.005 0.000 0.010 0.010 0.000 0.001 0.000 0.000 0.000 0.001 0.002 0.002 0.002 0.002 0.002 0.001 0.000 0.001 0.001 0.002 0.000 0.000 0.000 0.000 0.001 0.000 0.002 0.010 0.000 0.000 0.003 0.000 0.003 0.000 0.010 0.004 0.001 0.000 0.000 0.000 0.001 0.000 0.002 0.000 0.000 0.001 0.001 0.001 0.000 0.010 0.000
0.000 0.010 0.010 0.005 0.003 0.003 0.001 0.039 0.002 0.003 0.001 0.002 0.038 0.001 0.001 0.001 0.002 0.004 0.001 0.005 0.001 0.002 0.001 0.001 0.000 0.000 0.000 0.000 0.000 0.000 0.000 0.000 0.000 0.001 0.010 0.010 0.003 0.002 0.001 0.002 0.001 0.000 0.000 0.001 0.000 0.000 0.000 0.000 0.000 0.000 0.001 0.000 0.001 0.010 0.001 0.000 0.000 0.000 0.001 0.001 0.002 0.001 0.000 0.004 0.001 0.001 0.001 0.000 0.000 0.001 0.000 0.000 0.001 0.125 0.010 0.008 0.000
0.028 0.000 0.010 0.010 0.003 0.000 0.001 0.000 0.002 0.002 0.002 0.002 0.005 0.001 0.003 0.003 0.005 0.010 0.003 0.029 0.005 0.002 0.002 0.002 0.002 0.002 0.001 0.000 0.002 0.004 0.002 0.000 0.001 0.001 0.010 0.003 0.000 0.004 0.001 0.010 0.004 0.000 0.000 0.010 0.001 0.000 0.000 0.000 0.000 0.000 0.001 0.010 0.001 0.001 0.000 0.000 0.000 0.000 0.000 0.001 0.002 0.000 0.000 0.001 0.001 0.004 0.001 0.001 0.000 0.000 0.000 0.000 0.010 0.133 0.001 0.006 0.000
0.000 0.044 0.010 0.010 0.001 0.000 0.000 0.001 0.000 0.000 0.000 0.001 0.002 0.001 0.001 0.001 0.000 0.001 0.001 0.002 0.001 0.001 0.001 0.002 0.002 0.001 0.009 0.002 0.002 0.002 0.007 0.002 0.002 0.001 0.001 0.001 0.001 0.000 0.001 0.002 0.004 0.010 0.010 0.010 0.000 0.000 0.000 0.000 0.000 0.001 0.001 0.000 0.001 0.000 0.000 0.000 0.001 0.001 0.002 0.003 0.000 0.000 0.001 0.001 0.000 0.000 0.000 0.000 0.000 0.000 0.001 0.002 0.481 0.000 0.000 0.010 0.000
0.010 0.010 0.019 0.010 0.000 0.000 0.003 0.004 0.004 0.004 0.000 0.001 0.000 0.000 0.000 0.000 0.001 0.001 0.001 0.002 0.002 0.001 0.000 0.003 0.010 0.002 0.002 0.002 0.002 0.002 0.002 0.002 0.001 0.001 0.001 0.001 0.001 0.002 0.000 0.002 0.002 0.018 0.001 0.001 0.001 0.002 0.002 0.000 0.001 0.006 0.004 0.001 0.001 0.000 0.000 0.001 0.010 0.001 0.000 0.000 0.001 0.009 0.002 0.010 0.000 0.001 0.000 0.001 0.000 0.000 0.000 0.001 0.000 0.001 0.217 0.000 0.000
0.010 0.010 0.005 0.001 0.000 0.000 0.001 0.001 0.001 0.002 0.002 0.001 0.000 0.000 0.001 0.001 0.001 0.001 0.001 0.000 0.010 0.005 0.002 0.002 0.005 0.001 0.004 0.000 0.001 0.000 0.000 0.000 0.002 0.003 0.001 0.000 0.001 0.004 0.001 0.004 0.000 0.004 0.004 0.002 0.002 0.002 0.001 0.001 0.001 0.001 0.002 0.001 0.001 0.001 0.001 0.000 0.004 0.000 0.000 0.000 0.001 0.000 0.010 0.010 0.010 0.002 0.004 0.000 0.000 0.001 0.001 0.000 0.000 0.001 0.000 0.000 0.010
0.010 0.001 0.005 0.001 0.001 0.005 0.005 0.002 0.001 0.002 0.000 0.000 0.001 0.001 0.000 0.000 0.003 0.010 0.031 0.002 0.001 0.001 0.003 0.010 0.084 0.031 0.010 0.004 0.004 0.004 0.002 0.010 0.004 0.002 0.000 0.000 0.000 0.001 0.001 0.010 0.003 0.010 0.086 0.037 0.010 0.010 0.010 0.036 0.010 0.009 0.010 0.001 0.002 0.000 0.001 0.001 0.000 0.000 0.004 0.010 0.003 0.001 0.008 0.001 0.002 0.004 0.010 0.010 0.000 0.000 0.001 0.000 0.000 0.001 0.000 0.002 0.000
0.010 0.010 0.000 0.000 0.000 0.001 0.003 0.001 0.004 0.002 0.010 0.001 0.001 0.000 0.000 0.001 0.010 0.047 0.113 0.010 0.010 0.001 0.001 0.040 0.000 0.002 0.004 0.001 0.010 0.000 0.003 0.007 0.004 0.001 0.000 0.000 0.000 0.001 0.002 0.010 0.003 0.010 0.010 0.010 0.010 0.010 0.139 0.144 0.010 0.003 0.010 0.001 0.001 0.000 0.002 0.000 0.001 0.000 0.000 0.001 0.000 0.009 0.001 0.000 0.001 0.001 0.002 0.001 0.004 0.002 0.000 0.000 0.000 0.000 0.000 0.000 0.000
0.010 0.001 0.000 0.000 0.010 0.001 0.005 0.001 0.001 0.001 0.000 0.000 0.001 0.000 0.000 0.002 0.010 0.102 0.010 0.010 0.001 0.000 0.000 0.005 0.010 0.010 0.002 0.010 0.010 0.010 0.005 0.002 0.004 0.000 0.002 0.000 0.000 0.001 0.000 0.001 0.001 0.010 0.010 0.010 0.010 0.010 0.136 0.183 0.010 0.001 0.001 0.000 0.003 0.010 0.000 0.000 0.000 0.000 0.000 0.000 0.000 0.000 0.004 0.000 0.001 0.001 0.001 0.002 0.001 0.002 0.002 0.004 0.000 0.003 0.001 0.000 0.000
0.003 0.005 0.000 0.000 0.000 0.001 0.000 0.002 0.002 0.001 0.001 0.001 0.000 0.000 0.001 0.002 0.010 0.010 0.085 0.079 0.002 0.001 0.005 0.002 0.003 0.004 0.004 0.004 0.135 0.004 0.000 0.004 0.002 0.002 0.010 0.002 0.038 0.002 0.001 0.001 0.001 0.010 0.010 0.022 0.010 0.010 0.010 0.010 0.004 0.001 0.000 0.001 0.000 0.000 0.000 0.000 0.000 0.001 0.000 0.000 0.000 0.000 0.000 0.002 0.001 0.001 0.001 0.010 0.007 0.001 0.002 0.002 0.002 0.002 0.010 0.010 0.000
0.005 0.005 0.005 0.001 0.001 0.000 0.000 0.001 0.001 0.000 0.001 0.009 0.002 0.000 0.002 0.002 0.010 0.093 0.010 0.010 0.001 0.000 0.002 0.010 0.002 0.004 0.000 0.001 0.004 0.002 0.005 0.015 0.010 0.001 0.010 0.004 0.000 0.002 0.002 0.004 0.001 0.010 0.056 0.010 0.010 0.010 0.010 0.010 0.001 0.001 0.000 0.001 0.000 0.000 0.000 0.000 0.001 0.000 0.000 0.001 0.001 0.001 0.000 0.001 0.000 0.000 0.001 0.010 0.004 0.002 0.010 0.002 0.002 0.004 0.003 0.004 0.000
0.001 0.064 0.010 0.010 0.005 0.002 0.001 0.001 0.001 0.000 0.000 0.005 0.002 0.002 0.001 0.002 0.049 0.005 0.010 0.010 0.002 0.000 0.002 0.004 0.002 0.009 0.002 0.001 0.004 0.002 0.009 0.004 0.000 0.001 0.002 0.001 0.000 0.002 0.002 0.002 0.004 0.010 0.010 0.273 0.010 0.010 0.010 0.010 0.010 0.000 0.000 0.000 0.000 0.000 0.000 0.001 0.001 0.001 0.002 0.004 0.000 0.002 0.001 0.000 0.001 0.000 0.000 0.000 0.001 0.001 0.035 0.016 0.001 0.001 0.004 0.004 0.001
0.002 0.010 0.010 0.001 0.002 0.001 0.002 0.000 0.000 0.000 0.001 0.001 0.005 0.010 0.010 0.002 0.000 0.000 0.010 0.000 0.001 0.001 0.000 0.000 0.001 0.002 0.000 0.010 0.000 0.002 0.004 0.006 0.002 0.000 0.010 0.010 0.002 0.002 0.010 0.002 0.000 0.010 0.373 0.071 0.010 0.010 0.029 0.010 0.001 0.010 0.004 0.001 0.001 0.004 0.004 0.010 0.000 0.000 0.002 0.010 0.002 0.010 0.000 0.001 0.000 0.001 0.000 0.000 0.001 0.001 0.000 0.003 0.004 0.010 0.010 0.002 0.001
0.010 0.005 0.001 0.001 0.001 0.003 0.001 0.000 0.001 0.010 0.020 0.002 0.010 0.003 0.000 0.000 0.002 0.000 0.052 0.000 0.001 0.002 0.001 0.000 0.000 0.001 0.000 0.001 0.001 0.001 0.001 0.000 0.004 0.001 0.002 0.001 0.001 0.003 0.002 0.002 0.934 0.010 0.362 0.107 0.010 0.275 0.010 0.010 0.001 0.000 0.004 0.004 0.004 0.000 0.001 0.010 0.009 0.010 0.003 0.005 0.000 0.004 0.001 0.000 0.010 0.002 0.000 0.000 0.001 0.004 0.002 0.000 0.000 0.000 0.001 0.001 0.000
0.002 0.010 0.002 0.003 0.001 0.001 0.000 0.001 0.000 0.010 0.000 0.007 0.000 0.000 0.001 0.000 0.001 0.000 0.000 0.000 0.010 0.010 0.001 0.000 0.000 0.000 0.000 0.001 0.001 0.000 0.000 0.000 0.000 0.000 0.001 0.001 0.004 0.114 0.002 0.001 0.881 0.000 0.763 0.198 0.010 0.036 0.010 0.008 0.002 0.000 0.010 0.002 0.004 0.005 0.020 0.036 0.002 0.010 0.008 0.002 0.002 0.002 0.003 0.000 0.000 0.000 0.001 0.000 0.001 0.001 0.000 0.000 0.000 0.000 0.021 0.000 0.000
0.002 0.022 0.001 0.002 0.001 0.002 0.001 0.010 0.010 0.010 0.005 0.000 0.000 0.000 0.000 0.000 0.000 0.000 0.000 0.000 0.000 0.010 0.001 0.000 0.000 0.000 0.000 0.000 0.000 0.000 0.002 0.001 0.004 0.004 0.001 0.001 0.000 0.157 0.283 0.464 0.017 0.010 0.064 0.000 0.109 0.010 0.014 0.010 0.010 0.010 0.002 0.010 0.004 0.000 0.000 0.004 0.010 0.004 0.004 0.069 0.002 0.001 0.002 0.001 0.000 0.000 0.000 0.001 0.000 0.000 0.000 0.000 0.000 0.000 0.000 0.000 0.000
0.001 0.000 0.001 0.000 0.000 0.001 0.005 0.006 0.010 0.009 0.005 0.000 0.000 0.000 0.001 0.010 0.000 0.000 0.010 0.010 0.000 0.082 0.010 0.000 0.000 0.000 0.000 0.000 0.000 0.005 0.011 0.000 0.002 0.060 0.002 0.000 0.000 0.002 0.001 0.001 0.128 0.004 0.000 0.010 0.953 0.000 0.497 0.002 0.004 0.010 0.009 0.000 0.001 0.002 0.001 0.001 0.004 0.002 0.003 0.002 0.004 0.000 0.000 0.001 0.000 0.000 0.000 0.001 0.000 0.000 0.000 0.000 0.000 0.000 0.000 0.001 0.001
0.002 0.001 0.003 0.003 0.001 0.002 0.002 0.052 0.010 0.010 0.001 0.001 0.000 0.000 0.001 0.002 0.000 0.000 0.000 0.004 0.002 0.001 0.000 0.000 0.000 0.000 0.001 0.001 0.000 0.001 0.000 0.002 0.002 0.002 0.000 0.001 0.002 0.001 0.035 0.010 0.010 0.010 0.001 0.002 0.000 0.000 0.611 0.000 0.010 0.010 0.004 0.001 0.000 0.010 0.004 0.012 0.000 0.001 0.001 0.000 0.000 0.004 0.010 0.055 0.000 0.000 0.001 0.001 0.002 0.000 0.000 0.000 0.010 0.000 0.000 0.005 0.010
0.001 0.001 0.001 0.010 0.058 0.001 0.026 0.010 0.010 0.010 0.000 0.000 0.000 0.002 0.002 0.003 0.010 0.059 0.000 0.000 0.001 0.000 0.001 0.000 0.000 0.000 0.001 0.000 0.002 0.010 0.010 0.010 0.002 0.001 0.001 0.000 0.001 0.002 0.001 0.010 0.010 0.000 0.010 0.004 0.002 0.002 0.004 0.001 0.083 0.000 0.010 0.010 0.075 0.010 0.010 0.000 0.000 0.001 0.005 0.002 0.001 0.001 0.001 0.019 0.010 0.000 0.004 0.000 0.000 0.000 0.001 0.001 0.010 0.001 0.001 0.001 0.007
0.001 0.003 0.003 0.002 0.001 0.001 0.001 0.003 0.027 0.010 0.010 0.015 0.047 0.000 0.010 0.010 0.001 0.005 0.010 0.000 0.010 0.002 0.000 0.000 0.000 0.000 0.000 0.002 0.010 0.010 0.001 0.001 0.002 0.002 0.001 0.000 0.002 0.001 0.044 0.010 0.010 0.000 0.000 0.010 0.002 0.001 0.000 0.001 0.000 0.010 0.130 0.000 0.010 0.010 0.010 0.023 0.010 0.001 0.000 0.000 0.000 0.001 0.010 0.004 0.002 0.001 0.001 0.002 0.000 0.000 0.000 0.007 0.001 0.000 0.000 0.015 0.002
0.002 0.000 0.001 0.003 0.001 0.001 0.002 0.005 0.010 0.010 0.010 0.048 0.000 0.001 0.034 0.003 0.000 0.001 0.000 0.000 0.003 0.010 0.003 0.003 0.000 0.001 0.002 0.010 0.034 0.010 0.000 0.001 0.000 0.001 0.000 0.000 0.001 0.002 0.001 0.002 0.000 0.000 0.000 0.010 0.000 0.010 0.003 0.004 0.006 0.002 0.010 0.010 0.124 0.000 0.010 0.010 0.010 0.002 0.000 0.000 0.000 0.007 0.010 0.001 0.002 0.001 0.001 0.000 0.000 0.001 0.001 0.000 0.001 0.010 0.010 0.001 0.039
0.003 0.003 0.003 0.001 0.001 0.003 0.002 0.003 0.004 0.004 0.039 0.064 0.000 0.000 0.001 0.001 0.001 0.002 0.001 0.002 0.003 0.000 0.001 0.003 0.001 0.001 0.002 0.010 0.010 0.001 0.003 0.001 0.000 0.001 0.000 0.001 0.002 0.001 0.000 0.002 0.010 0.010 0.010 0.000 0.000 0.000 0.000 0.001 0.001 0.001 0.001 0.006 0.010 0.010 0.205 0.000 0.159 0.010 0.010 0.002 0.000 0.010 0.041 0.015 0.001 0.004 0.000 0.000 0.000 0.000 0.000 0.000 0.000 0.010 0.004 0.002 0.010
0.003 0.003 0.001 0.001 0.002 0.002 0.003 0.005 0.001 0.059 0.157 0.000 0.000 0.000 0.000 0.000 0.001 0.001 0.002 0.001 0.005 0.001 0.000 0.001 0.001 0.000 0.000 0.000 0.000 0.000 0.001 0.001 0.001 0.000 0.000 0.001 0.002 0.004 0.000 0.004 0.000 0.000 0.010 0.010 0.010 0.010 0.001 0.001 0.063 0.009 0.010 0.010 0.007 0.001 0.010 0.010 0.010 0.000 0.129 0.010 0.004 0.010 0.010 0.010 0.010 0.001 0.000 0.000 0.000 0.000 0.000 0.000 0.000 0.000 0.001 0.002 0.010
0.001 0.002 0.002 0.010 0.003 0.003 0.001 0.003 0.001 0.001 0.070 0.001 0.001 0.000 0.001 0.000 0.005 0.000 0.000 0.010 0.008 0.000 0.001 0.001 0.005 0.000 0.000 0.000 0.000 0.000 0.000 0.002 0.000 0.002 0.004 0.010 0.093 0.010 0.000 0.001 0.000 0.000 0.066 0.000 0.010 0.001 0.016 0.002 0.001 0.011 0.126 0.000 0.001 0.001 0.001 0.004 0.010 0.010 0.010 0.000 0.265 0.010 0.010 0.079 0.001 0.001 0.000 0.000 0.000 0.000 0.000 0.000 0.000 0.001 0.000 0.010 0.000
0.001 0.005 0.003 0.000 0.002 0.003 0.010 0.010 0.047 0.000 0.062 0.003 0.003 0.001 0.001 0.001 0.001 0.001 0.005 0.002 0.003 0.000 0.000 0.001 0.000 0.000 0.000 0.000 0.000 0.000 0.000 0.000 0.002 0.004 0.010 0.001 0.001 0.001 0.001 0.001 0.010 0.010 0.000 0.000 0.000 0.002 0.010 0.001 0.001 0.004 0.046 0.034 0.000 0.000 0.000 0.001 0.001 0.008 0.010 0.010 0.010 0.000 0.475 0.010 0.001 0.000 0.004 0.000 0.000 0.000 0.000 0.000 0.000 0.000 0.001 0.000 0.000
0.010 0.010 0.010 0.010 0.005 0.001 0.005 0.000 0.000 0.075 0.001 0.000 0.010 0.000 0.000 0.002 0.000 0.003 0.001 0.001 0.004 0.002 0.001 0.001 0.000 0.003 0.000 0.000 0.000 0.000 0.001 0.010 0.004 0.107 0.004 0.001 0.001 0.001 0.001 0.001 0.000 0.010 0.010 0.010 0.010 0.001 0.002 0.000 0.000 0.002 0.010 0.004 0.010 0.001 0.004 0.004 0.001 0.001 0.002 0.004 0.010 0.010 0.010 0.000 0.000 0.034 0.000 0.000 0.000 0.000 0.000 0.000 0.000 0.003 0.000 0.000 0.000
0.010 0.010 0.010 0.000 0.002 0.010 0.000 0.062 0.010 0.000 0.000 0.001 0.001 0.000 0.000 0.010 0.000 0.000 0.000 0.001 0.000 0.000 0.004 0.001 0.002 0.002 0.001 0.004 0.000 0.000 0.002 0.010 0.010 0.001 0.004 0.001 0.004 0.001 0.004 0.050 0.000 0.048 0.000 0.000 0.004 0.002 0.034 0.010 0.004 0.010 0.000 0.010 0.001 0.000 0.004 0.003 0.002 0.000 0.002 0.002 0.003 0.002 0.004 0.001 0.006 0.000 0.008 0.001 0.000 0.000 0.000 0.000 0.000 0.000 0.080 0.000 0.000
0.010 0.001 0.000 0.003 0.005 0.000 0.008 0.005 0.000 0.001 0.003 0.000 0.000 0.001 0.000 0.000 0.001 0.000 0.000 0.003 0.001 0.000 0.000 0.000 0.002 0.002 0.001 0.001 0.004 0.002 0.010 0.002 0.010 0.001 0.001 0.001 0.004 0.001 0.004 0.010 0.000 0.000 0.000 0.000 0.001 0.001 0.010 0.010 0.001 0.002 0.001 0.000 0.007 0.000 0.010 0.000 0.060 0.001 0.002 0.000 0.000 0.002 0.002 0.000 0.000 0.001 0.004 0.000 0.360 0.010 0.000 0.000 0.000 0.000 0.000 0.001 0.001
0.001 0.001 0.002 0.000 0.010 0.003 0.010 0.000 0.000 0.000 0.000 0.000 0.001 0.000 0.000 0.001 0.000 0.000 0.001 0.001 0.000 0.001 0.000 0.001 0.001 0.001 0.002 0.007 0.010 0.001 0.004 0.001 0.004 0.001 0.000 0.001 0.004 0.001 0.002 0.010 0.010 0.001 0.000 0.004 0.004 0.001 0.014 0.087 0.064 0.000 0.001 0.000 0.000 0.000 0.000 0.001 0.001 0.000 0.002 0.002 0.000 0.001 0.001 0.002 0.001 0.001 0.002 0.000 0.010 0.000 0.000 0.014 0.001 0.010 0.000 0.000 0.000
0.005 0.107 0.000 0.010 0.005 0.010 0.010 0.000 0.001 0.001 0.001 0.057 0.010 0.010 0.001 0.005 0.000 0.000 0.000 0.005 0.001 0.000 0.000 0.001 0.001 0.001 0.001 0.010 0.004 0.000 0.000 0.011 0.001 0.002 0.010 0.002 0.004 0.001 0.001 0.001 0.001 0.001 0.001 0.003 0.006 0.000 0.000 0.055 0.028 0.001 0.000 0.000 0.000 0.000 0.000 0.000 0.001 0.007 0.002 0.002 0.001 0.001 0.078 0.010 0.000 0.003 0.001 0.002 0.002 0.000 0.001 0.000 0.000 0.001 0.000 0.000 0.010
0.000 0.010 0.010 0.001 0.010 0.010 0.001 0.000 0.000 0.000 0.002 0.069 0.010 0.010 0.001 0.000 0.000 0.000 0.001 0.003 0.000 0.000 0.000 0.000 0.001 0.000 0.001 0.110 0.010 0.010 0.001 0.000 0.000 0.002 0.001 0.009 0.002 0.001 0.001 0.001 0.001 0.001 0.000 0.000 0.001 0.002 0.002 0.001 0.000 0.001 0.000 0.000 0.000 0.000 0.010 0.000 0.001 0.001 0.010 0.008 0.001 0.000 0.010 0.000 0.000 0.000 0.001 0.001 0.001 0.000 0.000 0.000 0.002 0.000 0.000 0.001 0.000
