hx_30m/njhx/rain/result-0050.wd
ncols         211
nrows         286
xllcorner     660279.582600
yllcorner     3541874.325092
cellsize      30.000000
NODATA_value  -9999.000000
[rows 204 to 237 of 286, columns 77 to 153 of 211]
0.010 0.010 0.005 0.003 0.032 0.010 0.001 0.000 0.000 0.000 0.010 0.010 0.058 0.270 0.002 0.000 0.000 0.000 0.003 0.003 0.003 0.001 0.004 0.000 0.000 0.003 0.003 0.045 0.128 0.005 0.001 0.000 0.001 0.010 0.001 0.003 0.001 0.008 0.003 0.001 0.000 0.001 0.001 0.003 0.001 0.001 0.001 0.001 0.003 0.002 0.000 0.000 0.000 0.000 0.001 0.000 0.001 0.000 0.017 0.001 0.001 0.010 0.001 0.000 0.010 0.002 0.000 0.005 0.004 0.010 0.001 0.001 0.001 0.001 0.059 0.000 0.000
0.327 0.003 0.005 0.010 0.004 0.010 0.000 0.000 0.001 0.001 0.000 0.000 0.010 0.009 0.006 0.010 0.002 0.001 0.001 0.005 0.001 0.000 0.000 0.002 0.003 0.003 0.010 0.029 0.001 0.000 0.000 0.000 0.000 0.000 0.001 0.010 0.003 0.003 0.000 0.000 0.000 0.007 0.002 0.003 0.001 0.003 0.002 0.001 0.002 0.001 0.002 0.000 0.003 0.000 0.000 0.000 0.000 0.001 0.010 0.008 0.204 0.000 0.000 0.001 0.000 0.001 0.005 0.001 0.001 0.010 0.005 0.001 0.001 0.003 0.000 0.001 0.004
0.003 0.001 0.001 0.006 0.001 0.010 0.000 0.000 0.000 0.000 0.001 0.001 0.010 0.000 0.000 0.002 0.000 0.010 0.001 0.000 0.000 0.000 0.000 0.002 0.003 0.002 0.005 0.003 0.000 0.001 0.000 0.000 0.000 0.005 0.003 0.003 0.002 0.001 0.000 0.001 0.001 0.002 0.001 0.010 0.010 0.007 0.007 0.001 0.000 0.001 0.001 0.003 0.002 0.001 0.005 0.003 0.001 0.002 0.010 0.000 0.010 0.000 0.001 0.003 0.001 0.005 0.005 0.010 0.004 0.000 0.010 0.010 0.005 0.002 0.001 0.002 0.000
0.004 0.005 0.000 0.005 0.010 0.002 0.002 0.001 0.001 0.001 0.000 0.000 0.002 0.001 0.001 0.001 0.000 0.003 0.002 0.001 0.000 0.000 0.010 0.001 0.010 0.001 0.003 0.010 0.010 0.002 0.002 0.000 0.010 0.002 0.002 0.001 0.000 0.000 0.001 0.001 0.000 0.000 0.002 0.002 0.010 0.179 0.000 0.000 0.000 0.000 0.005 0.001 0.001 0.003 0.001 0.005 0.332 0.022 0.010 0.231 0.000 0.002 0.001 0.000 0.000 0.001 0.005 0.010 0.005 0.010 0.010 0.010 0.046 0.000 0.000 0.002 0.001
0.003 0.000 0.010 0.004 0.001 0.001 0.001 0.000 0.000 0.003 0.005 0.002 0.011 0.007 0.021 0.006 0.006 0.214 0.100 0.001 0.001 0.003 0.005 0.001 0.004 0.000 0.010 0.000 0.005 0.010 0.000 0.000 0.000 0.001 0.003 0.001 0.000 0.000 0.002 0.003 0.010 0.000 0.003 0.002 0.010 0.000 0.000 0.000 0.001 0.000 0.004 0.003 0.001 0.001 0.001 0.003 0.010 0.031 0.000 0.096 0.000 0.001 0.002 0.010 0.001 0.003 0.003 0.003 0.001 0.001 0.010 0.005 0.000 0.000 0.039 0.000 0.000
0.000 0.010 0.005 0.002 0.010 0.000 0.000 0.000 0.001 0.002 0.001 0.000 0.001 0.000 0.001 0.001 0.001 0.180 0.388 0.110 0.194 0.009 0.003 0.001 0.000 0.010 0.010 0.001 0.001 0.001 0.004 0.000 0.000 0.001 0.002 0.002 0.002 0.000 0.000 0.000 0.000 0.010 0.001 0.010 0.010 0.000 0.000 0.000 0.000 0.001 0.000 0.004 0.010 0.000 0.003 0.003 0.003 0.002 0.010 0.173 0.000 0.022 0.003 0.001 0.000 0.001 0.001 0.003 0.000 0.000 0.001 0.001 0.000 0.010 0.000 0.010 0.002
0.000 0.003 0.002 0.003 0.001 0.000 0.000 0.000 0.000 0.000 0.001 0.002 0.000 0.000 0.000 0.033 0.003 0.261 0.107 0.284 0.364 0.000 0.562 0.010 0.002 0.003 0.003 0.000 0.000 0.001 0.010 0.000 0.003 0.002 0.003 0.000 0.010 0.003 0.001 0.000 0.000 0.005 0.000 0.010 0.000 0.001 0.000 0.001 0.001 0.001 0.000 0.010 0.010 0.002 0.010 0.000 0.005 0.000 0.010 0.001 0.001 0.005 0.002 0.000 0.000 0.010 0.001 0.001 0.000 0.000 0.000 0.000 0.010 0.010 0.010 0.000 0.001
0.010 0.005 0.005 0.010 0.000 0.000 0.001 0.000 0.000 0.008 0.001 0.000 0.001 0.000 0.000 0.000 0.032 0.123 0.256 0.069 0.429 0.025 0.033 0.123 0.699 0.000 0.214 0.005 0.001 0.000 0.010 0.010 0.003 0.010 0.001 0.000 0.010 0.010 0.001 0.010 0.000 0.010 0.010 0.010 0.010 0.001 0.000 0.000 0.005 0.000 0.000 0.010 0.016 0.000 0.010 0.004 0.076 0.008 0.001 0.001 0.002 0.000 0.003 0.001 0.000 0.000 0.001 0.010 0.002 0.000 0.000 0.001 0.000 0.003 0.003 0.002 0.004
0.000 0.008 0.005 0.005 0.001 0.001 0.001 0.001 0.000 0.001 0.010 0.003 0.001 0.000 0.001 0.001 0.257 0.373 0.388 0.349 0.049 0.001 0.002 0.001 0.010 0.010 0.010 0.010 0.000 0.003 0.003 0.000 0.002 0.003 0.001 0.010 0.010 0.010 0.000 0.000 0.003 0.001 0.001 0.000 0.002 0.000 0.000 0.001 0.001 0.000 0.000 0.000 0.000 0.000 0.012 0.002 0.000 0.000 0.000 0.001 0.001 0.001 0.002 0.001 0.001 0.001 0.010 0.013 0.010 0.010 0.010 0.000 0.010 0.000 0.001 0.010 0.010
0.001 0.001 0.000 0.001 0.000 0.002 0.002 0.001 0.001 0.000 0.020 0.000 0.001 0.001 0.002 0.005 0.375 0.138 0.333 0.005 0.003 0.001 0.010 0.001 0.002 0.002 0.002 0.163 0.002 0.010 0.000 0.029 0.006 0.002 0.003 0.010 0.010 0.002 0.001 0.000 0.010 0.002 0.005 0.001 0.001 0.000 0.002 0.001 0.000 0.000 0.000 0.014 0.000 0.000 0.006 0.017 0.001 0.000 0.000 0.000 0.000 0.003 0.001 0.003 0.001 0.001 0.001 0.014 0.010 0.010 0.002 0.000 0.010 0.002 0.012 0.024 0.000
0.005 0.004 0.002 0.000 0.003 0.000 0.000 0.001 0.001 0.001 0.024 0.001 0.001 0.000 0.001 0.001 0.242 0.420 0.001 0.001 0.001 0.002 0.002 0.001 0.003 0.001 0.001 0.000 0.000 0.001 0.003 0.010 0.000 0.010 0.021 0.003 0.002 0.010 0.003 0.005 0.001 0.001 0.002 0.003 0.000 0.018 0.000 0.000 0.001 0.010 0.000 0.012 0.000 0.001 0.003 0.540 0.000 0.000 0.002 0.000 0.000 0.003 0.000 0.001 0.000 0.001 0.001 0.001 0.003 0.010 0.010 0.000 0.000 0.001 0.002 0.003 0.000
0.003 0.010 0.000 0.000 0.000 0.001 0.000 0.002 0.001 0.001 0.000 0.000 0.001 0.010 0.005 0.002 0.075 0.001 0.011 0.005 0.010 0.010 0.010 0.001 0.003 0.001 0.002 0.010 0.005 0.010 0.002 0.005 0.010 0.010 0.000 0.002 0.003 0.003 0.003 0.063 0.010 0.012 0.001 0.001 0.010 0.000 0.000 0.001 0.000 0.000 0.005 0.000 0.000 0.003 0.000 0.002 0.000 0.001 0.002 0.001 0.003 0.001 0.001 0.000 0.000 0.002 0.007 0.001 0.001 0.001 0.001 0.002 0.001 0.003 0.002 0.000 0.000
0.002 0.005 0.010 0.001 0.001 0.000 0.001 0.001 0.000 0.001 0.009 0.001 0.005 0.000 0.003 0.002 0.179 0.005 0.010 0.001 0.005 0.010 0.010 0.003 0.002 0.002 0.001 0.002 0.002 0.001 0.005 0.005 0.004 0.001 0.010 0.005 0.000 0.003 0.003 0.010 0.005 0.001 0.001 0.001 0.010 0.008 0.001 0.000 0.001 0.000 0.000 0.000 0.001 0.003 0.141 0.000 0.000 0.010 0.001 0.000 0.001 0.001 0.000 0.000 0.000 0.000 0.001 0.002 0.054 0.001 0.002 0.001 0.002 0.002 0.002 0.000 0.001
0.003 0.001 0.003 0.005 0.000 0.001 0.001 0.001 0.000 0.003 0.005 0.000 0.010 0.010 0.002 0.001 0.010 0.001 0.001 0.001 0.003 0.003 0.002 0.003 0.002 0.002 0.005 0.003 0.000 0.002 0.002 0.003 0.001 0.010 0.000 0.003 0.000 0.004 0.000 0.002 0.001 0.000 0.001 0.010 0.001 0.001 0.000 0.027 0.000 0.000 0.000 0.000 0.003 0.000 0.002 0.001 0.003 0.010 0.010 0.000 0.005 0.002 0.001 0.001 0.000 0.000 0.001 0.000 0.000 0.004 0.058 0.001 0.003 0.003 0.002 0.001 0.000
0.005 0.003 0.001 0.001 0.003 0.001 0.000 0.000 0.002 0.001 0.001 0.001 0.002 0.001 0.002 0.001 0.003 0.003 0.005 0.010 0.010 0.005 0.001 0.010 0.005 0.001 0.003 0.003 0.000 0.003 0.002 0.005 0.002 0.010 0.000 0.001 0.001 0.001 0.000 0.631 0.000 0.002 0.005 0.000 0.000 0.000 0.000 0.000 0.000 0.000 0.000 0.001 0.006 0.004 0.000 0.000 0.001 0.001 0.000 0.003 0.001 0.000 0.000 0.001 0.001 0.000 0.000 0.000 0.000 0.000 0.000 0.003 0.010 0.001 0.003 0.001 0.001
0.000 0.010 0.000 0.002 0.001 0.002 0.001 0.001 0.002 0.052 0.000 0.000 0.000 0.001 0.001 0.004 0.001 0.001 0.010 0.010 0.010 0.010 0.005 0.001 0.002 0.001 0.002 0.000 0.000 0.010 0.002 0.003 0.002 0.000 0.010 0.003 0.010 0.001 0.000 0.111 0.022 0.023 0.000 0.010 0.000 0.000 0.000 0.000 0.000 0.000 0.000 0.006 0.002 0.000 0.000 0.001 0.001 0.000 0.001 0.001 0.000 0.000 0.003 0.000 0.002 0.001 0.005 0.001 0.000 0.000 0.001 0.003 0.002 0.010 0.001 0.001 0.001
0.000 0.002 0.000 0.000 0.001 0.001 0.003 0.001 0.002 0.003 0.003 0.010 0.003 0.008 0.002 0.003 0.001 0.002 0.002 0.001 0.010 0.010 0.005 0.001 0.001 0.005 0.003 0.002 0.002 0.004 0.005 0.001 0.010 0.000 0.002 0.000 0.000 0.035 0.019 0.160 0.010 0.019 0.001 0.005 0.003 0.005 0.001 0.000 0.000 0.000 0.002 0.003 0.001 0.000 0.000 0.001 0.000 0.000 0.001 0.000 0.000 0.001 0.001 0.000 0.000 0.000 0.010 0.005 0.003 0.002 0.001 0.002 0.000 0.000 0.000 0.044 0.001
0.001 0.002 0.000 0.000 0.001 0.001 0.001 0.000 0.002 0.001 0.003 0.002 0.004 0.001 0.000 0.000 0.010 0.003 0.002 0.003 0.000 0.121 0.010 0.010 0.003 0.003 0.000 0.000 0.000 0.000 0.003 0.005 0.010 0.000 0.001 0.010 0.039 0.032 0.000 0.085 0.010 0.013 0.010 0.001 0.001 0.010 0.097 0.003 0.001 0.000 0.001 0.005 0.001 0.000 0.000 0.000 0.000 0.007 0.000 0.001 0.010 0.001 0.000 0.002 0.000 0.000 0.000 0.006 0.000 0.001 0.001 0.005 0.000 0.000 0.000 0.000 0.000
0.002 0.003 0.000 0.000 0.005 0.001 0.001 0.002 0.001 0.000 0.000 0.002 0.005 0.003 0.002 0.005 0.005 0.010 0.187 0.010 0.005 0.010 0.001 0.003 0.005 0.004 0.001 0.001 0.000 0.003 0.001 0.001 0.001 0.000 0.001 0.087 0.068 0.001 0.003 0.001 0.010 0.014 0.032 0.003 0.002 0.003 0.001 0.004 0.000 0.001 0.000 0.000 0.000 0.000 0.009 0.000 0.000 0.000 0.000 0.000 0.001 0.010 0.001 0.000 0.002 0.000 0.006 0.000 0.005 0.001 0.003 0.000 0.000 0.000 0.001 0.001 0.001
0.000 0.003 0.001 0.001 0.000 0.005 0.002 0.002 0.000 0.001 0.005 0.001 0.003 0.003 0.003 0.002 0.001 0.005 0.010 0.168 0.010 0.003 0.001 0.002 0.000 0.002 0.000 0.000 0.002 0.002 0.001 0.001 0.000 0.001 0.001 0.079 0.066 0.002 0.000 0.003 0.215 0.098 0.194 0.044 0.010 0.005 0.005 0.001 0.001 0.001 0.055 0.002 0.005 0.000 0.002 0.001 0.000 0.000 0.000 0.001 0.001 0.000 0.095 0.010 0.009 0.010 0.003 0.000 0.001 0.002 0.005 0.000 0.000 0.000 0.001 0.000 0.000
0.001 0.003 0.002 0.003 0.004 0.002 0.001 0.002 0.002 0.001 0.001 0.002 0.001 0.002 0.000 0.010 0.002 0.002 0.001 0.005 0.002 0.107 0.010 0.001 0.000 0.001 0.000 0.000 0.001 0.005 0.003 0.005 0.005 0.001 0.001 0.002 0.000 0.002 0.001 0.001 0.003 0.000 0.003 0.185 0.141 0.114 0.151 0.003 0.002 0.000 0.010 0.010 0.005 0.001 0.002 0.000 0.000 0.000 0.001 0.001 0.000 0.002 0.000 0.003 0.001 0.010 0.010 0.003 0.001 0.003 0.000 0.000 0.000 0.000 0.001 0.001 0.001
0.003 0.000 0.001 0.001 0.002 0.001 0.001 0.001 0.000 0.002 0.002 0.000 0.000 0.000 0.002 0.005 0.010 0.075 0.002 0.002 0.002 0.003 0.007 0.001 0.017 0.001 0.000 0.002 0.001 0.005 0.001 0.001 0.000 0.001 0.001 0.000 0.001 0.002 0.004 0.000 0.000 0.193 0.200 0.090 0.191 0.087 0.005 0.001 0.010 0.009 0.001 0.001 0.001 0.710 0.211 0.002 0.005 0.000 0.000 0.002 0.001 0.001 0.002 0.000 0.000 0.000 0.002 0.001 0.001 0.001 0.000 0.000 0.000 0.001 0.000 0.000 0.001
0.000 0.001 0.001 0.001 0.002 0.000 0.001 0.001 0.002 0.001 0.002 0.001 0.005 0.001 0.003 0.010 0.010 0.010 0.010 0.010 0.000 0.001 0.001 0.002 0.010 0.156 0.002 0.000 0.010 0.002 0.002 0.003 0.010 0.001 0.000 0.000 0.002 0.000 0.001 0.002 0.000 0.103 0.107 0.089 0.002 0.002 0.005 0.005 0.014 0.005 0.010 0.001 0.002 0.005 0.002 0.010 0.378 0.010 0.003 0.002 0.003 0.001 0.001 0.000 0.000 0.000 0.002 0.001 0.000 0.000 0.000 0.000 0.000 0.001 0.000 0.001 0.000
0.002 0.001 0.000 0.026 0.001 0.001 0.003 0.001 0.010 0.001 0.002 0.001 0.000 0.005 0.010 0.010 0.010 0.010 0.010 0.002 0.001 0.000 0.001 0.003 0.002 0.010 0.010 0.002 0.005 0.001 0.002 0.005 0.005 0.001 0.005 0.001 0.000 0.000 0.000 0.001 0.008 0.000 0.000 0.003 0.002 0.001 0.005 0.000 0.002 0.001 0.001 0.002 0.010 0.003 0.001 0.000 0.003 0.874 0.721 0.002 0.002 0.002 0.001 0.001 0.000 0.000 0.001 0.001 0.010 0.010 0.000 0.000 0.000 0.000 0.000 0.000 0.001
0.000 0.000 0.023 0.055 0.002 0.001 0.001 0.003 0.002 0.002 0.000 0.004 0.003 0.001 0.001 0.000 0.001 0.010 0.010 0.002 0.058 0.000 0.010 0.003 0.002 0.001 0.003 0.002 0.003 0.004 0.002 0.000 0.001 0.000 0.000 0.001 0.001 0.005 0.000 0.010 0.000 0.001 0.001 0.000 0.000 0.002 0.003 0.009 0.001 0.003 0.010 0.048 0.005 0.002 0.010 0.010 0.001 0.001 0.002 0.000 0.818 0.111 0.001 0.000 0.000 0.001 0.001 0.000 0.005 0.002 0.000 0.000 0.117 0.001 0.001 0.000 0.002
0.001 0.000 0.005 0.010 0.067 0.004 0.001 0.002 0.001 0.001 0.003 0.000 0.001 0.000 0.002 0.133 0.000 0.001 0.002 0.001 0.001 0.001 0.000 0.001 0.000 0.001 0.010 0.005 0.001 0.003 0.003 0.005 0.000 0.001 0.001 0.001 0.003 0.001 0.004 0.001 0.001 0.000 0.002 0.001 0.002 0.002 0.732 0.005 0.002 0.002 0.002 0.005 0.005 0.001 0.001 0.002 0.000 0.002 0.001 0.001 0.005 0.197 0.649 0.001 0.002 0.001 0.000 0.000 0.000 0.000 0.000 0.072 0.171 0.269 0.195 0.022 0.001
0.010 0.000 0.000 0.001 0.000 0.001 0.000 0.002 0.002 0.001 0.002 0.002 0.002 0.000 0.000 0.000 0.003 0.000 0.001 0.000 0.002 0.002 0.001 0.000 0.000 0.010 0.000 0.005 0.002 0.002 0.001 0.010 0.001 0.001 0.001 0.002 0.001 0.001 0.001 0.001 0.001 0.000 0.000 0.001 0.001 0.000 0.053 0.010 0.010 0.005 0.001 0.002 0.002 0.010 0.003 0.001 0.001 0.001 0.003 0.001 0.010 0.000 0.010 0.681 0.010 0.001 0.001 0.000 0.000 0.000 0.000 0.149 0.188 0.174 0.037 0.018 0.005
0.001 0.001 0.000 0.000 0.000 0.001 0.001 0.003 0.001 0.002 0.003 0.002 0.000 0.000 0.002 0.000 0.001 0.001 0.001 0.000 0.002 0.003 0.004 0.001 0.000 0.000 0.000 0.005 0.003 0.002 0.001 0.001 0.000 0.000 0.000 0.002 0.002 0.001 0.002 0.010 0.001 0.010 0.000 0.003 0.003 0.010 0.021 0.030 0.010 0.005 0.010 0.005 0.001 0.001 0.001 0.001 0.003 0.002 0.005 0.005 0.003 0.000 0.000 0.010 0.001 0.000 0.004 0.002 0.053 0.000 0.079 0.211 0.224 0.204 0.001 0.003 0.016
0.005 0.001 0.001 0.000 0.001 0.001 0.005 0.003 0.000 0.001 0.002 0.004 0.003 0.005 0.000 0.002 0.010 0.001 0.002 0.001 0.001 0.001 0.002 0.000 0.003 0.000 0.001 0.005 0.003 0.000 0.000 0.001 0.002 0.001 0.000 0.000 0.000 0.002 0.010 0.001 0.001 0.000 0.002 0.002 0.048 0.000 0.010 0.010 0.003 0.010 0.003 0.010 0.010 0.005 0.001 0.010 0.003 0.008 0.010 0.010 0.010 0.001 0.001 0.010 0.010 0.081 0.010 0.000 0.344 0.049 0.069 0.176 0.326 0.021 0.001 0.001 0.002
0.001 0.001 0.001 0.001 0.001 0.003 0.003 0.001 0.002 0.000 0.001 0.001 0.001 0.002 0.005 0.001 0.001 0.000 0.000 0.002 0.003 0.000 0.000 0.000 0.000 0.001 0.005 0.001 0.003 0.000 0.000 0.000 0.000 0.002 0.001 0.001 0.001 0.001 0.001 0.002 0.001 0.001 0.001 0.000 0.000 0.000 0.000 0.010 0.000 0.010 0.010 0.002 0.012 0.005 0.001 0.010 0.001 0.000 0.010 0.000 0.010 0.010 0.002 0.001 0.188 0.145 0.144 0.208 0.010 0.000 1.195 0.287 0.118 0.000 0.002 0.001 0.002
0.005 0.001 0.001 0.001 0.001 0.002 0.002 0.000 0.000 0.001 0.001 0.001 0.000 0.001 0.001 0.001 0.003 0.010 0.029 0.001 0.001 0.010 0.057 0.000 0.003 0.002 0.003 0.001 0.000 0.000 0.000 0.001 0.000 0.001 0.001 0.001 0.003 0.001 0.001 0.002 0.001 0.003 0.005 0.976 0.000 0.000 0.000 0.049 0.000 0.000 0.010 0.010 0.002 0.001 0.001 0.005 0.001 0.010 0.015 0.010 0.010 0.000 0.001 0.001 0.000 0.152 0.037 0.000 0.000 0.010 0.010 0.000 0.026 0.241 0.091 0.000 0.022
0.000 0.000 0.005 0.001 0.003 0.001 0.001 0.000 0.000 0.000 0.001 0.010 0.001 0.001 0.001 0.001 0.001 0.001 0.006 0.001 0.000 0.001 0.002 0.002 0.003 0.001 0.001 0.005 0.000 0.001 0.000 0.000 0.001 0.001 0.000 0.000 0.004 0.008 0.002 0.001 0.002 0.009 0.000 0.010 0.234 0.000 0.000 0.000 0.000 0.000 0.000 0.010 0.002 0.002 0.005 0.001 0.002 0.002 0.005 0.001 0.002 0.002 0.001 0.000 0.001 0.003 0.123 0.000 0.010 0.113 0.010 0.000 0.005 0.000 0.195 0.316 0.042
0.010 0.003 0.002 0.002 0.003 0.002 0.000 0.001 0.002 0.001 0.000 0.000 0.001 0.002 0.001 0.001 0.001 0.000 0.010 0.004 0.001 0.000 0.001 0.002 0.001 0.003 0.001 0.001 0.000 0.000 0.001 0.000 0.000 0.000 0.001 0.001 0.001 0.002 0.005 0.004 0.010 0.010 0.665 0.010 0.000 0.000 0.141 0.034 0.000 0.000 0.000 0.010 0.001 0.010 0.010 0.010 0.002 0.012 0.001 0.001 0.001 0.003 0.001 0.000 0.000 0.001 0.001 0.001 0.008 0.000 0.001 0.003 0.000 0.000 0.001 0.000 0.113
0.002 0.002 0.001 0.001 0.003 0.000 0.000 0.001 0.001 0.001 0.000 0.001 0.000 0.000 0.000 0.001 0.001 0.001 0.010 0.010 0.005 0.003 0.001 0.002 0.001 0.003 0.001 0.004 0.000 0.000 0.000 0.000 0.000 0.000 0.001 0.000 0.001 0.005 0.005 0.001 0.005 0.000 0.003 0.002 0.003 0.010 0.022 0.010 0.000 0.000 0.010 0.002 0.010 0.010 0.010 0.010 0.010 0.010 0.005 0.002 0.001 0.001 0.000 0.000 0.005 0.010 0.000 0.000 0.000 0.002 0.000 0.000 0.009 0.000 0.000 0.001 0.002
