hx_30m/njhx/rain/result.inittm
ncols         211
nrows         286
xllcorner     660279.582600
yllcorner     3541874.325092
cellsize      30.000000
NODATA_value  -9999.000000
[rows 210 to 239 of 286, columns 134 to 200 of 211]
-9999.000 2.023 2.318 3.956 2.236 3.423 3.907 -9999.000 1.086 2.331 2.305 -9999.000 -9999.000 -9999.000 2.220 2.078 2.136 2.173 -9999.000 2.292 2.066 1.098 0.966 0.981 2.313 2.259 -9999.000 4.080 -9999.000 3.987 -9999.000 1.415 2.188 -9999.000 3.789 3.763 3.327 3.497 3.496 3.426 3.393 3.341 2.314 3.398 3.453 3.388 3.418 3.445 -9999.000 -9999.000 3.360 3.259 3.213 3.204 3.199 3.265 3.200 -9999.000 -9999.000 -9999.000 3.340 3.289 3.354 3.310 3.346 3.280 3.298
2.185 2.283 4.031 3.847 4.165 2.299 3.860 -9999.000 -9999.000 3.965 0.997 2.294 -9999.000 -9999.000 2.242 -9999.000 2.215 2.231 2.277 3.383 -9999.000 2.002 0.974 -9999.000 0.912 2.296 3.445 3.366 3.429 4.035 -9999.000 3.408 -9999.000 3.458 3.467 -9999.000 3.245 3.453 3.476 3.444 3.430 3.397 3.267 3.336 3.377 3.350 3.469 -9999.000 3.422 3.396 3.343 3.204 -9999.000 -9999.000 3.189 3.303 3.357 3.375 -9999.000 3.386 3.377 3.363 3.404 3.376 -9999.000 3.463 3.298
-9999.000 -9999.000 3.997 3.906 4.089 3.886 4.038 4.038 4.038 0.994 0.974 0.965 0.965 2.104 -9999.000 2.050 -9999.000 2.318 2.291 2.294 2.220 -9999.000 -9999.000 -9999.000 3.987 4.023 -9999.000 3.943 3.944 2.171 -9999.000 -9999.000 -9999.000 3.940 -9999.000 0.613 3.444 3.488 3.483 3.397 3.427 3.414 -9999.000 3.398 3.212 2.569 2.472 -9999.000 3.435 -9999.000 3.311 -9999.000 -9999.000 -9999.000 3.185 3.185 3.321 3.346 3.362 3.390 3.407 3.345 3.352 3.348 3.304 3.323 3.283
-9999.000 -9999.000 -9999.000 -9999.000 2.293 3.882 2.289 3.921 3.992 2.323 1.003 0.989 0.988 2.257 -9999.000 2.032 2.184 2.196 2.222 -9999.000 2.312 2.267 -9999.000 -9999.000 -9999.000 -9999.000 -9999.000 -9999.000 -9999.000 3.366 3.443 3.382 4.030 -9999.000 3.438 3.359 -9999.000 2.330 3.416 -9999.000 3.444 3.429 -9999.000 3.322 3.259 3.358 -9999.000 3.377 3.370 3.351 3.312 -9999.000 3.198 3.196 3.189 -9999.000 3.255 3.321 3.335 3.316 3.281 3.274 3.326 -9999.000 -9999.000 3.312 3.251
4.122 2.259 -9999.000 -9999.000 2.292 4.085 3.962 3.995 3.964 2.323 3.957 2.229 0.995 0.994 -9999.000 -9999.000 2.275 2.291 2.279 -9999.000 -9999.000 -9999.000 2.262 -9999.000 3.992 -9999.000 -9999.000 -9999.000 3.913 3.976 -9999.000 3.359 3.410 3.494 3.936 -9999.000 -9999.000 1.166 -9999.000 2.280 3.397 -9999.000 3.444 3.371 3.312 -9999.000 3.399 3.413 3.342 3.297 3.175 3.183 -9999.000 -9999.000 -9999.000 3.116 -9999.000 3.229 3.248 3.333 3.217 3.175 3.405 -9999.000 -9999.000 3.332 2.310
2.331 2.248 4.157 2.283 4.120 3.978 -9999.000 4.020 2.303 2.240 2.328 2.319 2.314 2.280 2.271 2.288 2.253 2.287 -9999.000 -9999.000 2.312 2.193 2.309 3.425 -9999.000 -9999.000 -9999.000 3.370 3.432 -9999.000 3.951 -9999.000 -9999.000 2.001 2.268 3.476 -9999.000 3.822 -9999.000 3.327 -9999.000 -9999.000 3.336 3.361 3.342 -9999.000 3.425 3.324 3.267 3.338 3.173 -9999.000 -9999.000 -9999.000 -9999.000 3.105 3.148 -9999.000 2.333 -9999.000 -9999.000 3.255 -9999.000 3.334 3.344 3.310 -9999.000
2.171 2.230 -9999.000 2.310 4.036 -9999.000 -9999.000 -9999.000 -9999.000 2.317 2.272 2.279 2.314 2.250 2.300 2.265 2.279 2.296 -9999.000 3.423 2.195 2.016 2.235 2.251 2.196 0.947 -9999.000 -9999.000 3.369 -9999.000 3.923 2.614 3.947 3.256 3.358 0.817 3.348 -9999.000 3.444 3.387 -9999.000 0.819 -9999.000 -9999.000 -9999.000 -9999.000 3.339 3.303 3.206 3.336 3.156 3.185 -9999.000 -9999.000 -9999.000 -9999.000 -9999.000 3.032 -9999.000 3.209 -9999.000 3.296 3.268 2.333 3.273 3.272 -9999.000
2.177 2.176 -9999.000 2.234 2.300 4.066 4.069 -9999.000 -9999.000 3.957 4.092 -9999.000 2.204 0.958 2.280 2.241 2.245 2.275 2.302 -9999.000 2.296 2.261 2.247 0.977 2.242 0.893 0.973 2.051 3.367 3.440 3.307 -9999.000 3.978 3.340 2.266 1.055 -9999.000 3.232 3.439 -9999.000 -9999.000 4.059 -9999.000 2.253 -9999.000 -9999.000 -9999.000 -9999.000 2.321 3.337 -9999.000 3.172 -9999.000 -9999.000 -9999.000 -9999.000 -9999.000 -9999.000 2.331 2.330 3.340 -9999.000 -9999.000 3.206 3.250 3.259 -9999.000
2.307 -9999.000 2.272 2.310 -9999.000 4.041 4.083 4.082 -9999.000 -9999.000 -9999.000 -9999.000 -9999.000 -9999.000 2.199 2.018 2.320 2.261 3.888 3.546 3.954 -9999.000 2.272 2.244 0.974 2.212 2.238 3.368 -9999.000 3.913 -9999.000 2.282 3.308 3.290 3.210 1.385 -9999.000 3.247 -9999.000 3.423 3.405 -9999.000 3.438 3.413 -9999.000 3.379 -9999.000 -9999.000 3.254 3.211 -9999.000 -9999.000 -9999.000 -9999.000 -9999.000 -9999.000 -9999.000 -9999.000 3.007 2.334 3.220 3.297 -9999.000 -9999.000 3.303 3.029 -9999.000
-9999.000 2.331 2.306 -9999.000 -9999.000 2.270 -9999.000 2.303 4.047 2.201 2.257 -9999.000 -9999.000 2.329 2.227 2.213 2.055 2.288 3.931 3.880 3.928 3.911 -9999.000 2.305 3.452 3.908 -9999.000 2.295 2.310 3.907 3.999 3.463 3.373 1.702 -9999.000 -9999.000 2.263 3.000 3.418 3.391 2.264 2.211 3.258 -9999.000 3.448 -9999.000 -9999.000 3.288 3.240 2.292 2.299 -9999.000 -9999.000 -9999.000 -9999.000 -9999.000 -9999.000 -9999.000 2.330 2.328 3.256 3.298 3.289 3.379 3.294 -9999.000 -9999.000
-9999.000 4.004 -9999.000 -9999.000 4.079 2.331 -9999.000 4.064 -9999.000 2.015 2.171 2.210 2.277 2.324 2.255 -9999.000 -9999.000 -9999.000 2.078 3.933 3.909 3.949 3.920 2.312 3.895 3.897 -9999.000 3.337 4.041 -9999.000 -9999.000 3.967 1.215 1.322 3.302 -9999.000 2.854 3.470 3.428 3.383 2.278 2.076 -9999.000 3.289 3.354 -9999.000 3.366 -9999.000 3.275 2.269 2.288 -9999.000 -9999.000 -9999.000 -9999.000 -9999.000 -9999.000 -9999.000 2.328 2.326 3.213 3.261 -9999.000 3.339 3.291 -9999.000 -9999.000
2.217 -9999.000 2.284 2.055 4.046 4.051 2.296 -9999.000 -9999.000 -9999.000 2.205 -9999.000 2.292 2.297 2.210 -9999.000 -9999.000 -9999.000 -9999.000 -9999.000 -9999.000 3.862 3.854 3.898 3.881 3.962 4.028 -9999.000 -9999.000 3.976 -9999.000 3.354 0.853 -9999.000 2.255 2.416 2.505 3.420 3.393 2.241 -9999.000 0.994 2.164 -9999.000 2.242 3.319 3.349 -9999.000 3.302 2.249 2.253 -9999.000 -9999.000 -9999.000 -9999.000 -9999.000 -9999.000 -9999.000 -9999.000 2.323 -9999.000 -9999.000 3.254 3.335 3.272 -9999.000 -9999.000
-9999.000 -9999.000 -9999.000 2.222 2.015 4.055 -9999.000 2.289 -9999.000 2.182 -9999.000 2.221 2.268 2.255 -9999.000 -9999.000 3.999 3.899 3.938 3.962 3.874 2.304 3.869 2.276 3.468 3.950 3.924 -9999.000 -9999.000 -9999.000 3.987 0.637 0.668 1.502 1.614 -9999.000 2.222 2.213 2.197 2.044 -9999.000 0.933 2.030 2.153 2.177 3.284 3.272 3.244 3.223 -9999.000 2.237 -9999.000 -9999.000 -9999.000 -9999.000 -9999.000 -9999.000 -9999.000 -9999.000 2.323 3.380 3.355 3.329 3.340 2.298 -9999.000 -9999.000
-9999.000 -9999.000 2.310 2.332 -9999.000 0.998 2.007 1.341 1.371 2.115 -9999.000 2.305 2.271 2.239 -9999.000 -9999.000 -9999.000 3.960 -9999.000 -9999.000 4.159 3.897 -9999.000 3.476 -9999.000 3.410 3.930 3.947 3.954 3.965 3.406 0.604 -9999.000 2.207 -9999.000 -9999.000 2.304 2.215 2.187 -9999.000 0.949 0.961 1.125 2.046 2.106 3.337 3.289 3.286 3.221 -9999.000 -9999.000 -9999.000 -9999.000 -9999.000 -9999.000 -9999.000 -9999.000 -9999.000 -9999.000 3.289 -9999.000 3.277 -9999.000 3.340 -9999.000 -9999.000 -9999.000
-9999.000 4.032 4.040 -9999.000 2.290 -9999.000 2.204 2.240 2.105 2.152 2.271 2.295 2.275 -9999.000 -9999.000 3.953 -9999.000 3.989 4.075 3.959 3.942 -9999.000 -9999.000 3.924 3.926 3.299 2.294 3.475 3.466 3.883 3.380 0.570 -9999.000 2.291 2.206 2.221 2.328 -9999.000 2.231 -9999.000 -9999.000 0.996 0.954 0.929 -9999.000 3.337 -9999.000 3.273 2.234 0.765 -9999.000 -9999.000 -9999.000 -9999.000 -9999.000 -9999.000 -9999.000 2.315 -9999.000 3.266 2.328 3.018 3.326 3.276 -9999.000 -9999.000 -9999.000
-9999.000 4.163 2.286 2.308 4.023 2.296 -9999.000 -9999.000 -9999.000 2.301 2.329 2.329 2.305 -9999.000 3.916 3.376 2.525 -9999.000 -9999.000 3.903 3.918 -9999.000 3.364 -9999.000 3.870 3.426 -9999.000 2.323 3.269 2.282 3.482 3.455 3.357 3.391 -9999.000 -9999.000 3.320 -9999.000 -9999.000 2.185 2.204 -9999.000 0.920 0.826 -9999.000 -9999.000 0.455 0.426 0.442 0.671 -9999.000 -9999.000 -9999.000 -9999.000 -9999.000 -9999.000 -9999.000 2.301 -9999.000 3.281 3.232 3.351 3.362 3.189 -9999.000 -9999.000 -9999.000
0.921 2.256 2.287 2.262 2.303 2.327 -9999.000 -9999.000 -9999.000 2.305 2.323 -9999.000 2.331 -9999.000 -9999.000 -9999.000 2.374 -9999.000 3.901 3.963 3.452 -9999.000 2.282 -9999.000 2.633 -9999.000 3.983 3.496 3.317 -9999.000 3.308 3.356 3.300 3.417 3.367 3.377 -9999.000 3.307 -9999.000 2.164 -9999.000 0.828 0.914 -9999.000 -9999.000 -9999.000 -9999.000 0.395 -9999.000 -9999.000 -9999.000 -9999.000 -9999.000 -9999.000 -9999.000 -9999.000 -9999.000 2.298 -9999.000 3.313 3.304 3.240 3.359 3.237 -9999.000 -9999.000 2.288
0.787 1.492 2.284 2.278 2.293 4.092 -9999.000 -9999.000 -9999.000 2.320 2.329 2.385 2.466 -9999.000 -9999.000 -9999.000 -9999.000 3.888 3.476 3.410 2.170 2.330 -9999.000 -9999.000 3.433 -9999.000 3.465 -9999.000 3.335 3.217 2.243 3.317 3.281 3.315 3.291 3.353 3.319 3.332 2.156 -9999.000 0.433 0.324 -9999.000 3.365 0.738 0.453 0.438 0.412 0.430 -9999.000 -9999.000 -9999.000 -9999.000 -9999.000 -9999.000 -9999.000 -9999.000 -9999.000 -9999.000 2.291 2.303 2.305 3.327 3.311 -9999.000 -9999.000 2.289
2.324 2.288 -9999.000 1.042 0.944 4.108 -9999.000 -9999.000 4.087 2.325 -9999.000 3.411 3.308 -9999.000 -9999.000 2.302 3.428 3.971 -9999.000 2.317 2.127 2.245 -9999.000 3.300 -9999.000 3.335 2.852 3.106 -9999.000 3.340 3.340 -9999.000 2.272 -9999.000 3.296 3.327 3.268 3.378 3.365 2.225 0.687 -9999.000 0.496 2.313 0.708 0.705 3.288 0.676 0.474 -9999.000 -9999.000 -9999.000 -9999.000 -9999.000 -9999.000 -9999.000 -9999.000 -9999.000 2.278 -9999.000 -9999.000 -9999.000 3.170 3.173 -9999.000 -9999.000 -9999.000
2.284 2.317 2.300 2.225 1.327 2.028 2.308 2.298 2.313 -9999.000 -9999.000 -9999.000 3.400 -9999.000 3.279 2.220 2.195 2.258 3.357 3.386 3.344 3.301 2.313 3.223 2.242 3.230 2.275 -9999.000 3.383 -9999.000 -9999.000 3.394 3.285 2.265 -9999.000 2.220 -9999.000 3.366 3.323 3.336 3.352 0.823 0.759 0.777 0.738 0.786 2.269 0.800 2.157 -9999.000 -9999.000 -9999.000 -9999.000 -9999.000 -9999.000 -9999.000 -9999.000 -9999.000 -9999.000 -9999.000 2.288 2.306 2.304 -9999.000 -9999.000 -9999.000 -9999.000
2.307 2.250 2.242 2.172 -9999.000 2.113 0.774 0.955 2.314 2.319 -9999.000 -9999.000 3.885 -9999.000 2.202 2.187 2.184 2.308 2.260 2.270 3.282 3.323 3.993 2.257 2.317 3.234 3.275 -9999.000 -9999.000 3.839 3.383 3.312 3.961 3.413 -9999.000 -9999.000 2.168 2.242 -9999.000 3.333 3.301 3.276 0.733 3.273 0.770 0.830 0.814 0.989 2.101 -9999.000 -9999.000 -9999.000 -9999.000 -9999.000 -9999.000 -9999.000 -9999.000 -9999.000 -9999.000 -9999.000 -9999.000 -9999.000 -9999.000 2.274 2.271 2.273 -9999.000
2.268 2.213 2.220 2.246 -9999.000 -9999.000 2.330 2.323 -9999.000 2.248 2.300 2.324 -9999.000 3.864 0.971 0.981 2.322 -9999.000 2.308 2.194 -9999.000 3.335 4.032 3.289 3.461 2.220 -9999.000 3.425 -9999.000 3.549 3.381 3.428 3.953 -9999.000 3.427 3.367 3.253 2.099 2.025 1.015 3.337 0.971 3.326 2.323 2.269 0.832 0.934 -9999.000 -9999.000 -9999.000 -9999.000 -9999.000 -9999.000 -9999.000 -9999.000 -9999.000 -9999.000 -9999.000 -9999.000 -9999.000 -9999.000 -9999.000 -9999.000 -9999.000 -9999.000 -9999.000 -9999.000
2.218 2.174 2.179 2.179 2.237 -9999.000 2.333 2.311 2.215 2.192 -9999.000 0.679 2.328 2.224 0.976 0.989 6.933 3.905 3.462 3.367 2.324 3.952 3.966 -9999.000 -9999.000 2.318 -9999.000 -9999.000 -9999.000 3.419 3.383 3.342 3.377 -9999.000 3.451 2.199 2.201 2.207 -9999.000 2.017 2.095 2.188 2.269 3.257 2.327 0.811 0.814 -9999.000 -9999.000 -9999.000 -9999.000 -9999.000 -9999.000 -9999.000 -9999.000 -9999.000 -9999.000 -9999.000 -9999.000 -9999.000 -9999.000 -9999.000 -9999.000 -9999.000 -9999.000 -9999.000 -9999.000
-9999.000 2.179 -9999.000 2.182 2.181 2.270 2.333 2.207 2.206 2.178 2.176 2.176 -9999.000 1.198 1.111 1.006 -9999.000 2.323 3.422 3.395 3.495 3.503 2.505 2.214 2.325 -9999.000 3.368 -9999.000 4.014 -9999.000 -9999.000 3.234 -9999.000 3.966 3.384 3.327 2.301 2.237 -9999.000 2.037 2.105 2.184 0.883 0.960 -9999.000 2.258 -9999.000 0.796 -9999.000 -9999.000 -9999.000 -9999.000 -9999.000 -9999.000 -9999.000 -9999.000 -9999.000 -9999.000 -9999.000 -9999.000 -9999.000 -9999.000 -9999.000 -9999.000 -9999.000 -9999.000 -9999.000
2.196 2.192 2.189 2.185 -9999.000 2.316 2.305 -9999.000 0.994 2.042 -9999.000 -9999.000 2.171 2.031 -9999.000 0.960 1.006 2.321 -9999.000 2.482 2.248 2.180 1.725 2.218 -9999.000 3.906 -9999.000 4.014 3.956 -9999.000 3.497 4.042 3.951 3.953 3.385 3.208 -9999.000 2.289 2.312 -9999.000 0.993 1.053 0.856 0.942 0.987 0.924 -9999.000 0.789 -9999.000 -9999.000 -9999.000 -9999.000 -9999.000 -9999.000 -9999.000 -9999.000 -9999.000 -9999.000 -9999.000 -9999.000 -9999.000 -9999.000 -9999.000 -9999.000 -9999.000 -9999.000 -9999.000
2.289 2.246 2.307 2.235 2.276 2.320 -9999.000 2.291 0.995 2.195 -9999.000 2.171 2.171 2.168 -9999.000 2.226 -9999.000 1.081 1.877 2.631 2.287 1.899 1.609 1.653 -9999.000 -9999.000 -9999.000 -9999.000 -9999.000 2.729 3.491 -9999.000 3.993 3.375 -9999.000 2.229 -9999.000 2.265 -9999.000 2.333 0.972 0.955 0.828 0.906 0.932 0.821 -9999.000 0.802 -9999.000 -9999.000 -9999.000 -9999.000 -9999.000 -9999.000 -9999.000 -9999.000 -9999.000 -9999.000 -9999.000 -9999.000 -9999.000 -9999.000 -9999.000 -9999.000 -9999.000 -9999.000 -9999.000
2.199 2.283 2.308 2.288 2.259 2.331 -9999.000 -9999.000 2.252 -9999.000 -9999.000 2.216 -9999.000 3.440 2.286 -9999.000 -9999.000 -9999.000 -9999.000 0.984 1.100 2.199 1.397 -9999.000 -9999.000 -9999.000 4.044 -9999.000 -9999.000 2.811 -9999.000 4.067 3.958 3.347 3.277 2.183 3.313 1.102 3.278 2.312 0.948 0.902 0.786 0.754 0.828 -9999.000 -9999.000 0.809 -9999.000 -9999.000 -9999.000 -9999.000 -9999.000 -9999.000 -9999.000 -9999.000 -9999.000 -9999.000 -9999.000 -9999.000 -9999.000 -9999.000 -9999.000 -9999.000 -9999.000 -9999.000 -9999.000
2.176 2.216 2.266 2.306 2.299 -9999.000 -9999.000 2.190 0.987 -9999.000 -9999.000 -9999.000 2.303 -9999.000 -9999.000 3.256 -9999.000 -9999.000 -9999.000 3.885 -9999.000 1.231 1.339 1.268 4.095 -9999.000 -9999.000 -9999.000 3.933 3.175 3.289 3.447 3.371 -9999.000 0.981 0.982 0.992 3.298 3.324 3.253 0.956 0.886 0.874 0.713 0.812 -9999.000 -9999.000 -9999.000 -9999.000 -9999.000 -9999.000 -9999.000 -9999.000 -9999.000 -9999.000 -9999.000 -9999.000 -9999.000 -9999.000 -9999.000 -9999.000 -9999.000 -9999.000 -9999.000 -9999.000 -9999.000 -9999.000
2.168 0.969 2.204 2.277 -9999.000 2.245 2.172 2.230 2.238 0.998 -9999.000 -9999.000 -9999.000 3.934 3.417 2.328 -9999.000 3.419 3.891 -9999.000 3.979 -9999.000 -9999.000 0.704 0.747 -9999.000 -9999.000 3.891 3.907 3.955 -9999.000 3.915 3.458 -9999.000 0.954 0.957 0.896 3.311 3.282 -9999.000 3.355 3.263 0.916 0.831 0.811 -9999.000 0.800 -9999.000 -9999.000 -9999.000 -9999.000 -9999.000 -9999.000 -9999.000 -9999.000 -9999.000 -9999.000 -9999.000 -9999.000 -9999.000 -9999.000 -9999.000 -9999.000 -9999.000 -9999.000 -9999.000 -9999.000
-9999.000 1.142 2.271 2.228 2.178 2.196 2.206 2.213 -9999.000 2.256 -9999.000 2.285 2.308 2.230 3.956 3.316 3.254 -9999.000 3.909 3.952 3.973 -9999.000 2.272 3.939 3.543 3.391 3.342 3.294 -9999.000 3.911 -9999.000 3.410 3.908 -9999.000 0.970 -9999.000 0.947 3.374 3.345 0.995 3.320 3.247 2.301 2.300 0.827 -9999.000 -9999.000 -9999.000 -9999.000 -9999.000 -9999.000 -9999.000 -9999.000 -9999.000 -9999.000 -9999.000 -9999.000 -9999.000 -9999.000 -9999.000 -9999.000 -9999.000 -9999.000 -9999.000 -9999.000 -9999.000 -9999.000
