hx_30m/njhx/rain/result.inittm
ncols         211
nrows         286
xllcorner     660279.582600
yllcorner     3541874.325092
cellsize      30.000000
NODATA_value  -9999.000000
[rows 180 to 209 of 286, columns 0 to 66 of 211]
-9999.000 -9999.000 -9999.000 -9999.000 -9999.000 -9999.000 -9999.000 -9999.000 -9999.000 -9999.000 -9999.000 -9999.000 -9999.000 -9999.000 -9999.000 -9999.000 -9999.000 -9999.000 -9999.000 -9999.000 -9999.000 -9999.000 -9999.000 -9999.000 -9999.000 -9999.000 -9999.000 -9999.000 -9999.000 3.183 3.201 3.172 0.829 0.828 0.832 0.981 0.843 0.821 -9999.000 0.767 2.233 3.667 0.933 3.563 3.518 3.516 3.591 3.524 3.243 3.222 0.862 0.824 0.824 0.824 0.824 0.830 0.889 0.869 0.984 2.178 2.180 2.181 0.926 0.907 0.944 2.187 2.215
-9999.000 -9999.000 -9999.000 -9999.000 -9999.000 -9999.000 -9999.000 -9999.000 -9999.000 -9999.000 -9999.000 -9999.000 -9999.000 -9999.000 -9999.000 -9999.000 -9999.000 -9999.000 -9999.000 -9999.000 -9999.000 -9999.000 -9999.000 -9999.000 -9999.000 -9999.000 -9999.000 -9999.000 -9999.000 0.822 0.832 0.825 0.819 3.515 0.942 0.846 0.831 0.820 -9999.000 0.769 0.826 3.563 2.169 3.615 3.806 2.265 3.608 3.597 3.225 3.214 0.898 0.818 0.816 0.813 0.814 0.823 0.833 0.846 0.924 0.986 0.982 0.998 0.898 0.869 0.907 2.194 2.171
-9999.000 -9999.000 -9999.000 -9999.000 -9999.000 -9999.000 -9999.000 -9999.000 -9999.000 -9999.000 -9999.000 -9999.000 -9999.000 -9999.000 -9999.000 -9999.000 -9999.000 0.992 -9999.000 -9999.000 -9999.000 -9999.000 -9999.000 -9999.000 -9999.000 -9999.000 -9999.000 -9999.000 -9999.000 0.806 0.782 0.494 0.418 3.567 0.822 0.826 3.550 0.814 -9999.000 0.770 3.680 0.712 0.738 3.545 3.550 3.650 3.625 3.621 3.201 3.210 0.828 0.818 0.805 0.801 0.804 0.812 0.824 0.831 0.905 0.911 0.857 0.860 0.849 0.833 0.832 0.822 0.801
-9999.000 -9999.000 -9999.000 -9999.000 -9999.000 -9999.000 -9999.000 -9999.000 -9999.000 -9999.000 -9999.000 -9999.000 -9999.000 -9999.000 -9999.000 -9999.000 -9999.000 0.970 -9999.000 -9999.000 -9999.000 -9999.000 -9999.000 -9999.000 -9999.000 -9999.000 -9999.000 -9999.000 0.813 0.804 0.790 0.795 3.590 0.933 0.821 0.823 3.550 0.814 0.785 0.776 4.037 0.793 0.775 2.200 3.313 3.564 3.640 3.667 3.631 3.622 0.825 0.816 0.804 0.799 0.796 0.814 0.825 0.829 0.828 0.837 0.827 0.828 0.826 0.825 0.819 0.809 0.799
-9999.000 -9999.000 -9999.000 -9999.000 -9999.000 -9999.000 -9999.000 -9999.000 -9999.000 -9999.000 -9999.000 -9999.000 -9999.000 -9999.000 -9999.000 -9999.000 -9999.000 -9999.000 -9999.000 -9999.000 -9999.000 -9999.000 -9999.000 -9999.000 -9999.000 -9999.000 -9999.000 0.821 0.820 3.543 3.626 3.680 0.818 0.814 0.821 0.842 0.835 0.808 0.797 0.781 3.808 0.739 3.789 3.789 0.822 3.628 3.728 3.708 3.587 3.590 0.823 0.809 0.807 0.804 0.801 0.814 0.824 0.828 0.824 0.826 0.825 0.821 0.821 0.817 0.810 0.804 0.799
-9999.000 -9999.000 -9999.000 -9999.000 -9999.000 -9999.000 -9999.000 -9999.000 -9999.000 -9999.000 -9999.000 -9999.000 -9999.000 -9999.000 -9999.000 -9999.000 -9999.000 -9999.000 -9999.000 -9999.000 -9999.000 -9999.000 -9999.000 -9999.000 -9999.000 -9999.000 0.823 0.820 3.538 0.833 0.800 3.538 0.808 0.818 0.940 0.843 0.823 0.815 0.797 0.818 3.712 0.742 0.817 3.796 0.808 0.780 3.169 3.525 3.644 3.633 0.789 3.630 3.645 0.805 0.800 0.813 0.824 0.831 0.822 0.824 0.816 0.817 0.813 0.809 0.830 0.823 0.797
-9999.000 -9999.000 -9999.000 -9999.000 -9999.000 -9999.000 -9999.000 -9999.000 -9999.000 -9999.000 -9999.000 -9999.000 -9999.000 -9999.000 -9999.000 -9999.000 0.788 -9999.000 -9999.000 -9999.000 -9999.000 -9999.000 -9999.000 -9999.000 -9999.000 0.825 0.823 3.594 3.559 0.791 0.827 0.793 0.807 0.819 0.825 -9999.000 0.826 0.821 0.900 3.626 0.807 0.755 0.774 3.720 0.777 0.786 -9999.000 3.272 -9999.000 3.653 3.660 3.748 2.304 3.879 3.810 2.328 0.830 0.837 0.867 0.825 0.823 0.817 0.813 0.818 0.907 4.050 4.031
-9999.000 -9999.000 -9999.000 -9999.000 -9999.000 -9999.000 -9999.000 -9999.000 -9999.000 -9999.000 -9999.000 -9999.000 -9999.000 -9999.000 -9999.000 -9999.000 0.770 -9999.000 -9999.000 -9999.000 -9999.000 -9999.000 -9999.000 -9999.000 -9999.000 0.825 0.821 3.660 0.785 0.764 0.756 0.815 0.806 0.815 0.823 0.828 0.830 0.822 0.994 3.604 0.783 0.803 0.810 3.717 0.786 0.799 0.820 0.936 -9999.000 3.505 0.921 3.672 3.859 3.908 2.322 3.994 3.790 2.269 0.824 0.828 0.818 0.816 0.814 0.930 4.009 3.928 3.922
-9999.000 -9999.000 -9999.000 -9999.000 -9999.000 -9999.000 -9999.000 -9999.000 -9999.000 -9999.000 -9999.000 -9999.000 -9999.000 -9999.000 -9999.000 -9999.000 -9999.000 -9999.000 -9999.000 -9999.000 -9999.000 -9999.000 -9999.000 -9999.000 -9999.000 0.825 3.584 3.664 0.789 0.776 0.830 0.786 0.807 3.544 -9999.000 0.830 0.826 0.820 0.813 0.804 0.826 0.815 0.811 0.791 0.800 0.806 0.827 0.995 2.200 3.288 0.828 -9999.000 0.956 3.912 3.863 4.027 3.818 4.026 3.724 3.996 2.258 0.818 0.818 4.060 4.064 3.929 0.826
-9999.000 -9999.000 -9999.000 -9999.000 -9999.000 -9999.000 -9999.000 -9999.000 -9999.000 -9999.000 -9999.000 -9999.000 -9999.000 -9999.000 -9999.000 -9999.000 -9999.000 -9999.000 -9999.000 -9999.000 -9999.000 -9999.000 -9999.000 -9999.000 0.833 3.673 0.813 0.809 0.803 0.798 0.820 0.804 0.810 3.561 -9999.000 0.825 0.822 0.820 3.762 3.558 0.911 3.736 3.639 0.811 0.813 0.812 0.829 0.878 0.927 0.943 0.821 0.810 0.785 0.817 0.806 0.816 2.326 4.007 3.827 3.847 3.967 4.011 3.796 3.882 4.076 3.919 3.666
-9999.000 -9999.000 -9999.000 -9999.000 -9999.000 -9999.000 -9999.000 -9999.000 -9999.000 -9999.000 -9999.000 -9999.000 -9999.000 -9999.000 0.789 -9999.000 -9999.000 -9999.000 -9999.000 -9999.000 -9999.000 -9999.000 -9999.000 -9999.000 -9999.000 3.621 0.814 0.815 0.814 3.536 0.816 0.818 3.544 0.667 0.693 0.824 0.823 0.821 3.555 0.820 3.614 3.585 0.913 0.827 0.826 0.816 0.822 0.831 0.825 0.815 0.806 0.795 0.787 0.792 0.773 0.792 0.898 2.321 2.296 3.752 4.037 3.917 3.929 4.067 4.055 4.053 4.032
-9999.000 -9999.000 -9999.000 -9999.000 -9999.000 -9999.000 -9999.000 -9999.000 -9999.000 -9999.000 -9999.000 -9999.000 -9999.000 -9999.000 -9999.000 -9999.000 -9999.000 -9999.000 -9999.000 -9999.000 -9999.000 -9999.000 -9999.000 0.814 0.814 3.562 0.813 0.816 3.285 0.821 0.826 3.581 3.576 0.829 0.826 -9999.000 3.555 3.641 3.589 0.826 3.604 0.999 0.847 0.835 0.836 0.821 0.832 0.841 0.832 0.879 0.812 0.802 0.794 0.790 0.799 0.810 0.844 3.796 -9999.000 3.737 3.870 3.958 3.618 4.048 4.048 3.895 3.897
-9999.000 -9999.000 -9999.000 -9999.000 -9999.000 -9999.000 -9999.000 -9999.000 -9999.000 -9999.000 -9999.000 -9999.000 -9999.000 -9999.000 -9999.000 -9999.000 -9999.000 -9999.000 -9999.000 -9999.000 -9999.000 -9999.000 -9999.000 0.817 0.811 3.542 3.548 0.816 2.331 0.823 0.830 0.830 2.274 0.829 0.828 -9999.000 3.625 3.663 3.809 2.329 3.675 3.959 3.772 0.982 0.945 0.815 0.809 0.855 0.856 0.876 0.821 0.819 0.807 0.812 0.818 0.841 4.026 3.823 2.177 2.322 3.693 4.082 4.080 4.038 3.995 4.007 4.010
-9999.000 -9999.000 -9999.000 -9999.000 -9999.000 -9999.000 -9999.000 -9999.000 -9999.000 -9999.000 -9999.000 -9999.000 -9999.000 -9999.000 -9999.000 -9999.000 -9999.000 -9999.000 -9999.000 -9999.000 -9999.000 0.760 0.791 0.811 0.802 0.799 3.563 0.816 0.824 0.824 0.826 3.590 0.875 0.861 0.856 -9999.000 3.782 3.715 3.596 3.637 3.661 2.184 3.850 3.766 3.847 3.831 0.812 0.819 0.822 0.830 0.833 0.838 0.819 0.827 0.899 3.705 3.963 3.961 2.307 -9999.000 3.833 3.969 3.981 -9999.000 -9999.000 3.614 3.607
-9999.000 -9999.000 -9999.000 -9999.000 -9999.000 -9999.000 -9999.000 -9999.000 -9999.000 -9999.000 -9999.000 -9999.000 -9999.000 -9999.000 -9999.000 -9999.000 -9999.000 -9999.000 -9999.000 -9999.000 -9999.000 0.756 0.755 0.752 0.769 0.798 0.808 3.546 3.647 0.830 3.680 0.875 0.889 -9999.000 0.946 0.992 3.552 3.664 0.919 3.670 3.596 2.183 2.200 0.832 3.791 0.892 3.639 3.702 0.986 0.838 0.900 0.924 2.290 0.833 2.293 3.898 3.909 3.810 2.213 3.647 3.827 3.892 4.063 3.944 2.301 2.217 2.216
-9999.000 -9999.000 -9999.000 -9999.000 -9999.000 -9999.000 -9999.000 -9999.000 -9999.000 -9999.000 -9999.000 -9999.000 -9999.000 -9999.000 -9999.000 -9999.000 -9999.000 -9999.000 -9999.000 -9999.000 0.620 0.748 0.773 0.792 0.803 0.810 0.798 0.820 0.883 0.862 0.862 3.620 -9999.000 0.958 0.948 -9999.000 3.719 3.658 3.632 3.778 0.960 0.998 0.919 0.891 0.854 0.829 0.885 0.942 3.688 2.275 0.966 0.943 2.323 2.332 2.296 3.644 3.648 2.321 3.851 3.848 3.955 4.027 3.966 3.928 3.656 3.648 2.323
-9999.000 -9999.000 -9999.000 -9999.000 -9999.000 -9999.000 -9999.000 -9999.000 -9999.000 -9999.000 -9999.000 -9999.000 -9999.000 -9999.000 -9999.000 -9999.000 -9999.000 -9999.000 -9999.000 -9999.000 0.467 0.806 0.770 0.732 0.779 0.809 3.621 0.827 0.892 3.620 -9999.000 -9999.000 -9999.000 0.960 -9999.000 2.169 3.802 2.168 3.679 3.780 0.871 0.825 0.858 0.852 0.836 0.830 0.825 0.831 0.835 2.321 2.250 3.622 3.539 3.507 3.715 4.001 2.302 2.189 -9999.000 -9999.000 3.993 3.957 4.017 2.236 3.630 3.930 3.991
-9999.000 -9999.000 -9999.000 -9999.000 -9999.000 -9999.000 -9999.000 -9999.000 -9999.000 2.250 -9999.000 -9999.000 -9999.000 -9999.000 -9999.000 -9999.000 -9999.000 -9999.000 -9999.000 0.743 0.746 0.786 0.750 0.700 0.804 0.825 3.627 0.841 0.963 3.639 -9999.000 -9999.000 3.660 0.908 0.885 0.878 2.306 0.935 3.642 0.958 0.815 0.817 0.823 0.825 0.831 0.826 0.826 -9999.000 0.917 0.965 2.171 3.638 3.589 3.632 3.909 3.874 -9999.000 3.663 3.964 4.008 3.933 3.759 4.131 4.128 3.975 3.659 -9999.000
-9999.000 -9999.000 -9999.000 -9999.000 -9999.000 -9999.000 -9999.000 -9999.000 -9999.000 -9999.000 -9999.000 -9999.000 -9999.000 -9999.000 -9999.000 -9999.000 -9999.000 -9999.000 0.749 0.744 0.747 0.745 0.762 0.707 0.750 0.780 0.811 3.653 3.659 3.800 3.912 -9999.000 3.683 -9999.000 0.831 3.663 3.656 0.871 3.628 0.937 0.814 0.814 0.810 0.821 -9999.000 -9999.000 -9999.000 -9999.000 0.941 0.984 2.189 3.682 3.660 3.676 3.724 4.009 4.010 3.956 3.858 2.314 4.045 4.012 3.722 2.326 2.001 -9999.000 -9999.000
-9999.000 -9999.000 -9999.000 -9999.000 -9999.000 -9999.000 -9999.000 -9999.000 -9999.000 -9999.000 -9999.000 -9999.000 -9999.000 -9999.000 -9999.000 -9999.000 -9999.000 -9999.000 0.753 0.747 0.756 0.762 0.788 3.638 0.846 0.790 0.819 0.928 3.658 3.848 3.896 -9999.000 -9999.000 3.613 0.823 3.597 3.908 3.623 4.058 0.812 0.813 0.817 0.818 0.822 -9999.000 4.033 -9999.000 -9999.000 0.967 2.182 2.187 2.330 -9999.000 -9999.000 -9999.000 -9999.000 4.019 2.324 3.935 3.642 3.978 4.042 3.834 2.208 3.662 -9999.000 -9999.000
-9999.000 -9999.000 -9999.000 -9999.000 -9999.000 -9999.000 -9999.000 -9999.000 -9999.000 -9999.000 -9999.000 -9999.000 -9999.000 -9999.000 -9999.000 -9999.000 -9999.000 0.743 0.752 0.749 0.757 0.822 3.643 3.853 3.627 0.794 0.825 0.965 2.263 -9999.000 3.945 3.780 0.914 0.833 0.815 4.006 0.809 3.986 2.313 0.810 0.818 0.817 0.817 0.823 0.825 -9999.000 3.747 0.973 -9999.000 -9999.000 3.935 2.200 4.011 4.050 3.963 3.934 4.026 -9999.000 3.872 3.862 3.848 3.955 2.321 2.311 -9999.000 -9999.000 3.583
-9999.000 -9999.000 -9999.000 -9999.000 -9999.000 -9999.000 -9999.000 -9999.000 -9999.000 -9999.000 -9999.000 -9999.000 -9999.000 -9999.000 -9999.000 -9999.000 -9999.000 0.760 0.768 0.753 0.755 0.776 0.818 0.800 0.830 0.792 3.773 3.724 -9999.000 3.169 3.706 -9999.000 -9999.000 0.851 2.326 4.026 4.013 3.869 3.706 2.335 2.308 0.819 0.823 -9999.000 -9999.000 -9999.000 4.035 3.714 4.054 -9999.000 3.975 3.654 3.968 4.018 3.630 -9999.000 -9999.000 -9999.000 4.079 -9999.000 3.889 3.888 2.270 3.652 3.625 3.521 3.565
-9999.000 -9999.000 -9999.000 -9999.000 -9999.000 -9999.000 -9999.000 -9999.000 -9999.000 -9999.000 -9999.000 -9999.000 -9999.000 -9999.000 -9999.000 -9999.000 0.800 0.781 0.773 0.752 0.777 0.738 0.764 0.800 0.751 0.788 0.983 3.839 -9999.000 3.781 3.825 3.875 0.942 -9999.000 4.046 3.707 3.957 2.324 4.034 4.004 4.015 3.783 3.967 0.940 -9999.000 4.136 4.096 -9999.000 -9999.000 0.827 0.826 0.812 0.756 2.194 4.064 4.060 4.049 -9999.000 4.147 -9999.000 4.030 4.108 3.905 4.145 -9999.000 2.423 2.338
-9999.000 -9999.000 -9999.000 -9999.000 -9999.000 -9999.000 -9999.000 -9999.000 -9999.000 -9999.000 -9999.000 -9999.000 -9999.000 -9999.000 -9999.000 0.497 0.774 0.768 0.808 0.755 3.939 0.775 0.833 0.780 0.752 0.776 0.794 3.938 4.017 3.658 2.170 0.985 -9999.000 0.915 3.920 2.170 3.893 2.180 3.663 0.833 4.014 3.827 4.030 3.947 0.833 4.119 4.112 -9999.000 0.801 0.814 0.817 0.805 0.769 0.771 0.790 4.109 4.012 4.079 4.107 4.157 -9999.000 4.024 4.123 -9999.000 -9999.000 3.917 -9999.000
-9999.000 -9999.000 -9999.000 -9999.000 -9999.000 -9999.000 -9999.000 -9999.000 -9999.000 -9999.000 -9999.000 -9999.000 -9999.000 -9999.000 -9999.000 0.758 0.765 0.749 -9999.000 4.046 0.833 3.879 3.881 0.795 0.767 0.779 0.792 0.807 4.048 2.189 2.173 0.984 -9999.000 3.653 2.333 4.013 3.989 4.011 0.833 0.833 0.833 -9999.000 0.823 0.812 0.814 0.806 0.812 0.806 0.804 0.783 -9999.000 0.799 -9999.000 0.766 0.767 0.805 0.812 3.874 -9999.000 -9999.000 4.160 4.150 -9999.000 -9999.000 -9999.000 4.046 3.612
-9999.000 -9999.000 -9999.000 -9999.000 -9999.000 -9999.000 -9999.000 -9999.000 -9999.000 -9999.000 -9999.000 -9999.000 -9999.000 -9999.000 0.765 0.752 0.727 3.906 4.050 3.949 0.820 0.777 0.829 0.777 0.793 0.829 0.826 0.925 4.078 2.281 2.185 2.169 -9999.000 0.898 0.843 3.808 3.697 2.276 0.830 2.281 4.087 -9999.000 0.820 0.809 0.806 0.801 0.800 0.815 0.805 0.796 0.785 0.773 0.763 0.743 0.762 0.782 4.081 4.041 -9999.000 -9999.000 -9999.000 -9999.000 -9999.000 -9999.000 2.319 3.599 3.464
-9999.000 -9999.000 -9999.000 -9999.000 -9999.000 -9999.000 -9999.000 -9999.000 -9999.000 -9999.000 -9999.000 -9999.000 -9999.000 -9999.000 0.800 0.795 3.888 3.933 3.857 3.929 0.770 0.772 3.919 0.777 0.803 0.801 0.827 2.320 2.196 2.327 2.188 2.177 -9999.000 3.694 0.880 3.653 4.059 3.691 0.833 4.065 -9999.000 0.828 0.815 0.806 0.800 0.797 0.795 0.808 0.808 0.805 0.786 0.784 0.768 0.763 0.760 0.768 4.105 4.100 -9999.000 -9999.000 -9999.000 -9999.000 -9999.000 3.513 2.299 2.300 2.299
-9999.000 -9999.000 -9999.000 -9999.000 -9999.000 -9999.000 -9999.000 -9999.000 -9999.000 -9999.000 -9999.000 -9999.000 -9999.000 -9999.000 0.811 0.818 3.641 0.821 3.952 3.919 0.770 0.801 0.747 0.806 0.814 3.951 4.049 3.921 3.922 4.019 4.012 2.263 2.289 0.911 0.833 0.913 3.676 4.019 4.063 4.068 0.876 0.813 0.808 0.800 0.791 0.785 0.785 0.794 0.818 -9999.000 0.784 0.775 0.751 0.757 0.771 0.795 0.787 -9999.000 -9999.000 -9999.000 -9999.000 -9999.000 -9999.000 3.568 2.290 2.293 2.294
-9999.000 -9999.000 -9999.000 -9999.000 -9999.000 -9999.000 -9999.000 -9999.000 -9999.000 -9999.000 -9999.000 -9999.000 -9999.000 -9999.000 0.814 0.821 3.853 0.866 0.830 0.787 0.792 0.780 0.747 0.796 0.779 3.834 3.880 3.965 2.226 3.914 2.325 -9999.000 3.871 0.885 2.252 4.122 4.120 4.039 4.008 0.825 0.816 0.808 0.804 0.799 0.791 0.782 0.783 0.782 -9999.000 0.773 0.779 0.768 0.746 -9999.000 0.791 0.791 0.827 4.061 2.273 -9999.000 -9999.000 4.045 2.323 2.281 2.309 2.292 2.292
-9999.000 -9999.000 -9999.000 -9999.000 -9999.000 -9999.000 -9999.000 -9999.000 -9999.000 -9999.000 -9999.000 -9999.000 -9999.000 0.815 0.998 3.808 0.831 0.817 0.808 0.816 0.775 0.770 0.784 0.796 4.057 0.813 2.329 2.175 3.787 2.333 2.183 -9999.000 2.268 0.908 3.973 4.117 -9999.000 4.155 4.016 0.812 0.811 0.805 0.800 0.797 0.789 0.775 0.782 0.775 0.771 0.769 -9999.000 0.749 0.753 -9999.000 -9999.000 -9999.000 0.820 0.830 3.859 3.866 4.051 3.637 2.331 2.277 2.285 2.287 2.286
