hx_30m/njhx/rain/result-0023.wd
ncols         211
nrows         286
xllcorner     660279.582600
yllcorner     3541874.325092
cellsize      30.000000
NODATA_value  -9999.000000
[rows 68 to 101 of 286, columns 77 to 153 of 211]
0.000 0.000 0.000 0.000 0.000 0.000 0.010 0.010 0.010 0.000 0.000 0.008 0.013 0.010 0.251 0.000 0.010 0.034 0.033 0.000 0.000 0.000 0.000 0.008 0.003 0.003 0.003 0.008 0.006 0.010 0.004 0.004 0.005 0.008 0.004 0.006 0.006 0.008 0.025 0.009 0.004 0.007 0.006 0.008 0.006 0.010 0.010 0.010 0.018 0.004 0.000 0.009 0.006 0.000 0.010 0.020 0.010 0.010 0.008 0.004 0.000 0.004 0.000 0.000 0.000 0.000 0.008 0.010 0.000 0.000 0.000 0.010 0.000 0.000 0.000 0.000 0.000
0.000 0.000 0.000 0.000 0.000 0.010 0.010 0.008 0.008 0.010 0.047 0.022 0.008 0.010 0.000 0.035 0.007 0.007 0.008 0.010 0.008 0.005 0.003 0.002 0.007 0.006 0.005 0.004 0.004 0.003 0.003 0.008 0.010 0.037 0.033 0.010 0.010 0.006 0.022 0.003 0.000 0.000 0.000 0.000 0.000 0.007 0.055 0.007 0.000 0.021 0.009 0.004 0.005 0.000 0.010 0.005 0.011 0.010 0.007 0.004 0.004 0.003 0.002 0.000 0.004 0.003 0.007 0.010 0.000 0.000 0.000 0.010 0.000 0.000 0.000 0.000 0.000
0.000 0.000 0.000 0.000 0.000 0.033 0.010 0.007 0.009 0.008 0.007 0.004 0.005 0.005 0.010 0.010 0.007 0.003 0.003 0.004 0.009 0.004 0.000 0.000 0.010 0.000 0.000 0.005 0.000 0.000 0.005 0.005 0.000 0.000 0.000 0.008 0.000 0.007 0.010 0.004 0.000 0.000 0.000 0.000 0.000 0.008 0.007 0.000 0.000 0.000 0.000 0.000 0.003 0.004 0.011 0.005 0.008 0.007 0.000 0.000 0.005 0.000 0.000 0.000 0.000 0.000 0.009 0.010 0.000 0.000 0.000 0.010 0.000 0.000 0.000 0.000 0.000
0.000 0.000 0.000 0.000 0.000 0.010 0.008 0.010 0.009 0.006 0.000 0.000 0.003 0.000 0.003 0.010 0.003 0.003 0.003 0.005 0.010 0.004 0.000 0.005 0.000 0.000 0.005 0.006 0.000 0.003 0.004 0.000 0.000 0.003 0.008 0.004 0.000 0.010 0.058 0.003 0.000 0.000 0.000 0.000 0.008 0.007 0.006 0.000 0.000 0.000 0.000 0.000 0.006 0.000 0.010 0.008 0.010 0.005 0.003 0.003 0.003 0.000 0.000 0.000 0.000 0.000 0.012 0.010 0.000 0.000 0.000 0.019 0.000 0.000 0.000 0.000 0.000
0.000 0.000 0.000 0.000 0.000 0.024 0.009 0.008 0.010 0.004 0.002 0.000 0.002 0.000 0.000 0.051 0.002 0.000 0.003 0.002 0.000 0.003 0.003 0.003 0.000 0.014 0.010 0.004 0.000 0.000 0.005 0.004 0.000 0.003 0.003 0.002 0.000 0.003 0.009 0.004 0.000 0.021 0.000 0.000 0.000 0.000 0.005 0.000 0.000 0.004 0.000 0.000 0.004 0.006 0.005 0.008 0.008 0.000 0.004 0.003 0.003 0.002 0.003 0.002 0.000 0.000 0.009 0.010 0.000 0.000 0.000 0.010 0.000 0.000 0.000 0.000 0.000
0.000 0.000 0.000 0.000 0.000 0.010 0.008 0.008 0.006 0.002 0.002 0.000 0.002 0.004 0.000 0.000 0.004 0.004 0.002 0.002 0.010 0.002 0.000 0.004 0.000 0.006 0.000 0.004 0.004 0.002 0.003 0.004 0.000 0.000 0.005 0.000 0.000 0.009 0.009 0.006 0.010 0.008 0.000 0.000 0.000 0.000 0.004 0.004 0.000 0.000 0.000 0.000 0.006 0.000 0.000 0.006 0.004 0.004 0.004 0.002 0.000 0.000 0.003 0.002 0.003 0.004 0.009 0.010 0.000 0.000 0.000 0.010 0.000 0.000 0.000 0.000 0.000
0.000 0.000 0.000 0.000 0.000 0.009 0.009 0.008 0.008 0.004 0.002 0.003 0.002 0.000 0.000 0.115 0.004 0.000 0.002 0.007 0.032 0.013 0.000 0.002 0.005 0.009 0.000 0.005 0.000 0.003 0.002 0.002 0.000 0.000 0.003 0.005 0.006 0.003 0.009 0.003 0.000 0.008 0.000 0.000 0.004 0.000 0.009 0.004 0.000 0.000 0.000 0.000 0.005 0.000 0.006 0.004 0.000 0.003 0.003 0.000 0.000 0.000 0.002 0.002 0.003 0.010 0.010 0.010 0.000 0.000 0.000 0.010 0.000 0.000 0.000 0.000 0.000
0.000 0.000 0.000 0.000 0.028 0.009 0.009 0.008 0.008 0.005 0.015 0.007 0.004 0.002 0.003 0.010 0.010 0.002 0.001 0.002 0.004 0.004 0.000 0.000 0.000 0.010 0.005 0.005 0.006 0.007 0.007 0.004 0.005 0.006 0.008 0.005 0.007 0.004 0.009 0.006 0.010 0.015 0.000 0.000 0.002 0.003 0.006 0.006 0.005 0.005 0.006 0.005 0.008 0.000 0.000 0.000 0.004 0.003 0.000 0.000 0.002 0.000 0.000 0.005 0.003 0.010 0.010 0.010 0.000 0.000 0.000 0.000 0.000 0.000 0.000 0.000 0.000
0.000 0.000 0.000 0.000 0.010 0.008 0.009 0.009 0.008 0.010 0.005 0.005 0.015 0.005 0.000 0.000 0.066 0.000 0.000 0.000 0.003 0.002 0.002 0.003 0.000 0.000 0.000 0.009 0.000 0.010 0.009 0.003 0.004 0.000 0.006 0.000 0.009 0.003 0.006 0.006 0.010 0.010 0.000 0.000 0.000 0.000 0.008 0.007 0.004 0.004 0.004 0.000 0.005 0.010 0.007 0.000 0.006 0.000 0.000 0.000 0.000 0.003 0.003 0.000 0.000 0.007 0.010 0.010 0.000 0.000 0.000 0.000 0.000 0.000 0.000 0.000 0.000
0.000 0.000 0.000 0.000 0.010 0.009 0.009 0.010 0.008 0.004 0.003 0.002 0.003 0.000 0.002 0.000 0.000 0.003 0.004 0.004 0.003 0.007 0.010 0.005 0.003 0.000 0.000 0.009 0.006 0.004 0.004 0.004 0.010 0.009 0.009 0.000 0.010 0.005 0.005 0.010 0.010 0.010 0.000 0.000 0.000 0.000 0.000 0.000 0.004 0.003 0.005 0.000 0.000 0.004 0.000 0.007 0.004 0.002 0.002 0.002 0.000 0.003 0.004 0.003 0.004 0.005 0.010 0.021 0.000 0.000 0.000 0.000 0.000 0.000 0.000 0.000 0.000
0.000 0.000 0.000 0.000 0.010 0.010 0.010 0.010 0.006 0.000 0.002 0.000 0.002 0.004 0.004 0.000 0.006 0.008 0.000 0.000 0.003 0.007 0.000 0.003 0.002 0.000 0.000 0.009 0.000 0.000 0.003 0.004 0.006 0.008 0.009 0.000 0.010 0.009 0.010 0.008 0.010 0.010 0.000 0.000 0.000 0.000 0.000 0.006 0.003 0.002 0.000 0.003 0.003 0.005 0.005 0.007 0.006 0.003 0.004 0.002 0.003 0.003 0.003 0.000 0.005 0.010 0.010 0.010 0.000 0.000 0.000 0.014 0.000 0.000 0.000 0.000 0.000
0.000 0.000 0.000 0.000 0.010 0.008 0.010 0.008 0.006 0.000 0.002 0.000 0.000 0.003 0.000 0.000 0.003 0.008 0.010 0.000 0.007 0.009 0.010 0.004 0.004 0.000 0.000 0.007 0.000 0.003 0.004 0.003 0.006 0.000 0.000 0.000 0.000 0.004 0.009 0.004 0.025 0.010 0.000 0.000 0.005 0.010 0.000 0.010 0.004 0.003 0.003 0.003 0.003 0.008 0.007 0.000 0.002 0.003 0.006 0.003 0.003 0.004 0.000 0.005 0.000 0.007 0.010 0.010 0.000 0.000 0.024 0.000 0.000 0.000 0.000 0.000 0.000
0.000 0.000 0.000 0.029 0.010 0.008 0.010 0.010 0.008 0.000 0.000 0.002 0.000 0.003 0.000 0.000 0.002 0.008 0.000 0.000 0.005 0.007 0.000 0.005 0.010 0.010 0.003 0.006 0.000 0.000 0.003 0.003 0.003 0.000 0.000 0.000 0.010 0.007 0.009 0.006 0.010 0.010 0.000 0.000 0.006 0.006 0.000 0.017 0.007 0.004 0.007 0.009 0.005 0.006 0.000 0.002 0.003 0.003 0.010 0.007 0.000 0.005 0.006 0.005 0.004 0.007 0.010 0.033 0.000 0.000 0.010 0.000 0.000 0.000 0.000 0.000 0.000
0.000 0.000 0.000 0.010 0.020 0.008 0.010 0.009 0.004 0.000 0.000 0.000 0.007 0.003 0.000 0.001 0.001 0.000 0.005 0.000 0.006 0.009 0.010 0.010 0.010 0.010 0.004 0.006 0.000 0.013 0.002 0.004 0.003 0.000 0.000 0.000 0.000 0.005 0.009 0.012 0.010 0.010 0.000 0.000 0.000 0.019 0.000 0.015 0.000 0.006 0.000 0.000 0.000 0.008 0.002 0.003 0.002 0.000 0.000 0.005 0.003 0.002 0.000 0.000 0.000 0.009 0.010 0.000 0.000 0.000 0.010 0.000 0.000 0.000 0.000 0.000 0.000
0.000 0.000 0.025 0.010 0.010 0.008 0.010 0.008 0.019 0.000 0.000 0.000 0.000 0.002 0.000 0.000 0.002 0.003 0.005 0.000 0.000 0.000 0.095 0.034 0.000 0.000 0.000 0.006 0.000 0.011 0.010 0.010 0.022 0.000 0.000 0.010 0.007 0.006 0.010 0.007 0.009 0.010 0.010 0.010 0.010 0.010 0.000 0.010 0.000 0.008 0.010 0.000 0.006 0.008 0.003 0.002 0.002 0.000 0.004 0.004 0.002 0.002 0.000 0.003 0.000 0.008 0.010 0.000 0.000 0.000 0.010 0.000 0.000 0.000 0.000 0.000 0.000
0.000 0.000 0.010 0.010 0.010 0.008 0.010 0.008 0.115 0.218 0.000 0.000 0.000 0.000 0.000 0.001 0.001 0.004 0.013 0.009 0.036 0.010 0.005 0.011 0.004 0.008 0.003 0.015 0.002 0.168 0.010 0.010 0.008 0.010 0.010 0.010 0.006 0.005 0.006 0.005 0.009 0.008 0.011 0.008 0.000 0.000 0.000 0.009 0.019 0.003 0.004 0.004 0.006 0.009 0.004 0.003 0.004 0.006 0.009 0.000 0.000 0.005 0.000 0.004 0.000 0.010 0.010 0.000 0.000 0.000 0.027 0.000 0.000 0.000 0.000 0.000 0.000
0.000 0.000 0.009 0.009 0.009 0.006 0.009 0.007 0.208 0.000 0.000 0.000 0.074 0.010 0.477 0.010 0.027 0.190 0.010 0.010 0.010 0.010 0.052 0.041 0.010 0.010 0.010 0.005 0.000 0.000 0.000 0.000 0.004 0.000 0.005 0.010 0.082 0.006 0.009 0.006 0.010 0.000 0.008 0.009 0.004 0.003 0.010 0.010 0.010 0.002 0.003 0.004 0.000 0.006 0.006 0.006 0.007 0.000 0.000 0.006 0.010 0.004 0.003 0.003 0.000 0.010 0.010 0.000 0.000 0.000 0.010 0.000 0.000 0.000 0.000 0.000 0.000
0.000 0.021 0.010 0.032 0.030 0.004 0.010 0.026 0.000 0.000 0.000 0.000 0.000 0.000 0.000 0.000 0.003 0.002 0.002 0.004 0.000 0.000 0.002 0.000 0.004 0.000 0.000 0.007 0.004 0.000 0.005 0.008 0.010 0.010 0.006 0.009 0.010 0.008 0.007 0.004 0.000 0.008 0.005 0.010 0.007 0.000 0.009 0.010 0.010 0.005 0.003 0.004 0.000 0.010 0.010 0.010 0.018 0.010 0.000 0.004 0.006 0.004 0.003 0.004 0.009 0.010 0.010 0.000 0.000 0.000 0.000 0.000 0.000 0.000 0.000 0.000 0.000
0.024 0.010 0.010 0.010 0.009 0.007 0.010 0.000 0.001 0.000 0.001 0.000 0.000 0.000 0.000 0.000 0.005 0.006 0.004 0.015 0.004 0.005 0.007 0.004 0.005 0.010 0.005 0.009 0.004 0.003 0.004 0.004 0.009 0.000 0.015 0.010 0.011 0.007 0.009 0.007 0.000 0.008 0.009 0.000 0.006 0.003 0.007 0.010 0.010 0.010 0.000 0.000 0.000 0.018 0.010 0.010 0.010 0.010 0.010 0.009 0.006 0.004 0.004 0.004 0.019 0.010 0.010 0.000 0.000 0.000 0.000 0.000 0.000 0.000 0.000 0.000 0.000
0.010 0.010 0.010 0.010 0.008 0.009 0.035 0.000 0.001 0.001 0.001 0.000 0.000 0.000 0.000 0.000 0.007 0.000 0.002 0.010 0.007 0.004 0.010 0.019 0.006 0.003 0.000 0.004 0.005 0.006 0.004 0.007 0.006 0.017 0.010 0.010 0.009 0.004 0.007 0.007 0.000 0.014 0.010 0.000 0.005 0.004 0.008 0.051 0.010 0.040 0.046 0.000 0.037 0.010 0.010 0.010 0.010 0.010 0.009 0.010 0.010 0.008 0.010 0.010 0.000 0.010 0.010 0.000 0.000 0.000 0.000 0.000 0.000 0.000 0.000 0.000 0.000
0.010 0.010 0.010 0.010 0.007 0.009 0.007 0.001 0.002 0.001 0.000 0.000 0.000 0.000 0.000 0.000 0.000 0.009 0.004 0.010 0.003 0.003 0.000 0.003 0.005 0.006 0.000 0.007 0.000 0.000 0.006 0.010 0.006 0.006 0.018 0.000 0.000 0.004 0.007 0.006 0.000 0.000 0.010 0.000 0.005 0.008 0.000 0.013 0.010 0.016 0.021 0.100 0.077 0.006 0.007 0.010 0.010 0.000 0.000 0.007 0.009 0.005 0.010 0.010 0.010 0.010 0.010 0.010 0.000 0.000 0.000 0.016 0.000 0.000 0.000 0.000 0.000
0.010 0.047 0.010 0.028 0.007 0.009 0.003 0.001 0.001 0.000 0.002 0.010 0.000 0.000 0.000 0.000 0.002 0.003 0.004 0.006 0.000 0.000 0.006 0.006 0.004 0.004 0.008 0.008 0.000 0.000 0.010 0.010 0.010 0.000 0.000 0.008 0.010 0.006 0.008 0.008 0.009 0.008 0.008 0.006 0.006 0.008 0.005 0.012 0.008 0.000 0.000 0.000 0.000 0.025 0.007 0.006 0.010 0.010 0.010 0.008 0.004 0.006 0.010 0.010 0.010 0.010 0.010 0.006 0.000 0.000 0.000 0.000 0.016 0.000 0.000 0.000 0.000
0.010 0.010 0.061 0.010 0.005 0.010 0.003 0.001 0.001 0.003 0.002 0.003 0.002 0.003 0.001 0.002 0.003 0.006 0.006 0.003 0.004 0.006 0.005 0.006 0.007 0.005 0.009 0.009 0.010 0.010 0.007 0.009 0.010 0.007 0.006 0.007 0.006 0.006 0.006 0.010 0.010 0.029 0.009 0.009 0.009 0.010 0.008 0.012 0.013 0.017 0.183 0.013 0.017 0.014 0.010 0.010 0.104 0.010 0.010 0.052 0.016 0.013 0.112 0.023 0.020 0.010 0.010 0.010 0.010 0.000 0.000 0.000 0.000 0.017 0.000 0.000 0.000
0.010 0.010 0.010 0.010 0.003 0.010 0.002 0.002 0.001 0.001 0.001 0.010 0.002 0.002 0.001 0.002 0.000 0.000 0.006 0.010 0.000 0.006 0.006 0.008 0.004 0.004 0.000 0.009 0.008 0.008 0.000 0.004 0.010 0.003 0.003 0.000 0.000 0.006 0.005 0.010 0.000 0.000 0.000 0.000 0.000 0.000 0.000 0.000 0.016 0.000 0.000 0.000 0.000 0.000 0.010 0.010 0.010 0.010 0.010 0.009 0.007 0.008 0.010 0.010 0.010 0.000 0.372 0.010 0.006 0.009 0.000 0.000 0.000 0.000 0.016 0.000 0.000
0.010 0.010 0.010 0.010 0.005 0.010 0.000 0.000 0.000 0.005 0.000 0.000 0.002 0.003 0.001 0.003 0.003 0.004 0.004 0.003 0.004 0.000 0.005 0.000 0.004 0.000 0.006 0.010 0.000 0.000 0.004 0.006 0.010 0.003 0.003 0.010 0.000 0.005 0.008 0.010 0.000 0.000 0.021 0.004 0.000 0.004 0.000 0.005 0.009 0.008 0.006 0.006 0.010 0.004 0.005 0.004 0.000 0.005 0.000 0.000 0.000 0.007 0.010 0.000 0.007 0.000 0.093 0.007 0.006 0.009 0.010 0.000 0.000 0.000 0.000 0.016 0.000
0.010 0.010 0.010 0.010 0.006 0.020 0.000 0.005 0.007 0.000 0.000 0.000 0.000 0.003 0.004 0.004 0.003 0.004 0.000 0.000 0.005 0.010 0.000 0.000 0.009 0.009 0.006 0.007 0.000 0.000 0.004 0.069 0.036 0.004 0.002 0.009 0.007 0.007 0.010 0.010 0.010 0.000 0.010 0.008 0.009 0.000 0.005 0.004 0.005 0.000 0.007 0.000 0.010 0.000 0.000 0.018 0.005 0.011 0.005 0.005 0.006 0.005 0.007 0.010 0.010 0.006 0.047 0.000 0.007 0.008 0.009 0.009 0.000 0.000 0.000 0.000 0.016
0.010 0.010 0.010 0.018 0.004 0.010 0.003 0.003 0.003 0.000 0.000 0.000 0.011 0.000 0.000 0.000 0.009 0.003 0.000 0.000 0.010 0.010 0.010 0.010 0.009 0.005 0.005 0.005 0.000 0.000 0.000 0.000 0.015 0.021 0.088 0.000 0.016 0.008 0.010 0.010 0.074 0.010 0.010 0.007 0.005 0.007 0.008 0.007 0.009 0.000 0.006 0.008 0.006 0.000 0.005 0.000 0.008 0.010 0.010 0.010 0.005 0.005 0.000 0.000 0.006 0.000 0.031 0.010 0.010 0.010 0.008 0.010 0.010 0.000 0.000 0.000 0.000
0.010 0.010 0.010 0.007 0.009 0.007 0.003 0.000 0.007 0.007 0.010 0.010 0.008 0.010 0.010 0.010 0.005 0.004 0.000 0.000 0.007 0.010 0.010 0.010 0.006 0.000 0.000 0.008 0.007 0.000 0.006 0.000 0.012 0.010 0.010 0.010 0.020 0.008 0.009 0.010 0.000 0.000 0.010 0.010 0.000 0.008 0.006 0.000 0.009 0.006 0.008 0.007 0.011 0.000 0.006 0.000 0.006 0.008 0.007 0.009 0.000 0.004 0.000 0.010 0.073 0.007 0.020 0.010 0.010 0.007 0.022 0.010 0.010 0.010 0.000 0.000 0.000
0.000 0.000 0.010 0.006 0.009 0.008 0.008 0.006 0.009 0.004 0.000 0.000 0.004 0.010 0.020 0.010 0.005 0.003 0.003 0.005 0.009 0.010 0.008 0.007 0.005 0.000 0.000 0.007 0.009 0.010 0.010 0.014 0.010 0.006 0.000 0.000 0.011 0.010 0.008 0.022 0.000 0.000 0.010 0.009 0.007 0.007 0.004 0.005 0.013 0.010 0.006 0.008 0.010 0.000 0.005 0.000 0.000 0.000 0.000 0.000 0.000 0.004 0.000 0.021 0.010 0.011 0.010 0.000 0.010 0.010 0.010 0.000 0.008 0.010 0.010 0.000 0.000
0.010 0.010 0.010 0.008 0.009 0.008 0.005 0.015 0.005 0.002 0.002 0.010 0.003 0.005 0.009 0.000 0.004 0.002 0.005 0.000 0.000 0.000 0.004 0.000 0.003 0.000 0.000 0.008 0.000 0.010 0.010 0.010 0.009 0.005 0.000 0.017 0.000 0.008 0.009 0.010 0.000 0.000 0.010 0.000 0.005 0.006 0.000 0.000 0.005 0.143 0.010 0.006 0.010 0.000 0.007 0.000 0.000 0.000 0.000 0.000 0.000 0.004 0.000 0.010 0.014 0.000 0.145 0.010 0.013 0.010 0.010 0.014 0.009 0.006 0.010 0.010 0.000
0.000 0.000 0.009 0.004 0.007 0.010 0.005 0.000 0.010 0.000 0.000 0.007 0.000 0.000 0.005 0.000 0.003 0.010 0.008 0.000 0.004 0.004 0.003 0.000 0.005 0.006 0.000 0.008 0.000 0.035 0.010 0.042 0.010 0.007 0.000 0.010 0.000 0.008 0.007 0.010 0.000 0.000 0.010 0.010 0.010 0.011 0.010 0.010 0.010 0.591 0.000 0.007 0.000 0.000 0.006 0.000 0.000 0.000 0.000 0.000 0.000 0.006 0.000 0.000 0.006 0.006 0.010 0.010 0.008 0.000 0.000 0.008 0.012 0.007 0.007 0.010 0.010
0.000 0.010 0.036 0.010 0.010 0.010 0.026 0.003 0.007 0.010 0.006 0.004 0.006 0.007 0.005 0.004 0.003 0.007 0.004 0.004 0.003 0.005 0.007 0.006 0.007 0.006 0.005 0.008 0.008 0.008 0.006 0.005 0.006 0.006 0.010 0.010 0.016 0.007 0.009 0.010 0.005 0.005 0.010 0.007 0.010 0.030 0.010 0.010 0.010 0.238 0.000 0.000 0.000 0.000 0.005 0.000 0.000 0.000 0.000 0.007 0.000 0.006 0.000 0.007 0.008 0.010 0.016 0.010 0.007 0.009 0.010 0.010 0.010 0.009 0.007 0.000 0.012
0.000 0.000 0.010 0.007 0.010 0.010 0.004 0.002 0.002 0.000 0.002 0.000 0.003 0.009 0.002 0.000 0.000 0.010 0.008 0.000 0.004 0.010 0.010 0.010 0.010 0.010 0.010 0.008 0.010 0.010 0.000 0.000 0.000 0.005 0.006 0.008 0.008 0.010 0.009 0.013 0.006 0.005 0.005 0.010 0.008 0.007 0.007 0.008 0.092 0.106 0.183 0.052 0.069 0.015 0.017 0.022 0.023 0.029 0.083 0.005 0.007 0.006 0.007 0.008 0.006 0.010 0.010 0.006 0.012 0.010 0.007 0.010 0.016 0.007 0.006 0.007 0.008
0.012 0.019 0.010 0.008 0.010 0.008 0.002 0.000 0.001 0.003 0.002 0.005 0.003 0.003 0.000 0.000 0.000 0.010 0.009 0.007 0.006 0.010 0.010 0.010 0.010 0.010 0.110 0.006 0.005 0.006 0.000 0.006 0.000 0.007 0.004 0.007 0.007 0.009 0.013 0.010 0.000 0.008 0.009 0.012 0.000 0.007 0.008 0.000 0.008 0.010 0.292 0.000 0.010 0.022 0.019 0.017 0.006 0.010 0.010 0.006 0.005 0.006 0.007 0.010 0.008 0.007 0.007 0.006 0.010 0.010 0.007 0.010 0.010 0.008 0.008 0.012 0.000
