hx_30m/njhx/rain/result-0018.wd
ncols         211
nrows         286
xllcorner     660279.582600
yllcorner     3541874.325092
cellsize      30.000000
NODATA_value  -9999.000000
[rows 34 to 67 of 286, columns 77 to 153 of 211]
0.000 0.000 0.000 0.000 0.000 0.000 0.000 0.006 0.009 0.010 0.006 0.008 0.009 0.006 0.006 0.003 0.002 0.005 0.004 0.004 0.007 0.001 0.002 0.002 0.000 0.000 0.000 0.009 0.000 0.000 0.007 0.013 0.006 0.009 0.006 0.006 0.010 0.010 0.070 0.000 0.000 0.026 0.043 0.001 0.001 0.003 0.002 0.008 0.002 0.001 0.001 0.004 0.000 0.005 0.004 0.000 0.000 0.000 0.000 0.000 0.000 0.000 0.000 0.000 0.000 0.000 0.000 0.000 0.000 0.000 0.000 0.000 0.000 0.000 0.000 0.000 0.000
0.000 0.000 0.000 0.000 0.000 0.000 0.011 0.009 0.010 0.008 0.010 0.010 0.010 0.010 0.004 0.001 0.001 0.000 0.005 0.000 0.000 0.000 0.001 0.002 0.006 0.007 0.006 0.009 0.008 0.000 0.000 0.000 0.005 0.007 0.007 0.000 0.042 0.007 0.010 0.010 0.000 0.000 0.035 0.025 0.002 0.002 0.000 0.001 0.000 0.000 0.001 0.006 0.010 0.003 0.002 0.005 0.000 0.000 0.000 0.020 0.000 0.000 0.000 0.000 0.000 0.000 0.000 0.000 0.000 0.000 0.000 0.000 0.000 0.000 0.000 0.000 0.000
0.000 0.000 0.000 0.000 0.000 0.000 0.010 0.006 0.009 0.007 0.010 0.010 0.024 0.010 0.002 0.000 0.002 0.002 0.004 0.005 0.000 0.001 0.001 0.006 0.005 0.003 0.006 0.000 0.000 0.006 0.000 0.000 0.006 0.007 0.006 0.000 0.010 0.006 0.009 0.009 0.007 0.000 0.000 0.000 0.000 0.000 0.000 0.000 0.000 0.001 0.001 0.001 0.003 0.003 0.006 0.006 0.009 0.000 0.000 0.000 0.019 0.000 0.000 0.000 0.000 0.000 0.000 0.000 0.000 0.000 0.000 0.000 0.000 0.000 0.000 0.000 0.000
0.000 0.000 0.000 0.000 0.000 0.000 0.010 0.006 0.005 0.010 0.010 0.010 0.010 0.010 0.004 0.000 0.001 0.002 0.000 0.002 0.000 0.003 0.004 0.005 0.007 0.000 0.002 0.007 0.006 0.004 0.000 0.008 0.006 0.009 0.005 0.000 0.009 0.007 0.006 0.021 0.000 0.002 0.000 0.001 0.005 0.008 0.001 0.000 0.038 0.000 0.002 0.004 0.004 0.007 0.005 0.004 0.008 0.000 0.000 0.000 0.000 0.010 0.000 0.000 0.000 0.000 0.000 0.000 0.000 0.000 0.000 0.000 0.000 0.000 0.000 0.000 0.000
0.000 0.000 0.000 0.000 0.000 0.000 0.010 0.006 0.007 0.007 0.010 0.010 0.010 0.010 0.006 0.000 0.001 0.002 0.002 0.002 0.000 0.006 0.001 0.002 0.010 0.004 0.005 0.003 0.010 0.003 0.000 0.000 0.007 0.010 0.005 0.010 0.050 0.007 0.005 0.000 0.000 0.002 0.001 0.000 0.002 0.007 0.001 0.000 0.000 0.001 0.010 0.010 0.008 0.007 0.007 0.007 0.002 0.010 0.000 0.000 0.000 0.019 0.000 0.000 0.000 0.000 0.000 0.000 0.000 0.000 0.000 0.000 0.000 0.000 0.000 0.000 0.000
0.000 0.000 0.000 0.000 0.000 0.000 0.010 0.010 0.004 0.007 0.010 0.010 0.010 0.010 0.009 0.000 0.001 0.000 0.002 0.003 0.002 0.002 0.001 0.001 0.004 0.000 0.002 0.002 0.009 0.000 0.010 0.010 0.012 0.009 0.009 0.004 0.000 0.000 0.000 0.012 0.009 0.000 0.000 0.000 0.003 0.003 0.005 0.001 0.002 0.010 0.010 0.009 0.008 0.007 0.006 0.000 0.003 0.004 0.010 0.000 0.000 0.000 0.012 0.000 0.000 0.000 0.000 0.000 0.000 0.000 0.000 0.000 0.000 0.000 0.000 0.000 0.000
0.000 0.000 0.000 0.000 0.000 0.000 0.008 0.007 0.007 0.006 0.010 0.024 0.010 0.010 0.015 0.008 0.010 0.013 0.003 0.000 0.002 0.002 0.003 0.008 0.004 0.002 0.008 0.003 0.005 0.000 0.000 0.009 0.000 0.007 0.009 0.006 0.000 0.007 0.004 0.005 0.007 0.006 0.002 0.001 0.005 0.005 0.003 0.003 0.003 0.009 0.000 0.008 0.000 0.000 0.000 0.006 0.004 0.002 0.006 0.000 0.000 0.000 0.000 0.010 0.000 0.000 0.000 0.000 0.000 0.000 0.000 0.000 0.000 0.000 0.000 0.000 0.000
0.000 0.000 0.000 0.000 0.000 0.000 0.006 0.009 0.002 0.007 0.009 0.009 0.010 0.010 0.010 0.010 0.007 0.000 0.002 0.003 0.001 0.002 0.000 0.003 0.000 0.002 0.000 0.003 0.002 0.001 0.002 0.000 0.005 0.005 0.007 0.007 0.007 0.103 0.007 0.031 0.009 0.003 0.009 0.003 0.002 0.002 0.000 0.000 0.002 0.003 0.008 0.002 0.005 0.002 0.000 0.006 0.006 0.002 0.003 0.010 0.000 0.000 0.000 0.012 0.000 0.000 0.000 0.000 0.000 0.000 0.000 0.000 0.000 0.000 0.000 0.000 0.000
0.000 0.000 0.000 0.000 0.000 0.000 0.004 0.005 0.004 0.007 0.009 0.009 0.010 0.010 0.010 0.010 0.008 0.002 0.000 0.003 0.000 0.000 0.000 0.001 0.002 0.003 0.008 0.002 0.010 0.002 0.006 0.006 0.009 0.009 0.010 0.007 0.128 0.023 0.014 0.000 0.000 0.012 0.007 0.002 0.000 0.007 0.005 0.000 0.003 0.000 0.000 0.000 0.003 0.001 0.000 0.001 0.002 0.001 0.005 0.004 0.000 0.000 0.000 0.000 0.009 0.000 0.000 0.000 0.000 0.000 0.000 0.000 0.000 0.000 0.000 0.000 0.000
0.000 0.000 0.000 0.000 0.000 0.000 0.009 0.006 0.005 0.009 0.005 0.007 0.007 0.006 0.006 0.006 0.008 0.005 0.004 0.004 0.010 0.004 0.004 0.005 0.006 0.003 0.004 0.004 0.008 0.004 0.001 0.003 0.002 0.005 0.010 0.005 0.004 0.000 0.004 0.005 0.003 0.000 0.007 0.005 0.008 0.007 0.002 0.001 0.000 0.001 0.000 0.000 0.000 0.000 0.001 0.001 0.001 0.000 0.001 0.003 0.010 0.000 0.000 0.000 0.008 0.007 0.000 0.000 0.000 0.000 0.000 0.000 0.000 0.000 0.000 0.000 0.000
0.000 0.000 0.000 0.000 0.000 0.000 0.004 0.006 0.009 0.009 0.003 0.004 0.003 0.007 0.006 0.004 0.007 0.004 0.003 0.005 0.008 0.005 0.003 0.004 0.005 0.004 0.000 0.000 0.001 0.002 0.002 0.000 0.000 0.005 0.007 0.007 0.005 0.000 0.000 0.001 0.001 0.010 0.010 0.003 0.000 0.007 0.002 0.001 0.000 0.002 0.001 0.002 0.001 0.000 0.000 0.001 0.002 0.001 0.001 0.002 0.004 0.000 0.000 0.000 0.000 0.006 0.000 0.000 0.000 0.000 0.000 0.000 0.000 0.000 0.000 0.000 0.000
0.000 0.000 0.000 0.000 0.000 0.008 0.008 0.009 0.005 0.009 0.008 0.010 0.003 0.002 0.003 0.006 0.007 0.006 0.003 0.003 0.003 0.003 0.000 0.000 0.000 0.008 0.000 0.001 0.001 0.002 0.000 0.002 0.000 0.003 0.006 0.009 0.004 0.000 0.000 0.000 0.000 0.001 0.093 0.002 0.001 0.001 0.001 0.000 0.002 0.000 0.005 0.002 0.003 0.001 0.001 0.001 0.001 0.000 0.000 0.003 0.004 0.005 0.000 0.000 0.000 0.000 0.006 0.000 0.000 0.000 0.000 0.000 0.000 0.000 0.000 0.000 0.000
0.000 0.000 0.000 0.000 0.000 0.008 0.008 0.009 0.005 0.009 0.003 0.006 0.001 0.006 0.004 0.003 0.004 0.005 0.000 0.003 0.003 0.002 0.009 0.010 0.008 0.010 0.008 0.000 0.000 0.000 0.001 0.000 0.003 0.002 0.006 0.006 0.003 0.002 0.001 0.000 0.000 0.000 0.000 0.002 0.000 0.001 0.001 0.000 0.002 0.002 0.005 0.008 0.002 0.000 0.000 0.001 0.001 0.000 0.001 0.001 0.001 0.003 0.008 0.000 0.000 0.000 0.000 0.006 0.000 0.000 0.000 0.000 0.000 0.000 0.000 0.000 0.000
0.000 0.000 0.000 0.000 0.000 0.008 0.008 0.009 0.004 0.005 0.005 0.004 0.010 0.004 0.002 0.002 0.003 0.000 0.005 0.009 0.009 0.007 0.009 0.010 0.010 0.010 0.006 0.002 0.002 0.000 0.002 0.000 0.002 0.002 0.004 0.007 0.004 0.003 0.000 0.000 0.000 0.000 0.000 0.003 0.000 0.001 0.000 0.000 0.001 0.004 0.005 0.003 0.001 0.000 0.000 0.000 0.001 0.001 0.001 0.002 0.007 0.003 0.008 0.000 0.000 0.000 0.000 0.006 0.000 0.000 0.000 0.000 0.000 0.000 0.000 0.000 0.000
0.000 0.000 0.000 0.000 0.000 0.008 0.008 0.009 0.004 0.006 0.004 0.010 0.003 0.002 0.002 0.004 0.003 0.010 0.012 0.007 0.000 0.003 0.003 0.006 0.007 0.009 0.005 0.002 0.000 0.001 0.000 0.001 0.002 0.004 0.002 0.009 0.009 0.003 0.000 0.000 0.000 0.000 0.001 0.003 0.002 0.001 0.002 0.001 0.001 0.001 0.000 0.000 0.004 0.000 0.000 0.000 0.000 0.001 0.001 0.000 0.007 0.007 0.000 0.000 0.000 0.000 0.000 0.000 0.006 0.000 0.000 0.000 0.000 0.000 0.000 0.000 0.000
0.000 0.000 0.000 0.000 0.000 0.008 0.009 0.007 0.007 0.007 0.003 0.010 0.004 0.003 0.002 0.004 0.005 0.005 0.003 0.006 0.003 0.004 0.007 0.010 0.010 0.010 0.007 0.003 0.003 0.000 0.000 0.002 0.000 0.009 0.000 0.004 0.010 0.004 0.001 0.001 0.000 0.002 0.004 0.004 0.002 0.000 0.000 0.000 0.001 0.000 0.000 0.002 0.010 0.002 0.007 0.000 0.000 0.003 0.003 0.000 0.008 0.001 0.003 0.007 0.000 0.000 0.000 0.000 0.006 0.000 0.000 0.000 0.000 0.000 0.000 0.000 0.000
0.000 0.000 0.000 0.000 0.000 0.008 0.006 0.009 0.005 0.010 0.006 0.008 0.003 0.003 0.004 0.004 0.003 0.004 0.010 0.010 0.000 0.010 0.010 0.063 0.010 0.010 0.007 0.000 0.005 0.001 0.001 0.001 0.001 0.005 0.009 0.004 0.007 0.006 0.000 0.000 0.003 0.000 0.004 0.010 0.002 0.001 0.000 0.001 0.001 0.000 0.000 0.000 0.010 0.010 0.000 0.004 0.004 0.001 0.002 0.002 0.000 0.002 0.007 0.004 0.000 0.000 0.000 0.000 0.006 0.000 0.000 0.000 0.000 0.000 0.000 0.000 0.000
0.000 0.000 0.000 0.000 0.000 0.000 0.009 0.007 0.005 0.006 0.006 0.000 0.003 0.003 0.003 0.003 0.003 0.013 0.000 0.010 0.000 0.010 0.010 0.010 0.000 0.010 0.007 0.000 0.000 0.001 0.001 0.004 0.003 0.005 0.006 0.005 0.007 0.003 0.004 0.000 0.001 0.001 0.004 0.052 0.002 0.002 0.000 0.000 0.001 0.000 0.000 0.429 0.135 0.010 0.001 0.001 0.000 0.001 0.000 0.001 0.002 0.006 0.001 0.001 0.007 0.000 0.000 0.000 0.006 0.006 0.000 0.000 0.000 0.000 0.000 0.000 0.000
0.000 0.000 0.000 0.000 0.000 0.000 0.009 0.004 0.009 0.006 0.003 0.006 0.005 0.002 0.003 0.005 0.005 0.000 0.010 0.040 0.010 0.048 0.010 0.010 0.000 0.010 0.009 0.012 0.000 0.005 0.007 0.004 0.007 0.010 0.010 0.004 0.010 0.007 0.004 0.000 0.000 0.002 0.000 0.000 0.002 0.000 0.002 0.005 0.002 0.001 0.003 0.000 0.000 0.010 0.003 0.003 0.001 0.000 0.000 0.000 0.001 0.000 0.002 0.000 0.004 0.000 0.000 0.000 0.007 0.007 0.000 0.000 0.000 0.000 0.000 0.000 0.000
0.000 0.000 0.000 0.000 0.000 0.000 0.009 0.005 0.007 0.005 0.003 0.003 0.001 0.004 0.005 0.000 0.010 0.010 0.010 0.010 0.010 0.010 0.010 0.058 0.010 0.010 0.009 0.007 0.009 0.005 0.009 0.010 0.010 0.010 0.035 0.005 0.005 0.009 0.004 0.000 0.000 0.003 0.001 0.010 0.008 0.001 0.001 0.001 0.001 0.002 0.001 0.001 0.000 0.010 0.007 0.007 0.001 0.001 0.001 0.000 0.001 0.000 0.000 0.002 0.003 0.007 0.000 0.000 0.000 0.007 0.000 0.000 0.000 0.000 0.000 0.000 0.000
0.000 0.000 0.000 0.000 0.000 0.000 0.009 0.004 0.006 0.009 0.004 0.001 0.003 0.000 0.009 0.010 0.014 0.010 0.010 0.010 0.010 0.010 0.010 0.010 0.010 0.010 0.009 0.006 0.009 0.009 0.009 0.009 0.010 0.010 0.010 0.016 0.006 0.009 0.008 0.006 0.004 0.002 0.000 0.009 0.007 0.000 0.001 0.001 0.000 0.000 0.001 0.001 0.010 0.010 0.003 0.001 0.001 0.002 0.000 0.001 0.000 0.001 0.002 0.000 0.001 0.007 0.000 0.000 0.000 0.008 0.000 0.000 0.000 0.000 0.000 0.000 0.000
0.000 0.000 0.000 0.000 0.000 0.000 0.009 0.005 0.006 0.004 0.005 0.000 0.010 0.010 0.010 0.060 0.010 0.010 0.010 0.010 0.010 0.058 0.010 0.010 0.010 0.010 0.010 0.005 0.000 0.000 0.000 0.000 0.000 0.000 0.000 0.007 0.004 0.010 0.009 0.000 0.002 0.004 0.007 0.007 0.003 0.002 0.001 0.000 0.000 0.001 0.000 0.001 0.035 0.010 0.001 0.000 0.000 0.001 0.001 0.001 0.001 0.000 0.003 0.000 0.007 0.007 0.000 0.000 0.000 0.008 0.000 0.000 0.000 0.000 0.000 0.000 0.000
0.000 0.000 0.000 0.000 0.000 0.000 0.008 0.006 0.006 0.003 0.007 0.010 0.010 0.010 0.010 0.013 0.010 0.010 0.010 0.010 0.010 0.010 0.010 0.010 0.051 0.010 0.010 0.006 0.010 0.007 0.004 0.002 0.000 0.022 0.000 0.010 0.003 0.007 0.009 0.000 0.004 0.005 0.002 0.007 0.005 0.003 0.000 0.000 0.001 0.001 0.000 0.001 0.000 0.002 0.001 0.000 0.001 0.000 0.001 0.001 0.000 0.000 0.003 0.007 0.003 0.005 0.008 0.000 0.000 0.000 0.008 0.000 0.000 0.000 0.000 0.000 0.000
0.000 0.000 0.000 0.000 0.000 0.000 0.008 0.006 0.007 0.005 0.009 0.000 0.010 0.012 0.010 0.010 0.010 0.010 0.051 0.010 0.010 0.010 0.047 0.010 0.009 0.007 0.009 0.008 0.000 0.007 0.005 0.005 0.003 0.010 0.000 0.000 0.010 0.010 0.010 0.000 0.005 0.008 0.003 0.005 0.000 0.002 0.000 0.000 0.001 0.001 0.000 0.000 0.000 0.000 0.003 0.001 0.000 0.000 0.001 0.001 0.002 0.003 0.000 0.000 0.001 0.003 0.008 0.000 0.000 0.000 0.009 0.000 0.000 0.000 0.000 0.000 0.000
0.000 0.000 0.000 0.000 0.000 0.000 0.008 0.006 0.008 0.005 0.009 0.000 0.034 0.010 0.010 0.010 0.010 0.010 0.010 0.010 0.010 0.010 0.000 0.010 0.000 0.040 0.007 0.007 0.000 0.009 0.007 0.005 0.003 0.000 0.000 0.000 0.010 0.010 0.003 0.004 0.003 0.008 0.004 0.005 0.000 0.002 0.000 0.001 0.002 0.001 0.001 0.000 0.000 0.000 0.003 0.005 0.001 0.007 0.000 0.001 0.005 0.001 0.000 0.001 0.002 0.002 0.008 0.000 0.000 0.000 0.008 0.000 0.000 0.000 0.000 0.000 0.000
0.000 0.000 0.000 0.000 0.000 0.000 0.008 0.005 0.008 0.005 0.005 0.010 0.010 0.010 0.016 0.038 0.010 0.010 0.010 0.010 0.010 0.007 0.010 0.000 0.000 0.010 0.007 0.004 0.009 0.010 0.005 0.007 0.007 0.003 0.000 0.000 0.007 0.010 0.006 0.003 0.003 0.000 0.000 0.000 0.056 0.004 0.000 0.000 0.003 0.003 0.004 0.001 0.003 0.003 0.002 0.001 0.001 0.001 0.001 0.001 0.002 0.002 0.002 0.001 0.001 0.002 0.008 0.000 0.000 0.000 0.008 0.000 0.000 0.000 0.000 0.000 0.000
0.000 0.000 0.000 0.000 0.000 0.000 0.000 0.006 0.008 0.005 0.002 0.006 0.010 0.010 0.010 0.010 0.010 0.010 0.067 0.010 0.007 0.000 0.009 0.007 0.007 0.007 0.007 0.007 0.010 0.010 0.010 0.010 0.000 0.011 0.005 0.000 0.006 0.010 0.007 0.003 0.002 0.002 0.000 0.000 0.010 0.003 0.007 0.002 0.001 0.000 0.000 0.001 0.000 0.001 0.001 0.000 0.000 0.000 0.003 0.001 0.002 0.001 0.000 0.003 0.005 0.002 0.008 0.000 0.000 0.000 0.008 0.000 0.000 0.000 0.000 0.000 0.000
0.000 0.000 0.000 0.000 0.000 0.000 0.008 0.008 0.008 0.005 0.002 0.006 0.000 0.010 0.010 0.010 0.022 0.010 0.007 0.007 0.006 0.010 0.028 0.010 0.053 0.010 0.030 0.010 0.080 0.069 0.013 0.010 0.010 0.010 0.004 0.005 0.003 0.004 0.003 0.000 0.002 0.000 0.000 0.002 0.002 0.005 0.002 0.001 0.001 0.000 0.000 0.005 0.002 0.001 0.001 0.000 0.001 0.001 0.000 0.000 0.001 0.000 0.000 0.000 0.000 0.002 0.005 0.008 0.000 0.000 0.008 0.000 0.000 0.000 0.000 0.000 0.000
0.000 0.000 0.000 0.000 0.000 0.000 0.009 0.005 0.008 0.006 0.010 0.010 0.000 0.010 0.010 0.022 0.009 0.000 0.009 0.006 0.000 0.000 0.000 0.010 0.010 0.010 0.010 0.007 0.035 0.034 0.010 0.010 0.010 0.009 0.000 0.000 0.000 0.004 0.007 0.003 0.004 0.000 0.004 0.001 0.014 0.005 0.002 0.001 0.001 0.000 0.000 0.006 0.010 0.010 0.011 0.009 0.005 0.001 0.001 0.001 0.001 0.001 0.000 0.000 0.001 0.007 0.007 0.007 0.000 0.000 0.000 0.007 0.000 0.000 0.000 0.000 0.000
0.000 0.000 0.000 0.000 0.000 0.000 0.009 0.005 0.009 0.006 0.008 0.010 0.010 0.069 0.009 0.006 0.007 0.005 0.007 0.000 0.000 0.000 0.000 0.000 0.000 0.010 0.010 0.007 0.000 0.052 0.010 0.010 0.010 0.007 0.004 0.007 0.002 0.004 0.007 0.003 0.009 0.005 0.000 0.003 0.001 0.000 0.002 0.000 0.014 0.010 0.010 0.003 0.010 0.000 0.010 0.010 0.009 0.008 0.001 0.000 0.001 0.001 0.000 0.000 0.001 0.007 0.002 0.007 0.000 0.000 0.000 0.007 0.000 0.000 0.000 0.000 0.000
0.000 0.000 0.000 0.000 0.000 0.000 0.009 0.004 0.009 0.006 0.010 0.005 0.042 0.010 0.000 0.007 0.006 0.005 0.000 0.000 0.007 0.009 0.023 0.000 0.000 0.000 0.000 0.006 0.000 0.000 0.000 0.000 0.000 0.000 0.003 0.000 0.004 0.005 0.010 0.010 0.000 0.003 0.000 0.000 0.010 0.003 0.005 0.010 0.010 0.005 0.000 0.002 0.010 0.000 0.010 0.010 0.011 0.009 0.004 0.001 0.001 0.000 0.003 0.007 0.002 0.007 0.002 0.007 0.000 0.000 0.000 0.000 0.000 0.000 0.000 0.000 0.000
0.000 0.000 0.000 0.000 0.000 0.000 0.010 0.005 0.010 0.006 0.008 0.000 0.000 0.000 0.006 0.006 0.004 0.000 0.004 0.004 0.010 0.000 0.010 0.010 0.010 0.000 0.000 0.009 0.000 0.000 0.000 0.000 0.000 0.000 0.007 0.010 0.009 0.010 0.010 0.004 0.009 0.002 0.001 0.005 0.010 0.004 0.010 0.000 0.005 0.004 0.010 0.003 0.002 0.003 0.010 0.010 0.004 0.003 0.001 0.003 0.005 0.000 0.003 0.007 0.007 0.003 0.001 0.007 0.000 0.000 0.000 0.000 0.000 0.000 0.000 0.000 0.000
0.000 0.000 0.000 0.000 0.000 0.000 0.010 0.006 0.010 0.006 0.000 0.000 0.004 0.000 0.006 0.000 0.005 0.009 0.026 0.010 0.010 0.010 0.010 0.010 0.010 0.010 0.010 0.006 0.000 0.000 0.020 0.010 0.000 0.000 0.000 0.009 0.010 0.006 0.010 0.003 0.006 0.002 0.004 0.003 0.004 0.003 0.010 0.002 0.002 0.002 0.003 0.002 0.002 0.003 0.003 0.003 0.004 0.004 0.004 0.008 0.007 0.000 0.005 0.003 0.003 0.003 0.002 0.007 0.000 0.000 0.000 0.007 0.000 0.000 0.000 0.000 0.000
0.000 0.000 0.000 0.000 0.000 0.000 0.010 0.007 0.010 0.007 0.005 0.002 0.000 0.003 0.009 0.005 0.000 0.010 0.010 0.000 0.000 0.026 0.073 0.022 0.010 0.010 0.010 0.007 0.000 0.000 0.000 0.000 0.009 0.007 0.004 0.005 0.003 0.008 0.010 0.005 0.009 0.006 0.003 0.005 0.005 0.010 0.010 0.002 0.010 0.003 0.003 0.003 0.003 0.004 0.004 0.005 0.010 0.006 0.006 0.002 0.005 0.001 0.000 0.000 0.002 0.001 0.002 0.007 0.000 0.000 0.000 0.007 0.000 0.000 0.000 0.000 0.000
