hx_30m/njhx/rain/result-0028.wd
ncols         211
nrows         286
xllcorner     660279.582600
yllcorner     3541874.325092
cellsize      30.000000
NODATA_value  -9999.000000
[rows 136 to 169 of 286, columns 77 to 153 of 211]
0.008 0.007 0.008 0.008 0.008 0.009 0.007 0.008 0.008 0.009 0.008 0.008 0.010 0.008 0.010 0.028 0.008 0.007 0.006 0.011 0.007 0.009 0.006 0.006 0.008 0.010 0.008 0.025 0.009 0.009 0.008 0.008 0.048 0.031 0.005 0.006 0.010 0.006 0.009 0.007 0.010 0.007 0.007 0.005 0.009 0.007 0.009 0.008 0.006 0.033 0.022 0.000 0.029 0.007 0.005 0.003 0.006 0.000 0.000 0.000 0.000 0.006 0.000 0.000 0.008 0.010 0.000 0.010 0.020 0.000 0.003 0.003 0.000 0.010 0.009 0.023 0.003
0.006 0.006 0.008 0.008 0.008 0.007 0.009 0.008 0.007 0.006 0.022 0.005 0.007 0.006 0.010 0.007 0.006 0.005 0.006 0.006 0.008 0.006 0.008 0.031 0.009 0.028 0.008 0.008 0.006 0.000 0.000 0.005 0.000 0.000 0.008 0.006 0.078 0.008 0.010 0.000 0.000 0.007 0.000 0.000 0.006 0.009 0.000 0.007 0.000 0.009 0.007 0.007 0.009 0.007 0.009 0.005 0.005 0.009 0.000 0.000 0.000 0.004 0.009 0.009 0.006 0.009 0.000 0.000 0.010 0.009 0.006 0.000 0.008 0.000 0.000 0.000 0.004
0.004 0.004 0.000 0.000 0.000 0.000 0.000 0.000 0.007 0.008 0.006 0.000 0.000 0.000 0.004 0.000 0.011 0.007 0.005 0.000 0.000 0.007 0.008 0.006 0.010 0.010 0.010 0.010 0.006 0.000 0.000 0.004 0.000 0.000 0.000 0.009 0.689 0.007 0.000 0.010 0.006 0.004 0.010 0.010 0.010 0.035 0.000 0.003 0.000 0.004 0.003 0.005 0.004 0.000 0.000 0.006 0.010 0.004 0.006 0.009 0.000 0.002 0.008 0.007 0.007 0.009 0.007 0.008 0.008 0.007 0.008 0.008 0.010 0.008 0.005 0.000 0.007
0.006 0.006 0.009 0.007 0.007 0.006 0.009 0.007 0.005 0.008 0.003 0.003 0.005 0.007 0.005 0.000 0.000 0.029 0.042 0.010 0.027 0.008 0.008 0.005 0.010 0.010 0.010 0.007 0.000 0.000 0.006 0.008 0.000 0.000 0.000 0.007 0.010 0.007 0.046 0.004 0.000 0.000 0.009 0.010 0.000 0.009 0.000 0.007 0.003 0.003 0.005 0.004 0.008 0.005 0.000 0.002 0.001 0.003 0.003 0.006 0.006 0.008 0.012 0.007 0.038 0.009 0.005 0.007 0.006 0.005 0.006 0.006 0.007 0.010 0.007 0.006 0.006
0.021 0.005 0.004 0.007 0.007 0.010 0.004 0.006 0.017 0.016 0.008 0.007 0.005 0.008 0.007 0.005 0.005 0.005 0.003 0.006 0.006 0.006 0.008 0.007 0.010 0.010 0.012 0.047 0.000 0.000 0.000 0.010 0.000 0.000 0.000 0.009 0.010 0.007 0.010 0.013 0.003 0.000 0.004 0.010 0.010 0.008 0.000 0.009 0.006 0.009 0.010 0.010 0.009 0.005 0.005 0.000 0.004 0.000 0.000 0.000 0.000 0.000 0.000 0.000 0.010 0.005 0.000 0.010 0.009 0.010 0.119 0.108 0.000 0.031 0.009 0.008 0.007
0.009 0.000 0.000 0.024 0.000 0.000 0.007 0.004 0.007 0.020 0.010 0.030 0.097 0.010 0.010 0.010 0.000 0.000 0.051 0.010 0.010 0.010 0.007 0.007 0.010 0.010 0.010 0.100 0.000 0.000 0.000 0.010 0.000 0.000 0.000 0.008 0.010 0.006 0.006 0.008 0.006 0.004 0.000 0.010 0.000 0.005 0.009 0.006 0.004 0.004 0.000 0.000 0.004 0.000 0.010 0.000 0.004 0.000 0.002 0.000 0.000 0.000 0.000 0.000 0.006 0.006 0.000 0.000 0.010 0.128 0.056 0.114 0.009 0.000 0.035 0.010 0.010
0.041 0.005 0.009 0.010 0.053 0.010 0.010 0.010 0.008 0.007 0.070 0.010 0.076 0.010 0.093 0.010 0.082 0.010 0.010 0.010 0.136 0.009 0.006 0.008 0.010 0.010 0.010 0.010 0.000 0.007 0.004 0.007 0.005 0.006 0.000 0.009 0.009 0.023 0.007 0.000 0.010 0.010 0.000 0.000 0.000 0.000 0.000 0.007 0.000 0.005 0.006 0.008 0.000 0.022 0.003 0.000 0.002 0.003 0.002 0.015 0.010 0.010 0.000 0.000 0.005 0.004 0.003 0.010 0.010 0.134 0.071 0.010 0.010 0.036 0.010 0.000 0.010
0.010 0.010 0.008 0.008 0.012 0.006 0.010 0.006 0.007 0.009 0.010 0.010 0.010 0.115 0.010 0.010 0.010 0.010 0.113 0.010 0.042 0.010 0.006 0.010 0.010 0.010 0.010 0.009 0.010 0.000 0.000 0.000 0.000 0.000 0.010 0.009 0.009 0.008 0.000 0.005 0.010 0.000 0.047 0.000 0.000 0.000 0.004 0.006 0.000 0.000 0.007 0.010 0.010 0.010 0.003 0.005 0.005 0.006 0.005 0.007 0.000 0.009 0.006 0.009 0.008 0.000 0.003 0.010 0.010 0.020 0.010 0.010 0.000 0.000 0.052 0.010 0.010
0.010 0.010 0.010 0.010 0.010 0.010 0.000 0.008 0.010 0.010 0.010 0.010 0.010 0.010 0.000 0.000 0.000 0.000 0.010 0.010 0.092 0.010 0.014 0.010 0.010 0.107 0.010 0.010 0.009 0.010 0.009 0.010 0.009 0.010 0.010 0.009 0.009 0.007 0.013 0.010 0.010 0.046 0.010 0.056 0.000 0.016 0.007 0.059 0.010 0.091 0.010 0.010 0.010 0.008 0.010 0.010 0.010 0.050 0.010 0.076 0.000 0.000 0.000 0.000 0.007 0.000 0.003 0.005 0.010 0.039 0.010 0.010 0.000 0.016 0.000 0.010 0.000
0.010 0.010 0.010 0.010 0.010 0.010 0.000 0.004 0.023 0.010 0.010 0.010 0.010 0.010 0.010 0.010 0.010 0.010 0.010 0.010 0.010 0.009 0.006 0.008 0.010 0.010 0.010 0.102 0.009 0.009 0.009 0.008 0.013 0.009 0.009 0.010 0.010 0.000 0.010 0.010 0.010 0.010 0.153 0.009 0.000 0.006 0.010 0.010 0.010 0.010 0.010 0.010 0.010 0.007 0.082 0.010 0.010 0.010 0.010 0.063 0.010 0.000 0.000 0.000 0.020 0.000 0.005 0.004 0.007 0.010 0.010 0.000 0.041 0.055 0.029 0.010 0.010
0.008 0.007 0.010 0.010 0.009 0.008 0.000 0.004 0.007 0.010 0.010 0.010 0.010 0.010 0.010 0.010 0.010 0.010 0.010 0.010 0.089 0.008 0.006 0.008 0.009 0.007 0.005 0.007 0.017 0.008 0.009 0.010 0.014 0.010 0.009 0.009 0.008 0.007 0.007 0.008 0.006 0.009 0.006 0.007 0.009 0.006 0.008 0.000 0.000 0.000 0.010 0.005 0.003 0.006 0.100 0.000 0.000 0.066 0.010 0.018 0.000 0.000 0.000 0.000 0.009 0.008 0.000 0.004 0.000 0.010 0.010 0.000 0.010 0.028 0.010 0.000 0.000
0.010 0.010 0.010 0.009 0.008 0.009 0.009 0.058 0.008 0.010 0.060 0.010 0.010 0.010 0.010 0.010 0.010 0.010 0.010 0.010 0.010 0.010 0.009 0.010 0.022 0.000 0.008 0.008 0.008 0.009 0.010 0.009 0.010 0.009 0.009 0.010 0.021 0.009 0.010 0.010 0.022 0.010 0.010 0.010 0.010 0.009 0.010 0.008 0.006 0.006 0.010 0.006 0.003 0.005 0.000 0.000 0.000 0.010 0.175 0.000 0.000 0.093 0.042 0.000 0.008 0.000 0.007 0.004 0.000 0.004 0.003 0.000 0.010 0.000 0.010 0.000 0.004
0.112 0.010 0.010 0.010 0.010 0.030 0.010 0.007 0.007 0.010 0.010 0.010 0.010 0.010 0.010 0.010 0.010 0.010 0.010 0.010 0.010 0.009 0.010 0.007 0.007 0.008 0.008 0.007 0.006 0.009 0.035 0.009 0.008 0.008 0.010 0.007 0.006 0.010 0.010 0.010 0.010 0.010 0.010 0.055 0.010 0.007 0.000 0.008 0.006 0.000 0.111 0.000 0.005 0.000 0.060 0.010 0.010 0.010 0.010 0.000 0.070 0.010 0.010 0.000 0.009 0.000 0.000 0.005 0.003 0.000 0.003 0.002 0.004 0.006 0.010 0.000 0.016
0.000 0.017 0.010 0.010 0.010 0.010 0.010 0.012 0.007 0.010 0.010 0.449 0.010 0.010 0.010 0.010 0.010 0.010 0.010 0.010 0.010 0.009 0.010 0.010 0.010 0.012 0.009 0.009 0.009 0.010 0.010 0.010 0.010 0.010 0.007 0.006 0.008 0.010 0.010 0.030 0.010 0.010 0.010 0.000 0.000 0.010 0.009 0.000 0.000 0.007 0.007 0.009 0.007 0.007 0.006 0.008 0.009 0.010 0.010 0.000 0.010 0.010 0.010 0.024 0.010 0.010 0.000 0.007 0.004 0.000 0.010 0.044 0.004 0.005 0.003 0.000 0.004
0.010 0.010 0.010 0.010 0.010 0.010 0.010 0.010 0.009 0.010 0.021 0.148 0.145 0.010 0.010 0.010 0.010 0.010 0.010 0.024 0.010 0.009 0.008 0.078 0.010 0.010 0.010 0.010 0.010 0.010 0.010 0.050 0.010 0.008 0.008 0.010 0.009 0.008 0.010 0.010 0.010 0.010 0.006 0.007 0.010 0.004 0.003 0.000 0.000 0.006 0.000 0.010 0.009 0.009 0.007 0.009 0.008 0.007 0.007 0.007 0.010 0.007 0.000 0.005 0.009 0.006 0.006 0.002 0.000 0.002 0.006 0.000 0.000 0.005 0.004 0.000 0.004
0.010 0.010 0.010 0.010 0.010 0.010 0.010 0.009 0.008 0.010 0.010 0.010 0.091 0.010 0.010 0.010 0.010 0.010 0.010 0.010 0.062 0.010 0.010 0.013 0.009 0.000 0.000 0.000 0.000 0.000 0.009 0.010 0.010 0.010 0.009 0.010 0.009 0.010 0.010 0.010 0.010 0.010 0.000 0.000 0.000 0.023 0.007 0.000 0.000 0.010 0.010 0.010 0.046 0.132 0.083 0.010 0.010 0.010 0.010 0.009 0.009 0.006 0.006 0.007 0.006 0.005 0.009 0.000 0.000 0.000 0.000 0.000 0.011 0.006 0.003 0.003 0.004
0.124 0.082 0.010 0.010 0.010 0.010 0.009 0.016 0.007 0.010 0.010 0.010 0.010 0.010 0.010 0.010 0.010 0.010 0.010 0.010 0.010 0.009 0.009 0.010 0.008 0.000 0.000 0.000 0.000 0.000 0.000 0.009 0.010 0.009 0.008 0.009 0.007 0.010 0.010 0.010 0.010 0.010 0.055 0.019 0.009 0.007 0.007 0.000 0.010 0.011 0.010 0.065 0.000 0.051 0.008 0.008 0.009 0.008 0.006 0.007 0.007 0.008 0.012 0.008 0.009 0.009 0.007 0.005 0.007 0.010 0.000 0.002 0.003 0.008 0.000 0.023 0.000
0.010 0.549 0.010 0.010 0.010 0.202 0.009 0.009 0.010 0.010 0.010 0.010 0.010 0.010 0.010 0.010 0.010 0.010 0.010 0.010 0.010 0.009 0.009 0.010 0.009 0.000 0.000 0.000 0.000 0.000 0.000 0.009 0.010 0.009 0.007 0.356 0.006 0.010 0.010 0.010 0.010 0.009 0.010 0.010 0.010 0.010 0.010 0.009 0.009 0.022 0.098 0.007 0.007 0.007 0.043 0.007 0.007 0.008 0.006 0.018 0.006 0.007 0.006 0.007 0.021 0.009 0.006 0.007 0.007 0.008 0.007 0.005 0.004 0.008 0.000 0.006 0.008
0.010 0.010 0.010 0.010 0.010 0.054 0.009 0.008 0.008 0.010 0.010 0.010 0.010 0.010 0.010 0.010 0.036 0.010 0.010 0.010 0.010 0.009 0.009 0.009 0.008 0.010 0.010 0.010 0.010 0.000 0.009 0.009 0.010 0.010 0.009 0.009 0.007 0.010 0.010 0.009 0.017 0.010 0.008 0.009 0.028 0.009 0.007 0.007 0.007 0.007 0.007 0.007 0.007 0.009 0.009 0.007 0.009 0.008 0.009 0.010 0.007 0.007 0.002 0.000 0.005 0.008 0.000 0.000 0.000 0.008 0.007 0.005 0.020 0.007 0.009 0.000 0.000
0.010 0.010 0.010 0.010 0.010 0.010 0.010 0.010 0.010 0.010 0.010 0.010 0.010 0.010 0.010 0.259 0.115 0.067 0.010 0.010 0.010 0.010 0.010 0.009 0.009 0.009 0.009 0.009 0.009 0.010 0.009 0.009 0.010 0.007 0.009 0.175 0.011 0.008 0.009 0.009 0.009 0.010 0.008 0.008 0.008 0.009 0.007 0.009 0.007 0.009 0.010 0.010 0.010 0.009 0.026 0.010 0.010 0.016 0.010 0.009 0.000 0.004 0.003 0.000 0.000 0.007 0.004 0.000 0.002 0.003 0.000 0.000 0.008 0.025 0.007 0.007 0.017
0.000 0.010 0.017 0.098 0.113 0.010 0.008 0.010 0.010 0.010 0.010 0.180 0.032 0.059 0.134 0.227 0.213 0.161 0.010 0.010 0.274 0.010 0.010 0.007 0.008 0.095 0.047 0.009 0.009 0.010 0.009 0.009 0.008 0.008 0.008 0.008 0.011 0.009 0.009 0.009 0.009 0.009 0.009 0.010 0.009 0.010 0.010 0.010 0.057 0.091 0.045 0.000 0.000 0.009 0.008 0.000 0.000 0.000 0.000 0.000 0.000 0.003 0.004 0.003 0.000 0.006 0.003 0.002 0.000 0.002 0.002 0.004 0.007 0.004 0.000 0.000 0.008
0.183 0.191 0.037 0.010 0.010 0.010 0.008 0.009 0.110 0.128 0.126 0.119 0.066 0.010 0.121 0.238 0.219 0.010 0.010 0.010 0.240 0.009 0.007 0.007 0.008 0.008 0.009 0.008 0.010 0.010 0.010 0.010 0.053 0.009 0.007 0.009 0.010 0.010 0.010 0.009 0.000 0.010 0.009 0.141 0.010 0.000 0.000 0.000 0.000 0.000 0.000 0.000 0.000 0.039 0.009 0.010 0.010 0.000 0.010 0.000 0.006 0.006 0.007 0.000 0.000 0.009 0.000 0.003 0.002 0.004 0.005 0.000 0.007 0.009 0.006 0.000 0.010
0.010 0.010 0.010 0.010 0.010 0.010 0.010 0.009 0.084 0.107 0.072 0.088 0.065 0.021 0.173 0.169 0.031 0.010 0.010 0.031 0.079 0.009 0.008 0.010 0.010 0.000 0.000 0.000 0.000 0.000 0.000 0.009 0.009 0.057 0.009 0.009 0.335 0.008 0.000 0.000 0.000 0.009 0.010 0.000 0.000 0.010 0.010 0.010 0.000 0.000 0.000 0.000 0.007 0.007 0.008 0.000 0.009 0.006 0.007 0.009 0.010 0.000 0.000 0.000 0.000 0.007 0.000 0.009 0.007 0.002 0.005 0.002 0.000 0.002 0.008 0.008 0.000
0.010 0.010 0.010 0.010 0.010 0.010 0.009 0.009 0.025 0.071 0.115 0.010 0.010 0.010 0.010 0.010 0.010 0.010 0.124 0.010 0.010 0.010 0.010 0.000 0.000 0.000 0.000 0.000 0.000 0.000 0.009 0.010 0.010 0.010 0.009 0.008 0.361 0.007 0.010 0.000 0.010 0.010 0.010 0.000 0.010 0.010 0.010 0.010 0.010 0.000 0.000 0.010 0.000 0.007 0.000 0.010 0.006 0.072 0.010 0.000 0.010 0.020 0.006 0.006 0.000 0.010 0.000 0.000 0.010 0.010 0.003 0.002 0.002 0.005 0.003 0.000 0.000
0.010 0.010 0.010 0.010 0.010 0.009 0.009 0.010 0.010 0.113 0.527 0.010 0.010 0.010 0.010 0.010 0.010 0.010 0.010 0.010 0.010 0.015 0.010 0.000 0.000 0.000 0.000 0.000 0.000 0.000 0.000 0.011 0.009 0.009 0.009 0.007 0.009 0.006 0.074 0.010 0.010 0.010 0.010 0.000 0.241 0.000 0.010 0.055 0.085 0.010 0.010 0.010 0.010 0.008 0.000 0.009 0.027 0.095 0.065 0.000 0.000 0.010 0.000 0.010 0.008 0.007 0.000 0.000 0.004 0.004 0.002 0.000 0.003 0.005 0.000 0.003 0.004
0.010 0.010 0.010 0.010 0.010 0.010 0.010 0.010 0.010 0.073 0.010 0.010 0.288 0.010 0.010 0.010 0.010 0.014 0.011 0.020 0.014 0.022 0.010 0.000 0.000 0.000 0.000 0.000 0.000 0.000 0.000 0.000 0.000 0.009 0.010 0.008 0.009 0.006 0.010 0.114 0.035 0.010 0.159 0.010 0.121 0.000 0.000 0.000 0.010 0.010 0.010 0.010 0.008 0.008 0.010 0.010 0.007 0.004 0.010 0.009 0.009 0.010 0.000 0.060 0.010 0.007 0.006 0.002 0.007 0.004 0.005 0.003 0.005 0.000 0.000 0.003 0.007
0.010 0.000 0.010 0.010 0.010 0.008 0.008 0.010 0.010 0.107 0.105 0.010 0.159 0.145 0.019 0.017 0.186 0.067 0.010 0.010 0.010 0.099 0.007 0.000 0.000 0.000 0.000 0.000 0.000 0.000 0.000 0.000 0.000 0.009 0.010 0.009 0.009 0.006 0.010 0.096 0.074 0.010 0.000 0.000 0.049 0.010 0.010 0.010 0.010 0.000 0.000 0.000 0.009 0.008 0.063 0.000 0.002 0.003 0.000 0.006 0.009 0.008 0.000 0.000 0.039 0.007 0.000 0.000 0.000 0.000 0.000 0.005 0.005 0.005 0.000 0.000 0.008
0.010 0.010 0.010 0.010 0.010 0.009 0.009 0.010 0.010 0.010 0.149 0.010 0.010 0.010 0.010 0.167 0.219 0.021 0.010 0.010 0.022 0.008 0.010 0.010 0.010 0.010 0.000 0.000 0.000 0.000 0.000 0.000 0.000 0.009 0.010 0.009 0.006 0.007 0.009 0.220 0.066 0.000 0.000 0.009 0.010 0.000 0.000 0.000 0.010 0.010 0.010 0.000 0.008 0.014 0.000 0.000 0.003 0.003 0.004 0.005 0.003 0.007 0.006 0.005 0.010 0.006 0.000 0.000 0.000 0.000 0.005 0.006 0.003 0.000 0.003 0.010 0.010
0.040 0.009 0.124 0.011 0.007 0.010 0.010 0.010 0.010 0.010 0.010 0.010 0.009 0.009 0.010 0.009 0.009 0.009 0.009 0.010 0.009 0.007 0.008 0.010 0.008 0.007 0.008 0.007 0.009 0.000 0.009 0.009 0.010 0.008 0.010 0.009 0.009 0.009 0.008 0.010 0.162 0.009 0.009 0.009 0.009 0.006 0.006 0.008 0.008 0.009 0.027 0.000 0.027 0.007 0.010 0.005 0.002 0.000 0.000 0.003 0.000 0.010 0.003 0.004 0.010 0.009 0.000 0.014 0.005 0.008 0.010 0.008 0.002 0.010 0.011 0.010 0.058
0.010 0.000 0.000 0.000 0.052 0.010 0.021 0.000 0.008 0.008 0.007 0.008 0.007 0.007 0.007 0.008 0.007 0.007 0.008 0.009 0.008 0.009 0.007 0.007 0.007 0.008 0.026 0.009 0.009 0.010 0.008 0.053 0.039 0.009 0.010 0.009 0.008 0.010 0.009 0.009 0.009 0.009 0.010 0.010 0.010 0.000 0.000 0.000 0.007 0.010 0.008 0.007 0.009 0.009 0.009 0.006 0.000 0.000 0.004 0.008 0.000 0.000 0.003 0.007 0.080 0.009 0.000 0.004 0.003 0.004 0.008 0.004 0.003 0.003 0.010 0.047 0.000
0.010 0.008 0.011 0.009 0.008 0.011 0.008 0.007 0.007 0.009 0.006 0.008 0.009 0.008 0.008 0.007 0.007 0.009 0.018 0.007 0.009 0.006 0.008 0.000 0.000 0.007 0.008 0.006 0.008 0.006 0.006 0.006 0.008 0.000 0.000 0.009 0.022 0.009 0.007 0.010 0.010 0.010 0.010 0.010 0.010 0.007 0.008 0.009 0.035 0.010 0.000 0.005 0.007 0.008 0.000 0.007 0.040 0.007 0.000 0.007 0.000 0.000 0.002 0.004 0.011 0.008 0.000 0.006 0.000 0.000 0.003 0.003 0.000 0.000 0.000 0.010 0.000
0.008 0.010 0.007 0.004 0.008 0.011 0.011 0.008 0.005 0.008 0.010 0.006 0.006 0.006 0.007 0.010 0.057 0.010 0.010 0.010 0.007 0.007 0.008 0.010 0.010 0.010 0.010 0.006 0.005 0.008 0.008 0.000 0.007 0.010 0.000 0.010 0.008 0.010 0.008 0.009 0.010 0.010 0.010 0.010 0.010 0.009 0.008 0.010 0.007 0.009 0.008 0.007 0.013 0.000 0.000 0.000 0.010 0.000 0.000 0.009 0.007 0.005 0.000 0.007 0.010 0.010 0.012 0.010 0.002 0.000 0.003 0.003 0.003 0.000 0.009 0.010 0.020
0.008 0.010 0.010 0.010 0.010 0.084 0.006 0.009 0.012 0.007 0.007 0.009 0.008 0.010 0.009 0.010 0.010 0.010 0.000 0.000 0.007 0.007 0.005 0.005 0.014 0.010 0.000 0.010 0.010 0.017 0.009 0.010 0.008 0.010 0.010 0.010 0.029 0.009 0.009 0.008 0.010 0.010 0.010 0.010 0.010 0.010 0.010 0.010 0.009 0.010 0.000 0.007 0.010 0.009 0.000 0.008 0.000 0.000 0.000 0.010 0.007 0.004 0.000 0.007 0.007 0.007 0.009 0.000 0.000 0.000 0.005 0.004 0.000 0.005 0.008 0.000 0.004
0.007 0.009 0.000 0.000 0.008 0.024 0.006 0.009 0.010 0.010 0.010 0.007 0.142 0.009 0.010 0.046 0.010 0.010 0.010 0.010 0.009 0.012 0.000 0.010 0.000 0.000 0.000 0.011 0.000 0.000 0.005 0.000 0.000 0.034 0.010 0.000 0.010 0.007 0.009 0.008 0.010 0.010 0.010 0.010 0.023 0.177 0.009 0.005 0.006 0.000 0.006 0.030 0.000 0.009 0.000 0.006 0.000 0.000 0.006 0.007 0.000 0.007 0.000 0.002 0.005 0.000 0.000 0.005 0.010 0.004 0.009 0.003 0.000 0.000 0.006 0.000 0.003
