hx_30m/njhx/rain/result-0015.wd
ncols         211
nrows         286
xllcorner     660279.582600
yllcorner     3541874.325092
cellsize      30.000000
NODATA_value  -9999.000000
[rows 238 to 271 of 286, columns 77 to 153 of 211]
0.009 0.010 0.010 0.009 0.007 0.008 0.000 0.000 0.000 0.008 0.006 0.007 0.000 0.000 0.006 0.005 0.000 0.006 0.011 0.010 0.010 0.010 0.007 0.005 0.007 0.005 0.006 0.000 0.005 0.006 0.004 0.004 0.004 0.004 0.005 0.004 0.007 0.000 0.007 0.009 0.010 0.187 0.009 0.008 0.009 0.009 0.000 0.010 0.000 0.000 0.010 0.057 0.010 0.010 0.010 0.010 0.010 0.010 0.046 0.010 0.009 0.000 0.009 0.010 0.009 0.009 0.010 0.000 0.000 0.006 0.008 0.007 0.009 0.000 0.008 0.007 0.005
0.018 0.009 0.010 0.010 0.009 0.010 0.007 0.000 0.000 0.010 0.000 0.007 0.000 0.009 0.006 0.000 0.006 0.005 0.010 0.010 0.010 0.010 0.008 0.006 0.006 0.005 0.006 0.000 0.000 0.004 0.004 0.004 0.003 0.004 0.004 0.004 0.007 0.010 0.009 0.010 0.000 0.009 0.000 0.007 0.007 0.009 0.009 0.000 0.010 0.010 0.008 0.010 0.010 0.026 0.010 0.010 0.010 0.000 0.012 0.009 0.009 0.010 0.010 0.040 0.010 0.000 0.006 0.000 0.009 0.009 0.017 0.006 0.007 0.009 0.000 0.007 0.007
0.000 0.000 0.010 0.015 0.008 0.007 0.007 0.010 0.010 0.000 0.000 0.009 0.004 0.008 0.008 0.008 0.007 0.022 0.010 0.010 0.010 0.020 0.006 0.006 0.004 0.006 0.007 0.009 0.004 0.005 0.000 0.005 0.004 0.005 0.004 0.005 0.009 0.010 0.009 0.000 0.007 0.009 0.000 0.010 0.008 0.008 0.015 0.009 0.009 0.010 0.010 0.010 0.010 0.010 0.010 0.010 0.000 0.035 0.009 0.010 0.014 0.000 0.010 0.010 0.010 0.010 0.006 0.000 0.007 0.009 0.000 0.007 0.011 0.008 0.000 0.006 0.005
0.000 0.016 0.000 0.000 0.008 0.006 0.010 0.009 0.009 0.008 0.008 0.000 0.007 0.009 0.010 0.010 0.042 0.010 0.010 0.010 0.023 0.010 0.006 0.009 0.006 0.004 0.000 0.000 0.004 0.005 0.006 0.005 0.004 0.007 0.006 0.007 0.010 0.009 0.010 0.009 0.009 0.009 0.009 0.008 0.008 0.009 0.000 0.009 0.009 0.009 0.009 0.009 0.010 0.021 0.012 0.058 0.000 0.010 0.010 0.010 0.000 0.000 0.033 0.045 0.010 0.000 0.009 0.008 0.008 0.008 0.011 0.000 0.004 0.006 0.000 0.000 0.000
0.000 0.000 0.010 0.017 0.000 0.011 0.008 0.008 0.010 0.011 0.008 0.010 0.010 0.009 0.010 0.010 0.010 0.010 0.010 0.010 0.010 0.008 0.007 0.005 0.006 0.000 0.000 0.005 0.007 0.007 0.006 0.007 0.007 0.011 0.010 0.010 0.009 0.010 0.000 0.008 0.010 0.010 0.009 0.009 0.000 0.010 0.008 0.008 0.009 0.009 0.009 0.008 0.009 0.010 0.010 0.010 0.070 0.009 0.009 0.000 0.020 0.000 0.010 0.010 0.000 0.000 0.023 0.000 0.000 0.007 0.006 0.000 0.006 0.005 0.006 0.000 0.007
0.000 0.000 0.000 0.000 0.000 0.010 0.000 0.049 0.008 0.008 0.010 0.009 0.010 0.009 0.010 0.025 0.010 0.010 0.010 0.020 0.009 0.008 0.009 0.007 0.006 0.004 0.000 0.004 0.007 0.010 0.007 0.007 0.006 0.010 0.000 0.008 0.010 0.000 0.009 0.010 0.010 0.010 0.012 0.000 0.008 0.009 0.009 0.009 0.009 0.009 0.000 0.008 0.007 0.009 0.009 0.009 0.010 0.009 0.013 0.000 0.000 0.010 0.058 0.010 0.000 0.045 0.000 0.000 0.000 0.000 0.010 0.006 0.000 0.007 0.005 0.006 0.016
0.000 0.000 0.000 0.000 0.000 0.000 0.000 0.010 0.000 0.019 0.008 0.009 0.014 0.009 0.010 0.010 0.019 0.010 0.020 0.010 0.009 0.012 0.005 0.005 0.006 0.008 0.004 0.010 0.010 0.010 0.007 0.000 0.000 0.009 0.007 0.008 0.010 0.018 0.008 0.010 0.010 0.010 0.007 0.000 0.008 0.000 0.009 0.008 0.008 0.000 0.008 0.000 0.000 0.008 0.008 0.010 0.010 0.014 0.000 0.000 0.010 0.010 0.010 0.030 0.000 0.013 0.010 0.028 0.000 0.000 0.000 0.000 0.008 0.006 0.006 0.006 0.008
0.000 0.000 0.000 0.000 0.000 0.000 0.000 0.000 0.000 0.010 0.000 0.022 0.007 0.010 0.009 0.008 0.010 0.010 0.010 0.009 0.010 0.009 0.007 0.004 0.006 0.000 0.000 0.009 0.010 0.010 0.000 0.000 0.000 0.009 0.009 0.008 0.000 0.010 0.008 0.013 0.010 0.009 0.009 0.000 0.000 0.008 0.006 0.000 0.000 0.008 0.007 0.000 0.008 0.000 0.000 0.008 0.009 0.010 0.009 0.000 0.031 0.042 0.010 0.000 0.078 0.010 0.009 0.009 0.009 0.008 0.026 0.009 0.000 0.000 0.006 0.010 0.006
0.000 0.000 0.000 0.000 0.000 0.000 0.000 0.000 0.000 0.000 0.000 0.010 0.000 0.072 0.014 0.010 0.021 0.009 0.009 0.009 0.010 0.008 0.008 0.000 0.000 0.000 0.008 0.010 0.010 0.007 0.005 0.000 0.010 0.009 0.009 0.000 0.010 0.008 0.010 0.009 0.009 0.009 0.009 0.009 0.009 0.007 0.006 0.000 0.007 0.008 0.010 0.010 0.000 0.009 0.000 0.009 0.009 0.009 0.031 0.009 0.010 0.010 0.037 0.010 0.012 0.010 0.010 0.009 0.009 0.000 0.010 0.007 0.000 0.000 0.009 0.010 0.010
0.000 0.000 0.000 0.000 0.000 0.000 0.000 0.000 0.000 0.000 0.000 0.000 0.016 0.000 0.016 0.008 0.010 0.010 0.009 0.010 0.007 0.010 0.009 0.012 0.000 0.000 0.000 0.000 0.000 0.000 0.011 0.006 0.010 0.009 0.009 0.009 0.008 0.009 0.011 0.016 0.010 0.008 0.010 0.010 0.009 0.008 0.008 0.010 0.000 0.008 0.013 0.009 0.010 0.007 0.007 0.009 0.010 0.010 0.010 0.010 0.019 0.008 0.010 0.010 0.010 0.000 0.010 0.000 0.011 0.000 0.010 0.000 0.030 0.006 0.009 0.012 0.010
0.000 0.000 0.000 0.000 0.000 0.000 0.000 0.000 0.000 0.000 0.000 0.000 0.000 0.000 0.000 0.000 0.010 0.008 0.010 0.009 0.009 0.010 0.010 0.010 0.010 0.010 0.008 0.000 0.000 0.000 0.000 0.015 0.010 0.009 0.000 0.008 0.009 0.009 0.010 0.010 0.008 0.009 0.009 0.008 0.007 0.010 0.018 0.000 0.009 0.011 0.009 0.008 0.008 0.009 0.009 0.008 0.067 0.010 0.010 0.010 0.010 0.010 0.009 0.008 0.008 0.000 0.010 0.010 0.000 0.000 0.000 0.000 0.043 0.007 0.010 0.010 0.010
0.000 0.000 0.000 0.000 0.000 0.000 0.000 0.000 0.000 0.000 0.000 0.000 0.000 0.000 0.000 0.010 0.026 0.000 0.018 0.007 0.010 0.009 0.010 0.010 0.010 0.010 0.010 0.008 0.000 0.000 0.000 0.010 0.008 0.000 0.007 0.008 0.000 0.008 0.010 0.010 0.009 0.012 0.007 0.000 0.009 0.013 0.010 0.008 0.011 0.010 0.025 0.010 0.010 0.008 0.008 0.000 0.000 0.010 0.010 0.010 0.010 0.010 0.010 0.009 0.024 0.009 0.009 0.034 0.000 0.000 0.000 0.000 0.007 0.007 0.010 0.010 0.040
0.000 0.000 0.000 0.000 0.000 0.000 0.000 0.000 0.000 0.000 0.000 0.000 0.000 0.000 0.000 0.000 0.000 0.014 0.000 0.000 0.012 0.010 0.010 0.009 0.010 0.010 0.010 0.010 0.011 0.000 0.010 0.008 0.009 0.010 0.000 0.008 0.007 0.000 0.000 0.008 0.008 0.008 0.009 0.010 0.015 0.000 0.000 0.009 0.008 0.010 0.010 0.009 0.009 0.010 0.000 0.011 0.026 0.010 0.010 0.035 0.010 0.010 0.133 0.010 0.010 0.009 0.009 0.009 0.023 0.000 0.000 0.009 0.009 0.007 0.008 0.009 0.022
0.000 0.000 0.000 0.000 0.000 0.000 0.000 0.000 0.000 0.000 0.000 0.000 0.000 0.000 0.000 0.000 0.000 0.000 0.000 0.000 0.000 0.000 0.008 0.010 0.009 0.008 0.010 0.010 0.010 0.010 0.007 0.009 0.010 0.008 0.008 0.006 0.006 0.007 0.007 0.008 0.006 0.010 0.009 0.009 0.000 0.000 0.007 0.008 0.010 0.010 0.010 0.010 0.022 0.009 0.000 0.000 0.000 0.027 0.010 0.010 0.010 0.018 0.010 0.010 0.010 0.010 0.010 0.009 0.017 0.009 0.009 0.020 0.009 0.000 0.007 0.009 0.010
0.000 0.000 0.000 0.000 0.000 0.000 0.000 0.000 0.000 0.000 0.000 0.000 0.000 0.000 0.000 0.000 0.000 0.000 0.000 0.000 0.000 0.000 0.012 0.000 0.008 0.006 0.008 0.007 0.010 0.009 0.009 0.000 0.008 0.008 0.007 0.009 0.009 0.008 0.009 0.007 0.007 0.009 0.009 0.018 0.008 0.000 0.017 0.008 0.019 0.010 0.010 0.008 0.009 0.000 0.010 0.000 0.028 0.010 0.010 0.010 0.010 0.010 0.013 0.010 0.010 0.010 0.010 0.010 0.010 0.009 0.010 0.009 0.009 0.010 0.011 0.000 0.030
0.000 0.000 0.000 0.000 0.000 0.000 0.000 0.000 0.000 0.000 0.000 0.000 0.000 0.000 0.000 0.000 0.000 0.000 0.000 0.000 0.000 0.000 0.000 0.000 0.012 0.000 0.006 0.008 0.009 0.010 0.009 0.135 0.005 0.007 0.006 0.007 0.008 0.008 0.009 0.009 0.000 0.009 0.009 0.000 0.010 0.009 0.009 0.010 0.009 0.009 0.009 0.009 0.009 0.000 0.016 0.010 0.010 0.010 0.010 0.010 0.000 0.010 0.047 0.000 0.010 0.010 0.010 0.057 0.010 0.010 0.009 0.009 0.009 0.008 0.006 0.011 0.000
0.000 0.000 0.000 0.000 0.000 0.000 0.000 0.000 0.000 0.000 0.000 0.000 0.000 0.000 0.000 0.000 0.000 0.000 0.000 0.000 0.000 0.000 0.000 0.000 0.000 0.000 0.000 0.009 0.010 0.010 0.000 0.010 0.008 0.010 0.009 0.008 0.008 0.000 0.007 0.009 0.009 0.009 0.019 0.007 0.000 0.009 0.009 0.010 0.010 0.010 0.008 0.022 0.000 0.000 0.000 0.000 0.025 0.010 0.010 0.010 0.037 0.044 0.000 0.000 0.032 0.020 0.010 0.010 0.010 0.009 0.009 0.010 0.009 0.009 0.008 0.007 0.007
0.000 0.000 0.000 0.000 0.000 0.000 0.000 0.000 0.000 0.000 0.000 0.000 0.000 0.000 0.000 0.000 0.000 0.000 0.000 0.000 0.000 0.000 0.000 0.000 0.000 0.000 0.000 0.010 0.015 0.000 0.010 0.010 0.009 0.007 0.008 0.010 0.000 0.007 0.009 0.009 0.009 0.010 0.009 0.027 0.010 0.009 0.009 0.009 0.009 0.010 0.007 0.009 0.000 0.011 0.010 0.033 0.010 0.010 0.035 0.000 0.026 0.010 0.010 0.000 0.000 0.023 0.045 0.000 0.010 0.008 0.010 0.033 0.010 0.010 0.009 0.008 0.008
0.000 0.000 0.000 0.000 0.000 0.000 0.000 0.000 0.000 0.000 0.000 0.000 0.000 0.000 0.000 0.000 0.000 0.000 0.000 0.000 0.000 0.000 0.000 0.000 0.000 0.000 0.000 0.000 0.000 0.000 0.000 0.009 0.010 0.010 0.014 0.009 0.006 0.008 0.009 0.009 0.029 0.000 0.000 0.008 0.007 0.025 0.009 0.000 0.000 0.008 0.009 0.000 0.015 0.000 0.000 0.010 0.010 0.010 0.010 0.010 0.010 0.010 0.000 0.000 0.000 0.000 0.000 0.046 0.010 0.010 0.031 0.000 0.010 0.009 0.029 0.009 0.009
0.000 0.000 0.000 0.000 0.000 0.000 0.000 0.000 0.000 0.000 0.000 0.000 0.000 0.000 0.000 0.000 0.000 0.000 0.000 0.000 0.000 0.000 0.000 0.000 0.000 0.000 0.000 0.000 0.000 0.000 0.000 0.019 0.000 0.010 0.010 0.009 0.009 0.010 0.010 0.010 0.009 0.000 0.000 0.006 0.000 0.007 0.012 0.009 0.008 0.009 0.010 0.029 0.000 0.000 0.032 0.010 0.010 0.010 0.010 0.010 0.010 0.010 0.000 0.010 0.010 0.051 0.064 0.009 0.010 0.030 0.009 0.000 0.009 0.000 0.000 0.016 0.013
0.000 0.000 0.000 0.000 0.000 0.000 0.000 0.000 0.000 0.000 0.000 0.000 0.000 0.000 0.000 0.000 0.000 0.000 0.000 0.000 0.000 0.000 0.000 0.000 0.000 0.000 0.000 0.000 0.000 0.000 0.000 0.000 0.000 0.010 0.053 0.009 0.010 0.009 0.009 0.009 0.009 0.013 0.000 0.000 0.000 0.008 0.009 0.009 0.009 0.009 0.000 0.000 0.016 0.000 0.010 0.010 0.010 0.059 0.010 0.026 0.010 0.010 0.010 0.000 0.000 0.010 0.010 0.010 0.009 0.009 0.010 0.010 0.010 0.000 0.016 0.013 0.010
0.000 0.000 0.000 0.000 0.000 0.000 0.000 0.000 0.000 0.000 0.000 0.000 0.000 0.000 0.000 0.000 0.000 0.000 0.000 0.000 0.000 0.000 0.000 0.000 0.000 0.000 0.000 0.000 0.000 0.000 0.000 0.000 0.000 0.000 0.010 0.000 0.009 0.007 0.009 0.009 0.010 0.009 0.009 0.000 0.007 0.000 0.000 0.007 0.008 0.009 0.013 0.063 0.000 0.000 0.010 0.010 0.010 0.010 0.010 0.033 0.010 0.068 0.000 0.000 0.010 0.000 0.010 0.000 0.028 0.010 0.010 0.010 0.010 0.010 0.034 0.010 0.010
0.000 0.000 0.000 0.000 0.000 0.000 0.000 0.000 0.000 0.000 0.000 0.000 0.000 0.000 0.000 0.000 0.000 0.000 0.000 0.000 0.000 0.000 0.000 0.000 0.000 0.000 0.000 0.000 0.000 0.000 0.000 0.000 0.000 0.000 0.000 0.000 0.024 0.000 0.010 0.009 0.009 0.009 0.021 0.009 0.010 0.000 0.009 0.007 0.010 0.008 0.010 0.010 0.024 0.010 0.010 0.010 0.032 0.008 0.009 0.010 0.010 0.010 0.010 0.010 0.010 0.010 0.010 0.000 0.010 0.010 0.010 0.010 0.010 0.010 0.010 0.010 0.010
0.000 0.000 0.000 0.000 0.000 0.000 0.000 0.000 0.000 0.000 0.000 0.000 0.000 0.000 0.000 0.000 0.000 0.000 0.000 0.000 0.000 0.000 0.000 0.000 0.000 0.000 0.000 0.000 0.000 0.000 0.000 0.000 0.000 0.000 0.000 0.000 0.000 0.000 0.135 0.000 0.008 0.010 0.009 0.008 0.009 0.009 0.008 0.010 0.010 0.010 0.009 0.000 0.000 0.009 0.009 0.010 0.010 0.009 0.023 0.009 0.009 0.010 0.010 0.010 0.000 0.010 0.009 0.010 0.010 0.009 0.014 0.010 0.010 0.010 0.010 0.009 0.009
0.000 0.000 0.000 0.000 0.000 0.000 0.000 0.000 0.000 0.000 0.000 0.000 0.000 0.000 0.000 0.000 0.000 0.000 0.000 0.000 0.000 0.000 0.000 0.000 0.000 0.000 0.000 0.000 0.000 0.000 0.000 0.000 0.000 0.000 0.000 0.000 0.000 0.000 0.000 0.000 0.037 0.009 0.009 0.010 0.009 0.010 0.008 0.010 0.010 0.010 0.000 0.000 0.000 0.000 0.013 0.009 0.009 0.000 0.009 0.010 0.008 0.010 0.010 0.010 0.010 0.040 0.010 0.010 0.010 0.010 0.010 0.010 0.010 0.010 0.040 0.010 0.010
0.000 0.000 0.000 0.000 0.000 0.000 0.000 0.000 0.000 0.000 0.000 0.000 0.000 0.000 0.000 0.000 0.000 0.000 0.000 0.000 0.000 0.000 0.000 0.000 0.000 0.000 0.000 0.000 0.000 0.000 0.000 0.000 0.000 0.000 0.000 0.000 0.000 0.000 0.000 0.000 0.000 0.010 0.000 0.009 0.013 0.009 0.038 0.009 0.010 0.010 0.011 0.008 0.000 0.000 0.009 0.008 0.000 0.000 0.009 0.008 0.010 0.010 0.010 0.010 0.010 0.009 0.010 0.010 0.009 0.010 0.018 0.010 0.010 0.010 0.010 0.010 0.010
0.000 0.000 0.000 0.000 0.000 0.000 0.000 0.000 0.000 0.000 0.000 0.000 0.000 0.000 0.000 0.000 0.000 0.000 0.000 0.000 0.000 0.000 0.000 0.000 0.000 0.000 0.000 0.000 0.000 0.000 0.000 0.000 0.000 0.000 0.000 0.000 0.000 0.000 0.000 0.000 0.000 0.000 0.000 0.022 0.000 0.010 0.008 0.010 0.009 0.014 0.009 0.009 0.006 0.009 0.009 0.008 0.000 0.027 0.008 0.009 0.010 0.010 0.010 0.010 0.047 0.009 0.009 0.009 0.010 0.010 0.010 0.010 0.116 0.010 0.010 0.010 0.037
0.000 0.000 0.000 0.000 0.000 0.000 0.000 0.000 0.000 0.000 0.000 0.000 0.000 0.000 0.000 0.000 0.000 0.000 0.000 0.000 0.000 0.000 0.000 0.000 0.000 0.000 0.000 0.000 0.000 0.000 0.000 0.000 0.000 0.000 0.000 0.000 0.000 0.000 0.000 0.000 0.000 0.000 0.000 0.000 0.000 0.010 0.000 0.009 0.008 0.009 0.012 0.009 0.010 0.009 0.020 0.008 0.000 0.009 0.010 0.009 0.009 0.018 0.010 0.009 0.009 0.009 0.000 0.000 0.010 0.010 0.010 0.229 0.010 0.009 0.010 0.010 0.010
0.000 0.000 0.000 0.000 0.000 0.000 0.000 0.000 0.000 0.000 0.000 0.000 0.000 0.000 0.000 0.000 0.000 0.000 0.000 0.000 0.000 0.000 0.000 0.000 0.000 0.000 0.000 0.000 0.000 0.000 0.000 0.000 0.000 0.000 0.000 0.000 0.000 0.000 0.000 0.000 0.000 0.000 0.000 0.000 0.000 0.000 0.000 0.019 0.000 0.044 0.010 0.009 0.000 0.010 0.008 0.010 0.000 0.008 0.010 0.008 0.009 0.010 0.009 0.021 0.009 0.010 0.000 0.000 0.000 0.010 0.010 0.010 0.010 0.028 0.010 0.010 0.010
0.000 0.000 0.000 0.000 0.000 0.000 0.000 0.000 0.000 0.000 0.000 0.000 0.000 0.000 0.000 0.000 0.000 0.000 0.000 0.000 0.000 0.000 0.000 0.000 0.000 0.000 0.000 0.000 0.000 0.000 0.000 0.000 0.000 0.000 0.000 0.000 0.000 0.000 0.000 0.000 0.000 0.000 0.000 0.000 0.000 0.000 0.000 0.000 0.000 0.000 0.187 0.009 0.010 0.009 0.010 0.009 0.008 0.000 0.009 0.008 0.010 0.009 0.009 0.010 0.009 0.000 0.000 0.000 0.000 0.000 0.000 0.010 0.009 0.023 0.010 0.010 0.010
0.000 0.000 0.000 0.000 0.000 0.000 0.000 0.000 0.000 0.000 0.000 0.000 0.000 0.000 0.000 0.000 0.000 0.000 0.000 0.000 0.000 0.000 0.000 0.000 0.000 0.000 0.000 0.000 0.000 0.000 0.000 0.000 0.000 0.000 0.000 0.000 0.000 0.000 0.000 0.000 0.000 0.000 0.000 0.000 0.000 0.000 0.000 0.000 0.000 0.000 0.010 0.000 0.010 0.009 0.010 0.009 0.008 0.023 0.008 0.015 0.009 0.009 0.035 0.010 0.009 0.010 0.000 0.000 0.000 0.000 0.000 0.000 0.000 0.009 0.010 0.023 0.010
0.000 0.000 0.000 0.000 0.000 0.000 0.000 0.000 0.000 0.000 0.000 0.000 0.000 0.000 0.000 0.000 0.000 0.000 0.000 0.000 0.000 0.000 0.000 0.000 0.000 0.000 0.000 0.000 0.000 0.000 0.000 0.000 0.000 0.000 0.000 0.000 0.000 0.000 0.000 0.000 0.000 0.000 0.000 0.000 0.000 0.000 0.000 0.000 0.000 0.000 0.000 0.000 0.025 0.000 0.009 0.010 0.009 0.014 0.010 0.008 0.009 0.013 0.009 0.009 0.033 0.009 0.027 0.012 0.000 0.000 0.000 0.000 0.010 0.000 0.000 0.010 0.010
0.000 0.000 0.000 0.000 0.000 0.000 0.000 0.000 0.000 0.000 0.000 0.000 0.000 0.000 0.000 0.000 0.000 0.000 0.000 0.000 0.000 0.000 0.000 0.000 0.000 0.000 0.000 0.000 0.000 0.000 0.000 0.000 0.000 0.000 0.000 0.000 0.000 0.000 0.000 0.000 0.000 0.000 0.000 0.000 0.000 0.000 0.000 0.000 0.000 0.000 0.000 0.000 0.000 0.000 0.034 0.000 0.009 0.009 0.012 0.009 0.014 0.009 0.009 0.010 0.010 0.010 0.009 0.009 0.033 0.008 0.000 0.000 0.000 0.000 0.016 0.008 0.010
0.000 0.000 0.000 0.000 0.000 0.000 0.000 0.000 0.000 0.000 0.000 0.000 0.000 0.000 0.000 0.000 0.000 0.000 0.000 0.000 0.000 0.000 0.000 0.000 0.000 0.000 0.000 0.000 0.000 0.000 0.000 0.000 0.000 0.000 0.000 0.000 0.000 0.000 0.000 0.000 0.000 0.000 0.000 0.000 0.000 0.000 0.000 0.000 0.000 0.000 0.000 0.000 0.000 0.000 0.000 0.000 0.000 0.022 0.009 0.010 0.008 0.009 0.010 0.010 0.010 0.010 0.010 0.010 0.009 0.009 0.000 0.000 0.000 0.000 0.000 0.005 0.000
