hx_30m/njhx/rain/result-0025.wd
ncols         211
nrows         286
xllcorner     660279.582600
yllcorner     3541874.325092
cellsize      30.000000
NODATA_value  -9999.000000
[rows 238 to 271 of 286, columns 77 to 153 of 211]
0.010 0.010 0.010 0.050 0.010 0.010 0.000 0.000 0.000 0.010 0.010 0.010 0.000 0.000 0.010 0.010 0.000 0.010 0.024 0.010 0.010 0.010 0.010 0.010 0.010 0.010 0.010 0.000 0.010 0.010 0.008 0.007 0.007 0.007 0.008 0.007 0.010 0.000 0.010 0.010 0.010 0.601 0.031 0.010 0.010 0.010 0.000 0.010 0.000 0.000 0.010 0.119 0.023 0.010 0.010 0.010 0.010 0.010 0.075 0.010 0.010 0.000 0.010 0.010 0.010 0.010 0.010 0.000 0.000 0.010 0.010 0.010 0.010 0.000 0.010 0.010 0.008
0.105 0.010 0.010 0.010 0.039 0.010 0.010 0.000 0.000 0.010 0.000 0.021 0.000 0.010 0.042 0.000 0.010 0.010 0.010 0.010 0.010 0.010 0.010 0.010 0.010 0.010 0.056 0.000 0.000 0.010 0.008 0.007 0.006 0.007 0.007 0.007 0.010 0.010 0.010 0.010 0.000 0.062 0.000 0.009 0.009 0.010 0.010 0.000 0.010 0.010 0.010 0.017 0.010 0.067 0.010 0.010 0.010 0.000 0.041 0.010 0.010 0.010 0.010 0.066 0.010 0.000 0.010 0.000 0.010 0.010 0.035 0.010 0.010 0.010 0.000 0.013 0.010
0.000 0.000 0.010 0.062 0.010 0.010 0.010 0.010 0.010 0.000 0.000 0.010 0.010 0.010 0.010 0.010 0.010 0.044 0.010 0.010 0.010 0.108 0.010 0.010 0.010 0.010 0.010 0.030 0.009 0.010 0.000 0.008 0.007 0.008 0.006 0.009 0.036 0.010 0.029 0.000 0.085 0.065 0.000 0.010 0.010 0.010 0.033 0.010 0.010 0.010 0.010 0.010 0.010 0.010 0.010 0.010 0.000 0.099 0.010 0.010 0.022 0.000 0.010 0.010 0.010 0.010 0.010 0.000 0.010 0.013 0.000 0.010 0.025 0.010 0.000 0.009 0.008
0.000 0.035 0.000 0.000 0.036 0.010 0.010 0.010 0.010 0.010 0.010 0.000 0.010 0.010 0.010 0.010 0.244 0.010 0.010 0.010 0.116 0.010 0.018 0.010 0.019 0.010 0.000 0.000 0.010 0.018 0.010 0.009 0.008 0.010 0.023 0.010 0.010 0.010 0.010 0.021 0.010 0.010 0.010 0.010 0.010 0.010 0.000 0.010 0.017 0.010 0.010 0.010 0.010 0.029 0.019 0.064 0.000 0.010 0.010 0.010 0.000 0.000 0.092 0.103 0.010 0.000 0.010 0.010 0.010 0.010 0.021 0.000 0.006 0.012 0.000 0.000 0.000
0.000 0.000 0.010 0.057 0.000 0.088 0.010 0.010 0.015 0.038 0.010 0.010 0.010 0.010 0.010 0.014 0.010 0.010 0.010 0.010 0.010 0.010 0.010 0.010 0.010 0.000 0.000 0.010 0.010 0.010 0.022 0.010 0.010 0.050 0.010 0.010 0.010 0.010 0.000 0.010 0.010 0.010 0.010 0.015 0.000 0.010 0.010 0.010 0.010 0.010 0.010 0.010 0.010 0.010 0.010 0.010 0.341 0.010 0.010 0.000 0.035 0.000 0.010 0.010 0.000 0.000 0.042 0.000 0.000 0.010 0.009 0.000 0.010 0.007 0.010 0.000 0.010
0.000 0.000 0.000 0.000 0.000 0.010 0.000 0.246 0.010 0.010 0.010 0.038 0.010 0.010 0.010 0.060 0.010 0.010 0.010 0.067 0.010 0.010 0.010 0.010 0.010 0.010 0.000 0.010 0.010 0.010 0.010 0.010 0.012 0.010 0.000 0.010 0.010 0.000 0.010 0.010 0.010 0.010 0.024 0.000 0.010 0.012 0.010 0.010 0.010 0.010 0.000 0.010 0.010 0.010 0.010 0.010 0.010 0.010 0.018 0.000 0.000 0.021 0.133 0.010 0.000 0.092 0.000 0.000 0.000 0.000 0.015 0.009 0.000 0.010 0.009 0.009 0.057
0.000 0.000 0.000 0.000 0.000 0.000 0.000 0.010 0.000 0.139 0.026 0.010 0.059 0.010 0.010 0.010 0.060 0.010 0.058 0.010 0.010 0.015 0.010 0.010 0.010 0.052 0.010 0.010 0.010 0.010 0.018 0.000 0.000 0.010 0.027 0.010 0.010 0.078 0.010 0.010 0.010 0.010 0.010 0.000 0.010 0.000 0.010 0.014 0.010 0.000 0.011 0.000 0.000 0.010 0.011 0.010 0.010 0.021 0.000 0.000 0.010 0.010 0.010 0.067 0.000 0.060 0.010 0.048 0.000 0.000 0.000 0.000 0.013 0.010 0.010 0.010 0.010
0.000 0.000 0.000 0.000 0.000 0.000 0.000 0.000 0.000 0.010 0.000 0.072 0.010 0.010 0.086 0.010 0.010 0.010 0.010 0.010 0.010 0.010 0.010 0.019 0.010 0.000 0.000 0.010 0.010 0.010 0.000 0.000 0.000 0.010 0.010 0.010 0.000 0.010 0.010 0.028 0.010 0.010 0.010 0.000 0.000 0.016 0.008 0.000 0.000 0.010 0.010 0.000 0.011 0.000 0.000 0.010 0.010 0.010 0.010 0.000 0.077 0.088 0.010 0.000 0.162 0.010 0.010 0.010 0.010 0.010 0.071 0.010 0.000 0.000 0.010 0.010 0.009
0.000 0.000 0.000 0.000 0.000 0.000 0.000 0.000 0.000 0.000 0.000 0.010 0.000 0.230 0.142 0.010 0.081 0.010 0.010 0.010 0.010 0.010 0.010 0.000 0.000 0.000 0.010 0.087 0.010 0.010 0.008 0.000 0.010 0.010 0.010 0.000 0.010 0.013 0.010 0.010 0.010 0.010 0.010 0.010 0.010 0.010 0.010 0.000 0.010 0.010 0.010 0.010 0.000 0.010 0.000 0.010 0.010 0.010 0.048 0.010 0.010 0.010 0.052 0.010 0.096 0.010 0.010 0.010 0.010 0.000 0.046 0.010 0.000 0.000 0.018 0.010 0.010
0.000 0.000 0.000 0.000 0.000 0.000 0.000 0.000 0.000 0.000 0.000 0.000 0.033 0.000 0.122 0.022 0.010 0.010 0.010 0.010 0.010 0.010 0.010 0.067 0.000 0.000 0.000 0.000 0.000 0.000 0.025 0.010 0.010 0.010 0.010 0.010 0.015 0.010 0.033 0.038 0.010 0.010 0.010 0.010 0.010 0.010 0.010 0.010 0.000 0.010 0.027 0.010 0.010 0.010 0.010 0.010 0.010 0.010 0.010 0.010 0.028 0.010 0.010 0.010 0.010 0.000 0.010 0.000 0.016 0.000 0.010 0.000 0.058 0.016 0.010 0.070 0.010
0.000 0.000 0.000 0.000 0.000 0.000 0.000 0.000 0.000 0.000 0.000 0.000 0.000 0.000 0.000 0.000 0.010 0.010 0.010 0.010 0.010 0.010 0.010 0.010 0.010 0.010 0.037 0.000 0.000 0.000 0.000 0.083 0.010 0.010 0.000 0.010 0.010 0.010 0.010 0.010 0.010 0.010 0.010 0.010 0.010 0.010 0.022 0.000 0.010 0.019 0.010 0.012 0.010 0.010 0.010 0.010 0.150 0.088 0.010 0.010 0.010 0.010 0.010 0.010 0.010 0.000 0.010 0.010 0.000 0.000 0.000 0.000 0.071 0.010 0.052 0.063 0.057
0.000 0.000 0.000 0.000 0.000 0.000 0.000 0.000 0.000 0.000 0.000 0.000 0.000 0.000 0.000 0.010 0.117 0.000 0.149 0.010 0.010 0.010 0.032 0.010 0.010 0.010 0.010 0.025 0.000 0.000 0.000 0.010 0.010 0.000 0.009 0.019 0.000 0.010 0.016 0.010 0.010 0.031 0.010 0.000 0.010 0.044 0.010 0.010 0.021 0.010 0.031 0.010 0.010 0.010 0.010 0.000 0.000 0.010 0.010 0.010 0.010 0.010 0.010 0.010 0.040 0.010 0.010 0.087 0.000 0.000 0.000 0.000 0.010 0.010 0.096 0.104 0.148
0.000 0.000 0.000 0.000 0.000 0.000 0.000 0.000 0.000 0.000 0.000 0.000 0.000 0.000 0.000 0.000 0.000 0.031 0.000 0.000 0.043 0.010 0.010 0.034 0.010 0.010 0.010 0.010 0.035 0.000 0.043 0.010 0.010 0.010 0.000 0.010 0.011 0.000 0.000 0.010 0.010 0.010 0.010 0.010 0.029 0.000 0.000 0.010 0.010 0.010 0.015 0.010 0.010 0.014 0.000 0.036 0.051 0.010 0.010 0.086 0.010 0.045 0.361 0.010 0.010 0.010 0.010 0.010 0.037 0.000 0.000 0.010 0.010 0.010 0.010 0.016 0.129
0.000 0.000 0.000 0.000 0.000 0.000 0.000 0.000 0.000 0.000 0.000 0.000 0.000 0.000 0.000 0.000 0.000 0.000 0.000 0.000 0.000 0.000 0.010 0.010 0.010 0.010 0.010 0.010 0.010 0.037 0.010 0.010 0.010 0.021 0.010 0.009 0.009 0.009 0.016 0.010 0.010 0.013 0.010 0.010 0.000 0.000 0.010 0.010 0.010 0.010 0.010 0.010 0.063 0.010 0.000 0.000 0.000 0.072 0.010 0.010 0.010 0.052 0.010 0.010 0.010 0.010 0.010 0.010 0.031 0.010 0.010 0.044 0.010 0.000 0.010 0.028 0.010
0.000 0.000 0.000 0.000 0.000 0.000 0.000 0.000 0.000 0.000 0.000 0.000 0.000 0.000 0.000 0.000 0.000 0.000 0.000 0.000 0.000 0.000 0.047 0.000 0.010 0.010 0.010 0.010 0.010 0.010 0.010 0.000 0.015 0.010 0.009 0.010 0.010 0.010 0.010 0.009 0.009 0.010 0.010 0.034 0.010 0.000 0.038 0.010 0.023 0.010 0.010 0.010 0.037 0.000 0.010 0.000 0.093 0.010 0.010 0.010 0.010 0.010 0.065 0.010 0.010 0.010 0.010 0.010 0.010 0.010 0.010 0.010 0.010 0.059 0.084 0.000 0.130
0.000 0.000 0.000 0.000 0.000 0.000 0.000 0.000 0.000 0.000 0.000 0.000 0.000 0.000 0.000 0.000 0.000 0.000 0.000 0.000 0.000 0.000 0.000 0.000 0.179 0.000 0.010 0.010 0.010 0.010 0.017 0.586 0.008 0.009 0.008 0.009 0.010 0.010 0.010 0.010 0.000 0.010 0.010 0.000 0.010 0.010 0.010 0.010 0.010 0.010 0.010 0.010 0.010 0.000 0.034 0.010 0.010 0.010 0.010 0.010 0.000 0.010 0.099 0.000 0.046 0.010 0.010 0.189 0.010 0.010 0.010 0.010 0.010 0.010 0.010 0.140 0.000
0.000 0.000 0.000 0.000 0.000 0.000 0.000 0.000 0.000 0.000 0.000 0.000 0.000 0.000 0.000 0.000 0.000 0.000 0.000 0.000 0.000 0.000 0.000 0.000 0.000 0.000 0.000 0.030 0.010 0.010 0.000 0.010 0.010 0.021 0.010 0.010 0.017 0.000 0.009 0.010 0.010 0.010 0.054 0.009 0.000 0.010 0.010 0.010 0.010 0.010 0.010 0.064 0.000 0.000 0.000 0.000 0.061 0.010 0.010 0.010 0.092 0.100 0.000 0.000 0.079 0.067 0.010 0.010 0.010 0.010 0.010 0.010 0.010 0.010 0.010 0.010 0.042
0.000 0.000 0.000 0.000 0.000 0.000 0.000 0.000 0.000 0.000 0.000 0.000 0.000 0.000 0.000 0.000 0.000 0.000 0.000 0.000 0.000 0.000 0.000 0.000 0.000 0.000 0.000 0.010 0.055 0.000 0.010 0.010 0.010 0.009 0.009 0.010 0.000 0.009 0.010 0.010 0.010 0.017 0.010 0.072 0.010 0.010 0.010 0.009 0.010 0.010 0.010 0.010 0.000 0.041 0.028 0.062 0.010 0.010 0.108 0.000 0.080 0.064 0.010 0.000 0.000 0.071 0.093 0.000 0.010 0.010 0.010 0.067 0.010 0.010 0.010 0.010 0.010
0.000 0.000 0.000 0.000 0.000 0.000 0.000 0.000 0.000 0.000 0.000 0.000 0.000 0.000 0.000 0.000 0.000 0.000 0.000 0.000 0.000 0.000 0.000 0.000 0.000 0.000 0.000 0.000 0.000 0.000 0.000 0.010 0.010 0.010 0.037 0.010 0.008 0.009 0.010 0.010 0.070 0.000 0.000 0.009 0.009 0.060 0.010 0.000 0.000 0.010 0.010 0.000 0.035 0.000 0.000 0.034 0.010 0.010 0.010 0.010 0.030 0.010 0.000 0.000 0.000 0.000 0.000 0.164 0.010 0.010 0.077 0.000 0.010 0.010 0.087 0.010 0.010
0.000 0.000 0.000 0.000 0.000 0.000 0.000 0.000 0.000 0.000 0.000 0.000 0.000 0.000 0.000 0.000 0.000 0.000 0.000 0.000 0.000 0.000 0.000 0.000 0.000 0.000 0.000 0.000 0.000 0.000 0.000 0.078 0.000 0.010 0.010 0.010 0.010 0.010 0.010 0.010 0.010 0.000 0.000 0.008 0.000 0.009 0.022 0.009 0.009 0.010 0.023 0.076 0.000 0.000 0.125 0.010 0.010 0.010 0.010 0.010 0.010 0.010 0.000 0.010 0.042 0.130 0.142 0.010 0.010 0.079 0.010 0.000 0.010 0.000 0.000 0.034 0.031
0.000 0.000 0.000 0.000 0.000 0.000 0.000 0.000 0.000 0.000 0.000 0.000 0.000 0.000 0.000 0.000 0.000 0.000 0.000 0.000 0.000 0.000 0.000 0.000 0.000 0.000 0.000 0.000 0.000 0.000 0.000 0.000 0.000 0.013 0.205 0.010 0.010 0.010 0.010 0.010 0.010 0.014 0.000 0.000 0.000 0.011 0.010 0.010 0.010 0.010 0.000 0.000 0.035 0.000 0.010 0.010 0.010 0.203 0.010 0.081 0.010 0.014 0.010 0.000 0.000 0.010 0.078 0.010 0.010 0.010 0.010 0.010 0.010 0.000 0.034 0.032 0.028
0.000 0.000 0.000 0.000 0.000 0.000 0.000 0.000 0.000 0.000 0.000 0.000 0.000 0.000 0.000 0.000 0.000 0.000 0.000 0.000 0.000 0.000 0.000 0.000 0.000 0.000 0.000 0.000 0.000 0.000 0.000 0.000 0.000 0.000 0.010 0.000 0.010 0.008 0.010 0.010 0.010 0.010 0.010 0.000 0.009 0.000 0.000 0.009 0.010 0.010 0.098 0.147 0.000 0.000 0.010 0.010 0.010 0.084 0.010 0.088 0.010 0.202 0.000 0.000 0.010 0.000 0.010 0.000 0.061 0.010 0.010 0.010 0.010 0.010 0.052 0.010 0.010
0.000 0.000 0.000 0.000 0.000 0.000 0.000 0.000 0.000 0.000 0.000 0.000 0.000 0.000 0.000 0.000 0.000 0.000 0.000 0.000 0.000 0.000 0.000 0.000 0.000 0.000 0.000 0.000 0.000 0.000 0.000 0.000 0.000 0.000 0.000 0.000 0.116 0.000 0.010 0.010 0.010 0.010 0.045 0.010 0.010 0.000 0.010 0.009 0.010 0.010 0.010 0.010 0.070 0.010 0.010 0.010 0.062 0.010 0.010 0.010 0.010 0.010 0.010 0.010 0.010 0.010 0.013 0.000 0.010 0.010 0.019 0.010 0.010 0.010 0.010 0.010 0.010
0.000 0.000 0.000 0.000 0.000 0.000 0.000 0.000 0.000 0.000 0.000 0.000 0.000 0.000 0.000 0.000 0.000 0.000 0.000 0.000 0.000 0.000 0.000 0.000 0.000 0.000 0.000 0.000 0.000 0.000 0.000 0.000 0.000 0.000 0.000 0.000 0.000 0.000 0.492 0.000 0.010 0.010 0.010 0.010 0.010 0.010 0.010 0.020 0.010 0.010 0.010 0.000 0.000 0.017 0.010 0.010 0.010 0.010 0.049 0.018 0.010 0.010 0.010 0.010 0.000 0.010 0.010 0.010 0.010 0.010 0.021 0.010 0.010 0.010 0.010 0.010 0.010
0.000 0.000 0.000 0.000 0.000 0.000 0.000 0.000 0.000 0.000 0.000 0.000 0.000 0.000 0.000 0.000 0.000 0.000 0.000 0.000 0.000 0.000 0.000 0.000 0.000 0.000 0.000 0.000 0.000 0.000 0.000 0.000 0.000 0.000 0.000 0.000 0.000 0.000 0.000 0.000 0.096 0.010 0.010 0.010 0.010 0.010 0.010 0.010 0.010 0.010 0.000 0.000 0.000 0.000 0.033 0.010 0.010 0.000 0.010 0.010 0.010 0.010 0.010 0.010 0.010 0.065 0.010 0.010 0.010 0.010 0.010 0.014 0.010 0.010 0.046 0.010 0.010
0.000 0.000 0.000 0.000 0.000 0.000 0.000 0.000 0.000 0.000 0.000 0.000 0.000 0.000 0.000 0.000 0.000 0.000 0.000 0.000 0.000 0.000 0.000 0.000 0.000 0.000 0.000 0.000 0.000 0.000 0.000 0.000 0.000 0.000 0.000 0.000 0.000 0.000 0.000 0.000 0.000 0.010 0.000 0.010 0.021 0.010 0.067 0.010 0.010 0.010 0.027 0.010 0.000 0.000 0.010 0.010 0.000 0.000 0.010 0.010 0.010 0.010 0.010 0.010 0.010 0.010 0.010 0.010 0.010 0.010 0.054 0.010 0.010 0.010 0.010 0.010 0.010
0.000 0.000 0.000 0.000 0.000 0.000 0.000 0.000 0.000 0.000 0.000 0.000 0.000 0.000 0.000 0.000 0.000 0.000 0.000 0.000 0.000 0.000 0.000 0.000 0.000 0.000 0.000 0.000 0.000 0.000 0.000 0.000 0.000 0.000 0.000 0.000 0.000 0.000 0.000 0.000 0.000 0.000 0.000 0.055 0.000 0.010 0.033 0.010 0.010 0.028 0.010 0.010 0.009 0.010 0.010 0.010 0.000 0.065 0.010 0.010 0.010 0.010 0.010 0.010 0.083 0.010 0.010 0.010 0.010 0.010 0.047 0.113 0.218 0.046 0.010 0.010 0.096
0.000 0.000 0.000 0.000 0.000 0.000 0.000 0.000 0.000 0.000 0.000 0.000 0.000 0.000 0.000 0.000 0.000 0.000 0.000 0.000 0.000 0.000 0.000 0.000 0.000 0.000 0.000 0.000 0.000 0.000 0.000 0.000 0.000 0.000 0.000 0.000 0.000 0.000 0.000 0.000 0.000 0.000 0.000 0.000 0.000 0.010 0.000 0.010 0.010 0.010 0.061 0.010 0.010 0.010 0.050 0.010 0.000 0.010 0.010 0.010 0.010 0.019 0.010 0.010 0.010 0.010 0.000 0.000 0.010 0.010 0.010 0.386 0.091 0.059 0.010 0.010 0.010
0.000 0.000 0.000 0.000 0.000 0.000 0.000 0.000 0.000 0.000 0.000 0.000 0.000 0.000 0.000 0.000 0.000 0.000 0.000 0.000 0.000 0.000 0.000 0.000 0.000 0.000 0.000 0.000 0.000 0.000 0.000 0.000 0.000 0.000 0.000 0.000 0.000 0.000 0.000 0.000 0.000 0.000 0.000 0.000 0.000 0.000 0.000 0.065 0.000 0.079 0.042 0.019 0.000 0.010 0.010 0.010 0.000 0.010 0.010 0.010 0.010 0.010 0.010 0.049 0.010 0.016 0.000 0.000 0.000 0.010 0.010 0.010 0.069 0.087 0.010 0.010 0.010
0.000 0.000 0.000 0.000 0.000 0.000 0.000 0.000 0.000 0.000 0.000 0.000 0.000 0.000 0.000 0.000 0.000 0.000 0.000 0.000 0.000 0.000 0.000 0.000 0.000 0.000 0.000 0.000 0.000 0.000 0.000 0.000 0.000 0.000 0.000 0.000 0.000 0.000 0.000 0.000 0.000 0.000 0.000 0.000 0.000 0.000 0.000 0.000 0.000 0.000 0.554 0.010 0.010 0.010 0.010 0.010 0.010 0.000 0.010 0.010 0.010 0.010 0.040 0.010 0.010 0.000 0.000 0.000 0.000 0.000 0.000 0.010 0.010 0.083 0.010 0.010 0.010
0.000 0.000 0.000 0.000 0.000 0.000 0.000 0.000 0.000 0.000 0.000 0.000 0.000 0.000 0.000 0.000 0.000 0.000 0.000 0.000 0.000 0.000 0.000 0.000 0.000 0.000 0.000 0.000 0.000 0.000 0.000 0.000 0.000 0.000 0.000 0.000 0.000 0.000 0.000 0.000 0.000 0.000 0.000 0.000 0.000 0.000 0.000 0.000 0.000 0.000 0.010 0.000 0.010 0.010 0.010 0.010 0.010 0.057 0.010 0.038 0.010 0.010 0.076 0.010 0.010 0.010 0.000 0.000 0.000 0.000 0.000 0.000 0.000 0.010 0.010 0.089 0.010
0.000 0.000 0.000 0.000 0.000 0.000 0.000 0.000 0.000 0.000 0.000 0.000 0.000 0.000 0.000 0.000 0.000 0.000 0.000 0.000 0.000 0.000 0.000 0.000 0.000 0.000 0.000 0.000 0.000 0.000 0.000 0.000 0.000 0.000 0.000 0.000 0.000 0.000 0.000 0.000 0.000 0.000 0.000 0.000 0.000 0.000 0.000 0.000 0.000 0.000 0.000 0.000 0.061 0.000 0.010 0.010 0.010 0.048 0.010 0.010 0.010 0.025 0.010 0.010 0.052 0.010 0.046 0.031 0.000 0.000 0.000 0.000 0.016 0.000 0.000 0.010 0.010
0.000 0.000 0.000 0.000 0.000 0.000 0.000 0.000 0.000 0.000 0.000 0.000 0.000 0.000 0.000 0.000 0.000 0.000 0.000 0.000 0.000 0.000 0.000 0.000 0.000 0.000 0.000 0.000 0.000 0.000 0.000 0.000 0.000 0.000 0.000 0.000 0.000 0.000 0.000 0.000 0.000 0.000 0.000 0.000 0.000 0.000 0.000 0.000 0.000 0.000 0.000 0.000 0.000 0.000 0.057 0.000 0.010 0.010 0.022 0.010 0.026 0.010 0.010 0.010 0.010 0.010 0.010 0.010 0.077 0.010 0.000 0.000 0.000 0.000 0.032 0.010 0.010
0.000 0.000 0.000 0.000 0.000 0.000 0.000 0.000 0.000 0.000 0.000 0.000 0.000 0.000 0.000 0.000 0.000 0.000 0.000 0.000 0.000 0.000 0.000 0.000 0.000 0.000 0.000 0.000 0.000 0.000 0.000 0.000 0.000 0.000 0.000 0.000 0.000 0.000 0.000 0.000 0.000 0.000 0.000 0.000 0.000 0.000 0.000 0.000 0.000 0.000 0.000 0.000 0.000 0.000 0.000 0.000 0.000 0.050 0.010 0.010 0.014 0.010 0.010 0.010 0.010 0.010 0.010 0.010 0.010 0.010 0.000 0.000 0.000 0.000 0.000 0.009 0.000
