hx_30m/njhx/rain/result-0017.wd
ncols         211
nrows         286
xllcorner     660279.582600
yllcorner     3541874.325092
cellsize      30.000000
NODATA_value  -9999.000000
[rows 102 to 135 of 286, columns 77 to 153 of 211]
0.000 0.026 0.010 0.007 0.009 0.007 0.004 0.003 0.003 0.004 0.009 0.006 0.004 0.000 0.003 0.002 0.000 0.009 0.011 0.005 0.010 0.010 0.025 0.010 0.010 0.010 0.010 0.003 0.007 0.007 0.000 0.000 0.000 0.004 0.003 0.000 0.004 0.004 0.006 0.002 0.005 0.003 0.008 0.004 0.000 0.005 0.005 0.004 0.000 0.004 0.007 0.010 0.005 0.000 0.003 0.000 0.000 0.005 0.004 0.003 0.000 0.000 0.000 0.005 0.002 0.003 0.002 0.001 0.002 0.002 0.002 0.001 0.000 0.002 0.004 0.005 0.000
0.010 0.010 0.008 0.006 0.009 0.003 0.002 0.002 0.003 0.010 0.008 0.003 0.000 0.002 0.002 0.006 0.006 0.005 0.005 0.010 0.014 0.010 0.010 0.010 0.010 0.010 0.010 0.004 0.003 0.004 0.000 0.000 0.000 0.006 0.002 0.000 0.003 0.002 0.003 0.002 0.007 0.008 0.023 0.000 0.000 0.000 0.003 0.005 0.004 0.004 0.003 0.007 0.006 0.000 0.000 0.000 0.000 0.003 0.005 0.003 0.000 0.000 0.000 0.003 0.005 0.002 0.002 0.001 0.001 0.001 0.000 0.002 0.002 0.002 0.001 0.003 0.000
0.010 0.010 0.008 0.007 0.010 0.006 0.006 0.005 0.002 0.004 0.010 0.007 0.000 0.003 0.003 0.003 0.003 0.003 0.002 0.004 0.010 0.010 0.010 0.010 0.010 0.010 0.010 0.009 0.005 0.006 0.010 0.007 0.006 0.007 0.003 0.007 0.006 0.006 0.005 0.003 0.000 0.010 0.000 0.000 0.000 0.005 0.003 0.000 0.000 0.000 0.003 0.007 0.003 0.002 0.001 0.002 0.001 0.003 0.006 0.004 0.003 0.006 0.010 0.003 0.002 0.002 0.002 0.002 0.004 0.007 0.004 0.000 0.000 0.002 0.004 0.006 0.004
0.010 0.010 0.008 0.009 0.009 0.013 0.009 0.004 0.003 0.003 0.010 0.005 0.000 0.003 0.003 0.002 0.004 0.005 0.005 0.003 0.015 0.026 0.010 0.010 0.010 0.010 0.010 0.047 0.010 0.010 0.010 0.010 0.010 0.010 0.024 0.010 0.007 0.006 0.004 0.003 0.000 0.037 0.010 0.004 0.004 0.003 0.003 0.004 0.000 0.003 0.003 0.006 0.002 0.002 0.002 0.003 0.004 0.000 0.003 0.002 0.002 0.000 0.000 0.003 0.003 0.003 0.003 0.004 0.000 0.003 0.000 0.000 0.000 0.005 0.007 0.007 0.005
0.010 0.010 0.005 0.009 0.008 0.000 0.002 0.003 0.000 0.003 0.000 0.004 0.000 0.003 0.003 0.002 0.004 0.003 0.002 0.005 0.010 0.010 0.010 0.010 0.010 0.010 0.010 0.010 0.010 0.010 0.010 0.010 0.010 0.010 0.010 0.010 0.007 0.007 0.004 0.005 0.010 0.010 0.010 0.010 0.009 0.004 0.002 0.005 0.004 0.005 0.004 0.003 0.004 0.000 0.000 0.000 0.000 0.000 0.000 0.002 0.002 0.000 0.000 0.002 0.003 0.004 0.000 0.000 0.001 0.000 0.000 0.001 0.003 0.005 0.000 0.005 0.002
0.010 0.010 0.007 0.009 0.008 0.005 0.000 0.000 0.000 0.002 0.002 0.000 0.002 0.003 0.000 0.000 0.000 0.000 0.004 0.010 0.010 0.010 0.075 0.010 0.010 0.010 0.010 0.010 0.074 0.010 0.010 0.010 0.000 0.026 0.000 0.010 0.007 0.007 0.004 0.009 0.010 0.010 0.010 0.010 0.007 0.000 0.003 0.000 0.003 0.000 0.000 0.002 0.004 0.002 0.002 0.001 0.001 0.003 0.003 0.002 0.002 0.000 0.000 0.000 0.000 0.003 0.000 0.002 0.001 0.001 0.002 0.002 0.001 0.005 0.000 0.000 0.006
0.057 0.010 0.006 0.009 0.009 0.000 0.000 0.000 0.000 0.000 0.003 0.000 0.002 0.002 0.011 0.000 0.002 0.004 0.004 0.007 0.010 0.023 0.010 0.010 0.010 0.010 0.010 0.010 0.010 0.010 0.010 0.010 0.020 0.010 0.017 0.000 0.007 0.033 0.010 0.000 0.010 0.019 0.006 0.005 0.005 0.000 0.005 0.003 0.006 0.003 0.004 0.003 0.004 0.000 0.003 0.005 0.002 0.002 0.002 0.003 0.003 0.003 0.000 0.004 0.000 0.003 0.000 0.002 0.002 0.001 0.003 0.007 0.000 0.000 0.000 0.006 0.003
0.010 0.010 0.004 0.010 0.009 0.008 0.006 0.004 0.003 0.006 0.004 0.005 0.003 0.002 0.007 0.005 0.010 0.006 0.004 0.007 0.005 0.005 0.006 0.006 0.006 0.006 0.007 0.009 0.008 0.009 0.008 0.009 0.006 0.009 0.009 0.010 0.005 0.010 0.004 0.010 0.011 0.010 0.009 0.004 0.009 0.000 0.005 0.000 0.000 0.000 0.000 0.004 0.004 0.000 0.000 0.000 0.002 0.002 0.000 0.000 0.000 0.004 0.003 0.000 0.000 0.002 0.000 0.000 0.002 0.002 0.008 0.008 0.000 0.000 0.000 0.006 0.002
0.010 0.010 0.005 0.010 0.004 0.000 0.000 0.000 0.000 0.005 0.005 0.006 0.003 0.010 0.004 0.008 0.010 0.006 0.003 0.004 0.005 0.004 0.010 0.004 0.004 0.006 0.010 0.007 0.004 0.006 0.006 0.004 0.005 0.005 0.006 0.007 0.003 0.012 0.007 0.010 0.010 0.009 0.005 0.010 0.010 0.006 0.005 0.006 0.005 0.006 0.006 0.004 0.010 0.003 0.004 0.002 0.004 0.004 0.004 0.004 0.004 0.003 0.003 0.002 0.002 0.005 0.003 0.004 0.003 0.003 0.004 0.008 0.005 0.007 0.007 0.006 0.002
0.010 0.007 0.008 0.008 0.006 0.000 0.000 0.003 0.004 0.003 0.010 0.000 0.003 0.008 0.019 0.000 0.000 0.000 0.006 0.010 0.010 0.010 0.008 0.010 0.010 0.009 0.031 0.006 0.008 0.007 0.003 0.003 0.003 0.006 0.005 0.009 0.002 0.009 0.003 0.007 0.008 0.008 0.005 0.006 0.005 0.004 0.004 0.006 0.007 0.005 0.009 0.005 0.004 0.005 0.004 0.006 0.004 0.002 0.004 0.003 0.004 0.005 0.005 0.004 0.005 0.003 0.003 0.003 0.003 0.003 0.002 0.003 0.001 0.001 0.001 0.002 0.003
0.010 0.008 0.008 0.008 0.005 0.000 0.004 0.004 0.003 0.004 0.010 0.010 0.005 0.010 0.010 0.021 0.003 0.008 0.004 0.003 0.004 0.004 0.003 0.002 0.004 0.010 0.010 0.010 0.010 0.010 0.005 0.000 0.010 0.002 0.000 0.000 0.005 0.019 0.007 0.010 0.000 0.000 0.010 0.010 0.010 0.005 0.005 0.006 0.010 0.010 0.010 0.007 0.008 0.010 0.009 0.009 0.005 0.003 0.002 0.003 0.003 0.003 0.006 0.003 0.000 0.004 0.001 0.000 0.003 0.008 0.007 0.002 0.001 0.000 0.000 0.000 0.001
0.010 0.005 0.010 0.007 0.004 0.003 0.005 0.007 0.005 0.005 0.010 0.005 0.025 0.013 0.010 0.005 0.004 0.005 0.023 0.010 0.010 0.016 0.010 0.003 0.005 0.010 0.010 0.010 0.010 0.010 0.048 0.004 0.010 0.002 0.005 0.000 0.005 0.010 0.010 0.010 0.010 0.010 0.020 0.010 0.010 0.006 0.000 0.004 0.010 0.010 0.010 0.006 0.000 0.010 0.010 0.009 0.003 0.004 0.003 0.002 0.002 0.004 0.000 0.002 0.004 0.005 0.003 0.008 0.006 0.007 0.007 0.003 0.001 0.000 0.000 0.000 0.002
0.009 0.006 0.010 0.006 0.004 0.010 0.003 0.004 0.004 0.006 0.034 0.010 0.010 0.000 0.003 0.003 0.010 0.008 0.005 0.005 0.003 0.002 0.003 0.002 0.007 0.006 0.010 0.010 0.058 0.010 0.005 0.010 0.010 0.003 0.002 0.000 0.002 0.010 0.006 0.005 0.005 0.003 0.003 0.002 0.004 0.010 0.000 0.003 0.010 0.008 0.006 0.007 0.006 0.006 0.005 0.010 0.000 0.001 0.002 0.002 0.002 0.002 0.002 0.000 0.000 0.003 0.002 0.000 0.008 0.003 0.005 0.000 0.001 0.007 0.000 0.000 0.003
0.005 0.008 0.008 0.005 0.004 0.010 0.010 0.008 0.004 0.006 0.010 0.000 0.000 0.000 0.000 0.000 0.006 0.003 0.014 0.003 0.004 0.004 0.002 0.003 0.005 0.007 0.010 0.010 0.010 0.017 0.004 0.010 0.010 0.003 0.003 0.000 0.005 0.020 0.003 0.005 0.005 0.005 0.000 0.000 0.005 0.037 0.000 0.003 0.010 0.008 0.000 0.005 0.008 0.000 0.008 0.007 0.004 0.006 0.009 0.008 0.005 0.002 0.002 0.000 0.003 0.003 0.000 0.002 0.002 0.002 0.003 0.004 0.000 0.000 0.000 0.000 0.002
0.008 0.008 0.006 0.000 0.000 0.010 0.000 0.000 0.000 0.000 0.010 0.000 0.008 0.008 0.006 0.000 0.000 0.006 0.005 0.000 0.000 0.000 0.000 0.000 0.003 0.019 0.010 0.010 0.010 0.009 0.007 0.010 0.020 0.004 0.003 0.009 0.005 0.009 0.004 0.010 0.009 0.006 0.000 0.000 0.008 0.010 0.004 0.005 0.005 0.004 0.000 0.002 0.003 0.000 0.002 0.002 0.006 0.007 0.005 0.008 0.004 0.000 0.000 0.004 0.004 0.003 0.000 0.000 0.001 0.002 0.004 0.007 0.001 0.000 0.001 0.000 0.001
0.004 0.010 0.007 0.007 0.004 0.004 0.000 0.000 0.000 0.000 0.010 0.000 0.006 0.006 0.006 0.000 0.010 0.000 0.003 0.002 0.000 0.000 0.000 0.000 0.006 0.004 0.005 0.008 0.009 0.009 0.000 0.000 0.010 0.010 0.004 0.007 0.006 0.010 0.005 0.007 0.009 0.008 0.000 0.000 0.003 0.004 0.006 0.003 0.007 0.000 0.000 0.005 0.000 0.000 0.004 0.000 0.003 0.003 0.002 0.005 0.002 0.002 0.000 0.000 0.005 0.004 0.000 0.010 0.022 0.000 0.004 0.009 0.004 0.002 0.007 0.000 0.000
0.007 0.010 0.009 0.009 0.005 0.000 0.006 0.000 0.000 0.006 0.010 0.000 0.000 0.000 0.018 0.000 0.033 0.000 0.002 0.000 0.000 0.000 0.000 0.002 0.005 0.006 0.000 0.002 0.009 0.010 0.000 0.003 0.002 0.010 0.003 0.000 0.003 0.010 0.007 0.010 0.010 0.010 0.000 0.000 0.003 0.009 0.008 0.007 0.009 0.005 0.007 0.010 0.000 0.000 0.000 0.002 0.000 0.002 0.002 0.002 0.002 0.002 0.000 0.002 0.002 0.005 0.002 0.007 0.007 0.009 0.007 0.002 0.002 0.002 0.000 0.003 0.010
0.007 0.008 0.000 0.000 0.000 0.004 0.002 0.006 0.008 0.005 0.142 0.007 0.010 0.010 0.010 0.099 0.010 0.004 0.009 0.008 0.010 0.006 0.003 0.003 0.006 0.006 0.008 0.004 0.004 0.005 0.004 0.004 0.002 0.008 0.004 0.000 0.004 0.010 0.006 0.006 0.009 0.010 0.000 0.000 0.017 0.007 0.000 0.009 0.006 0.010 0.010 0.007 0.003 0.005 0.000 0.003 0.003 0.002 0.003 0.003 0.003 0.002 0.002 0.002 0.003 0.002 0.002 0.000 0.000 0.000 0.007 0.003 0.003 0.004 0.002 0.002 0.008
0.010 0.006 0.009 0.008 0.006 0.004 0.000 0.003 0.005 0.000 0.105 0.009 0.038 0.010 0.010 0.052 0.010 0.005 0.008 0.010 0.010 0.010 0.008 0.005 0.008 0.009 0.010 0.004 0.007 0.007 0.010 0.061 0.033 0.003 0.003 0.000 0.003 0.010 0.007 0.005 0.005 0.003 0.012 0.003 0.004 0.004 0.003 0.004 0.004 0.004 0.009 0.003 0.003 0.000 0.000 0.003 0.002 0.003 0.002 0.003 0.002 0.000 0.002 0.002 0.003 0.001 0.001 0.002 0.000 0.000 0.009 0.009 0.004 0.001 0.001 0.004 0.000
0.010 0.005 0.004 0.005 0.003 0.003 0.009 0.004 0.000 0.000 0.176 0.009 0.010 0.010 0.010 0.010 0.176 0.027 0.008 0.010 0.010 0.000 0.008 0.005 0.000 0.009 0.000 0.003 0.000 0.000 0.004 0.079 0.057 0.004 0.005 0.000 0.009 0.009 0.010 0.000 0.000 0.005 0.010 0.010 0.002 0.005 0.006 0.006 0.004 0.005 0.005 0.003 0.003 0.003 0.002 0.003 0.003 0.002 0.004 0.003 0.000 0.003 0.002 0.002 0.007 0.000 0.007 0.007 0.000 0.000 0.006 0.002 0.003 0.006 0.002 0.003 0.000
0.005 0.006 0.005 0.005 0.000 0.000 0.005 0.010 0.010 0.010 0.063 0.010 0.009 0.010 0.010 0.010 0.010 0.010 0.006 0.000 0.000 0.010 0.008 0.006 0.000 0.007 0.000 0.009 0.000 0.000 0.004 0.010 0.010 0.004 0.004 0.004 0.006 0.005 0.009 0.000 0.005 0.007 0.004 0.007 0.003 0.004 0.003 0.003 0.007 0.003 0.005 0.004 0.007 0.004 0.007 0.004 0.009 0.002 0.001 0.001 0.002 0.002 0.003 0.002 0.004 0.005 0.005 0.004 0.004 0.000 0.004 0.003 0.002 0.008 0.024 0.002 0.000
0.007 0.007 0.003 0.005 0.002 0.006 0.004 0.006 0.008 0.008 0.016 0.007 0.007 0.010 0.010 0.007 0.010 0.010 0.005 0.006 0.006 0.010 0.007 0.005 0.006 0.009 0.006 0.004 0.009 0.010 0.010 0.010 0.005 0.007 0.005 0.010 0.007 0.007 0.010 0.000 0.010 0.010 0.008 0.003 0.002 0.006 0.006 0.005 0.007 0.009 0.010 0.005 0.010 0.010 0.010 0.000 0.000 0.002 0.001 0.001 0.002 0.003 0.005 0.004 0.003 0.000 0.000 0.000 0.000 0.000 0.000 0.000 0.002 0.004 0.000 0.004 0.000
0.006 0.002 0.003 0.002 0.002 0.003 0.002 0.006 0.007 0.000 0.273 0.000 0.007 0.000 0.010 0.000 0.000 0.014 0.000 0.000 0.000 0.000 0.010 0.029 0.028 0.024 0.047 0.000 0.000 0.000 0.000 0.012 0.009 0.010 0.006 0.101 0.009 0.009 0.005 0.000 0.005 0.010 0.004 0.002 0.003 0.002 0.000 0.006 0.010 0.010 0.005 0.002 0.008 0.000 0.000 0.000 0.000 0.003 0.002 0.001 0.002 0.000 0.000 0.002 0.002 0.000 0.002 0.000 0.002 0.003 0.002 0.002 0.003 0.000 0.000 0.006 0.000
0.006 0.002 0.004 0.003 0.006 0.002 0.004 0.006 0.007 0.000 0.319 0.000 0.005 0.000 0.038 0.006 0.006 0.068 0.000 0.000 0.001 0.000 0.011 0.010 0.075 0.063 0.005 0.006 0.006 0.007 0.005 0.003 0.015 0.000 0.000 0.005 0.010 0.006 0.000 0.004 0.004 0.010 0.005 0.003 0.002 0.003 0.000 0.000 0.004 0.004 0.008 0.002 0.002 0.005 0.009 0.000 0.000 0.003 0.002 0.001 0.001 0.000 0.002 0.002 0.002 0.000 0.004 0.008 0.005 0.004 0.002 0.002 0.002 0.006 0.000 0.005 0.000
0.009 0.000 0.000 0.000 0.000 0.002 0.000 0.002 0.000 0.000 0.215 0.000 0.000 0.000 0.005 0.010 0.010 0.007 0.006 0.007 0.002 0.000 0.028 0.098 0.057 0.005 0.008 0.010 0.007 0.004 0.005 0.010 0.000 0.002 0.000 0.007 0.007 0.003 0.000 0.004 0.000 0.000 0.008 0.005 0.002 0.005 0.004 0.000 0.000 0.000 0.004 0.003 0.003 0.004 0.003 0.000 0.000 0.001 0.001 0.002 0.001 0.000 0.002 0.000 0.003 0.004 0.004 0.008 0.000 0.004 0.002 0.003 0.002 0.000 0.005 0.003 0.000
0.004 0.005 0.000 0.000 0.000 0.004 0.000 0.000 0.000 0.000 0.217 0.000 0.000 0.002 0.004 0.004 0.000 0.008 0.000 0.007 0.002 0.003 0.014 0.004 0.003 0.003 0.000 0.000 0.003 0.002 0.002 0.005 0.000 0.000 0.000 0.002 0.009 0.005 0.000 0.000 0.000 0.005 0.008 0.007 0.005 0.007 0.007 0.009 0.003 0.003 0.003 0.003 0.003 0.005 0.000 0.000 0.000 0.001 0.002 0.001 0.001 0.000 0.000 0.000 0.002 0.000 0.002 0.007 0.000 0.000 0.002 0.004 0.002 0.002 0.002 0.004 0.003
0.005 0.005 0.009 0.004 0.008 0.003 0.004 0.003 0.000 0.008 0.009 0.003 0.002 0.002 0.003 0.000 0.000 0.004 0.004 0.004 0.001 0.003 0.014 0.000 0.000 0.004 0.000 0.000 0.002 0.003 0.003 0.002 0.001 0.002 0.000 0.004 0.010 0.007 0.000 0.000 0.000 0.002 0.002 0.004 0.007 0.010 0.008 0.010 0.005 0.004 0.003 0.003 0.000 0.000 0.003 0.003 0.001 0.001 0.001 0.000 0.001 0.000 0.000 0.000 0.003 0.000 0.000 0.000 0.000 0.001 0.002 0.001 0.006 0.005 0.003 0.007 0.000
0.008 0.000 0.000 0.005 0.005 0.004 0.002 0.004 0.005 0.008 0.009 0.006 0.004 0.002 0.000 0.005 0.003 0.004 0.005 0.004 0.000 0.000 0.022 0.000 0.000 0.004 0.000 0.000 0.006 0.010 0.006 0.003 0.002 0.002 0.008 0.003 0.009 0.005 0.000 0.001 0.010 0.010 0.002 0.007 0.010 0.009 0.000 0.000 0.000 0.000 0.000 0.003 0.000 0.000 0.003 0.002 0.001 0.001 0.001 0.000 0.003 0.003 0.001 0.000 0.003 0.006 0.000 0.001 0.000 0.001 0.001 0.002 0.000 0.005 0.004 0.003 0.004
0.004 0.007 0.006 0.008 0.009 0.004 0.003 0.005 0.008 0.009 0.007 0.004 0.005 0.007 0.000 0.000 0.000 0.007 0.010 0.010 0.000 0.000 0.060 0.000 0.000 0.000 0.002 0.002 0.003 0.010 0.005 0.000 0.000 0.004 0.000 0.005 0.010 0.009 0.000 0.000 0.005 0.005 0.000 0.000 0.009 0.010 0.005 0.006 0.004 0.004 0.005 0.004 0.004 0.006 0.005 0.007 0.003 0.003 0.000 0.000 0.002 0.000 0.000 0.005 0.003 0.003 0.002 0.000 0.002 0.002 0.003 0.003 0.002 0.002 0.003 0.000 0.003
0.005 0.003 0.006 0.003 0.003 0.007 0.004 0.004 0.006 0.010 0.009 0.010 0.009 0.010 0.010 0.025 0.006 0.004 0.003 0.004 0.000 0.000 0.016 0.005 0.004 0.004 0.003 0.001 0.002 0.010 0.003 0.003 0.002 0.003 0.000 0.002 0.009 0.007 0.006 0.006 0.013 0.003 0.002 0.003 0.005 0.006 0.000 0.000 0.004 0.003 0.004 0.004 0.000 0.000 0.000 0.000 0.003 0.004 0.002 0.002 0.004 0.003 0.002 0.002 0.005 0.002 0.002 0.002 0.002 0.002 0.000 0.000 0.002 0.008 0.003 0.004 0.003
0.000 0.000 0.007 0.000 0.000 0.000 0.004 0.005 0.006 0.010 0.005 0.010 0.000 0.000 0.000 0.000 0.000 0.004 0.000 0.000 0.000 0.000 0.096 0.005 0.005 0.005 0.003 0.002 0.002 0.004 0.002 0.000 0.002 0.007 0.000 0.007 0.010 0.003 0.000 0.001 0.000 0.000 0.000 0.000 0.000 0.003 0.002 0.000 0.001 0.002 0.002 0.005 0.000 0.000 0.000 0.002 0.002 0.001 0.000 0.000 0.000 0.002 0.001 0.003 0.003 0.000 0.001 0.002 0.000 0.003 0.005 0.002 0.000 0.000 0.000 0.004 0.000
0.003 0.006 0.009 0.006 0.004 0.004 0.005 0.007 0.000 0.013 0.008 0.042 0.008 0.008 0.007 0.008 0.010 0.010 0.006 0.008 0.000 0.000 0.005 0.005 0.004 0.003 0.002 0.002 0.002 0.002 0.002 0.003 0.004 0.007 0.000 0.003 0.028 0.004 0.000 0.003 0.010 0.011 0.000 0.000 0.000 0.004 0.004 0.001 0.002 0.002 0.001 0.000 0.003 0.007 0.001 0.001 0.001 0.001 0.002 0.003 0.002 0.000 0.000 0.000 0.003 0.001 0.001 0.002 0.000 0.002 0.003 0.003 0.000 0.000 0.000 0.000 0.000
0.000 0.009 0.000 0.005 0.006 0.003 0.004 0.005 0.000 0.020 0.007 0.010 0.000 0.000 0.010 0.000 0.000 0.007 0.000 0.000 0.007 0.000 0.007 0.006 0.004 0.004 0.003 0.004 0.004 0.004 0.002 0.003 0.010 0.006 0.009 0.007 0.010 0.004 0.010 0.000 0.006 0.000 0.008 0.000 0.000 0.007 0.003 0.009 0.002 0.002 0.002 0.000 0.010 0.004 0.002 0.002 0.002 0.002 0.002 0.000 0.000 0.000 0.000 0.000 0.002 0.006 0.000 0.000 0.002 0.000 0.002 0.003 0.003 0.003 0.000 0.002 0.002
0.008 0.010 0.005 0.005 0.056 0.010 0.006 0.008 0.007 0.008 0.009 0.025 0.010 0.010 0.009 0.009 0.010 0.007 0.000 0.000 0.008 0.006 0.008 0.007 0.006 0.005 0.005 0.005 0.005 0.005 0.003 0.004 0.006 0.003 0.003 0.003 0.010 0.003 0.004 0.004 0.003 0.003 0.002 0.007 0.003 0.005 0.002 0.000 0.000 0.002 0.010 0.000 0.006 0.006 0.000 0.001 0.002 0.000 0.000 0.002 0.000 0.002 0.006 0.000 0.002 0.000 0.007 0.003 0.000 0.000 0.002 0.000 0.007 0.002 0.000 0.000 0.005
