hx_30m/njhx/rain/result-0035.wd
ncols         211
nrows         286
xllcorner     660279.582600
yllcorner     3541874.325092
cellsize      30.000000
NODATA_value  -9999.000000
[rows 34 to 67 of 286, columns 77 to 153 of 211]
0.000 0.000 0.000 0.000 0.000 0.000 0.000 0.013 0.010 0.010 0.008 0.014 0.008 0.005 0.005 0.008 0.002 0.004 0.003 0.003 0.022 0.008 0.001 0.001 0.000 0.000 0.000 0.006 0.000 0.000 0.006 0.005 0.004 0.009 0.004 0.004 0.010 0.010 0.106 0.000 0.000 0.042 0.059 0.002 0.003 0.007 0.005 0.010 0.004 0.002 0.002 0.009 0.000 0.009 0.007 0.000 0.000 0.000 0.000 0.000 0.000 0.000 0.000 0.000 0.000 0.000 0.000 0.000 0.000 0.000 0.000 0.000 0.000 0.000 0.000 0.000 0.000
0.000 0.000 0.000 0.000 0.000 0.000 0.259 0.010 0.010 0.010 0.010 0.010 0.010 0.010 0.003 0.001 0.001 0.000 0.004 0.000 0.000 0.000 0.001 0.001 0.004 0.006 0.007 0.004 0.007 0.000 0.000 0.000 0.004 0.007 0.007 0.000 0.020 0.006 0.010 0.010 0.000 0.000 0.051 0.041 0.006 0.004 0.000 0.003 0.002 0.000 0.004 0.010 0.010 0.018 0.005 0.009 0.000 0.000 0.000 0.034 0.000 0.000 0.000 0.000 0.000 0.000 0.000 0.000 0.000 0.000 0.000 0.000 0.000 0.000 0.000 0.000 0.000
0.000 0.000 0.000 0.000 0.000 0.000 0.010 0.008 0.010 0.009 0.010 0.010 0.121 0.010 0.002 0.000 0.001 0.001 0.003 0.035 0.000 0.001 0.001 0.005 0.003 0.001 0.004 0.000 0.000 0.004 0.000 0.000 0.004 0.007 0.004 0.000 0.010 0.004 0.009 0.009 0.003 0.000 0.000 0.001 0.000 0.000 0.000 0.000 0.000 0.003 0.003 0.006 0.010 0.008 0.010 0.010 0.010 0.000 0.000 0.000 0.034 0.000 0.000 0.000 0.000 0.000 0.000 0.000 0.000 0.000 0.000 0.000 0.000 0.000 0.000 0.000 0.000
0.000 0.000 0.000 0.000 0.000 0.000 0.010 0.008 0.006 0.010 0.010 0.010 0.010 0.010 0.004 0.000 0.001 0.001 0.000 0.010 0.000 0.002 0.003 0.004 0.006 0.000 0.001 0.004 0.004 0.003 0.000 0.004 0.004 0.009 0.004 0.000 0.009 0.007 0.003 0.010 0.000 0.001 0.000 0.002 0.009 0.010 0.004 0.000 0.224 0.000 0.007 0.008 0.008 0.010 0.010 0.009 0.010 0.000 0.000 0.000 0.000 0.010 0.000 0.000 0.000 0.000 0.000 0.000 0.000 0.000 0.000 0.000 0.000 0.000 0.000 0.000 0.000
0.000 0.000 0.000 0.000 0.000 0.000 0.010 0.008 0.008 0.008 0.010 0.010 0.010 0.010 0.005 0.000 0.001 0.054 0.011 0.010 0.000 0.005 0.001 0.001 0.010 0.003 0.003 0.002 0.010 0.002 0.000 0.000 0.006 0.010 0.004 0.010 0.025 0.005 0.003 0.000 0.000 0.001 0.003 0.000 0.007 0.010 0.003 0.000 0.000 0.003 0.010 0.010 0.010 0.010 0.079 0.010 0.007 0.010 0.000 0.000 0.000 0.055 0.000 0.000 0.000 0.000 0.000 0.000 0.000 0.000 0.000 0.000 0.000 0.000 0.000 0.000 0.000
0.000 0.000 0.000 0.000 0.000 0.000 0.010 0.010 0.005 0.008 0.010 0.103 0.049 0.010 0.026 0.000 0.001 0.000 0.033 0.010 0.001 0.001 0.000 0.001 0.002 0.000 0.001 0.001 0.008 0.000 0.010 0.010 0.007 0.009 0.009 0.002 0.000 0.000 0.000 0.019 0.009 0.000 0.000 0.000 0.007 0.007 0.016 0.004 0.004 0.010 0.010 0.010 0.010 0.066 0.010 0.000 0.013 0.008 0.010 0.000 0.000 0.000 0.032 0.000 0.000 0.000 0.000 0.000 0.000 0.000 0.000 0.000 0.000 0.000 0.000 0.000 0.000
0.000 0.000 0.000 0.000 0.000 0.000 0.010 0.008 0.008 0.006 0.010 0.147 0.010 0.010 0.037 0.009 0.021 0.080 0.002 0.000 0.001 0.002 0.002 0.008 0.003 0.002 0.007 0.002 0.004 0.000 0.000 0.008 0.000 0.005 0.008 0.003 0.000 0.007 0.010 0.010 0.007 0.007 0.010 0.004 0.009 0.016 0.007 0.009 0.007 0.010 0.000 0.010 0.000 0.000 0.000 0.042 0.009 0.008 0.009 0.000 0.000 0.000 0.000 0.010 0.000 0.000 0.000 0.000 0.000 0.000 0.000 0.000 0.000 0.000 0.000 0.000 0.000
0.000 0.000 0.000 0.000 0.000 0.000 0.009 0.010 0.002 0.008 0.010 0.010 0.010 0.010 0.010 0.087 0.019 0.000 0.001 0.002 0.001 0.003 0.000 0.002 0.000 0.001 0.000 0.003 0.002 0.010 0.010 0.000 0.003 0.003 0.007 0.005 0.006 0.109 0.010 0.887 0.009 0.002 0.010 0.007 0.006 0.007 0.000 0.000 0.006 0.008 0.048 0.019 0.010 0.004 0.000 0.010 0.010 0.005 0.006 0.010 0.000 0.000 0.000 0.053 0.000 0.000 0.000 0.000 0.000 0.000 0.000 0.000 0.000 0.000 0.000 0.000 0.000
0.000 0.000 0.000 0.000 0.000 0.000 0.006 0.006 0.005 0.008 0.010 0.010 0.010 0.010 0.010 0.010 0.009 0.001 0.000 0.003 0.000 0.000 0.000 0.001 0.002 0.004 0.007 0.002 0.010 0.002 0.006 0.005 0.008 0.009 0.010 0.006 0.133 0.029 0.020 0.000 0.000 0.019 0.010 0.005 0.000 0.010 0.009 0.000 0.007 0.000 0.000 0.001 0.010 0.002 0.000 0.003 0.004 0.002 0.015 0.007 0.000 0.000 0.000 0.000 0.010 0.000 0.000 0.000 0.000 0.000 0.000 0.000 0.000 0.000 0.000 0.000 0.000
0.000 0.000 0.000 0.000 0.000 0.000 0.010 0.008 0.006 0.058 0.007 0.008 0.008 0.006 0.006 0.006 0.008 0.005 0.004 0.004 0.010 0.003 0.003 0.005 0.006 0.003 0.005 0.005 0.007 0.004 0.001 0.003 0.002 0.003 0.010 0.003 0.003 0.000 0.002 0.003 0.002 0.000 0.008 0.009 0.010 0.010 0.005 0.002 0.000 0.003 0.000 0.000 0.000 0.001 0.002 0.004 0.002 0.000 0.002 0.006 0.010 0.000 0.000 0.000 0.065 0.010 0.000 0.000 0.000 0.000 0.000 0.000 0.000 0.000 0.000 0.000 0.000
0.000 0.000 0.000 0.000 0.000 0.000 0.005 0.008 0.010 0.010 0.004 0.010 0.003 0.008 0.006 0.004 0.008 0.004 0.002 0.005 0.008 0.005 0.002 0.003 0.004 0.002 0.000 0.000 0.001 0.001 0.001 0.000 0.000 0.004 0.006 0.005 0.005 0.000 0.000 0.001 0.001 0.010 0.021 0.007 0.000 0.010 0.006 0.002 0.001 0.005 0.003 0.005 0.002 0.001 0.000 0.002 0.005 0.003 0.003 0.004 0.007 0.000 0.000 0.000 0.000 0.032 0.000 0.000 0.000 0.000 0.000 0.000 0.000 0.000 0.000 0.000 0.000
0.000 0.000 0.000 0.000 0.000 0.010 0.010 0.010 0.007 0.010 0.010 0.010 0.008 0.002 0.003 0.006 0.008 0.007 0.002 0.002 0.002 0.002 0.000 0.000 0.000 0.004 0.000 0.001 0.001 0.001 0.000 0.001 0.000 0.002 0.004 0.008 0.003 0.000 0.000 0.000 0.001 0.001 0.253 0.005 0.003 0.005 0.003 0.000 0.004 0.000 0.008 0.005 0.007 0.003 0.003 0.002 0.003 0.000 0.000 0.006 0.006 0.008 0.000 0.000 0.000 0.000 0.022 0.000 0.000 0.000 0.000 0.000 0.000 0.000 0.000 0.000 0.000
0.000 0.000 0.000 0.000 0.000 0.010 0.010 0.010 0.007 0.010 0.004 0.018 0.003 0.006 0.004 0.002 0.003 0.005 0.000 0.002 0.002 0.001 0.009 0.010 0.007 0.009 0.004 0.000 0.000 0.000 0.001 0.000 0.002 0.001 0.007 0.005 0.003 0.002 0.002 0.001 0.000 0.001 0.000 0.005 0.000 0.002 0.002 0.002 0.004 0.004 0.014 0.010 0.004 0.000 0.000 0.002 0.002 0.001 0.002 0.002 0.003 0.006 0.037 0.000 0.000 0.000 0.000 0.010 0.000 0.000 0.000 0.000 0.000 0.000 0.000 0.000 0.000
0.000 0.000 0.000 0.000 0.000 0.010 0.010 0.010 0.004 0.006 0.005 0.004 0.010 0.003 0.002 0.002 0.002 0.000 0.004 0.009 0.008 0.006 0.008 0.010 0.010 0.010 0.005 0.001 0.001 0.000 0.001 0.000 0.001 0.001 0.003 0.006 0.003 0.002 0.000 0.000 0.001 0.001 0.000 0.012 0.000 0.003 0.001 0.000 0.002 0.008 0.008 0.006 0.002 0.000 0.000 0.001 0.003 0.003 0.002 0.004 0.010 0.007 0.010 0.000 0.000 0.000 0.000 0.046 0.000 0.000 0.000 0.000 0.000 0.000 0.000 0.000 0.000
0.000 0.000 0.000 0.000 0.000 0.080 0.010 0.010 0.005 0.006 0.004 0.010 0.002 0.002 0.002 0.003 0.003 0.010 0.051 0.006 0.000 0.001 0.001 0.003 0.006 0.008 0.004 0.001 0.000 0.000 0.000 0.000 0.001 0.002 0.001 0.008 0.008 0.002 0.000 0.000 0.001 0.002 0.002 0.006 0.004 0.003 0.004 0.002 0.002 0.002 0.001 0.001 0.028 0.003 0.002 0.000 0.000 0.002 0.001 0.000 0.010 0.056 0.000 0.000 0.000 0.000 0.000 0.000 0.010 0.000 0.000 0.000 0.000 0.000 0.000 0.000 0.000
0.000 0.000 0.000 0.000 0.000 0.010 0.010 0.010 0.010 0.010 0.004 0.010 0.004 0.002 0.001 0.003 0.005 0.005 0.002 0.005 0.002 0.002 0.006 0.010 0.010 0.010 0.005 0.001 0.001 0.000 0.000 0.001 0.000 0.008 0.000 0.003 0.010 0.003 0.002 0.003 0.000 0.005 0.008 0.008 0.004 0.000 0.001 0.001 0.001 0.000 0.000 0.005 0.010 0.009 0.010 0.000 0.000 0.006 0.007 0.000 0.092 0.010 0.010 0.010 0.000 0.000 0.000 0.000 0.010 0.000 0.000 0.000 0.000 0.000 0.000 0.000 0.000
0.000 0.000 0.000 0.000 0.000 0.162 0.009 0.010 0.006 0.010 0.007 0.008 0.003 0.002 0.004 0.003 0.003 0.004 0.010 0.010 0.000 0.010 0.010 0.163 0.010 0.010 0.006 0.000 0.003 0.001 0.000 0.001 0.000 0.003 0.008 0.002 0.006 0.007 0.000 0.000 0.006 0.000 0.008 0.010 0.004 0.001 0.000 0.002 0.002 0.001 0.000 0.000 0.010 0.010 0.000 0.054 0.010 0.010 0.004 0.005 0.002 0.010 0.118 0.008 0.000 0.000 0.000 0.000 0.010 0.000 0.000 0.000 0.000 0.000 0.000 0.000 0.000
0.000 0.000 0.000 0.000 0.000 0.000 0.050 0.008 0.006 0.006 0.006 0.000 0.002 0.002 0.002 0.002 0.002 0.012 0.000 0.010 0.000 0.010 0.043 0.010 0.000 0.010 0.006 0.000 0.000 0.001 0.001 0.002 0.002 0.004 0.004 0.003 0.005 0.002 0.008 0.000 0.004 0.002 0.008 0.264 0.005 0.005 0.000 0.001 0.003 0.000 0.000 0.805 0.511 0.023 0.003 0.003 0.000 0.017 0.000 0.003 0.004 0.010 0.003 0.004 0.010 0.000 0.000 0.000 0.010 0.010 0.000 0.000 0.000 0.000 0.000 0.000 0.000
0.000 0.000 0.000 0.000 0.000 0.000 0.013 0.005 0.010 0.006 0.003 0.008 0.005 0.001 0.002 0.004 0.005 0.000 0.010 0.173 0.108 0.149 0.108 0.010 0.000 0.010 0.008 0.010 0.000 0.003 0.005 0.003 0.007 0.010 0.010 0.002 0.011 0.005 0.004 0.000 0.000 0.005 0.000 0.000 0.004 0.000 0.050 0.008 0.006 0.003 0.006 0.000 0.000 0.036 0.006 0.006 0.003 0.000 0.000 0.000 0.002 0.000 0.004 0.049 0.008 0.000 0.000 0.000 0.131 0.010 0.000 0.000 0.000 0.000 0.000 0.000 0.000
0.000 0.000 0.000 0.000 0.000 0.000 0.010 0.006 0.008 0.005 0.003 0.002 0.001 0.003 0.004 0.000 0.010 0.010 0.010 0.010 0.010 0.010 0.010 0.121 0.010 0.010 0.008 0.006 0.007 0.003 0.008 0.010 0.010 0.010 0.100 0.004 0.003 0.008 0.003 0.000 0.000 0.006 0.003 0.010 0.010 0.010 0.010 0.010 0.001 0.010 0.001 0.001 0.000 0.038 0.010 0.010 0.007 0.002 0.002 0.000 0.002 0.001 0.001 0.005 0.006 0.031 0.000 0.000 0.000 0.010 0.000 0.000 0.000 0.000 0.000 0.000 0.000
0.000 0.000 0.000 0.000 0.000 0.000 0.080 0.005 0.008 0.010 0.004 0.001 0.002 0.000 0.008 0.010 0.080 0.010 0.010 0.010 0.010 0.010 0.010 0.034 0.010 0.010 0.008 0.004 0.008 0.008 0.008 0.008 0.010 0.010 0.010 0.020 0.004 0.008 0.006 0.004 0.002 0.004 0.000 0.088 0.010 0.000 0.003 0.010 0.000 0.074 0.015 0.021 0.116 0.107 0.009 0.002 0.006 0.005 0.001 0.001 0.000 0.003 0.005 0.000 0.004 0.010 0.000 0.000 0.000 0.010 0.000 0.000 0.000 0.000 0.000 0.000 0.000
0.000 0.000 0.000 0.000 0.000 0.000 0.010 0.006 0.008 0.005 0.007 0.000 0.010 0.010 0.010 0.130 0.076 0.010 0.010 0.010 0.027 0.096 0.044 0.010 0.010 0.010 0.010 0.003 0.000 0.000 0.000 0.000 0.000 0.000 0.000 0.006 0.002 0.010 0.008 0.000 0.005 0.010 0.010 0.053 0.006 0.004 0.002 0.000 0.000 0.010 0.000 0.133 0.268 0.200 0.010 0.000 0.000 0.001 0.001 0.002 0.001 0.000 0.006 0.000 0.010 0.010 0.000 0.000 0.000 0.072 0.000 0.000 0.000 0.000 0.000 0.000 0.000
0.000 0.000 0.000 0.000 0.000 0.000 0.010 0.008 0.008 0.003 0.008 0.010 0.010 0.010 0.010 0.082 0.010 0.010 0.053 0.028 0.010 0.010 0.010 0.010 0.125 0.010 0.010 0.005 0.010 0.006 0.003 0.001 0.000 0.052 0.000 0.010 0.002 0.008 0.009 0.000 0.008 0.009 0.005 0.010 0.152 0.006 0.000 0.000 0.002 0.010 0.000 0.213 0.000 0.005 0.018 0.000 0.003 0.000 0.002 0.002 0.000 0.000 0.010 0.010 0.005 0.008 0.036 0.000 0.000 0.000 0.010 0.000 0.000 0.000 0.000 0.000 0.000
0.000 0.000 0.000 0.000 0.000 0.000 0.010 0.008 0.010 0.007 0.067 0.000 0.048 0.050 0.010 0.010 0.010 0.010 0.140 0.010 0.010 0.010 0.115 0.010 0.008 0.007 0.008 0.006 0.000 0.006 0.003 0.003 0.002 0.016 0.000 0.000 0.433 0.010 0.010 0.000 0.008 0.010 0.006 0.008 0.000 0.004 0.000 0.001 0.002 0.002 0.001 0.000 0.000 0.000 0.005 0.002 0.001 0.000 0.003 0.001 0.005 0.006 0.001 0.001 0.002 0.005 0.010 0.000 0.000 0.000 0.010 0.000 0.000 0.000 0.000 0.000 0.000
0.000 0.000 0.000 0.000 0.000 0.000 0.010 0.008 0.010 0.007 0.010 0.000 0.153 0.044 0.010 0.010 0.010 0.010 0.010 0.010 0.010 0.010 0.000 0.008 0.000 0.095 0.006 0.005 0.000 0.008 0.005 0.004 0.002 0.000 0.000 0.000 0.029 0.011 0.002 0.008 0.007 0.031 0.006 0.008 0.000 0.004 0.000 0.001 0.004 0.003 0.002 0.001 0.000 0.000 0.005 0.008 0.003 0.010 0.000 0.002 0.008 0.002 0.000 0.002 0.003 0.004 0.010 0.000 0.000 0.000 0.074 0.000 0.000 0.000 0.000 0.000 0.000
0.000 0.000 0.000 0.000 0.000 0.000 0.057 0.006 0.010 0.007 0.006 0.010 0.010 0.010 0.114 0.135 0.010 0.010 0.010 0.010 0.010 0.008 0.010 0.000 0.000 0.010 0.006 0.002 0.009 0.010 0.004 0.005 0.005 0.002 0.000 0.000 0.010 0.010 0.004 0.006 0.006 0.000 0.000 0.000 0.392 0.006 0.000 0.000 0.005 0.006 0.006 0.003 0.005 0.005 0.004 0.002 0.003 0.003 0.003 0.002 0.004 0.004 0.009 0.002 0.002 0.004 0.010 0.000 0.000 0.000 0.010 0.000 0.000 0.000 0.000 0.000 0.000
0.000 0.000 0.000 0.000 0.000 0.000 0.000 0.008 0.010 0.007 0.002 0.006 0.010 0.010 0.010 0.010 0.071 0.119 0.190 0.019 0.007 0.000 0.009 0.007 0.005 0.005 0.006 0.005 0.010 0.010 0.010 0.010 0.000 0.010 0.004 0.000 0.067 0.010 0.005 0.003 0.003 0.002 0.000 0.000 0.014 0.004 0.010 0.056 0.129 0.000 0.000 0.003 0.000 0.002 0.001 0.000 0.000 0.001 0.006 0.003 0.005 0.002 0.000 0.006 0.008 0.004 0.010 0.000 0.000 0.000 0.010 0.000 0.000 0.000 0.000 0.000 0.000
0.000 0.000 0.000 0.000 0.000 0.000 0.028 0.010 0.010 0.007 0.002 0.006 0.000 0.010 0.010 0.010 0.094 0.010 0.006 0.006 0.004 0.010 0.069 0.010 0.141 0.010 0.033 0.010 0.171 0.160 0.104 0.010 0.010 0.010 0.002 0.004 0.002 0.024 0.002 0.000 0.002 0.000 0.000 0.002 0.002 0.067 0.010 0.173 0.080 0.000 0.000 0.006 0.002 0.002 0.002 0.001 0.002 0.002 0.000 0.001 0.002 0.001 0.000 0.000 0.000 0.005 0.008 0.045 0.000 0.000 0.059 0.000 0.000 0.000 0.000 0.000 0.000
0.000 0.000 0.000 0.000 0.000 0.000 0.010 0.014 0.010 0.007 0.068 0.010 0.000 0.010 0.010 0.089 0.008 0.000 0.008 0.004 0.000 0.000 0.000 0.010 0.022 0.010 0.010 0.005 0.126 0.125 0.010 0.010 0.010 0.009 0.000 0.000 0.000 0.010 0.010 0.010 0.005 0.000 0.005 0.002 0.049 0.006 0.003 0.098 0.029 0.000 0.000 0.008 0.010 0.010 0.034 0.010 0.008 0.002 0.003 0.003 0.001 0.002 0.000 0.001 0.003 0.010 0.010 0.010 0.000 0.000 0.000 0.010 0.000 0.000 0.000 0.000 0.000
0.000 0.000 0.000 0.000 0.000 0.000 0.010 0.007 0.010 0.007 0.008 0.021 0.010 0.186 0.010 0.010 0.006 0.004 0.006 0.000 0.000 0.000 0.000 0.000 0.000 0.010 0.010 0.006 0.000 0.143 0.010 0.010 0.010 0.007 0.003 0.007 0.001 0.008 0.010 0.010 0.010 0.011 0.000 0.003 0.002 0.000 0.002 0.000 0.095 0.010 0.010 0.003 0.010 0.000 0.010 0.010 0.029 0.010 0.002 0.000 0.002 0.002 0.000 0.000 0.003 0.010 0.005 0.010 0.000 0.000 0.000 0.046 0.000 0.000 0.000 0.000 0.000
0.000 0.000 0.000 0.000 0.000 0.000 0.010 0.006 0.010 0.007 0.010 0.006 0.076 0.010 0.000 0.006 0.005 0.004 0.000 0.000 0.006 0.008 0.064 0.000 0.000 0.000 0.000 0.005 0.000 0.000 0.000 0.000 0.000 0.000 0.003 0.000 0.003 0.009 0.010 0.010 0.000 0.004 0.000 0.000 0.010 0.004 0.007 0.010 0.010 0.009 0.000 0.003 0.010 0.000 0.010 0.010 0.071 0.010 0.007 0.002 0.002 0.002 0.007 0.010 0.006 0.010 0.006 0.010 0.000 0.000 0.000 0.000 0.000 0.000 0.000 0.000 0.000
0.000 0.000 0.000 0.000 0.000 0.000 0.062 0.007 0.010 0.008 0.022 0.000 0.000 0.000 0.005 0.005 0.003 0.000 0.004 0.003 0.010 0.000 0.010 0.010 0.010 0.000 0.000 0.009 0.000 0.000 0.000 0.000 0.000 0.000 0.007 0.010 0.009 0.010 0.010 0.010 0.010 0.003 0.001 0.006 0.010 0.012 0.010 0.000 0.006 0.005 0.010 0.004 0.003 0.003 0.010 0.010 0.006 0.004 0.002 0.006 0.008 0.001 0.006 0.010 0.010 0.006 0.003 0.010 0.000 0.000 0.000 0.000 0.000 0.000 0.000 0.000 0.000
0.000 0.000 0.000 0.000 0.000 0.000 0.010 0.007 0.010 0.008 0.000 0.000 0.004 0.000 0.005 0.000 0.004 0.009 0.082 0.022 0.010 0.010 0.010 0.049 0.024 0.010 0.010 0.004 0.000 0.000 0.056 0.010 0.000 0.000 0.000 0.009 0.010 0.010 0.011 0.003 0.008 0.002 0.005 0.004 0.005 0.004 0.010 0.003 0.002 0.003 0.005 0.003 0.002 0.004 0.004 0.003 0.005 0.006 0.006 0.010 0.010 0.002 0.008 0.006 0.006 0.006 0.004 0.010 0.000 0.000 0.000 0.010 0.000 0.000 0.000 0.000 0.000
0.000 0.000 0.000 0.000 0.000 0.000 0.010 0.008 0.010 0.008 0.006 0.002 0.000 0.003 0.009 0.005 0.000 0.010 0.010 0.000 0.000 0.103 0.151 0.099 0.024 0.010 0.010 0.007 0.000 0.000 0.000 0.000 0.009 0.007 0.003 0.004 0.003 0.009 0.261 0.005 0.047 0.008 0.004 0.006 0.007 0.010 0.010 0.003 0.010 0.004 0.004 0.003 0.003 0.007 0.005 0.006 0.010 0.009 0.008 0.004 0.008 0.002 0.000 0.002 0.004 0.003 0.006 0.010 0.000 0.000 0.000 0.077 0.000 0.000 0.000 0.000 0.000
