hx_30m/njhx/rain/result-0079.wd
ncols         211
nrows         286
xllcorner     660279.582600
yllcorner     3541874.325092
cellsize      30.000000
NODATA_value  -9999.000000
[rows 170 to 203 of 286, columns 0 to 76 of 211]
0.000 0.000 0.000 0.000 0.000 0.000 0.000 0.000 0.000 0.000 0.000 0.000 0.000 0.000 0.000 0.000 0.000 0.000 0.000 0.000 0.000 0.000 0.000 0.000 0.000 0.000 0.000 0.000 0.000 0.000 0.000 0.000 0.000 0.209 0.010 0.010 0.010 0.010 0.010 0.010 0.010 0.010 0.283 0.010 0.001 0.001 0.001 0.001 0.000 0.010 0.010 0.103 0.001 0.001 0.000 0.000 0.000 0.010 0.000 0.010 0.001 0.000 0.003 0.001 0.068 0.010 0.010 0.001 0.010 0.010 0.003 0.001 0.000 0.001 0.001 0.000 0.000
0.000 0.000 0.000 0.000 0.000 0.000 0.000 0.000 0.000 0.000 0.000 0.000 0.000 0.000 0.000 0.000 0.000 0.000 0.000 0.000 0.000 0.000 0.000 0.000 0.000 0.000 0.000 0.000 0.000 0.000 0.000 0.000 0.000 0.010 0.010 0.010 0.010 0.010 0.010 0.010 0.010 0.010 0.010 0.010 0.001 0.010 0.010 0.010 0.197 0.381 0.000 0.010 0.000 0.000 0.000 0.000 0.000 0.003 0.000 0.010 0.010 0.000 0.001 0.119 0.010 0.010 0.010 0.424 0.534 0.010 0.006 0.001 0.001 0.001 0.001 0.001 0.010
0.000 0.000 0.000 0.000 0.000 0.000 0.000 0.000 0.000 0.000 0.000 0.000 0.000 0.000 0.000 0.000 0.000 0.000 0.000 0.000 0.000 0.000 0.000 0.000 0.000 0.000 0.000 0.000 0.000 0.000 0.000 0.000 0.145 0.010 0.010 0.010 0.010 0.010 0.010 0.010 0.043 0.000 0.010 0.010 0.000 0.010 0.001 0.309 0.271 0.010 0.001 0.000 0.003 0.000 0.000 0.010 0.010 0.010 0.010 0.010 0.003 0.000 0.000 0.010 0.010 0.010 0.525 0.494 0.527 0.119 0.045 0.010 0.001 0.027 0.118 0.112 0.010
0.000 0.000 0.000 0.000 0.000 0.000 0.000 0.000 0.000 0.000 0.000 0.000 0.000 0.000 0.000 0.000 0.000 0.000 0.000 0.000 0.000 0.000 0.000 0.000 0.000 0.000 0.000 0.000 0.000 0.000 0.000 0.000 0.010 0.010 0.010 0.010 0.010 0.010 0.010 0.065 0.000 0.059 0.010 0.001 0.001 0.010 0.021 0.370 0.390 0.010 0.001 0.000 0.000 0.000 0.000 0.000 0.000 0.022 0.000 0.010 0.000 0.000 0.010 0.010 0.010 0.000 0.562 0.489 0.428 0.010 0.192 0.076 0.010 0.010 0.015 0.262 0.010
0.000 0.000 0.000 0.000 0.000 0.000 0.000 0.000 0.000 0.000 0.000 0.000 0.000 0.000 0.000 0.000 0.000 0.000 0.000 0.000 0.000 0.000 0.000 0.000 0.000 0.000 0.000 0.000 0.000 0.000 0.000 0.000 0.010 0.009 0.010 0.111 0.010 0.010 0.139 0.010 0.010 0.010 0.010 0.002 0.010 0.001 0.001 0.116 0.010 0.000 0.002 0.010 0.010 0.062 0.212 0.000 0.000 0.000 0.001 0.001 0.001 0.001 0.010 0.320 0.000 0.247 0.490 0.396 0.010 0.010 0.010 0.086 0.029 0.047 0.212 0.063 0.010
0.000 0.000 0.000 0.000 0.000 0.000 0.000 0.000 0.000 0.000 0.000 0.000 0.000 0.000 0.000 0.000 0.000 0.000 0.000 0.000 0.000 0.000 0.027 0.000 0.000 0.000 0.000 0.000 0.000 0.000 0.000 0.069 0.009 0.010 0.010 0.010 0.010 0.010 0.010 0.010 0.010 0.082 0.001 0.000 0.010 0.001 0.002 0.010 0.010 0.000 0.010 0.014 0.000 0.010 0.151 0.181 0.000 0.001 0.000 0.000 0.000 0.010 0.010 0.000 0.196 0.074 0.212 0.389 0.010 0.010 0.010 0.154 0.010 0.010 0.000 0.010 0.000
0.000 0.000 0.000 0.000 0.000 0.000 0.000 0.000 0.000 0.000 0.000 0.000 0.000 0.000 0.000 0.000 0.000 0.000 0.000 0.000 0.000 0.000 0.000 0.000 0.000 0.000 0.000 0.000 0.000 0.000 0.000 0.010 0.010 0.083 0.010 0.010 0.010 0.039 0.094 0.010 0.010 0.010 0.001 0.002 0.001 0.001 0.002 0.010 0.001 0.010 0.000 0.072 0.000 0.010 0.027 0.199 0.010 0.010 0.004 0.000 0.010 0.010 0.010 0.119 0.010 0.010 0.010 0.010 0.010 0.010 0.010 0.010 0.000 0.010 0.085 0.010 0.031
0.000 0.000 0.000 0.000 0.000 0.000 0.000 0.000 0.000 0.000 0.000 0.000 0.000 0.000 0.000 0.000 0.000 0.000 0.000 0.000 0.000 0.000 0.000 0.000 0.000 0.000 0.000 0.000 0.000 0.000 0.184 0.010 0.010 0.010 0.010 0.010 0.010 0.010 0.000 0.010 0.010 0.004 0.001 0.010 0.001 0.010 0.001 0.010 0.000 0.027 0.018 0.010 0.010 0.258 0.128 0.010 0.010 0.010 0.010 0.000 0.010 0.211 0.010 0.010 0.010 0.010 0.010 0.010 0.000 0.010 0.010 0.010 0.000 0.010 0.010 0.010 0.010
0.000 0.000 0.000 0.000 0.000 0.000 0.000 0.000 0.000 0.000 0.000 0.000 0.000 0.000 0.000 0.000 0.000 0.000 0.000 0.000 0.000 0.000 0.000 0.000 0.000 0.000 0.000 0.000 0.000 0.000 0.010 0.010 0.010 0.010 0.010 0.010 0.010 0.010 0.010 0.010 0.010 0.001 0.001 0.002 0.001 0.002 0.001 0.010 0.001 0.001 0.001 0.010 0.010 0.013 0.010 0.010 0.010 0.010 0.010 0.010 0.010 0.010 0.225 0.010 0.010 0.099 0.010 0.010 0.000 0.078 0.043 0.010 0.010 0.010 0.010 0.010 0.010
0.000 0.000 0.000 0.000 0.000 0.000 0.000 0.000 0.000 0.000 0.000 0.000 0.000 0.000 0.000 0.000 0.000 0.000 0.000 0.000 0.000 0.000 0.000 0.000 0.000 0.000 0.000 0.000 0.132 0.010 0.010 0.010 0.010 0.118 0.010 0.010 0.010 0.010 0.253 0.010 0.010 0.001 0.010 0.001 0.010 0.002 0.001 0.000 0.010 0.276 0.001 0.010 0.010 0.010 0.010 0.010 0.010 0.027 0.010 0.010 0.010 0.010 0.010 0.010 0.010 0.025 0.000 0.035 0.052 0.010 0.010 0.010 0.010 0.010 0.010 0.010 0.010
0.000 0.000 0.000 0.000 0.000 0.000 0.000 0.000 0.000 0.000 0.000 0.000 0.000 0.000 0.000 0.000 0.000 0.000 0.000 0.000 0.000 0.000 0.000 0.000 0.000 0.000 0.000 0.000 0.000 0.010 0.010 0.010 0.103 0.010 0.135 0.010 0.096 0.010 0.000 0.010 0.010 0.001 0.010 0.001 0.002 0.002 0.001 0.002 0.010 0.010 0.101 0.010 0.010 0.013 0.010 0.010 0.010 0.058 0.010 0.010 0.010 0.010 0.010 0.010 0.010 0.010 0.010 0.078 0.122 0.096 0.010 0.010 0.010 0.010 0.010 0.010 0.010
0.000 0.000 0.000 0.000 0.000 0.000 0.000 0.000 0.000 0.000 0.000 0.000 0.000 0.000 0.000 0.000 0.000 0.000 0.000 0.000 0.000 0.000 0.000 0.000 0.000 0.000 0.000 0.000 0.000 0.107 0.010 0.010 0.010 0.001 0.002 0.010 0.010 0.010 0.000 0.010 0.001 0.001 0.010 0.001 0.000 0.052 0.001 0.001 0.010 0.010 0.010 0.010 0.011 0.012 0.010 0.010 0.010 0.010 0.010 0.010 0.010 0.010 0.010 0.010 0.010 0.010 0.010 0.010 0.010 0.010 0.010 0.000 0.003 0.001 0.001 0.003 0.010
0.000 0.000 0.000 0.000 0.000 0.000 0.000 0.000 0.000 0.000 0.000 0.000 0.000 0.000 0.000 0.000 0.000 0.050 0.000 0.000 0.000 0.000 0.000 0.000 0.000 0.000 0.000 0.000 0.000 0.010 0.010 1.278 0.010 0.000 0.010 0.010 0.001 0.010 0.000 0.102 0.000 0.010 0.010 0.002 0.002 0.001 0.001 0.001 0.010 0.010 0.010 0.010 0.163 0.814 0.010 0.010 0.170 0.010 0.010 0.010 0.010 0.010 0.010 0.010 0.010 0.010 0.010 0.010 0.010 0.010 0.010 0.000 0.000 0.001 0.000 0.001 0.000
0.000 0.000 0.000 0.000 0.000 0.000 0.000 0.000 0.000 0.000 0.000 0.000 0.000 0.000 0.000 0.000 0.000 0.010 0.000 0.000 0.000 0.000 0.000 0.000 0.000 0.000 0.000 0.000 0.063 0.010 0.010 0.010 0.000 0.003 0.010 0.010 0.001 0.010 0.115 0.010 0.000 0.001 0.001 0.010 0.004 0.002 0.001 0.001 0.001 0.001 0.010 0.010 0.010 0.048 0.010 0.010 0.010 0.010 0.010 0.010 0.045 0.010 0.010 0.010 0.010 0.010 0.045 0.010 0.010 0.010 0.001 0.000 0.000 0.003 0.000 0.000 0.010
0.000 0.000 0.000 0.000 0.000 0.000 0.000 0.000 0.000 0.000 0.000 0.000 0.000 0.000 0.000 0.000 0.000 0.000 0.000 0.000 0.000 0.000 0.000 0.000 0.000 0.000 0.000 0.072 0.010 0.003 0.001 0.000 0.005 0.010 0.010 0.003 0.001 0.010 0.010 0.010 0.000 0.039 0.001 0.001 0.001 0.000 0.000 0.001 0.002 0.002 0.001 0.010 0.010 0.010 0.010 0.010 0.010 0.010 0.010 0.010 0.010 0.010 0.010 0.010 0.010 0.016 0.134 0.059 0.010 0.034 0.000 0.001 0.000 0.001 0.001 0.003 0.001
0.000 0.000 0.000 0.000 0.000 0.000 0.000 0.000 0.000 0.000 0.000 0.000 0.000 0.000 0.000 0.000 0.000 0.000 0.000 0.000 0.000 0.000 0.000 0.000 0.000 0.000 0.065 0.010 0.003 0.003 0.081 0.003 0.010 0.010 0.003 0.010 0.289 0.010 0.051 0.002 0.001 0.010 0.001 0.001 0.001 0.010 0.010 0.004 0.000 0.001 0.010 0.001 0.001 0.010 0.010 0.010 0.010 0.010 0.010 0.028 0.010 0.010 0.010 0.010 0.001 0.002 0.019 0.058 0.010 0.001 0.000 0.000 0.000 0.000 0.000 0.000 0.001
0.000 0.000 0.000 0.000 0.000 0.000 0.000 0.000 0.000 0.000 0.000 0.000 0.000 0.000 0.000 0.000 0.058 0.000 0.000 0.000 0.000 0.000 0.000 0.000 0.000 0.149 0.010 0.001 0.001 0.010 0.001 0.010 0.010 0.010 0.010 0.000 0.010 0.010 0.002 0.000 0.002 0.010 0.004 0.001 0.010 0.052 0.000 0.010 0.000 0.001 0.000 0.001 0.002 0.001 0.000 0.001 0.010 0.010 0.005 0.095 0.010 0.010 0.010 0.005 0.001 0.000 0.001 0.000 0.001 0.000 0.000 0.009 0.003 0.001 0.033 0.010 0.001
0.000 0.000 0.000 0.000 0.000 0.000 0.000 0.000 0.000 0.000 0.000 0.000 0.000 0.000 0.000 0.000 0.010 0.000 0.000 0.000 0.000 0.000 0.000 0.000 0.000 0.010 0.010 0.000 0.014 0.010 0.010 0.003 0.010 0.010 0.010 0.275 0.010 0.010 0.003 0.001 0.010 0.001 0.002 0.001 0.049 0.010 0.082 0.010 0.000 0.045 0.002 0.000 0.000 0.001 0.003 0.000 0.000 0.003 0.010 0.010 0.159 0.010 0.010 0.001 0.001 0.001 0.001 0.003 0.000 0.001 0.001 0.001 0.001 0.001 0.001 0.003 0.001
0.000 0.000 0.000 0.000 0.000 0.000 0.000 0.000 0.000 0.000 0.000 0.000 0.000 0.000 0.000 0.000 0.000 0.000 0.000 0.000 0.000 0.000 0.000 0.000 0.000 0.010 0.001 0.000 0.010 0.010 0.000 0.010 0.010 0.001 0.000 0.010 0.010 0.010 0.010 0.019 0.003 0.001 0.002 0.056 0.010 0.010 0.010 0.010 0.010 0.010 0.010 0.000 0.003 0.001 0.000 0.000 0.001 0.000 0.001 0.001 0.003 0.010 0.044 0.000 0.000 0.001 0.003 0.010 0.003 0.001 0.003 0.003 0.002 0.001 0.001 0.001 0.001
0.000 0.000 0.000 0.000 0.000 0.000 0.000 0.000 0.000 0.000 0.000 0.000 0.000 0.000 0.000 0.000 0.000 0.000 0.000 0.000 0.000 0.000 0.000 0.000 0.041 0.000 0.183 0.055 0.010 0.010 0.003 0.010 0.010 0.000 0.000 0.031 0.010 0.010 0.000 0.003 0.003 0.001 0.000 0.010 0.010 0.010 0.010 0.010 0.010 0.010 0.010 0.010 0.010 0.003 0.010 0.004 0.001 0.000 0.001 0.001 0.001 0.001 0.001 0.001 0.000 0.001 0.001 0.001 0.003 0.003 0.003 0.004 0.003 0.000 0.003 0.001 0.001
0.000 0.000 0.000 0.000 0.000 0.000 0.000 0.000 0.000 0.000 0.000 0.000 0.000 0.000 0.037 0.000 0.000 0.000 0.000 0.000 0.000 0.000 0.000 0.000 0.000 0.000 0.182 0.023 0.010 0.000 0.010 0.010 0.001 0.010 0.154 0.010 0.010 0.010 0.001 0.010 0.000 0.003 0.004 0.010 0.010 0.010 0.141 0.010 0.010 0.261 0.010 0.010 0.010 0.005 0.010 0.010 0.001 0.001 0.003 0.000 0.000 0.001 0.001 0.000 0.000 0.000 0.000 0.001 0.003 0.003 0.004 0.001 0.010 0.002 0.000 0.001 0.000
0.000 0.000 0.000 0.000 0.000 0.000 0.000 0.000 0.000 0.000 0.000 0.000 0.000 0.000 0.000 0.000 0.000 0.000 0.000 0.000 0.000 0.000 0.000 0.145 0.010 0.001 0.010 0.010 0.003 0.010 0.010 0.001 0.003 0.010 0.044 0.000 0.003 0.001 0.000 0.010 0.001 0.003 0.010 0.010 0.010 0.180 0.010 0.010 0.010 0.010 0.189 0.010 0.010 0.010 0.010 0.010 0.003 0.001 0.000 0.001 0.001 0.000 0.004 0.000 0.000 0.001 0.001 0.000 0.001 0.000 0.000 0.001 0.003 0.131 0.010 0.000 0.001
0.000 0.000 0.000 0.000 0.000 0.000 0.000 0.000 0.000 0.000 0.000 0.000 0.000 0.000 0.000 0.000 0.000 0.000 0.000 0.000 0.000 0.000 0.000 0.010 0.010 0.001 0.003 0.010 0.003 0.010 0.010 0.010 0.003 0.010 0.626 0.000 0.001 0.001 0.001 0.003 0.000 0.000 0.001 0.010 0.010 0.010 0.081 0.010 0.010 0.010 0.010 0.010 0.010 0.010 0.010 0.001 0.000 0.001 0.010 0.000 0.001 0.000 0.000 0.000 0.001 0.000 0.000 0.000 0.000 0.000 0.001 0.001 0.001 0.001 0.000 0.003 0.000
0.000 0.000 0.000 0.000 0.000 0.000 0.000 0.000 0.000 0.000 0.000 0.000 0.000 0.000 0.000 0.000 0.000 0.000 0.000 0.000 0.000 0.122 0.010 0.010 0.010 0.010 0.000 0.010 0.010 0.010 0.010 0.001 0.010 0.010 0.010 0.000 0.001 0.001 0.003 0.001 0.000 0.010 0.001 0.000 0.000 0.000 0.010 0.010 0.010 0.010 0.153 0.010 0.010 0.010 0.010 0.001 0.001 0.001 0.003 0.000 0.001 0.001 0.001 0.000 0.000 0.001 0.000 0.000 0.001 0.002 0.000 0.001 0.001 0.001 0.001 0.001 0.001
0.000 0.000 0.000 0.000 0.000 0.000 0.000 0.000 0.000 0.000 0.000 0.000 0.000 0.000 0.000 0.000 0.000 0.000 0.000 0.000 0.000 0.068 0.010 0.010 0.010 0.003 0.004 0.001 0.003 0.010 0.000 0.010 0.141 0.000 0.010 0.010 0.003 0.000 0.010 0.000 0.003 0.010 0.010 0.097 0.001 0.004 0.001 0.001 0.003 0.010 0.010 0.010 0.010 0.010 0.001 0.001 0.000 0.001 0.010 0.000 0.001 0.001 0.000 0.000 0.003 0.010 0.010 0.000 0.000 0.000 0.000 0.003 0.001 0.001 0.001 0.001 0.001
0.000 0.000 0.000 0.000 0.000 0.000 0.000 0.000 0.000 0.000 0.000 0.000 0.000 0.000 0.000 0.000 0.000 0.000 0.000 0.000 0.244 0.010 0.003 0.001 0.001 0.003 0.010 0.010 0.010 0.010 0.010 0.001 0.000 0.010 0.010 0.000 0.001 0.001 0.003 0.001 0.109 0.010 0.010 0.010 0.010 0.010 0.003 0.003 0.000 0.003 0.010 0.010 0.010 0.010 0.002 0.001 0.001 0.001 0.001 0.001 0.000 0.000 0.001 0.000 0.001 0.000 0.003 0.045 0.003 0.010 0.000 0.000 0.000 0.001 0.000 0.003 0.001
0.000 0.000 0.000 0.000 0.000 0.000 0.000 0.000 0.000 0.000 0.000 0.000 0.000 0.000 0.000 0.000 0.000 0.000 0.000 0.000 0.010 0.001 0.003 0.010 0.003 0.001 0.001 0.010 0.010 0.000 0.000 0.000 0.000 0.010 0.000 0.010 0.000 0.010 0.001 0.001 0.063 0.113 0.010 0.010 0.010 0.010 0.010 0.010 0.128 0.001 0.003 0.000 0.001 0.010 0.000 0.001 0.002 0.010 0.000 0.000 0.000 0.001 0.000 0.010 0.000 0.000 0.000 0.000 0.000 0.010 0.010 0.001 0.001 0.000 0.000 0.000 0.001
0.000 0.000 0.000 0.000 0.000 0.000 0.000 0.000 0.000 0.036 0.000 0.000 0.000 0.000 0.000 0.000 0.000 0.000 0.000 0.113 0.010 0.001 0.003 0.010 0.001 0.000 0.001 0.010 0.010 0.001 0.000 0.000 0.003 0.120 0.010 0.010 0.001 0.010 0.001 0.010 0.010 0.010 0.010 0.010 0.010 0.010 0.095 0.000 0.010 0.010 0.010 0.001 0.001 0.001 0.000 0.001 0.000 0.001 0.000 0.000 0.000 0.001 0.000 0.000 0.000 0.001 0.000 0.000 0.003 0.000 0.001 0.001 0.000 0.000 0.001 0.000 0.000
0.000 0.000 0.000 0.000 0.000 0.000 0.000 0.000 0.000 0.000 0.000 0.000 0.000 0.000 0.000 0.000 0.000 0.000 0.078 0.010 0.010 0.010 0.003 0.010 0.001 0.010 0.010 0.003 0.001 0.001 0.001 0.000 0.003 0.000 0.010 0.001 0.003 0.010 0.001 0.010 0.010 0.010 0.010 0.010 0.000 0.000 0.000 0.000 0.010 0.010 0.010 0.001 0.000 0.000 0.000 0.000 0.000 0.000 0.001 0.002 0.000 0.000 0.001 0.007 0.107 0.000 0.000 0.001 0.001 0.000 0.000 0.001 0.002 0.000 0.000 0.000 0.041
0.000 0.000 0.000 0.000 0.000 0.000 0.000 0.000 0.000 0.000 0.000 0.000 0.000 0.000 0.000 0.000 0.000 0.000 0.010 0.010 0.010 0.010 0.003 0.000 0.001 0.010 0.010 0.010 0.001 0.000 0.000 0.000 0.000 0.003 0.010 0.001 0.001 0.003 0.000 0.023 0.010 0.010 0.010 0.010 0.000 0.001 0.000 0.000 0.025 0.010 0.010 0.000 0.000 0.000 0.000 0.000 0.001 0.002 0.000 0.001 0.001 0.000 0.001 0.006 0.001 0.000 0.000 0.054 0.000 0.000 0.010 0.001 0.000 0.003 0.001 0.001 0.001
0.000 0.000 0.000 0.000 0.000 0.000 0.000 0.000 0.000 0.000 0.000 0.000 0.000 0.000 0.000 0.000 0.000 0.042 0.072 0.027 0.010 0.000 0.001 0.001 0.000 0.010 0.010 0.010 0.061 0.000 0.000 0.003 0.069 0.010 0.010 0.000 0.010 0.000 0.001 0.010 0.010 0.010 0.010 0.010 0.097 0.000 0.001 0.010 0.000 0.000 0.001 0.010 0.001 0.000 0.000 0.102 0.010 0.000 0.001 0.000 0.001 0.001 0.001 0.006 0.000 0.000 0.001 0.000 0.000 0.000 0.010 0.001 0.000 0.000 0.001 0.010 0.010
0.000 0.000 0.000 0.000 0.000 0.000 0.000 0.000 0.000 0.000 0.000 0.000 0.000 0.000 0.000 0.000 0.000 0.085 0.010 0.010 0.010 0.003 0.000 0.004 0.001 0.010 0.000 0.001 0.000 0.010 0.003 0.000 0.000 0.010 0.000 0.000 0.001 0.000 0.003 0.000 0.001 0.010 0.010 0.000 0.000 0.000 0.000 0.003 0.001 0.000 0.001 0.003 0.001 0.001 0.010 0.000 0.000 0.000 0.000 0.000 0.001 0.001 0.010 0.001 0.000 0.003 0.001 0.000 0.000 0.000 0.058 0.009 0.003 0.001 0.000 0.003 0.000
0.000 0.000 0.000 0.000 0.000 0.000 0.000 0.000 0.000 0.000 0.000 0.000 0.000 0.000 0.000 0.000 0.010 0.010 0.010 0.099 0.003 0.010 0.001 0.000 0.010 0.010 0.002 0.000 0.000 0.001 0.001 0.000 0.097 0.000 0.000 0.003 0.001 0.003 0.000 0.001 0.000 0.000 0.000 0.003 0.000 0.000 0.000 0.000 0.000 0.001 0.000 0.000 0.010 0.010 0.001 0.001 0.001 0.000 0.000 0.000 0.000 0.000 0.001 0.000 0.000 0.008 0.010 0.004 0.001 0.001 0.004 0.000 0.000 0.010 0.000 0.003 0.002
0.000 0.000 0.000 0.000 0.000 0.000 0.000 0.000 0.000 0.000 0.000 0.000 0.000 0.000 0.000 0.297 0.080 0.010 0.001 0.010 0.000 0.003 0.000 0.001 0.010 0.010 0.010 0.001 0.000 0.003 0.010 0.010 0.000 0.075 0.001 0.010 0.000 0.010 0.003 0.010 0.001 0.003 0.001 0.002 0.001 0.000 0.000 0.000 0.010 0.000 0.000 0.001 0.000 0.001 0.000 0.000 0.001 0.000 0.000 0.000 0.000 0.001 0.000 0.000 0.000 0.000 0.000 0.000 0.000 0.001 0.001 0.007 0.010 0.010 0.000 0.037 0.143
