hx_30m/njhx/rain/result-0028.wd
ncols         211
nrows         286
xllcorner     660279.582600
yllcorner     3541874.325092
cellsize      30.000000
NODATA_value  -9999.000000
[rows 204 to 237 of 286, columns 0 to 76 of 211]
0.000 0.000 0.000 0.000 0.000 0.000 0.000 0.000 0.000 0.000 0.000 0.000 0.000 0.000 0.000 0.010 0.157 0.010 0.000 0.007 0.022 0.007 0.022 0.009 0.010 0.010 0.010 0.064 0.006 0.010 0.010 0.099 0.000 0.008 0.009 0.008 0.009 0.009 0.010 0.010 0.120 0.000 0.010 0.524 0.008 0.010 0.007 0.008 0.008 0.010 0.000 0.008 0.000 0.008 0.009 0.008 0.009 0.008 0.000 0.000 0.006 0.006 0.005 0.005 0.000 0.004 0.006 0.005 0.000 0.076 0.009 0.010 0.011 0.010 0.010 0.010 0.000
0.000 0.000 0.000 0.000 0.000 0.000 0.000 0.000 0.000 0.000 0.000 0.000 0.000 0.000 0.101 0.010 0.010 0.007 0.004 0.008 0.007 0.010 0.008 0.010 0.009 0.009 0.010 0.010 0.005 0.009 0.010 0.054 0.000 0.010 0.010 0.012 0.009 0.027 0.010 0.009 0.007 0.000 0.010 0.010 0.010 0.010 0.010 0.008 0.008 0.007 0.009 0.010 0.037 0.008 0.041 0.008 0.006 0.008 0.000 0.004 0.000 0.000 0.000 0.004 0.031 0.008 0.009 0.000 0.008 0.041 0.000 0.010 0.010 0.009 0.000 0.214 0.007
0.000 0.000 0.000 0.000 0.000 0.000 0.000 0.000 0.000 0.000 0.000 0.000 0.000 0.000 0.010 0.117 0.008 0.008 0.009 0.008 0.010 0.010 0.008 0.010 0.009 0.085 0.010 0.034 0.010 0.024 0.010 0.010 0.000 0.015 0.010 0.026 0.008 0.009 0.010 0.008 0.000 0.070 0.010 0.010 0.010 0.010 0.010 0.009 0.009 0.006 0.007 0.008 0.010 0.009 0.008 0.008 0.006 0.006 0.005 0.000 0.000 0.005 0.005 0.007 0.010 0.010 0.010 0.010 0.009 0.056 0.010 0.029 0.010 0.000 0.251 0.152 0.294
0.000 0.000 0.000 0.000 0.000 0.000 0.000 0.000 0.000 0.000 0.000 0.000 0.000 0.000 0.010 0.010 0.009 0.010 0.008 0.007 0.010 0.016 0.010 0.008 0.028 0.008 0.008 0.009 0.008 0.007 0.007 0.009 0.031 0.010 0.010 0.010 0.009 0.009 0.006 0.008 0.010 0.088 0.010 0.010 0.010 0.010 0.010 0.009 0.005 0.000 0.006 0.007 0.010 0.024 0.008 0.006 0.017 0.000 0.000 0.000 0.000 0.003 0.003 0.006 0.010 0.010 0.010 0.010 0.007 0.029 0.010 0.000 0.046 0.009 0.045 0.000 0.009
0.000 0.000 0.000 0.000 0.000 0.000 0.000 0.000 0.000 0.000 0.000 0.000 0.000 0.000 0.010 0.010 0.008 0.011 0.012 0.085 0.041 0.009 0.010 0.033 0.010 0.009 0.009 0.007 0.010 0.008 0.009 0.000 0.009 0.010 0.024 0.006 0.006 0.013 0.009 0.010 0.010 0.071 0.010 0.010 0.010 0.010 0.009 0.015 0.000 0.010 0.006 0.008 0.010 0.000 0.005 0.008 0.008 0.006 0.009 0.005 0.004 0.007 0.006 0.010 0.009 0.010 0.010 0.009 0.008 0.040 0.000 0.013 0.010 0.006 0.000 0.007 0.000
0.000 0.000 0.000 0.000 0.000 0.000 0.000 0.000 0.000 0.000 0.000 0.000 0.000 0.010 0.009 0.008 0.010 0.010 0.010 0.009 0.010 0.010 0.009 0.009 0.006 0.010 0.009 0.010 0.007 0.020 0.066 0.000 0.025 0.010 0.009 0.006 0.000 0.005 0.009 0.010 0.010 0.010 0.010 0.010 0.010 0.010 0.008 0.008 0.009 0.007 0.000 0.100 0.012 0.000 0.000 0.005 0.007 0.021 0.136 0.227 0.005 0.006 0.006 0.010 0.010 0.010 0.061 0.000 0.000 0.358 0.244 0.082 0.007 0.009 0.000 0.012 0.007
0.000 0.000 0.000 0.000 0.000 0.000 0.000 0.000 0.000 0.000 0.000 0.000 0.156 0.010 0.009 0.009 0.067 0.010 0.010 0.022 0.010 0.010 0.009 0.009 0.008 0.010 0.010 0.020 0.000 0.010 0.000 0.063 0.010 0.009 0.009 0.003 0.000 0.005 0.006 0.010 0.009 0.010 0.010 0.010 0.010 0.010 0.020 0.007 0.009 0.009 0.006 0.010 0.000 0.000 0.000 0.047 0.000 0.009 0.008 0.086 0.307 0.180 0.029 0.007 0.010 0.077 0.013 0.010 0.010 0.214 0.152 0.009 0.007 0.000 0.006 0.004 0.007
0.000 0.000 0.000 0.000 0.000 0.000 0.000 0.000 0.000 0.000 0.000 0.000 0.010 0.010 0.008 0.026 0.010 0.010 0.010 0.010 0.010 0.010 0.010 0.010 0.008 0.010 0.007 0.009 0.000 0.000 0.000 0.009 0.010 0.009 0.007 0.000 0.003 0.003 0.005 0.009 0.040 0.009 0.010 0.010 0.010 0.008 0.009 0.009 0.010 0.009 0.000 0.008 0.000 0.000 0.005 0.010 0.000 0.000 0.000 0.008 0.048 0.006 0.120 0.030 0.276 0.010 0.000 0.010 0.010 0.281 0.009 0.017 0.008 0.008 0.008 0.007 0.010
0.000 0.000 0.000 0.000 0.000 0.000 0.000 0.000 0.000 0.000 0.000 0.000 0.010 0.010 0.008 0.010 0.010 0.036 0.010 0.009 0.010 0.010 0.010 0.050 0.008 0.010 0.007 0.009 0.000 0.000 0.000 0.028 0.010 0.027 0.009 0.007 0.003 0.010 0.007 0.008 0.000 0.006 0.006 0.026 0.009 0.035 0.007 0.010 0.010 0.010 0.009 0.006 0.000 0.000 0.004 0.008 0.007 0.011 0.009 0.009 0.008 0.000 0.007 0.160 0.010 0.010 0.010 0.070 0.008 0.000 0.009 0.007 0.009 0.006 0.007 0.007 0.000
0.000 0.000 0.000 0.000 0.000 0.000 0.000 0.000 0.000 0.000 0.000 0.000 0.051 0.008 0.010 0.010 0.401 0.126 0.009 0.010 0.010 0.010 0.009 0.010 0.007 0.010 0.007 0.009 0.000 0.010 0.000 0.009 0.009 0.010 0.007 0.008 0.005 0.006 0.000 0.000 0.008 0.000 0.000 0.000 0.007 0.010 0.000 0.007 0.009 0.009 0.000 0.007 0.007 0.006 0.049 0.009 0.007 0.008 0.007 0.005 0.007 0.013 0.000 0.567 0.010 0.010 0.011 0.010 0.010 0.095 0.093 0.000 0.000 0.009 0.008 0.000 0.000
0.000 0.000 0.000 0.000 0.000 0.000 0.000 0.000 0.000 0.000 0.000 0.010 0.008 0.007 0.010 0.010 0.010 0.010 0.008 0.010 0.010 0.009 0.009 0.009 0.084 0.010 0.009 0.016 0.010 0.744 0.019 0.010 0.113 0.010 0.005 0.009 0.008 0.024 0.007 0.000 0.007 0.007 0.019 0.006 0.007 0.007 0.008 0.006 0.009 0.007 0.008 0.000 0.008 0.035 0.006 0.000 0.007 0.007 0.008 0.009 0.009 0.000 0.040 0.010 0.010 0.011 0.031 0.000 0.010 0.119 0.365 0.141 0.010 0.000 0.000 0.000 0.010
0.000 0.000 0.000 0.000 0.000 0.000 0.000 0.000 0.000 0.000 0.000 0.066 0.010 0.007 0.025 0.010 0.010 0.007 0.010 0.010 0.010 0.009 0.007 0.009 0.010 0.010 0.057 0.010 0.010 0.000 0.009 0.010 0.009 0.009 0.007 0.005 0.009 0.007 0.009 0.007 0.009 0.000 0.000 0.007 0.011 0.007 0.008 0.010 0.026 0.007 0.009 0.000 0.009 0.009 0.008 0.010 0.010 0.010 0.009 0.000 0.159 0.010 0.010 0.066 0.000 0.010 0.051 0.009 0.008 0.000 0.010 0.010 0.044 0.010 0.008 0.010 0.010
0.000 0.000 0.000 0.000 0.000 0.000 0.000 0.000 0.000 0.000 0.263 0.010 0.010 0.010 0.010 0.010 0.010 0.008 0.010 0.010 0.010 0.009 0.005 0.008 0.010 0.010 0.010 0.010 0.011 0.000 0.072 0.010 0.009 0.007 0.006 0.008 0.007 0.007 0.000 0.006 0.009 0.071 0.010 0.007 0.007 0.000 0.000 0.007 0.008 0.018 0.083 0.008 0.009 0.009 0.005 0.009 0.009 0.009 0.000 0.054 0.010 0.010 0.000 0.000 0.010 0.102 0.000 0.000 0.007 0.008 0.009 0.007 0.009 0.007 0.007 0.007 0.009
0.000 0.000 0.000 0.000 0.000 0.000 0.000 0.000 0.000 0.000 0.010 0.010 0.010 0.010 0.010 0.010 0.010 0.008 0.010 0.010 0.010 0.010 0.008 0.012 0.010 0.010 0.007 0.006 0.000 0.283 0.059 0.009 0.009 0.000 0.000 0.006 0.093 0.010 0.010 0.007 0.006 0.007 0.003 0.012 0.007 0.007 0.010 0.010 0.006 0.007 0.000 0.007 0.025 0.006 0.009 0.009 0.000 0.125 0.010 0.070 0.010 0.000 0.000 0.010 0.009 0.009 0.009 0.018 0.009 0.009 0.007 0.007 0.009 0.006 0.000 0.008 0.053
0.000 0.000 0.000 0.000 0.000 0.000 0.000 0.000 0.000 0.000 0.010 0.010 0.010 0.010 0.010 0.010 0.010 0.009 0.010 0.039 0.000 0.010 0.089 0.010 0.008 0.009 0.008 0.000 0.084 0.007 0.010 0.009 0.010 0.008 0.007 0.030 0.010 0.010 0.091 0.009 0.009 0.006 0.005 0.009 0.009 0.008 0.009 0.009 0.012 0.030 0.006 0.004 0.008 0.009 0.010 0.000 0.021 0.010 0.000 0.010 0.010 0.000 0.010 0.009 0.007 0.008 0.000 0.005 0.000 0.007 0.009 0.017 0.007 0.007 0.008 0.010 0.127
0.000 0.000 0.000 0.000 0.000 0.000 0.000 0.000 0.000 0.000 0.000 0.010 0.097 0.023 0.010 0.010 0.010 0.010 0.039 0.000 0.000 0.000 0.010 0.067 0.000 0.000 0.216 0.009 0.009 0.009 0.010 0.010 0.010 0.000 0.000 0.009 0.009 0.000 0.007 0.007 0.009 0.005 0.013 0.007 0.009 0.010 0.009 0.021 0.007 0.009 0.007 0.005 0.007 0.000 0.100 0.008 0.007 0.006 0.008 0.000 0.010 0.010 0.010 0.009 0.017 0.008 0.009 0.006 0.022 0.026 0.009 0.009 0.009 0.000 0.000 0.024 0.069
0.000 0.000 0.000 0.000 0.000 0.000 0.000 0.000 0.000 0.000 0.000 0.000 0.000 0.000 0.195 0.010 0.010 0.010 0.000 0.000 0.000 0.000 0.000 0.010 0.000 0.010 0.009 0.009 0.010 0.007 0.010 0.009 0.010 0.000 0.012 0.010 0.000 0.009 0.007 0.007 0.000 0.005 0.009 0.008 0.009 0.010 0.010 0.007 0.008 0.007 0.006 0.007 0.000 0.027 0.010 0.007 0.010 0.000 0.006 0.005 0.017 0.009 0.009 0.008 0.010 0.007 0.007 0.015 0.008 0.007 0.009 0.000 0.006 0.000 0.009 0.313 0.000
0.000 0.000 0.000 0.000 0.000 0.000 0.000 0.000 0.000 0.000 0.000 0.000 0.010 0.010 0.010 0.010 0.010 0.010 0.000 0.000 0.000 0.000 0.000 0.000 0.000 0.181 0.008 0.009 0.008 0.020 0.010 0.009 0.010 0.008 0.008 0.007 0.000 0.010 0.014 0.006 0.005 0.005 0.006 0.000 0.007 0.009 0.008 0.009 0.007 0.007 0.000 0.010 0.010 0.024 0.000 0.000 0.014 0.000 0.009 0.000 0.000 0.006 0.008 0.008 0.007 0.000 0.006 0.008 0.000 0.000 0.008 0.009 0.009 0.009 0.010 0.319 0.007
0.000 0.000 0.000 0.000 0.000 0.000 0.000 0.000 0.000 0.000 0.000 0.000 0.000 0.000 0.000 0.010 0.010 0.010 0.010 0.000 0.000 0.000 0.031 0.000 0.000 0.000 0.000 0.060 0.010 0.008 0.010 0.008 0.010 0.008 0.019 0.010 0.008 0.009 0.000 0.000 0.006 0.010 0.007 0.021 0.008 0.006 0.027 0.006 0.008 0.000 0.008 0.028 0.009 0.007 0.008 0.009 0.008 0.007 0.000 0.000 0.004 0.000 0.005 0.007 0.003 0.009 0.015 0.000 0.006 0.007 0.005 0.009 0.007 0.009 0.008 0.008 0.007
0.000 0.000 0.000 0.000 0.000 0.000 0.000 0.000 0.000 0.000 0.000 0.000 0.000 0.000 0.000 0.000 0.010 0.010 0.010 0.010 0.010 0.097 0.000 0.000 0.000 0.000 0.000 0.000 0.000 0.086 0.010 0.159 0.028 0.007 0.009 0.010 0.007 0.008 0.011 0.009 0.007 0.007 0.000 0.008 0.000 0.000 0.010 0.000 0.142 0.010 0.008 0.007 0.007 0.008 0.009 0.009 0.010 0.010 0.007 0.007 0.006 0.009 0.006 0.010 0.000 0.000 0.007 0.026 0.007 0.008 0.008 0.009 0.000 0.008 0.009 0.008 0.000
0.000 0.000 0.000 0.000 0.000 0.000 0.000 0.000 0.000 0.000 0.000 0.000 0.000 0.000 0.000 0.000 0.000 0.010 0.010 0.122 0.000 0.000 0.000 0.042 0.000 0.115 0.010 0.010 0.066 0.000 0.000 0.000 0.000 0.000 0.000 0.009 0.016 0.010 0.010 0.007 0.029 0.008 0.009 0.010 0.010 0.010 0.000 0.067 0.010 0.010 0.006 0.007 0.006 0.008 0.009 0.010 0.010 0.008 0.007 0.008 0.008 0.010 0.008 0.008 0.006 0.021 0.009 0.007 0.007 0.039 0.119 0.009 0.000 0.009 0.008 0.000 0.000
0.000 0.000 0.000 0.000 0.000 0.000 0.000 0.000 0.000 0.000 0.000 0.000 0.000 0.000 0.000 0.000 0.000 0.000 0.000 0.202 0.000 0.000 0.000 0.010 0.000 0.010 0.010 0.000 0.000 0.000 0.000 0.074 0.010 0.010 0.036 0.000 0.010 0.008 0.013 0.007 0.009 0.010 0.009 0.023 0.010 0.399 0.010 0.010 0.010 0.009 0.008 0.006 0.037 0.011 0.007 0.006 0.007 0.009 0.007 0.008 0.010 0.055 0.009 0.009 0.009 0.000 0.000 0.007 0.008 0.000 0.000 0.008 0.005 0.008 0.009 0.000 0.007
0.000 0.000 0.000 0.000 0.000 0.000 0.000 0.000 0.000 0.000 0.000 0.000 0.000 0.000 0.000 0.000 0.000 0.000 0.000 0.000 0.027 0.000 0.000 0.000 0.000 0.010 0.000 0.000 0.000 0.000 0.000 0.000 0.000 0.000 0.000 0.010 0.071 0.000 0.000 0.010 0.010 0.007 0.018 0.008 0.000 0.010 0.008 0.008 0.008 0.011 0.009 0.010 0.000 0.009 0.007 0.008 0.017 0.007 0.008 0.007 0.006 0.230 0.010 0.008 0.009 0.010 0.010 0.010 0.008 0.006 0.004 0.007 0.012 0.006 0.009 0.006 0.010
0.000 0.000 0.000 0.000 0.000 0.000 0.000 0.000 0.000 0.000 0.000 0.000 0.000 0.000 0.000 0.000 0.000 0.000 0.000 0.000 0.000 0.025 0.000 0.000 0.030 0.000 0.000 0.000 0.000 0.000 0.000 0.000 0.000 0.000 0.000 0.000 0.000 0.010 0.010 0.140 0.000 0.000 0.000 0.010 0.000 0.008 0.008 0.009 0.010 0.009 0.023 0.008 0.009 0.009 0.010 0.000 0.000 0.000 0.000 0.000 0.191 0.321 0.010 0.006 0.006 0.000 0.009 0.009 0.020 0.004 0.005 0.007 0.006 0.008 0.005 0.005 0.006
0.000 0.000 0.000 0.000 0.000 0.000 0.000 0.000 0.000 0.000 0.000 0.000 0.000 0.000 0.000 0.000 0.000 0.000 0.000 0.000 0.000 0.000 0.000 0.030 0.000 0.000 0.000 0.000 0.000 0.000 0.000 0.000 0.000 0.000 0.000 0.000 0.000 0.000 0.000 0.010 0.057 0.010 0.010 0.100 0.000 0.000 0.000 0.032 0.008 0.007 0.009 0.059 0.185 0.165 0.066 0.008 0.010 0.008 0.000 0.008 0.007 0.009 0.004 0.004 0.008 0.008 0.009 0.009 0.008 0.000 0.065 0.010 0.009 0.009 0.006 0.009 0.000
0.000 0.000 0.000 0.000 0.000 0.000 0.000 0.000 0.000 0.000 0.000 0.000 0.000 0.000 0.000 0.000 0.000 0.000 0.000 0.000 0.000 0.000 0.000 0.000 0.000 0.000 0.000 0.000 0.000 0.000 0.000 0.000 0.000 0.000 0.000 0.000 0.000 0.000 0.000 0.000 0.000 0.000 0.000 0.000 0.000 0.000 0.000 0.116 0.000 0.000 0.236 0.033 0.117 0.009 0.009 0.010 0.019 0.007 0.008 0.007 0.009 0.138 0.000 0.000 0.000 0.005 0.008 0.010 0.010 0.000 0.006 0.009 0.010 0.167 0.099 0.010 0.010
0.000 0.000 0.000 0.000 0.000 0.000 0.000 0.000 0.000 0.000 0.000 0.000 0.000 0.000 0.000 0.000 0.000 0.000 0.000 0.000 0.000 0.000 0.000 0.000 0.000 0.000 0.000 0.000 0.000 0.000 0.000 0.000 0.000 0.000 0.000 0.000 0.000 0.000 0.000 0.000 0.000 0.000 0.000 0.000 0.000 0.000 0.000 0.000 0.000 0.035 0.000 0.000 0.010 0.009 0.008 0.034 0.008 0.010 0.009 0.008 0.007 0.007 0.041 0.009 0.009 0.000 0.000 0.010 0.000 0.008 0.033 0.010 0.008 0.000 0.006 0.006 0.004
0.000 0.000 0.000 0.000 0.000 0.000 0.000 0.000 0.000 0.000 0.000 0.000 0.000 0.000 0.000 0.000 0.000 0.000 0.000 0.000 0.000 0.000 0.000 0.000 0.000 0.000 0.000 0.000 0.000 0.000 0.000 0.000 0.000 0.000 0.000 0.000 0.000 0.000 0.000 0.000 0.000 0.000 0.000 0.000 0.000 0.000 0.000 0.000 0.000 0.000 0.000 0.035 0.000 0.000 0.000 0.010 0.010 0.007 0.022 0.009 0.009 0.010 0.009 0.008 0.011 0.009 0.009 0.010 0.000 0.009 0.000 0.007 0.008 0.009 0.005 0.000 0.006
0.000 0.000 0.000 0.000 0.000 0.000 0.000 0.000 0.000 0.000 0.000 0.000 0.000 0.000 0.000 0.000 0.000 0.000 0.000 0.000 0.000 0.000 0.000 0.000 0.000 0.000 0.000 0.000 0.000 0.000 0.000 0.000 0.000 0.000 0.000 0.000 0.000 0.000 0.000 0.000 0.000 0.000 0.000 0.000 0.000 0.000 0.000 0.000 0.000 0.000 0.000 0.000 0.000 0.000 0.010 0.010 0.000 0.000 0.000 0.000 0.035 0.008 0.008 0.008 0.010 0.009 0.012 0.008 0.009 0.009 0.009 0.053 0.000 0.000 0.008 0.006 0.000
0.000 0.000 0.000 0.000 0.000 0.000 0.000 0.000 0.000 0.000 0.000 0.000 0.000 0.000 0.000 0.000 0.000 0.000 0.000 0.000 0.000 0.000 0.000 0.000 0.000 0.000 0.000 0.000 0.000 0.000 0.000 0.000 0.000 0.000 0.000 0.000 0.000 0.000 0.000 0.000 0.000 0.000 0.000 0.000 0.000 0.000 0.000 0.000 0.000 0.000 0.000 0.000 0.000 0.000 0.000 0.000 0.000 0.000 0.000 0.034 0.000 0.000 0.000 0.000 0.016 0.008 0.008 0.010 0.009 0.008 0.038 0.010 0.009 0.010 0.000 0.017 0.008
0.000 0.000 0.000 0.000 0.000 0.000 0.000 0.000 0.000 0.000 0.000 0.000 0.000 0.000 0.000 0.000 0.000 0.000 0.000 0.000 0.000 0.000 0.000 0.000 0.000 0.000 0.000 0.000 0.000 0.000 0.000 0.000 0.000 0.000 0.000 0.000 0.000 0.000 0.000 0.000 0.000 0.000 0.000 0.000 0.000 0.000 0.000 0.000 0.000 0.000 0.000 0.000 0.000 0.000 0.000 0.000 0.000 0.000 0.000 0.000 0.000 0.000 0.010 0.057 0.000 0.000 0.000 0.015 0.008 0.008 0.009 0.010 0.026 0.008 0.010 0.008 0.000
0.000 0.000 0.000 0.000 0.000 0.000 0.000 0.000 0.000 0.000 0.000 0.000 0.000 0.000 0.000 0.000 0.000 0.000 0.000 0.000 0.000 0.000 0.000 0.000 0.000 0.000 0.000 0.000 0.000 0.000 0.000 0.000 0.000 0.000 0.000 0.000 0.000 0.000 0.000 0.000 0.000 0.000 0.000 0.000 0.000 0.000 0.000 0.000 0.000 0.000 0.000 0.000 0.000 0.000 0.000 0.000 0.000 0.000 0.000 0.000 0.000 0.000 0.000 0.000 0.000 0.010 0.061 0.000 0.000 0.075 0.010 0.008 0.010 0.010 0.009 0.010 0.010
0.000 0.000 0.000 0.000 0.000 0.000 0.000 0.000 0.000 0.000 0.000 0.000 0.000 0.000 0.000 0.000 0.000 0.000 0.000 0.000 0.000 0.000 0.000 0.000 0.000 0.000 0.000 0.000 0.000 0.000 0.000 0.000 0.000 0.000 0.000 0.000 0.000 0.000 0.000 0.000 0.000 0.000 0.000 0.000 0.000 0.000 0.000 0.000 0.000 0.000 0.000 0.000 0.000 0.000 0.000 0.000 0.000 0.000 0.000 0.000 0.000 0.000 0.000 0.000 0.000 0.000 0.000 0.000 0.000 0.000 0.000 0.000 0.016 0.006 0.010 0.008 0.017
0.000 0.000 0.000 0.000 0.000 0.000 0.000 0.000 0.000 0.000 0.000 0.000 0.000 0.000 0.000 0.000 0.000 0.000 0.000 0.000 0.000 0.000 0.000 0.000 0.000 0.000 0.000 0.000 0.000 0.000 0.000 0.000 0.000 0.000 0.000 0.000 0.000 0.000 0.000 0.000 0.000 0.000 0.000 0.000 0.000 0.000 0.000 0.000 0.000 0.000 0.000 0.000 0.000 0.000 0.000 0.000 0.000 0.000 0.000 0.000 0.000 0.000 0.000 0.000 0.000 0.000 0.000 0.000 0.000 0.000 0.000 0.000 0.000 0.000 0.008 0.008 0.010
