hx_30m/njhx/rain/result-0028.wd
ncols         211
nrows         286
xllcorner     660279.582600
yllcorner     3541874.325092
cellsize      30.000000
NODATA_value  -9999.000000
[rows 34 to 67 of 286, columns 77 to 153 of 211]
0.000 0.000 0.000 0.000 0.000 0.000 0.000 0.019 0.010 0.010 0.009 0.035 0.010 0.009 0.008 0.009 0.005 0.009 0.007 0.007 0.043 0.010 0.010 0.003 0.000 0.000 0.000 0.009 0.000 0.000 0.009 0.008 0.008 0.010 0.008 0.006 0.010 0.010 0.100 0.000 0.000 0.055 0.072 0.004 0.006 0.009 0.008 0.010 0.008 0.005 0.006 0.010 0.000 0.010 0.009 0.000 0.000 0.000 0.000 0.000 0.000 0.000 0.000 0.000 0.000 0.000 0.000 0.000 0.000 0.000 0.000 0.000 0.000 0.000 0.000 0.000 0.000
0.000 0.000 0.000 0.000 0.000 0.000 0.229 0.010 0.010 0.010 0.010 0.010 0.010 0.010 0.007 0.003 0.003 0.000 0.008 0.000 0.000 0.000 0.010 0.003 0.007 0.009 0.009 0.009 0.009 0.000 0.000 0.000 0.006 0.009 0.009 0.000 0.030 0.009 0.010 0.010 0.000 0.000 0.064 0.054 0.009 0.008 0.000 0.009 0.007 0.000 0.008 0.010 0.010 0.028 0.008 0.010 0.000 0.000 0.000 0.032 0.000 0.000 0.000 0.000 0.000 0.000 0.000 0.000 0.000 0.000 0.000 0.000 0.000 0.000 0.000 0.000 0.000
0.000 0.000 0.000 0.000 0.000 0.000 0.010 0.009 0.010 0.010 0.010 0.010 0.115 0.010 0.006 0.000 0.003 0.003 0.007 0.008 0.000 0.003 0.010 0.008 0.006 0.004 0.007 0.000 0.000 0.007 0.000 0.000 0.008 0.009 0.008 0.000 0.010 0.007 0.009 0.009 0.007 0.000 0.000 0.002 0.000 0.000 0.000 0.000 0.000 0.006 0.007 0.009 0.010 0.009 0.010 0.010 0.010 0.000 0.000 0.000 0.032 0.000 0.000 0.000 0.000 0.000 0.000 0.000 0.000 0.000 0.000 0.000 0.000 0.000 0.000 0.000 0.000
0.000 0.000 0.000 0.000 0.000 0.000 0.010 0.010 0.009 0.010 0.010 0.010 0.010 0.010 0.008 0.000 0.002 0.003 0.000 0.010 0.000 0.006 0.008 0.007 0.009 0.000 0.003 0.008 0.007 0.005 0.000 0.007 0.008 0.010 0.007 0.000 0.009 0.009 0.007 0.017 0.000 0.012 0.000 0.004 0.012 0.010 0.009 0.000 0.194 0.000 0.018 0.009 0.009 0.010 0.010 0.010 0.010 0.000 0.000 0.000 0.000 0.010 0.000 0.000 0.000 0.000 0.000 0.000 0.000 0.000 0.000 0.000 0.000 0.000 0.000 0.000 0.000
0.000 0.000 0.000 0.000 0.000 0.000 0.010 0.010 0.010 0.010 0.010 0.010 0.010 0.010 0.009 0.000 0.003 0.046 0.011 0.009 0.000 0.008 0.003 0.003 0.010 0.005 0.006 0.005 0.010 0.005 0.000 0.000 0.009 0.010 0.007 0.010 0.040 0.008 0.006 0.000 0.000 0.003 0.006 0.000 0.014 0.010 0.006 0.000 0.000 0.007 0.010 0.010 0.010 0.010 0.070 0.010 0.009 0.010 0.000 0.000 0.000 0.051 0.000 0.000 0.000 0.000 0.000 0.000 0.000 0.000 0.000 0.000 0.000 0.000 0.000 0.000 0.000
0.000 0.000 0.000 0.000 0.000 0.000 0.010 0.010 0.009 0.010 0.010 0.103 0.049 0.010 0.028 0.000 0.003 0.000 0.026 0.005 0.003 0.004 0.002 0.002 0.007 0.000 0.003 0.003 0.009 0.000 0.010 0.010 0.012 0.010 0.009 0.006 0.000 0.000 0.000 0.022 0.009 0.000 0.000 0.000 0.009 0.009 0.023 0.007 0.008 0.010 0.010 0.010 0.010 0.058 0.010 0.000 0.026 0.009 0.010 0.000 0.000 0.000 0.030 0.000 0.000 0.000 0.000 0.000 0.000 0.000 0.000 0.000 0.000 0.000 0.000 0.000 0.000
0.000 0.000 0.000 0.000 0.000 0.000 0.010 0.010 0.010 0.009 0.010 0.146 0.010 0.010 0.039 0.010 0.019 0.078 0.006 0.000 0.005 0.006 0.005 0.012 0.006 0.006 0.009 0.005 0.010 0.000 0.000 0.014 0.000 0.008 0.009 0.007 0.000 0.010 0.010 0.010 0.009 0.008 0.010 0.007 0.009 0.022 0.009 0.009 0.009 0.010 0.000 0.010 0.000 0.000 0.000 0.037 0.009 0.018 0.009 0.000 0.000 0.000 0.000 0.010 0.000 0.000 0.000 0.000 0.000 0.000 0.000 0.000 0.000 0.000 0.000 0.000 0.000
0.000 0.000 0.000 0.000 0.000 0.000 0.010 0.010 0.006 0.010 0.010 0.010 0.010 0.010 0.010 0.086 0.017 0.000 0.004 0.006 0.003 0.007 0.000 0.006 0.000 0.004 0.000 0.006 0.005 0.017 0.011 0.000 0.008 0.007 0.009 0.008 0.009 0.123 0.010 0.604 0.009 0.004 0.010 0.009 0.008 0.008 0.000 0.000 0.008 0.009 0.054 0.025 0.010 0.008 0.000 0.010 0.010 0.008 0.008 0.010 0.000 0.000 0.000 0.050 0.000 0.000 0.000 0.000 0.000 0.000 0.000 0.000 0.000 0.000 0.000 0.000 0.000
0.000 0.000 0.000 0.000 0.000 0.000 0.009 0.009 0.009 0.010 0.010 0.010 0.010 0.010 0.010 0.010 0.010 0.004 0.000 0.006 0.000 0.000 0.000 0.003 0.005 0.009 0.009 0.005 0.010 0.005 0.009 0.008 0.009 0.009 0.010 0.008 0.149 0.044 0.035 0.000 0.000 0.027 0.010 0.007 0.000 0.010 0.009 0.000 0.009 0.000 0.000 0.002 0.010 0.005 0.000 0.006 0.007 0.005 0.022 0.009 0.000 0.000 0.000 0.000 0.010 0.000 0.000 0.000 0.000 0.000 0.000 0.000 0.000 0.000 0.000 0.000 0.000
0.000 0.000 0.000 0.000 0.000 0.000 0.010 0.009 0.009 0.056 0.009 0.010 0.010 0.009 0.009 0.009 0.010 0.009 0.008 0.008 0.010 0.008 0.008 0.009 0.009 0.006 0.009 0.009 0.009 0.007 0.002 0.006 0.004 0.008 0.010 0.008 0.006 0.000 0.005 0.006 0.003 0.000 0.009 0.009 0.010 0.010 0.007 0.005 0.000 0.006 0.000 0.000 0.000 0.003 0.005 0.007 0.004 0.000 0.006 0.008 0.010 0.000 0.000 0.000 0.061 0.010 0.000 0.000 0.000 0.000 0.000 0.000 0.000 0.000 0.000 0.000 0.000
0.000 0.000 0.000 0.000 0.000 0.000 0.009 0.010 0.010 0.010 0.009 0.022 0.007 0.010 0.009 0.008 0.010 0.008 0.005 0.008 0.010 0.009 0.007 0.006 0.008 0.009 0.000 0.000 0.002 0.004 0.003 0.000 0.000 0.007 0.009 0.008 0.013 0.000 0.000 0.002 0.002 0.010 0.010 0.009 0.000 0.010 0.008 0.005 0.003 0.009 0.006 0.009 0.005 0.003 0.000 0.005 0.008 0.006 0.006 0.007 0.009 0.000 0.000 0.000 0.000 0.030 0.000 0.000 0.000 0.000 0.000 0.000 0.000 0.000 0.000 0.000 0.000
0.000 0.000 0.000 0.000 0.000 0.010 0.010 0.010 0.009 0.010 0.010 0.010 0.010 0.007 0.007 0.009 0.010 0.012 0.005 0.004 0.004 0.004 0.000 0.000 0.000 0.009 0.000 0.002 0.002 0.003 0.000 0.003 0.000 0.005 0.007 0.009 0.007 0.000 0.000 0.000 0.003 0.003 0.237 0.008 0.007 0.007 0.007 0.000 0.009 0.000 0.009 0.008 0.010 0.006 0.006 0.005 0.006 0.000 0.000 0.009 0.009 0.009 0.000 0.000 0.000 0.000 0.020 0.000 0.000 0.000 0.000 0.000 0.000 0.000 0.000 0.000 0.000
0.000 0.000 0.000 0.000 0.000 0.010 0.010 0.010 0.009 0.010 0.009 0.029 0.010 0.009 0.007 0.005 0.006 0.008 0.000 0.004 0.004 0.003 0.013 0.010 0.009 0.010 0.014 0.000 0.000 0.000 0.002 0.000 0.005 0.004 0.015 0.008 0.007 0.005 0.005 0.003 0.000 0.002 0.000 0.008 0.000 0.005 0.005 0.004 0.007 0.007 0.020 0.010 0.007 0.000 0.000 0.004 0.005 0.004 0.004 0.005 0.007 0.009 0.035 0.000 0.000 0.000 0.000 0.010 0.000 0.000 0.000 0.000 0.000 0.000 0.000 0.000 0.000
0.000 0.000 0.000 0.000 0.000 0.010 0.010 0.010 0.009 0.009 0.009 0.009 0.010 0.006 0.004 0.004 0.005 0.000 0.010 0.010 0.010 0.009 0.010 0.010 0.010 0.010 0.008 0.003 0.003 0.000 0.003 0.000 0.003 0.004 0.007 0.009 0.006 0.006 0.000 0.000 0.003 0.002 0.000 0.029 0.000 0.006 0.004 0.000 0.004 0.009 0.009 0.009 0.005 0.000 0.000 0.003 0.006 0.009 0.006 0.007 0.010 0.009 0.010 0.000 0.000 0.000 0.000 0.043 0.000 0.000 0.000 0.000 0.000 0.000 0.000 0.000 0.000
0.000 0.000 0.000 0.000 0.000 0.080 0.010 0.010 0.009 0.009 0.008 0.010 0.006 0.004 0.004 0.006 0.007 0.010 0.050 0.009 0.000 0.004 0.004 0.007 0.009 0.010 0.008 0.004 0.000 0.002 0.000 0.001 0.004 0.006 0.004 0.009 0.009 0.005 0.000 0.000 0.004 0.006 0.006 0.009 0.007 0.006 0.007 0.006 0.005 0.006 0.004 0.005 0.049 0.006 0.005 0.000 0.000 0.005 0.004 0.000 0.010 0.052 0.000 0.000 0.000 0.000 0.000 0.000 0.010 0.000 0.000 0.000 0.000 0.000 0.000 0.000 0.000
0.000 0.000 0.000 0.000 0.000 0.010 0.010 0.010 0.010 0.010 0.008 0.010 0.012 0.004 0.004 0.007 0.009 0.009 0.005 0.008 0.004 0.005 0.009 0.010 0.010 0.010 0.008 0.005 0.004 0.000 0.000 0.003 0.000 0.009 0.000 0.006 0.010 0.006 0.005 0.007 0.000 0.008 0.009 0.010 0.007 0.000 0.004 0.004 0.004 0.000 0.000 0.008 0.025 0.010 0.010 0.000 0.000 0.009 0.011 0.000 0.054 0.010 0.010 0.010 0.000 0.000 0.000 0.000 0.010 0.000 0.000 0.000 0.000 0.000 0.000 0.000 0.000
0.000 0.000 0.000 0.000 0.000 0.147 0.009 0.010 0.009 0.010 0.009 0.010 0.008 0.005 0.007 0.006 0.006 0.008 0.010 0.010 0.000 0.010 0.010 0.159 0.010 0.010 0.009 0.000 0.009 0.003 0.002 0.003 0.002 0.007 0.009 0.007 0.009 0.014 0.000 0.000 0.009 0.000 0.009 0.010 0.007 0.004 0.000 0.006 0.005 0.003 0.000 0.000 0.010 0.011 0.000 0.047 0.010 0.010 0.007 0.008 0.004 0.010 0.070 0.009 0.000 0.000 0.000 0.000 0.010 0.000 0.000 0.000 0.000 0.000 0.000 0.000 0.000
0.000 0.000 0.000 0.000 0.000 0.000 0.049 0.010 0.009 0.009 0.009 0.000 0.005 0.005 0.006 0.005 0.005 0.043 0.000 0.010 0.000 0.010 0.026 0.010 0.000 0.010 0.009 0.000 0.000 0.003 0.003 0.006 0.006 0.007 0.007 0.007 0.008 0.005 0.009 0.000 0.009 0.006 0.009 0.217 0.008 0.008 0.000 0.003 0.007 0.000 0.000 0.811 0.517 0.029 0.006 0.006 0.000 0.021 0.000 0.007 0.007 0.010 0.007 0.007 0.010 0.000 0.000 0.000 0.010 0.010 0.000 0.000 0.000 0.000 0.000 0.000 0.000
0.000 0.000 0.000 0.000 0.000 0.000 0.012 0.009 0.010 0.009 0.008 0.016 0.009 0.004 0.005 0.008 0.009 0.000 0.010 0.156 0.091 0.132 0.090 0.010 0.000 0.010 0.010 0.020 0.000 0.007 0.009 0.007 0.009 0.010 0.010 0.006 0.026 0.008 0.010 0.000 0.000 0.008 0.000 0.000 0.007 0.000 0.072 0.009 0.013 0.007 0.009 0.000 0.000 0.043 0.009 0.009 0.007 0.000 0.000 0.000 0.004 0.000 0.007 0.072 0.009 0.000 0.000 0.000 0.117 0.010 0.000 0.000 0.000 0.000 0.000 0.000 0.000
0.000 0.000 0.000 0.000 0.000 0.000 0.010 0.009 0.010 0.009 0.007 0.005 0.003 0.006 0.008 0.000 0.010 0.010 0.010 0.010 0.010 0.010 0.010 0.120 0.010 0.010 0.010 0.009 0.015 0.007 0.010 0.010 0.010 0.010 0.097 0.007 0.007 0.009 0.007 0.000 0.000 0.009 0.007 0.010 0.010 0.010 0.010 0.010 0.005 0.008 0.004 0.004 0.000 0.041 0.010 0.010 0.010 0.005 0.005 0.000 0.004 0.003 0.003 0.009 0.009 0.030 0.000 0.000 0.000 0.010 0.000 0.000 0.000 0.000 0.000 0.000 0.000
0.000 0.000 0.000 0.000 0.000 0.000 0.078 0.009 0.010 0.010 0.009 0.003 0.006 0.000 0.010 0.010 0.076 0.010 0.010 0.010 0.010 0.010 0.010 0.033 0.010 0.010 0.010 0.008 0.010 0.010 0.014 0.010 0.010 0.010 0.010 0.033 0.007 0.009 0.009 0.008 0.007 0.008 0.000 0.096 0.010 0.000 0.007 0.010 0.000 0.002 0.004 0.005 0.096 0.087 0.010 0.006 0.009 0.008 0.003 0.004 0.000 0.007 0.008 0.000 0.011 0.010 0.000 0.000 0.000 0.010 0.000 0.000 0.000 0.000 0.000 0.000 0.000
0.000 0.000 0.000 0.000 0.000 0.000 0.010 0.009 0.010 0.009 0.016 0.000 0.010 0.010 0.010 0.125 0.071 0.010 0.010 0.010 0.025 0.094 0.042 0.010 0.010 0.010 0.010 0.007 0.000 0.000 0.000 0.000 0.000 0.000 0.000 0.009 0.006 0.010 0.013 0.000 0.008 0.010 0.010 0.061 0.010 0.007 0.006 0.000 0.000 0.006 0.000 0.112 0.247 0.181 0.006 0.000 0.000 0.004 0.004 0.005 0.004 0.000 0.009 0.000 0.010 0.010 0.000 0.000 0.000 0.065 0.000 0.000 0.000 0.000 0.000 0.000 0.000
0.000 0.000 0.000 0.000 0.000 0.000 0.010 0.010 0.010 0.008 0.010 0.010 0.010 0.010 0.010 0.078 0.010 0.010 0.049 0.023 0.010 0.010 0.010 0.010 0.121 0.010 0.010 0.008 0.010 0.009 0.007 0.004 0.000 0.050 0.000 0.010 0.005 0.010 0.010 0.000 0.009 0.009 0.008 0.010 0.168 0.009 0.000 0.000 0.006 0.004 0.000 0.191 0.000 0.008 0.008 0.000 0.006 0.000 0.004 0.005 0.000 0.000 0.026 0.010 0.009 0.010 0.035 0.000 0.000 0.000 0.010 0.000 0.000 0.000 0.000 0.000 0.000
0.000 0.000 0.000 0.000 0.000 0.000 0.010 0.010 0.010 0.009 0.065 0.000 0.041 0.043 0.010 0.010 0.010 0.010 0.136 0.010 0.010 0.010 0.109 0.010 0.010 0.009 0.010 0.009 0.000 0.009 0.007 0.007 0.004 0.014 0.000 0.000 0.340 0.010 0.010 0.000 0.009 0.010 0.009 0.009 0.000 0.007 0.000 0.002 0.005 0.005 0.003 0.000 0.000 0.000 0.008 0.005 0.004 0.000 0.006 0.004 0.008 0.009 0.003 0.003 0.006 0.009 0.010 0.000 0.000 0.000 0.010 0.000 0.000 0.000 0.000 0.000 0.000
0.000 0.000 0.000 0.000 0.000 0.000 0.010 0.010 0.010 0.009 0.010 0.000 0.146 0.037 0.010 0.010 0.010 0.010 0.010 0.010 0.010 0.010 0.000 0.012 0.000 0.093 0.009 0.008 0.000 0.010 0.008 0.007 0.005 0.000 0.000 0.000 0.020 0.012 0.005 0.009 0.009 0.031 0.009 0.009 0.000 0.007 0.000 0.004 0.007 0.007 0.005 0.003 0.000 0.000 0.008 0.009 0.007 0.010 0.000 0.005 0.009 0.007 0.000 0.007 0.008 0.009 0.010 0.000 0.000 0.000 0.067 0.000 0.000 0.000 0.000 0.000 0.000
0.000 0.000 0.000 0.000 0.000 0.000 0.055 0.009 0.010 0.009 0.009 0.010 0.010 0.010 0.106 0.128 0.010 0.010 0.010 0.010 0.010 0.009 0.010 0.000 0.000 0.010 0.009 0.007 0.010 0.010 0.007 0.008 0.008 0.006 0.000 0.000 0.010 0.010 0.007 0.009 0.009 0.000 0.000 0.000 0.290 0.009 0.000 0.000 0.008 0.011 0.009 0.007 0.008 0.008 0.007 0.006 0.006 0.006 0.007 0.005 0.007 0.007 0.035 0.007 0.007 0.009 0.010 0.000 0.000 0.000 0.010 0.000 0.000 0.000 0.000 0.000 0.000
0.000 0.000 0.000 0.000 0.000 0.000 0.000 0.010 0.010 0.009 0.008 0.009 0.010 0.010 0.010 0.010 0.045 0.094 0.164 0.010 0.009 0.000 0.010 0.009 0.008 0.008 0.009 0.008 0.010 0.010 0.010 0.010 0.000 0.019 0.007 0.000 0.078 0.010 0.008 0.010 0.007 0.005 0.000 0.000 0.010 0.007 0.010 0.056 0.130 0.000 0.000 0.007 0.000 0.005 0.004 0.000 0.000 0.003 0.009 0.007 0.008 0.007 0.000 0.009 0.010 0.009 0.010 0.000 0.000 0.000 0.010 0.000 0.000 0.000 0.000 0.000 0.000
0.000 0.000 0.000 0.000 0.000 0.000 0.027 0.010 0.010 0.009 0.005 0.009 0.000 0.010 0.010 0.010 0.068 0.010 0.009 0.009 0.008 0.010 0.066 0.010 0.136 0.010 0.061 0.010 0.157 0.145 0.088 0.010 0.010 0.010 0.006 0.007 0.005 0.025 0.004 0.000 0.006 0.000 0.000 0.005 0.005 0.064 0.010 0.173 0.080 0.000 0.000 0.009 0.005 0.005 0.005 0.005 0.005 0.005 0.000 0.003 0.005 0.004 0.000 0.000 0.000 0.009 0.010 0.044 0.000 0.000 0.053 0.000 0.000 0.000 0.000 0.000 0.000
0.000 0.000 0.000 0.000 0.000 0.000 0.010 0.032 0.010 0.009 0.066 0.010 0.000 0.010 0.010 0.091 0.010 0.000 0.010 0.009 0.000 0.000 0.000 0.010 0.018 0.010 0.010 0.008 0.112 0.110 0.010 0.010 0.010 0.010 0.000 0.000 0.000 0.010 0.010 0.017 0.008 0.000 0.009 0.004 0.043 0.009 0.006 0.098 0.029 0.000 0.000 0.025 0.010 0.010 0.066 0.010 0.009 0.006 0.007 0.007 0.005 0.006 0.000 0.004 0.008 0.010 0.010 0.010 0.000 0.000 0.000 0.010 0.000 0.000 0.000 0.000 0.000
0.000 0.000 0.000 0.000 0.000 0.000 0.010 0.009 0.010 0.009 0.010 0.026 0.010 0.188 0.010 0.010 0.009 0.008 0.009 0.000 0.000 0.000 0.000 0.000 0.000 0.010 0.010 0.009 0.000 0.128 0.010 0.010 0.010 0.009 0.007 0.009 0.004 0.010 0.010 0.010 0.010 0.023 0.000 0.006 0.005 0.000 0.008 0.000 0.095 0.010 0.010 0.007 0.010 0.000 0.010 0.010 0.028 0.010 0.006 0.000 0.006 0.006 0.000 0.000 0.039 0.010 0.009 0.010 0.000 0.000 0.000 0.042 0.000 0.000 0.000 0.000 0.000
0.000 0.000 0.000 0.000 0.000 0.000 0.010 0.009 0.010 0.009 0.010 0.009 0.096 0.010 0.000 0.009 0.008 0.008 0.000 0.000 0.009 0.010 0.061 0.000 0.000 0.000 0.000 0.008 0.000 0.000 0.000 0.000 0.000 0.000 0.006 0.000 0.006 0.010 0.010 0.010 0.000 0.007 0.000 0.000 0.010 0.007 0.010 0.010 0.010 0.017 0.000 0.007 0.010 0.000 0.010 0.010 0.070 0.010 0.009 0.007 0.007 0.014 0.009 0.010 0.009 0.010 0.009 0.010 0.000 0.000 0.000 0.000 0.000 0.000 0.000 0.000 0.000
0.000 0.000 0.000 0.000 0.000 0.000 0.057 0.009 0.010 0.009 0.038 0.000 0.000 0.000 0.008 0.008 0.009 0.000 0.007 0.006 0.010 0.000 0.010 0.010 0.010 0.000 0.000 0.010 0.000 0.000 0.000 0.000 0.000 0.000 0.009 0.010 0.009 0.010 0.011 0.010 0.010 0.007 0.004 0.009 0.010 0.033 0.010 0.000 0.009 0.008 0.010 0.007 0.007 0.007 0.010 0.010 0.009 0.007 0.007 0.009 0.009 0.006 0.009 0.010 0.010 0.009 0.008 0.010 0.000 0.000 0.000 0.000 0.000 0.000 0.000 0.000 0.000
0.000 0.000 0.000 0.000 0.000 0.000 0.010 0.009 0.010 0.009 0.000 0.000 0.007 0.000 0.008 0.000 0.008 0.010 0.079 0.019 0.010 0.010 0.010 0.044 0.019 0.010 0.010 0.008 0.000 0.000 0.052 0.010 0.000 0.000 0.000 0.009 0.010 0.010 0.011 0.007 0.009 0.006 0.008 0.007 0.008 0.007 0.010 0.007 0.005 0.007 0.011 0.007 0.006 0.007 0.007 0.007 0.008 0.009 0.009 0.010 0.010 0.007 0.009 0.009 0.009 0.009 0.008 0.010 0.000 0.000 0.000 0.010 0.000 0.000 0.000 0.000 0.000
0.000 0.000 0.000 0.000 0.000 0.000 0.010 0.009 0.010 0.009 0.008 0.006 0.000 0.007 0.010 0.009 0.000 0.010 0.010 0.000 0.000 0.097 0.145 0.094 0.019 0.010 0.010 0.009 0.000 0.000 0.000 0.000 0.010 0.009 0.006 0.007 0.006 0.009 0.156 0.008 0.046 0.009 0.007 0.009 0.009 0.010 0.010 0.007 0.010 0.009 0.007 0.007 0.007 0.013 0.008 0.009 0.010 0.009 0.010 0.009 0.010 0.009 0.000 0.008 0.009 0.014 0.009 0.010 0.000 0.000 0.000 0.066 0.000 0.000 0.000 0.000 0.000
