hx_30m/njhx/rain/result-0040.wd
ncols         211
nrows         286
xllcorner     660279.582600
yllcorner     3541874.325092
cellsize      30.000000
NODATA_value  -9999.000000
[rows 170 to 203 of 286, columns 77 to 153 of 211]
0.010 0.002 0.009 0.004 0.211 0.102 0.002 0.001 0.003 0.004 0.003 0.007 0.010 0.010 0.010 0.007 0.005 0.010 0.010 0.010 0.004 0.002 0.001 0.000 0.002 0.000 0.010 0.004 0.010 0.007 0.006 0.002 0.002 0.010 0.003 0.002 0.006 0.002 0.002 0.003 0.010 0.118 0.196 0.010 0.001 0.001 0.000 0.000 0.001 0.000 0.001 0.001 0.000 0.003 0.002 0.005 0.000 0.000 0.003 0.002 0.032 0.000 0.000 0.000 0.006 0.000 0.000 0.001 0.001 0.000 0.000 0.001 0.010 0.010 0.049 0.000 0.010
0.010 0.002 0.005 0.010 0.111 0.006 0.002 0.002 0.001 0.001 0.010 0.002 0.001 0.001 0.001 0.003 0.010 0.007 0.000 0.000 0.002 0.003 0.000 0.000 0.002 0.000 0.010 0.000 0.000 0.010 0.004 0.006 0.004 0.010 0.010 0.000 0.006 0.009 0.010 0.002 0.006 0.004 0.001 0.000 0.001 0.000 0.000 0.000 0.004 0.010 0.002 0.002 0.006 0.000 0.000 0.010 0.000 0.003 0.000 0.000 0.010 0.000 0.000 0.001 0.000 0.000 0.000 0.000 0.002 0.001 0.000 0.002 0.006 0.023 0.000 0.002 0.008
0.005 0.004 0.007 0.003 0.010 0.130 0.004 0.002 0.001 0.000 0.001 0.000 0.005 0.004 0.000 0.002 0.005 0.065 0.010 0.010 0.003 0.003 0.000 0.002 0.007 0.007 0.010 0.000 0.060 0.010 0.001 0.000 0.002 0.010 0.011 0.000 0.002 0.002 0.004 0.002 0.002 0.000 0.002 0.001 0.000 0.000 0.000 0.003 0.006 0.025 0.002 0.001 0.001 0.001 0.000 0.000 0.004 0.010 0.006 0.003 0.010 0.000 0.000 0.000 0.002 0.002 0.003 0.000 0.002 0.000 0.000 0.002 0.002 0.001 0.000 0.215 0.351
0.046 0.007 0.004 0.007 0.063 0.049 0.002 0.010 0.003 0.002 0.002 0.007 0.003 0.001 0.005 0.002 0.000 0.000 0.000 0.000 0.002 0.002 0.001 0.003 0.007 0.003 0.007 0.000 0.010 0.010 0.001 0.002 0.001 0.001 0.000 0.002 0.004 0.004 0.003 0.003 0.004 0.002 0.000 0.003 0.002 0.005 0.001 0.001 0.001 0.000 0.002 0.000 0.005 0.010 0.000 0.000 0.006 0.001 0.006 0.000 0.010 0.006 0.002 0.001 0.000 0.000 0.003 0.004 0.007 0.004 0.000 0.002 0.002 0.002 0.000 0.061 0.000
0.000 0.010 0.010 0.008 0.005 0.007 0.002 0.039 0.003 0.006 0.002 0.004 0.038 0.002 0.002 0.002 0.003 0.007 0.002 0.007 0.002 0.003 0.002 0.002 0.001 0.000 0.000 0.000 0.000 0.000 0.001 0.000 0.001 0.002 0.010 0.010 0.005 0.004 0.002 0.004 0.002 0.000 0.000 0.003 0.000 0.000 0.000 0.001 0.001 0.000 0.003 0.000 0.002 0.010 0.003 0.000 0.001 0.000 0.002 0.002 0.005 0.003 0.000 0.006 0.002 0.001 0.002 0.000 0.001 0.003 0.000 0.000 0.001 0.157 0.017 0.021 0.000
0.028 0.000 0.010 0.010 0.005 0.001 0.002 0.001 0.004 0.004 0.003 0.005 0.007 0.002 0.005 0.005 0.007 0.022 0.005 0.029 0.007 0.004 0.003 0.003 0.003 0.005 0.002 0.001 0.003 0.007 0.003 0.001 0.002 0.002 0.010 0.005 0.000 0.007 0.002 0.010 0.006 0.000 0.000 0.010 0.002 0.000 0.000 0.000 0.000 0.000 0.002 0.010 0.002 0.002 0.000 0.000 0.000 0.001 0.001 0.003 0.004 0.000 0.001 0.001 0.003 0.006 0.002 0.003 0.001 0.000 0.001 0.001 0.010 0.165 0.003 0.009 0.000
0.000 0.044 0.010 0.010 0.002 0.001 0.001 0.002 0.001 0.001 0.001 0.002 0.003 0.002 0.002 0.002 0.001 0.003 0.002 0.003 0.002 0.002 0.002 0.003 0.004 0.001 0.018 0.003 0.005 0.003 0.012 0.003 0.003 0.002 0.002 0.002 0.002 0.001 0.002 0.004 0.009 0.010 0.010 0.010 0.000 0.000 0.000 0.000 0.000 0.002 0.002 0.000 0.002 0.000 0.000 0.000 0.003 0.002 0.004 0.005 0.000 0.000 0.003 0.002 0.001 0.001 0.001 0.000 0.000 0.000 0.001 0.004 0.619 0.000 0.000 0.010 0.000
0.010 0.010 0.029 0.010 0.001 0.001 0.005 0.006 0.006 0.006 0.001 0.002 0.001 0.001 0.000 0.001 0.003 0.002 0.002 0.003 0.004 0.002 0.000 0.005 0.010 0.004 0.004 0.004 0.004 0.003 0.003 0.004 0.002 0.002 0.002 0.002 0.002 0.003 0.001 0.004 0.004 0.018 0.002 0.001 0.002 0.004 0.004 0.001 0.003 0.010 0.006 0.003 0.002 0.001 0.000 0.002 0.010 0.001 0.001 0.001 0.002 0.014 0.004 0.010 0.000 0.002 0.001 0.001 0.001 0.000 0.001 0.002 0.000 0.002 0.245 0.000 0.000
0.010 0.010 0.007 0.002 0.001 0.001 0.003 0.002 0.002 0.003 0.004 0.002 0.001 0.001 0.002 0.003 0.003 0.002 0.002 0.001 0.010 0.007 0.004 0.004 0.007 0.002 0.006 0.000 0.002 0.000 0.000 0.000 0.004 0.005 0.002 0.001 0.002 0.007 0.003 0.007 0.001 0.006 0.006 0.004 0.004 0.004 0.002 0.002 0.003 0.002 0.003 0.002 0.003 0.003 0.002 0.001 0.007 0.001 0.000 0.000 0.003 0.000 0.010 0.010 0.010 0.004 0.006 0.001 0.001 0.002 0.001 0.000 0.000 0.002 0.001 0.001 0.010
0.010 0.003 0.007 0.002 0.003 0.007 0.007 0.003 0.002 0.004 0.001 0.001 0.002 0.002 0.000 0.001 0.005 0.010 0.031 0.004 0.003 0.002 0.005 0.010 0.084 0.031 0.010 0.007 0.006 0.007 0.004 0.010 0.007 0.004 0.000 0.000 0.000 0.002 0.003 0.010 0.007 0.010 0.086 0.037 0.010 0.010 0.010 0.029 0.010 0.017 0.010 0.001 0.004 0.000 0.003 0.003 0.001 0.001 0.006 0.010 0.006 0.002 0.009 0.002 0.004 0.006 0.010 0.010 0.000 0.001 0.002 0.001 0.001 0.003 0.001 0.004 0.000
0.010 0.010 0.001 0.001 0.001 0.003 0.005 0.002 0.006 0.004 0.010 0.002 0.001 0.001 0.001 0.002 0.010 0.047 0.113 0.010 0.010 0.002 0.002 0.040 0.000 0.004 0.006 0.002 0.010 0.000 0.005 0.012 0.007 0.002 0.000 0.000 0.000 0.002 0.003 0.010 0.006 0.010 0.010 0.010 0.010 0.010 0.133 0.138 0.010 0.005 0.010 0.002 0.002 0.000 0.004 0.001 0.001 0.001 0.000 0.002 0.001 0.017 0.002 0.001 0.003 0.003 0.004 0.003 0.006 0.004 0.001 0.001 0.000 0.001 0.001 0.001 0.000
0.010 0.003 0.001 0.001 0.010 0.003 0.007 0.001 0.002 0.002 0.001 0.001 0.001 0.001 0.000 0.004 0.010 0.102 0.010 0.010 0.002 0.001 0.000 0.007 0.010 0.010 0.004 0.010 0.010 0.010 0.008 0.003 0.010 0.001 0.003 0.000 0.001 0.002 0.001 0.002 0.002 0.010 0.010 0.010 0.010 0.010 0.128 0.177 0.010 0.002 0.003 0.000 0.007 0.010 0.001 0.000 0.000 0.000 0.000 0.001 0.001 0.000 0.006 0.000 0.002 0.002 0.002 0.006 0.003 0.004 0.006 0.006 0.000 0.005 0.001 0.001 0.000
0.005 0.007 0.001 0.001 0.001 0.002 0.001 0.003 0.004 0.001 0.001 0.001 0.001 0.000 0.002 0.004 0.010 0.010 0.086 0.079 0.004 0.002 0.007 0.004 0.005 0.006 0.007 0.007 0.129 0.007 0.000 0.007 0.003 0.003 0.010 0.004 0.038 0.004 0.003 0.002 0.002 0.010 0.010 0.022 0.010 0.010 0.010 0.010 0.006 0.002 0.000 0.003 0.001 0.000 0.001 0.000 0.001 0.001 0.001 0.000 0.000 0.001 0.001 0.004 0.003 0.002 0.003 0.010 0.010 0.003 0.004 0.004 0.004 0.005 0.010 0.010 0.000
0.007 0.007 0.007 0.003 0.003 0.001 0.001 0.002 0.001 0.001 0.002 0.010 0.006 0.000 0.004 0.004 0.010 0.093 0.010 0.010 0.003 0.001 0.004 0.010 0.003 0.007 0.000 0.003 0.006 0.003 0.007 0.016 0.010 0.002 0.010 0.006 0.000 0.004 0.003 0.006 0.002 0.010 0.056 0.010 0.010 0.010 0.010 0.010 0.003 0.002 0.000 0.003 0.000 0.000 0.001 0.000 0.002 0.001 0.001 0.001 0.002 0.002 0.000 0.002 0.000 0.000 0.002 0.010 0.007 0.004 0.010 0.004 0.005 0.006 0.007 0.008 0.002
0.002 0.064 0.010 0.010 0.007 0.003 0.002 0.002 0.001 0.001 0.001 0.010 0.006 0.005 0.003 0.003 0.049 0.007 0.010 0.010 0.003 0.001 0.004 0.006 0.003 0.017 0.003 0.002 0.007 0.003 0.016 0.006 0.000 0.002 0.003 0.002 0.000 0.003 0.004 0.003 0.006 0.010 0.010 0.179 0.010 0.010 0.010 0.010 0.010 0.000 0.000 0.000 0.000 0.000 0.001 0.001 0.002 0.002 0.004 0.006 0.000 0.004 0.002 0.001 0.002 0.000 0.000 0.000 0.003 0.002 0.043 0.021 0.003 0.002 0.007 0.008 0.002
0.003 0.010 0.010 0.003 0.003 0.002 0.004 0.001 0.000 0.001 0.002 0.003 0.008 0.010 0.010 0.004 0.001 0.000 0.010 0.000 0.001 0.002 0.001 0.001 0.001 0.004 0.000 0.010 0.000 0.003 0.006 0.010 0.004 0.001 0.010 0.010 0.003 0.051 0.010 0.003 0.000 0.010 0.277 0.010 0.010 0.010 0.029 0.010 0.003 0.010 0.006 0.002 0.001 0.006 0.006 0.010 0.000 0.000 0.005 0.010 0.004 0.010 0.001 0.003 0.000 0.002 0.001 0.000 0.002 0.002 0.001 0.006 0.006 0.010 0.010 0.003 0.003
0.010 0.007 0.003 0.003 0.002 0.005 0.002 0.001 0.002 0.010 0.020 0.004 0.010 0.007 0.000 0.000 0.004 0.000 0.052 0.000 0.002 0.004 0.002 0.001 0.001 0.002 0.001 0.002 0.002 0.002 0.002 0.000 0.006 0.002 0.003 0.002 0.001 0.015 0.003 0.003 0.940 0.010 0.265 0.010 0.010 0.274 0.010 0.010 0.003 0.000 0.006 0.006 0.008 0.000 0.003 0.010 0.018 0.010 0.005 0.007 0.000 0.006 0.005 0.000 0.010 0.008 0.001 0.000 0.002 0.006 0.004 0.001 0.001 0.001 0.002 0.002 0.000
0.003 0.026 0.003 0.005 0.002 0.002 0.001 0.002 0.001 0.010 0.001 0.012 0.001 0.000 0.002 0.000 0.002 0.000 0.000 0.000 0.010 0.010 0.003 0.001 0.000 0.000 0.000 0.002 0.001 0.001 0.001 0.001 0.001 0.001 0.001 0.002 0.007 0.185 0.003 0.001 0.888 0.000 0.666 0.101 0.010 0.035 0.010 0.016 0.004 0.000 0.010 0.004 0.006 0.007 0.033 0.049 0.004 0.010 0.016 0.004 0.004 0.004 0.007 0.000 0.000 0.000 0.003 0.001 0.002 0.001 0.000 0.000 0.000 0.000 0.021 0.000 0.001
0.003 0.042 0.002 0.004 0.002 0.004 0.003 0.010 0.010 0.010 0.016 0.001 0.001 0.001 0.000 0.002 0.000 0.000 0.000 0.000 0.001 0.010 0.002 0.000 0.000 0.000 0.000 0.000 0.000 0.000 0.003 0.003 0.006 0.006 0.002 0.002 0.001 0.228 0.354 0.536 0.020 0.010 0.010 0.000 0.010 0.010 0.015 0.010 0.010 0.010 0.004 0.010 0.006 0.000 0.000 0.006 0.010 0.006 0.006 0.070 0.004 0.003 0.004 0.002 0.000 0.000 0.000 0.002 0.001 0.001 0.000 0.000 0.000 0.000 0.000 0.000 0.000
0.002 0.001 0.002 0.001 0.001 0.002 0.008 0.009 0.010 0.010 0.007 0.000 0.000 0.001 0.002 0.010 0.000 0.000 0.010 0.010 0.001 0.082 0.010 0.000 0.001 0.001 0.001 0.000 0.001 0.008 0.027 0.001 0.003 0.060 0.003 0.000 0.000 0.003 0.001 0.001 0.137 0.006 0.000 0.010 0.465 0.000 0.498 0.004 0.006 0.010 0.018 0.000 0.003 0.004 0.003 0.003 0.006 0.007 0.005 0.004 0.006 0.001 0.001 0.003 0.001 0.001 0.001 0.002 0.001 0.000 0.001 0.000 0.001 0.001 0.000 0.002 0.002
0.004 0.004 0.005 0.005 0.002 0.004 0.012 0.284 0.068 0.010 0.002 0.001 0.001 0.000 0.003 0.004 0.000 0.000 0.000 0.009 0.003 0.002 0.000 0.001 0.001 0.001 0.002 0.001 0.000 0.002 0.000 0.003 0.004 0.004 0.001 0.002 0.003 0.002 0.105 0.010 0.012 0.014 0.002 0.004 0.000 0.000 0.612 0.000 0.010 0.010 0.006 0.002 0.000 0.010 0.006 0.029 0.000 0.003 0.003 0.001 0.001 0.006 0.010 0.055 0.000 0.001 0.002 0.002 0.004 0.000 0.001 0.001 0.010 0.001 0.001 0.010 0.010
0.002 0.002 0.003 0.010 0.058 0.003 0.237 0.010 0.012 0.010 0.001 0.001 0.000 0.004 0.004 0.005 0.010 0.059 0.000 0.000 0.003 0.000 0.002 0.001 0.001 0.000 0.003 0.001 0.004 0.010 0.010 0.010 0.003 0.001 0.003 0.000 0.002 0.003 0.002 0.010 0.010 0.000 0.010 0.009 0.004 0.004 0.006 0.003 0.083 0.000 0.010 0.010 0.075 0.010 0.010 0.003 0.002 0.002 0.015 0.003 0.002 0.003 0.003 0.019 0.010 0.000 0.006 0.000 0.000 0.001 0.001 0.002 0.010 0.004 0.003 0.004 0.010
0.002 0.005 0.005 0.004 0.002 0.002 0.002 0.005 0.038 0.010 0.010 0.020 0.058 0.000 0.010 0.010 0.002 0.007 0.010 0.000 0.010 0.004 0.001 0.001 0.000 0.000 0.001 0.004 0.010 0.010 0.003 0.002 0.004 0.003 0.001 0.000 0.003 0.002 0.097 0.010 0.010 0.000 0.000 0.010 0.004 0.002 0.001 0.002 0.000 0.010 0.130 0.000 0.010 0.010 0.010 0.023 0.010 0.003 0.000 0.000 0.001 0.002 0.010 0.006 0.003 0.003 0.002 0.004 0.000 0.000 0.000 0.013 0.002 0.001 0.000 0.034 0.005
0.004 0.001 0.002 0.005 0.003 0.002 0.004 0.007 0.010 0.010 0.012 0.055 0.000 0.002 0.034 0.009 0.001 0.002 0.000 0.001 0.005 0.010 0.005 0.005 0.000 0.001 0.004 0.010 0.034 0.010 0.000 0.002 0.000 0.002 0.000 0.000 0.003 0.003 0.008 0.003 0.000 0.000 0.000 0.010 0.000 0.010 0.005 0.008 0.008 0.004 0.010 0.010 0.124 0.000 0.010 0.010 0.010 0.004 0.000 0.000 0.000 0.009 0.010 0.001 0.004 0.002 0.001 0.000 0.000 0.002 0.002 0.001 0.002 0.010 0.010 0.004 0.039
0.005 0.005 0.005 0.003 0.003 0.005 0.005 0.005 0.010 0.010 0.048 0.072 0.000 0.001 0.001 0.003 0.002 0.003 0.002 0.003 0.005 0.001 0.002 0.005 0.002 0.001 0.005 0.010 0.010 0.001 0.005 0.002 0.000 0.002 0.000 0.003 0.003 0.002 0.001 0.004 0.010 0.010 0.010 0.000 0.000 0.000 0.001 0.003 0.002 0.003 0.002 0.009 0.010 0.010 0.205 0.000 0.159 0.010 0.010 0.004 0.001 0.010 0.042 0.016 0.003 0.006 0.001 0.001 0.000 0.000 0.000 0.000 0.001 0.010 0.006 0.004 0.010
0.005 0.005 0.003 0.002 0.004 0.003 0.005 0.007 0.002 0.071 0.169 0.000 0.001 0.001 0.001 0.001 0.003 0.002 0.003 0.003 0.007 0.002 0.000 0.003 0.001 0.001 0.000 0.000 0.000 0.000 0.002 0.001 0.002 0.000 0.000 0.001 0.003 0.006 0.001 0.006 0.000 0.000 0.010 0.010 0.010 0.010 0.002 0.001 0.063 0.010 0.010 0.010 0.010 0.002 0.010 0.010 0.010 0.000 0.129 0.010 0.006 0.010 0.010 0.010 0.010 0.001 0.001 0.001 0.000 0.000 0.000 0.000 0.000 0.001 0.001 0.004 0.010
0.001 0.006 0.004 0.010 0.005 0.005 0.002 0.005 0.003 0.002 0.083 0.002 0.003 0.001 0.002 0.001 0.007 0.000 0.000 0.010 0.014 0.000 0.002 0.001 0.007 0.000 0.000 0.000 0.000 0.001 0.000 0.004 0.000 0.005 0.006 0.010 0.093 0.010 0.001 0.003 0.000 0.000 0.066 0.000 0.010 0.002 0.016 0.003 0.002 0.019 0.134 0.000 0.003 0.002 0.003 0.006 0.010 0.010 0.010 0.000 0.265 0.010 0.010 0.080 0.003 0.002 0.001 0.000 0.000 0.000 0.000 0.000 0.000 0.002 0.000 0.010 0.000
0.003 0.007 0.005 0.000 0.004 0.006 0.010 0.010 0.047 0.000 0.075 0.005 0.005 0.002 0.001 0.003 0.003 0.003 0.007 0.005 0.005 0.001 0.001 0.002 0.000 0.001 0.000 0.001 0.001 0.000 0.000 0.000 0.005 0.006 0.010 0.002 0.002 0.002 0.002 0.003 0.010 0.010 0.000 0.000 0.000 0.004 0.010 0.006 0.002 0.006 0.055 0.042 0.000 0.000 0.001 0.003 0.002 0.009 0.010 0.010 0.010 0.000 0.437 0.010 0.001 0.000 0.006 0.000 0.000 0.000 0.000 0.000 0.000 0.001 0.001 0.000 0.000
0.010 0.010 0.010 0.010 0.007 0.003 0.007 0.000 0.000 0.072 0.003 0.000 0.010 0.001 0.001 0.005 0.001 0.005 0.002 0.002 0.007 0.003 0.001 0.003 0.000 0.006 0.001 0.000 0.001 0.000 0.003 0.010 0.006 0.108 0.006 0.002 0.003 0.003 0.002 0.002 0.000 0.010 0.010 0.010 0.010 0.002 0.007 0.000 0.000 0.004 0.010 0.006 0.010 0.002 0.007 0.006 0.001 0.002 0.003 0.006 0.010 0.010 0.010 0.000 0.000 0.034 0.000 0.001 0.000 0.000 0.000 0.001 0.001 0.005 0.000 0.001 0.001
0.010 0.010 0.010 0.000 0.004 0.023 0.000 0.062 0.010 0.000 0.000 0.002 0.002 0.001 0.001 0.010 0.001 0.001 0.001 0.002 0.001 0.001 0.008 0.003 0.003 0.006 0.003 0.006 0.000 0.000 0.004 0.010 0.010 0.003 0.006 0.002 0.006 0.003 0.006 0.051 0.000 0.048 0.000 0.000 0.006 0.004 0.039 0.010 0.006 0.010 0.000 0.010 0.002 0.000 0.007 0.007 0.003 0.000 0.004 0.003 0.005 0.003 0.006 0.002 0.010 0.000 0.015 0.003 0.000 0.000 0.000 0.000 0.000 0.001 0.080 0.001 0.001
0.010 0.004 0.000 0.005 0.015 0.000 0.013 0.007 0.000 0.003 0.005 0.001 0.000 0.002 0.000 0.000 0.003 0.001 0.001 0.005 0.002 0.000 0.001 0.000 0.003 0.004 0.002 0.002 0.006 0.004 0.010 0.004 0.010 0.002 0.003 0.003 0.006 0.003 0.006 0.010 0.000 0.000 0.000 0.000 0.002 0.002 0.014 0.013 0.002 0.004 0.002 0.001 0.012 0.001 0.010 0.000 0.061 0.002 0.004 0.000 0.001 0.003 0.004 0.000 0.000 0.002 0.006 0.000 0.347 0.010 0.001 0.001 0.000 0.001 0.001 0.001 0.003
0.002 0.004 0.004 0.000 0.010 0.006 0.010 0.000 0.000 0.000 0.001 0.001 0.004 0.000 0.000 0.001 0.001 0.001 0.002 0.002 0.000 0.003 0.001 0.003 0.002 0.002 0.004 0.014 0.010 0.002 0.006 0.003 0.006 0.002 0.001 0.004 0.006 0.003 0.006 0.010 0.010 0.003 0.000 0.006 0.006 0.003 0.024 0.104 0.081 0.000 0.002 0.000 0.000 0.000 0.000 0.002 0.002 0.000 0.004 0.003 0.000 0.001 0.002 0.003 0.002 0.001 0.003 0.001 0.010 0.000 0.000 0.014 0.001 0.010 0.000 0.000 0.000
0.010 0.258 0.000 0.010 0.007 0.010 0.010 0.000 0.002 0.002 0.003 0.057 0.010 0.010 0.003 0.007 0.001 0.000 0.001 0.007 0.002 0.000 0.000 0.002 0.002 0.003 0.002 0.010 0.006 0.000 0.000 0.024 0.003 0.004 0.010 0.004 0.006 0.003 0.002 0.003 0.002 0.002 0.003 0.006 0.016 0.000 0.000 0.073 0.046 0.003 0.001 0.000 0.000 0.000 0.000 0.000 0.002 0.011 0.004 0.003 0.003 0.002 0.078 0.010 0.000 0.006 0.002 0.004 0.004 0.001 0.003 0.000 0.000 0.002 0.000 0.001 0.010
0.000 0.010 0.010 0.002 0.010 0.010 0.001 0.001 0.001 0.001 0.004 0.069 0.010 0.010 0.002 0.000 0.000 0.000 0.002 0.005 0.000 0.000 0.000 0.000 0.002 0.000 0.002 0.110 0.010 0.010 0.003 0.001 0.001 0.004 0.003 0.018 0.004 0.003 0.002 0.002 0.001 0.002 0.001 0.002 0.003 0.005 0.004 0.003 0.000 0.002 0.000 0.000 0.000 0.000 0.010 0.001 0.002 0.002 0.010 0.010 0.004 0.000 0.010 0.000 0.000 0.000 0.002 0.002 0.002 0.000 0.000 0.001 0.004 0.000 0.000 0.002 0.001
