hx_30m/njhx/rain/result-0028.wd
ncols         211
nrows         286
xllcorner     660279.582600
yllcorner     3541874.325092
cellsize      30.000000
NODATA_value  -9999.000000
[rows 170 to 203 of 286, columns 77 to 153 of 211]
0.010 0.009 0.010 0.010 0.227 0.118 0.007 0.006 0.009 0.021 0.009 0.010 0.010 0.010 0.010 0.010 0.009 0.010 0.010 0.010 0.009 0.008 0.005 0.007 0.008 0.000 0.010 0.009 0.010 0.020 0.010 0.008 0.007 0.010 0.009 0.008 0.010 0.009 0.008 0.013 0.010 0.118 0.196 0.010 0.005 0.004 0.000 0.000 0.006 0.004 0.007 0.006 0.000 0.013 0.007 0.021 0.000 0.004 0.008 0.007 0.032 0.000 0.000 0.002 0.009 0.000 0.000 0.024 0.012 0.000 0.000 0.005 0.013 0.010 0.073 0.000 0.010
0.010 0.009 0.009 0.010 0.127 0.023 0.008 0.008 0.006 0.005 0.010 0.008 0.006 0.006 0.006 0.009 0.010 0.010 0.000 0.000 0.007 0.009 0.000 0.000 0.008 0.000 0.010 0.000 0.000 0.039 0.009 0.010 0.009 0.010 0.022 0.000 0.010 0.039 0.010 0.008 0.010 0.009 0.006 0.000 0.004 0.002 0.003 0.000 0.009 0.010 0.007 0.007 0.009 0.000 0.000 0.010 0.000 0.006 0.000 0.000 0.010 0.000 0.000 0.006 0.000 0.000 0.000 0.000 0.055 0.005 0.000 0.007 0.009 0.039 0.000 0.007 0.010
0.010 0.009 0.010 0.009 0.029 0.163 0.009 0.008 0.006 0.000 0.005 0.000 0.009 0.012 0.000 0.007 0.009 0.064 0.010 0.010 0.009 0.009 0.000 0.007 0.010 0.010 0.010 0.000 0.059 0.010 0.005 0.000 0.007 0.010 0.047 0.000 0.008 0.008 0.009 0.007 0.008 0.000 0.009 0.004 0.000 0.002 0.003 0.009 0.010 0.077 0.007 0.007 0.005 0.005 0.000 0.000 0.007 0.010 0.009 0.010 0.010 0.000 0.000 0.000 0.007 0.007 0.013 0.000 0.011 0.000 0.000 0.007 0.007 0.004 0.000 0.103 0.240
0.046 0.010 0.009 0.010 0.096 0.083 0.007 0.010 0.009 0.008 0.008 0.010 0.009 0.006 0.009 0.007 0.000 0.000 0.000 0.000 0.008 0.008 0.006 0.008 0.010 0.035 0.010 0.000 0.010 0.010 0.006 0.008 0.004 0.008 0.000 0.007 0.009 0.009 0.008 0.008 0.016 0.008 0.000 0.010 0.007 0.010 0.006 0.009 0.009 0.000 0.009 0.000 0.024 0.010 0.000 0.000 0.015 0.007 0.009 0.000 0.010 0.009 0.007 0.006 0.000 0.000 0.008 0.010 0.010 0.014 0.000 0.008 0.007 0.007 0.000 0.024 0.000
0.000 0.010 0.010 0.010 0.009 0.021 0.007 0.038 0.008 0.018 0.008 0.014 0.042 0.008 0.007 0.008 0.009 0.010 0.007 0.010 0.007 0.008 0.008 0.007 0.006 0.000 0.000 0.000 0.000 0.000 0.005 0.000 0.004 0.008 0.010 0.010 0.009 0.009 0.007 0.009 0.007 0.000 0.000 0.008 0.000 0.000 0.000 0.008 0.005 0.000 0.008 0.000 0.007 0.010 0.010 0.000 0.006 0.000 0.009 0.007 0.010 0.019 0.000 0.009 0.007 0.007 0.007 0.000 0.004 0.008 0.000 0.000 0.006 0.175 0.031 0.027 0.000
0.027 0.000 0.010 0.010 0.009 0.006 0.008 0.005 0.009 0.009 0.009 0.021 0.010 0.008 0.009 0.009 0.010 0.070 0.009 0.029 0.010 0.009 0.008 0.008 0.008 0.020 0.008 0.006 0.008 0.010 0.008 0.004 0.008 0.007 0.010 0.009 0.000 0.010 0.008 0.010 0.010 0.000 0.000 0.010 0.007 0.000 0.000 0.000 0.000 0.000 0.007 0.010 0.007 0.007 0.000 0.000 0.000 0.006 0.006 0.008 0.009 0.000 0.005 0.007 0.008 0.009 0.007 0.008 0.004 0.000 0.004 0.005 0.016 0.182 0.008 0.010 0.000
0.000 0.042 0.010 0.010 0.007 0.005 0.007 0.007 0.004 0.006 0.005 0.006 0.009 0.008 0.007 0.008 0.004 0.008 0.007 0.008 0.008 0.008 0.007 0.008 0.009 0.007 0.049 0.008 0.022 0.008 0.025 0.008 0.008 0.009 0.007 0.009 0.018 0.006 0.007 0.009 0.039 0.010 0.010 0.010 0.000 0.000 0.000 0.000 0.003 0.007 0.007 0.000 0.007 0.000 0.000 0.005 0.009 0.007 0.009 0.009 0.000 0.000 0.008 0.007 0.006 0.009 0.006 0.000 0.003 0.000 0.006 0.009 0.658 0.000 0.000 0.010 0.000
0.010 0.010 0.041 0.010 0.004 0.004 0.009 0.009 0.009 0.009 0.009 0.007 0.004 0.004 0.000 0.006 0.008 0.006 0.006 0.008 0.009 0.008 0.000 0.009 0.010 0.009 0.009 0.009 0.009 0.008 0.008 0.011 0.008 0.008 0.009 0.008 0.008 0.008 0.006 0.009 0.009 0.018 0.007 0.007 0.007 0.009 0.017 0.006 0.008 0.020 0.009 0.008 0.007 0.006 0.000 0.008 0.010 0.007 0.004 0.006 0.007 0.018 0.009 0.010 0.000 0.007 0.006 0.006 0.004 0.000 0.004 0.007 0.000 0.007 0.220 0.000 0.000
0.010 0.010 0.010 0.007 0.006 0.005 0.008 0.007 0.007 0.008 0.009 0.008 0.006 0.005 0.007 0.008 0.008 0.008 0.006 0.005 0.010 0.010 0.009 0.013 0.010 0.008 0.010 0.000 0.008 0.000 0.000 0.000 0.009 0.012 0.007 0.006 0.007 0.010 0.014 0.010 0.007 0.009 0.009 0.009 0.009 0.009 0.007 0.007 0.008 0.008 0.010 0.007 0.018 0.010 0.017 0.008 0.010 0.006 0.000 0.000 0.008 0.000 0.010 0.010 0.010 0.009 0.009 0.008 0.004 0.006 0.006 0.003 0.000 0.007 0.004 0.005 0.010
0.010 0.008 0.010 0.006 0.008 0.010 0.010 0.008 0.007 0.009 0.004 0.004 0.007 0.007 0.000 0.006 0.009 0.010 0.029 0.009 0.008 0.007 0.009 0.010 0.084 0.030 0.010 0.010 0.010 0.010 0.009 0.010 0.010 0.009 0.000 0.000 0.000 0.008 0.019 0.010 0.045 0.010 0.086 0.037 0.010 0.010 0.010 0.028 0.010 0.047 0.010 0.007 0.009 0.000 0.008 0.010 0.008 0.007 0.009 0.010 0.019 0.008 0.010 0.007 0.009 0.009 0.010 0.010 0.000 0.005 0.007 0.005 0.006 0.008 0.005 0.009 0.000
0.010 0.010 0.007 0.004 0.003 0.009 0.009 0.007 0.009 0.009 0.010 0.007 0.006 0.006 0.005 0.007 0.010 0.046 0.112 0.010 0.010 0.008 0.008 0.040 0.000 0.009 0.010 0.007 0.010 0.000 0.010 0.026 0.010 0.008 0.000 0.000 0.000 0.007 0.008 0.010 0.036 0.010 0.010 0.010 0.010 0.010 0.132 0.136 0.010 0.010 0.010 0.007 0.007 0.000 0.009 0.004 0.007 0.005 0.000 0.007 0.006 0.044 0.007 0.006 0.008 0.008 0.016 0.008 0.009 0.009 0.006 0.005 0.000 0.006 0.006 0.005 0.000
0.010 0.009 0.007 0.006 0.010 0.008 0.010 0.006 0.007 0.006 0.004 0.005 0.006 0.005 0.000 0.009 0.010 0.101 0.010 0.010 0.008 0.005 0.000 0.010 0.010 0.010 0.009 0.010 0.010 0.010 0.010 0.009 0.050 0.005 0.008 0.003 0.006 0.007 0.006 0.007 0.007 0.010 0.010 0.010 0.010 0.010 0.127 0.175 0.010 0.007 0.008 0.000 0.023 0.010 0.006 0.000 0.000 0.000 0.003 0.006 0.005 0.000 0.009 0.000 0.007 0.007 0.007 0.041 0.010 0.009 0.031 0.009 0.000 0.013 0.007 0.005 0.000
0.009 0.010 0.006 0.006 0.006 0.007 0.005 0.008 0.008 0.006 0.006 0.006 0.006 0.000 0.007 0.009 0.010 0.010 0.084 0.078 0.009 0.008 0.010 0.009 0.009 0.010 0.010 0.010 0.112 0.010 0.000 0.010 0.008 0.008 0.010 0.009 0.038 0.009 0.020 0.007 0.007 0.010 0.010 0.022 0.010 0.010 0.010 0.010 0.009 0.007 0.000 0.008 0.005 0.000 0.004 0.000 0.005 0.007 0.004 0.000 0.000 0.006 0.006 0.014 0.008 0.007 0.008 0.010 0.010 0.008 0.009 0.009 0.034 0.010 0.010 0.010 0.000
0.010 0.010 0.010 0.008 0.019 0.004 0.005 0.007 0.006 0.004 0.006 0.010 0.010 0.000 0.009 0.009 0.010 0.091 0.010 0.010 0.018 0.006 0.009 0.011 0.009 0.010 0.000 0.011 0.010 0.008 0.010 0.016 0.010 0.007 0.010 0.009 0.000 0.009 0.008 0.009 0.007 0.010 0.055 0.010 0.010 0.010 0.010 0.010 0.008 0.007 0.000 0.008 0.000 0.000 0.004 0.000 0.007 0.005 0.006 0.006 0.007 0.009 0.002 0.008 0.000 0.000 0.007 0.010 0.010 0.009 0.010 0.010 0.031 0.009 0.036 0.024 0.008
0.008 0.064 0.010 0.010 0.010 0.009 0.007 0.007 0.008 0.003 0.005 0.010 0.010 0.009 0.008 0.008 0.049 0.009 0.010 0.010 0.008 0.006 0.009 0.010 0.008 0.042 0.008 0.008 0.010 0.008 0.041 0.009 0.000 0.008 0.008 0.012 0.000 0.008 0.009 0.008 0.009 0.010 0.010 0.119 0.010 0.010 0.010 0.010 0.010 0.000 0.000 0.000 0.000 0.000 0.006 0.007 0.007 0.007 0.009 0.009 0.000 0.009 0.007 0.005 0.008 0.000 0.003 0.000 0.008 0.007 0.049 0.026 0.008 0.007 0.010 0.031 0.007
0.009 0.010 0.010 0.008 0.009 0.018 0.009 0.005 0.004 0.005 0.007 0.007 0.010 0.010 0.010 0.009 0.005 0.000 0.010 0.000 0.006 0.007 0.006 0.006 0.007 0.009 0.000 0.010 0.000 0.008 0.009 0.020 0.009 0.006 0.010 0.010 0.008 0.008 0.010 0.008 0.000 0.010 0.022 0.010 0.010 0.010 0.029 0.010 0.008 0.010 0.009 0.007 0.007 0.009 0.009 0.010 0.000 0.000 0.031 0.010 0.009 0.010 0.010 0.008 0.000 0.009 0.005 0.000 0.007 0.007 0.006 0.010 0.009 0.010 0.010 0.008 0.007
0.010 0.010 0.016 0.008 0.006 0.009 0.006 0.004 0.006 0.010 0.023 0.008 0.010 0.066 0.000 0.003 0.009 0.000 0.052 0.000 0.007 0.009 0.006 0.004 0.005 0.008 0.003 0.011 0.007 0.007 0.007 0.000 0.009 0.007 0.008 0.007 0.006 0.007 0.008 0.008 0.943 0.010 0.011 0.010 0.010 0.147 0.010 0.010 0.008 0.000 0.009 0.009 0.036 0.000 0.008 0.010 0.049 0.010 0.010 0.010 0.000 0.009 0.033 0.000 0.010 0.010 0.005 0.000 0.007 0.009 0.009 0.004 0.004 0.005 0.007 0.009 0.000
0.009 0.068 0.009 0.009 0.007 0.006 0.005 0.006 0.005 0.010 0.005 0.024 0.004 0.000 0.007 0.000 0.007 0.000 0.000 0.000 0.010 0.010 0.008 0.006 0.000 0.000 0.000 0.007 0.006 0.005 0.004 0.005 0.006 0.005 0.007 0.007 0.010 0.008 0.008 0.006 0.890 0.000 0.301 0.010 0.010 0.010 0.010 0.041 0.009 0.000 0.010 0.009 0.009 0.016 0.058 0.075 0.009 0.010 0.040 0.010 0.009 0.009 0.010 0.000 0.000 0.000 0.008 0.004 0.007 0.006 0.000 0.000 0.000 0.000 0.067 0.000 0.006
0.009 0.085 0.007 0.008 0.007 0.008 0.007 0.010 0.010 0.010 0.052 0.004 0.003 0.003 0.000 0.009 0.000 0.000 0.000 0.000 0.006 0.010 0.007 0.000 0.000 0.000 0.000 0.000 0.000 0.000 0.008 0.016 0.009 0.009 0.007 0.007 0.007 0.009 0.146 0.329 0.020 0.010 0.010 0.000 0.010 0.010 0.010 0.010 0.010 0.010 0.009 0.010 0.009 0.000 0.000 0.009 0.010 0.009 0.009 0.070 0.009 0.008 0.009 0.009 0.000 0.000 0.000 0.007 0.004 0.006 0.000 0.000 0.003 0.000 0.000 0.000 0.003
0.007 0.005 0.008 0.005 0.006 0.006 0.009 0.010 0.010 0.010 0.009 0.003 0.000 0.004 0.007 0.010 0.000 0.000 0.010 0.010 0.005 0.082 0.010 0.000 0.005 0.006 0.005 0.000 0.005 0.035 0.069 0.007 0.008 0.060 0.008 0.000 0.000 0.008 0.007 0.007 0.135 0.009 0.000 0.010 0.088 0.000 0.252 0.009 0.009 0.010 0.047 0.000 0.017 0.009 0.008 0.008 0.009 0.055 0.010 0.009 0.009 0.005 0.004 0.008 0.005 0.008 0.005 0.007 0.005 0.000 0.005 0.003 0.005 0.004 0.003 0.006 0.007
0.008 0.016 0.009 0.009 0.006 0.008 0.007 0.149 0.023 0.010 0.006 0.006 0.003 0.000 0.007 0.008 0.000 0.000 0.000 0.031 0.008 0.007 0.000 0.006 0.004 0.005 0.009 0.007 0.000 0.007 0.000 0.008 0.009 0.009 0.006 0.007 0.008 0.007 0.095 0.012 0.011 0.013 0.007 0.009 0.000 0.000 0.367 0.000 0.010 0.010 0.009 0.009 0.000 0.010 0.009 0.068 0.000 0.010 0.010 0.004 0.005 0.009 0.010 0.055 0.000 0.005 0.007 0.007 0.015 0.000 0.005 0.005 0.010 0.006 0.006 0.013 0.010
0.006 0.007 0.008 0.010 0.055 0.007 0.063 0.010 0.018 0.010 0.005 0.005 0.000 0.008 0.008 0.009 0.010 0.058 0.000 0.000 0.007 0.000 0.007 0.009 0.005 0.000 0.008 0.006 0.009 0.010 0.010 0.010 0.008 0.007 0.014 0.000 0.013 0.008 0.007 0.010 0.010 0.000 0.010 0.043 0.009 0.009 0.009 0.008 0.083 0.000 0.010 0.010 0.075 0.010 0.010 0.010 0.021 0.008 0.017 0.008 0.007 0.008 0.008 0.019 0.010 0.000 0.009 0.000 0.000 0.004 0.007 0.007 0.010 0.025 0.010 0.010 0.010
0.007 0.009 0.009 0.025 0.007 0.007 0.007 0.009 0.051 0.012 0.014 0.029 0.071 0.000 0.010 0.010 0.013 0.009 0.010 0.000 0.010 0.008 0.005 0.005 0.000 0.000 0.006 0.009 0.010 0.010 0.008 0.007 0.009 0.008 0.007 0.000 0.008 0.007 0.145 0.012 0.010 0.000 0.000 0.010 0.009 0.007 0.006 0.010 0.000 0.010 0.131 0.000 0.010 0.010 0.010 0.024 0.010 0.010 0.000 0.000 0.007 0.007 0.010 0.009 0.008 0.008 0.007 0.009 0.004 0.002 0.000 0.029 0.007 0.006 0.000 0.055 0.010
0.008 0.006 0.007 0.008 0.007 0.007 0.008 0.009 0.013 0.012 0.020 0.067 0.000 0.007 0.048 0.024 0.005 0.007 0.000 0.006 0.009 0.010 0.009 0.009 0.000 0.007 0.013 0.010 0.034 0.010 0.000 0.007 0.000 0.013 0.000 0.000 0.012 0.008 0.045 0.008 0.000 0.000 0.000 0.010 0.000 0.010 0.015 0.025 0.010 0.009 0.010 0.010 0.123 0.000 0.010 0.010 0.010 0.009 0.000 0.000 0.000 0.010 0.010 0.007 0.009 0.007 0.006 0.000 0.004 0.007 0.009 0.005 0.010 0.010 0.010 0.010 0.050
0.009 0.009 0.008 0.007 0.007 0.009 0.009 0.009 0.010 0.010 0.063 0.085 0.000 0.004 0.006 0.007 0.007 0.008 0.007 0.008 0.009 0.009 0.007 0.009 0.007 0.007 0.028 0.010 0.010 0.007 0.017 0.021 0.000 0.007 0.000 0.020 0.008 0.018 0.006 0.009 0.010 0.010 0.010 0.000 0.000 0.000 0.006 0.008 0.007 0.008 0.007 0.010 0.010 0.010 0.191 0.000 0.159 0.010 0.010 0.009 0.005 0.010 0.044 0.017 0.008 0.009 0.006 0.005 0.003 0.003 0.004 0.004 0.005 0.010 0.009 0.026 0.010
0.009 0.009 0.007 0.007 0.008 0.008 0.008 0.009 0.007 0.092 0.189 0.000 0.004 0.005 0.005 0.006 0.007 0.007 0.008 0.007 0.009 0.007 0.000 0.007 0.006 0.006 0.000 0.000 0.004 0.000 0.007 0.007 0.007 0.000 0.000 0.007 0.008 0.009 0.006 0.009 0.000 0.000 0.010 0.010 0.010 0.010 0.007 0.007 0.059 0.010 0.010 0.010 0.010 0.008 0.010 0.010 0.010 0.000 0.129 0.010 0.009 0.010 0.010 0.010 0.010 0.006 0.005 0.005 0.003 0.003 0.000 0.002 0.003 0.006 0.006 0.009 0.010
0.006 0.032 0.008 0.010 0.009 0.009 0.007 0.008 0.007 0.007 0.107 0.007 0.016 0.005 0.013 0.006 0.009 0.000 0.000 0.010 0.031 0.000 0.007 0.006 0.009 0.000 0.000 0.000 0.000 0.005 0.000 0.011 0.000 0.022 0.009 0.010 0.093 0.010 0.006 0.008 0.000 0.000 0.066 0.000 0.010 0.007 0.019 0.008 0.007 0.033 0.148 0.000 0.011 0.007 0.008 0.009 0.010 0.010 0.010 0.000 0.258 0.010 0.010 0.080 0.008 0.007 0.005 0.000 0.003 0.002 0.000 0.004 0.003 0.007 0.000 0.010 0.000
0.007 0.009 0.009 0.000 0.008 0.013 0.010 0.010 0.045 0.000 0.100 0.009 0.009 0.007 0.006 0.009 0.007 0.007 0.009 0.025 0.009 0.004 0.005 0.007 0.000 0.006 0.000 0.006 0.005 0.000 0.000 0.000 0.019 0.009 0.010 0.007 0.007 0.007 0.007 0.008 0.010 0.010 0.000 0.000 0.000 0.009 0.010 0.010 0.009 0.009 0.069 0.056 0.000 0.000 0.005 0.008 0.007 0.010 0.010 0.010 0.010 0.000 0.379 0.010 0.006 0.000 0.009 0.000 0.000 0.002 0.000 0.003 0.003 0.005 0.006 0.000 0.000
0.010 0.010 0.010 0.010 0.009 0.009 0.009 0.000 0.000 0.059 0.007 0.000 0.010 0.006 0.005 0.010 0.009 0.009 0.007 0.007 0.023 0.008 0.006 0.007 0.000 0.010 0.005 0.004 0.006 0.000 0.020 0.010 0.009 0.108 0.009 0.007 0.008 0.008 0.007 0.007 0.000 0.010 0.010 0.010 0.010 0.007 0.010 0.000 0.000 0.009 0.010 0.009 0.010 0.007 0.026 0.009 0.006 0.007 0.008 0.010 0.010 0.010 0.010 0.000 0.000 0.034 0.000 0.005 0.000 0.002 0.002 0.004 0.005 0.010 0.003 0.005 0.004
0.010 0.010 0.010 0.000 0.009 0.072 0.000 0.060 0.010 0.000 0.000 0.009 0.011 0.005 0.004 0.010 0.004 0.005 0.004 0.007 0.007 0.006 0.034 0.007 0.008 0.033 0.008 0.009 0.000 0.000 0.009 0.010 0.010 0.008 0.009 0.007 0.009 0.015 0.009 0.051 0.000 0.048 0.000 0.000 0.009 0.009 0.043 0.010 0.009 0.010 0.000 0.010 0.007 0.000 0.009 0.022 0.008 0.000 0.009 0.008 0.012 0.008 0.009 0.007 0.020 0.000 0.037 0.008 0.000 0.003 0.002 0.000 0.000 0.005 0.080 0.005 0.004
0.010 0.007 0.000 0.009 0.127 0.000 0.028 0.009 0.000 0.007 0.009 0.004 0.003 0.007 0.000 0.000 0.007 0.005 0.005 0.009 0.007 0.000 0.005 0.000 0.008 0.009 0.013 0.007 0.009 0.009 0.010 0.009 0.010 0.007 0.008 0.015 0.009 0.018 0.009 0.010 0.000 0.000 0.000 0.000 0.007 0.007 0.017 0.018 0.007 0.009 0.007 0.006 0.026 0.005 0.010 0.000 0.060 0.007 0.009 0.000 0.005 0.008 0.010 0.000 0.000 0.006 0.009 0.000 0.298 0.010 0.006 0.005 0.000 0.005 0.005 0.006 0.008
0.007 0.011 0.008 0.000 0.032 0.009 0.010 0.000 0.000 0.000 0.005 0.006 0.009 0.000 0.000 0.006 0.004 0.003 0.007 0.009 0.000 0.007 0.007 0.007 0.007 0.007 0.009 0.077 0.018 0.007 0.009 0.008 0.009 0.007 0.006 0.020 0.009 0.008 0.038 0.010 0.010 0.008 0.000 0.009 0.009 0.008 0.034 0.117 0.094 0.000 0.007 0.000 0.000 0.000 0.000 0.007 0.007 0.000 0.009 0.008 0.000 0.005 0.007 0.008 0.007 0.006 0.008 0.005 0.010 0.000 0.000 0.014 0.006 0.010 0.000 0.000 0.000
0.009 0.287 0.000 0.010 0.009 0.010 0.010 0.000 0.007 0.007 0.007 0.057 0.010 0.010 0.012 0.009 0.003 0.000 0.005 0.009 0.010 0.000 0.000 0.007 0.007 0.008 0.007 0.010 0.010 0.000 0.000 0.082 0.008 0.008 0.010 0.008 0.009 0.008 0.007 0.008 0.012 0.008 0.008 0.010 0.102 0.000 0.000 0.085 0.058 0.008 0.006 0.000 0.000 0.000 0.000 0.000 0.007 0.022 0.009 0.008 0.007 0.007 0.076 0.010 0.000 0.015 0.007 0.008 0.008 0.005 0.009 0.000 0.000 0.008 0.000 0.003 0.010
0.000 0.010 0.010 0.007 0.010 0.010 0.006 0.004 0.005 0.004 0.010 0.069 0.010 0.010 0.007 0.000 0.000 0.000 0.006 0.009 0.000 0.000 0.000 0.000 0.007 0.000 0.007 0.111 0.011 0.010 0.008 0.006 0.005 0.009 0.008 0.051 0.009 0.008 0.007 0.007 0.007 0.007 0.006 0.010 0.010 0.031 0.009 0.008 0.000 0.007 0.000 0.000 0.000 0.000 0.010 0.013 0.007 0.007 0.010 0.010 0.008 0.000 0.010 0.000 0.000 0.000 0.006 0.007 0.006 0.000 0.000 0.005 0.015 0.000 0.000 0.007 0.008
