hx_30m/njhx/rain/result-0027.wd
ncols         211
nrows         286
xllcorner     660279.582600
yllcorner     3541874.325092
cellsize      30.000000
NODATA_value  -9999.000000
[rows 170 to 203 of 286, columns 77 to 153 of 211]
0.010 0.011 0.010 0.010 0.225 0.116 0.008 0.008 0.010 0.024 0.010 0.010 0.010 0.010 0.010 0.010 0.010 0.010 0.010 0.010 0.010 0.009 0.007 0.009 0.009 0.000 0.010 0.010 0.010 0.025 0.010 0.009 0.009 0.010 0.010 0.010 0.010 0.012 0.009 0.017 0.010 0.118 0.196 0.010 0.006 0.005 0.000 0.000 0.007 0.006 0.008 0.008 0.000 0.017 0.009 0.024 0.000 0.006 0.009 0.009 0.032 0.000 0.000 0.003 0.010 0.000 0.000 0.015 0.010 0.000 0.000 0.006 0.014 0.010 0.058 0.000 0.010
0.010 0.010 0.010 0.010 0.125 0.019 0.009 0.009 0.007 0.007 0.010 0.009 0.008 0.007 0.007 0.010 0.010 0.010 0.000 0.000 0.009 0.010 0.000 0.000 0.009 0.000 0.010 0.000 0.000 0.043 0.010 0.010 0.010 0.010 0.028 0.000 0.010 0.047 0.010 0.010 0.010 0.010 0.008 0.000 0.005 0.003 0.004 0.000 0.009 0.010 0.008 0.008 0.010 0.000 0.000 0.010 0.000 0.008 0.000 0.000 0.010 0.000 0.000 0.007 0.000 0.000 0.000 0.000 0.032 0.006 0.000 0.009 0.010 0.035 0.000 0.009 0.010
0.010 0.010 0.010 0.010 0.024 0.156 0.009 0.010 0.007 0.000 0.007 0.000 0.010 0.015 0.000 0.008 0.010 0.064 0.010 0.010 0.010 0.010 0.000 0.009 0.010 0.010 0.010 0.000 0.059 0.010 0.006 0.000 0.009 0.010 0.052 0.000 0.009 0.009 0.010 0.009 0.009 0.000 0.010 0.005 0.000 0.003 0.004 0.009 0.010 0.084 0.008 0.008 0.007 0.007 0.000 0.000 0.008 0.010 0.010 0.012 0.010 0.000 0.000 0.000 0.009 0.008 0.017 0.000 0.007 0.000 0.000 0.008 0.009 0.005 0.000 0.031 0.159
0.049 0.010 0.010 0.010 0.089 0.076 0.009 0.010 0.010 0.009 0.009 0.010 0.010 0.008 0.010 0.008 0.000 0.000 0.000 0.000 0.009 0.009 0.008 0.009 0.010 0.055 0.010 0.000 0.010 0.010 0.007 0.009 0.006 0.011 0.000 0.009 0.010 0.010 0.009 0.009 0.019 0.009 0.000 0.012 0.009 0.010 0.008 0.010 0.013 0.000 0.010 0.000 0.030 0.010 0.000 0.000 0.017 0.009 0.010 0.000 0.010 0.010 0.008 0.007 0.000 0.000 0.009 0.010 0.010 0.010 0.000 0.009 0.009 0.008 0.000 0.018 0.000
0.000 0.011 0.010 0.010 0.010 0.011 0.008 0.038 0.009 0.020 0.009 0.016 0.044 0.009 0.009 0.009 0.010 0.010 0.009 0.010 0.009 0.009 0.009 0.009 0.008 0.000 0.000 0.000 0.000 0.000 0.007 0.000 0.006 0.009 0.010 0.010 0.010 0.010 0.009 0.010 0.009 0.000 0.000 0.009 0.000 0.000 0.000 0.010 0.007 0.000 0.009 0.000 0.009 0.010 0.012 0.000 0.007 0.000 0.011 0.008 0.010 0.025 0.000 0.010 0.009 0.008 0.009 0.000 0.005 0.009 0.000 0.000 0.007 0.175 0.030 0.025 0.000
0.027 0.000 0.010 0.010 0.010 0.008 0.009 0.006 0.009 0.009 0.010 0.023 0.010 0.009 0.010 0.010 0.010 0.080 0.010 0.029 0.010 0.010 0.009 0.009 0.009 0.025 0.009 0.008 0.009 0.010 0.009 0.005 0.009 0.009 0.010 0.010 0.000 0.010 0.009 0.010 0.010 0.000 0.000 0.010 0.009 0.000 0.000 0.000 0.000 0.000 0.008 0.010 0.009 0.009 0.000 0.000 0.000 0.007 0.007 0.009 0.009 0.000 0.007 0.008 0.009 0.010 0.009 0.009 0.005 0.000 0.006 0.006 0.017 0.182 0.009 0.010 0.000
0.000 0.042 0.010 0.010 0.009 0.006 0.009 0.008 0.005 0.007 0.006 0.008 0.010 0.009 0.008 0.009 0.006 0.009 0.009 0.009 0.009 0.009 0.008 0.009 0.010 0.008 0.055 0.009 0.027 0.009 0.027 0.009 0.009 0.012 0.009 0.012 0.028 0.008 0.009 0.010 0.048 0.010 0.010 0.010 0.000 0.000 0.000 0.000 0.005 0.008 0.009 0.000 0.009 0.000 0.000 0.008 0.010 0.009 0.009 0.010 0.000 0.000 0.009 0.008 0.007 0.012 0.007 0.000 0.004 0.000 0.008 0.009 0.662 0.000 0.000 0.010 0.000
0.010 0.010 0.043 0.010 0.005 0.006 0.010 0.010 0.010 0.010 0.013 0.008 0.005 0.006 0.000 0.007 0.009 0.008 0.008 0.009 0.010 0.009 0.000 0.010 0.010 0.010 0.010 0.010 0.010 0.009 0.009 0.013 0.009 0.009 0.011 0.009 0.009 0.009 0.008 0.010 0.010 0.018 0.009 0.008 0.009 0.009 0.021 0.008 0.009 0.022 0.010 0.009 0.008 0.007 0.000 0.009 0.010 0.008 0.006 0.008 0.008 0.019 0.009 0.010 0.000 0.008 0.007 0.008 0.006 0.000 0.005 0.009 0.000 0.008 0.204 0.000 0.000
0.010 0.010 0.010 0.008 0.007 0.007 0.010 0.009 0.008 0.009 0.009 0.009 0.007 0.006 0.008 0.009 0.009 0.009 0.008 0.007 0.010 0.010 0.010 0.015 0.010 0.009 0.010 0.000 0.009 0.000 0.000 0.000 0.010 0.014 0.009 0.007 0.009 0.010 0.020 0.010 0.009 0.010 0.010 0.009 0.009 0.009 0.009 0.009 0.009 0.009 0.011 0.009 0.024 0.017 0.024 0.010 0.010 0.008 0.000 0.000 0.009 0.000 0.010 0.010 0.010 0.009 0.010 0.011 0.006 0.008 0.007 0.004 0.000 0.009 0.005 0.007 0.010
0.010 0.009 0.010 0.008 0.009 0.010 0.010 0.009 0.009 0.009 0.006 0.006 0.008 0.008 0.000 0.007 0.010 0.010 0.030 0.010 0.009 0.009 0.010 0.010 0.083 0.031 0.010 0.010 0.010 0.010 0.010 0.010 0.010 0.010 0.000 0.000 0.000 0.009 0.026 0.010 0.057 0.010 0.086 0.037 0.010 0.010 0.010 0.027 0.010 0.050 0.010 0.008 0.010 0.000 0.009 0.010 0.011 0.009 0.010 0.010 0.022 0.009 0.010 0.008 0.009 0.010 0.010 0.010 0.000 0.006 0.009 0.006 0.008 0.009 0.007 0.009 0.000
0.010 0.010 0.008 0.005 0.005 0.010 0.010 0.009 0.010 0.009 0.010 0.008 0.007 0.008 0.006 0.008 0.010 0.045 0.112 0.010 0.010 0.010 0.009 0.040 0.000 0.010 0.010 0.009 0.010 0.000 0.010 0.029 0.010 0.009 0.000 0.000 0.000 0.009 0.009 0.010 0.049 0.010 0.010 0.010 0.010 0.010 0.132 0.137 0.010 0.013 0.010 0.009 0.008 0.000 0.009 0.006 0.008 0.007 0.000 0.008 0.008 0.048 0.009 0.008 0.009 0.009 0.019 0.009 0.010 0.009 0.007 0.006 0.000 0.007 0.007 0.006 0.000
0.010 0.010 0.008 0.008 0.010 0.010 0.010 0.008 0.008 0.008 0.006 0.006 0.007 0.006 0.000 0.009 0.010 0.100 0.010 0.010 0.009 0.006 0.000 0.010 0.010 0.010 0.010 0.010 0.010 0.010 0.010 0.010 0.063 0.007 0.009 0.005 0.007 0.009 0.008 0.009 0.008 0.010 0.010 0.010 0.010 0.010 0.127 0.175 0.010 0.008 0.009 0.000 0.027 0.010 0.008 0.000 0.000 0.000 0.004 0.007 0.007 0.000 0.010 0.000 0.008 0.008 0.008 0.056 0.010 0.009 0.041 0.010 0.000 0.015 0.008 0.007 0.000
0.010 0.010 0.008 0.008 0.008 0.009 0.007 0.009 0.009 0.007 0.007 0.007 0.008 0.000 0.008 0.009 0.010 0.010 0.084 0.078 0.010 0.009 0.010 0.010 0.010 0.010 0.010 0.010 0.110 0.010 0.000 0.010 0.009 0.009 0.010 0.009 0.038 0.009 0.028 0.008 0.008 0.010 0.010 0.022 0.010 0.010 0.010 0.010 0.010 0.009 0.000 0.009 0.007 0.000 0.005 0.000 0.007 0.008 0.006 0.000 0.000 0.008 0.008 0.016 0.009 0.008 0.009 0.010 0.010 0.009 0.010 0.009 0.041 0.010 0.010 0.010 0.000
0.010 0.010 0.010 0.010 0.025 0.006 0.006 0.008 0.007 0.005 0.008 0.010 0.010 0.000 0.009 0.009 0.010 0.091 0.010 0.010 0.024 0.007 0.010 0.011 0.010 0.010 0.000 0.013 0.010 0.009 0.012 0.018 0.010 0.009 0.010 0.010 0.000 0.009 0.009 0.010 0.009 0.010 0.055 0.010 0.010 0.010 0.010 0.010 0.009 0.008 0.000 0.009 0.000 0.000 0.005 0.000 0.009 0.007 0.008 0.008 0.009 0.013 0.003 0.009 0.000 0.000 0.009 0.010 0.010 0.009 0.010 0.013 0.038 0.010 0.042 0.030 0.009
0.010 0.064 0.010 0.010 0.010 0.010 0.008 0.008 0.010 0.005 0.007 0.010 0.010 0.010 0.009 0.009 0.049 0.010 0.010 0.010 0.009 0.007 0.010 0.010 0.009 0.047 0.009 0.009 0.010 0.009 0.042 0.010 0.000 0.010 0.009 0.015 0.000 0.009 0.009 0.009 0.010 0.010 0.010 0.119 0.010 0.010 0.010 0.010 0.010 0.000 0.000 0.000 0.000 0.000 0.008 0.008 0.009 0.009 0.009 0.010 0.000 0.009 0.008 0.006 0.010 0.000 0.004 0.000 0.009 0.009 0.053 0.030 0.009 0.008 0.010 0.037 0.008
0.010 0.010 0.010 0.009 0.010 0.028 0.010 0.007 0.006 0.006 0.008 0.008 0.010 0.010 0.010 0.009 0.007 0.000 0.010 0.000 0.007 0.008 0.007 0.007 0.008 0.009 0.000 0.010 0.000 0.009 0.010 0.022 0.009 0.008 0.010 0.010 0.009 0.011 0.010 0.009 0.000 0.010 0.022 0.010 0.010 0.010 0.029 0.010 0.009 0.010 0.010 0.008 0.008 0.010 0.010 0.010 0.000 0.000 0.039 0.010 0.009 0.010 0.010 0.009 0.000 0.011 0.007 0.000 0.009 0.008 0.008 0.010 0.010 0.010 0.010 0.009 0.009
0.010 0.010 0.021 0.009 0.008 0.010 0.008 0.005 0.007 0.010 0.023 0.009 0.010 0.088 0.000 0.005 0.009 0.000 0.052 0.000 0.009 0.009 0.008 0.006 0.007 0.010 0.005 0.014 0.008 0.008 0.009 0.000 0.010 0.009 0.009 0.008 0.008 0.008 0.009 0.009 0.941 0.010 0.010 0.010 0.010 0.147 0.010 0.010 0.009 0.000 0.010 0.010 0.044 0.000 0.009 0.010 0.054 0.010 0.010 0.010 0.000 0.010 0.040 0.000 0.010 0.010 0.007 0.000 0.008 0.010 0.010 0.006 0.006 0.007 0.008 0.011 0.000
0.010 0.074 0.010 0.010 0.008 0.007 0.006 0.007 0.006 0.010 0.007 0.026 0.006 0.000 0.008 0.000 0.009 0.000 0.000 0.000 0.010 0.010 0.009 0.007 0.000 0.000 0.000 0.008 0.007 0.007 0.005 0.007 0.008 0.007 0.008 0.009 0.010 0.009 0.009 0.008 0.888 0.000 0.243 0.010 0.010 0.010 0.010 0.046 0.009 0.000 0.010 0.009 0.010 0.019 0.061 0.078 0.009 0.010 0.044 0.010 0.009 0.009 0.010 0.000 0.000 0.000 0.009 0.006 0.008 0.008 0.000 0.000 0.000 0.000 0.078 0.000 0.008
0.010 0.091 0.008 0.009 0.009 0.009 0.009 0.010 0.010 0.010 0.063 0.005 0.005 0.005 0.000 0.013 0.000 0.000 0.000 0.000 0.007 0.010 0.008 0.000 0.000 0.000 0.000 0.000 0.000 0.000 0.009 0.021 0.010 0.010 0.008 0.009 0.008 0.008 0.009 0.208 0.018 0.010 0.010 0.000 0.010 0.010 0.010 0.010 0.010 0.010 0.009 0.010 0.010 0.000 0.000 0.010 0.010 0.010 0.010 0.070 0.009 0.009 0.009 0.010 0.000 0.000 0.000 0.009 0.006 0.008 0.000 0.000 0.005 0.000 0.000 0.000 0.004
0.009 0.007 0.010 0.007 0.007 0.008 0.010 0.010 0.010 0.010 0.010 0.004 0.000 0.005 0.008 0.010 0.000 0.000 0.010 0.010 0.007 0.082 0.010 0.000 0.006 0.009 0.007 0.000 0.006 0.041 0.075 0.009 0.009 0.060 0.009 0.000 0.000 0.009 0.008 0.008 0.109 0.010 0.000 0.010 0.088 0.000 0.204 0.009 0.010 0.010 0.052 0.000 0.022 0.009 0.009 0.009 0.010 0.067 0.010 0.009 0.010 0.006 0.006 0.009 0.007 0.010 0.007 0.008 0.007 0.000 0.006 0.004 0.007 0.006 0.004 0.008 0.008
0.010 0.021 0.010 0.010 0.008 0.009 0.009 0.068 0.012 0.010 0.007 0.007 0.005 0.000 0.009 0.009 0.000 0.000 0.000 0.037 0.009 0.009 0.000 0.008 0.006 0.007 0.010 0.008 0.000 0.008 0.000 0.009 0.009 0.009 0.008 0.008 0.009 0.008 0.078 0.010 0.010 0.012 0.009 0.009 0.000 0.000 0.319 0.000 0.010 0.010 0.010 0.011 0.000 0.010 0.010 0.068 0.000 0.010 0.010 0.006 0.006 0.010 0.010 0.055 0.000 0.007 0.008 0.009 0.018 0.000 0.007 0.006 0.010 0.008 0.007 0.014 0.010
0.008 0.009 0.009 0.010 0.055 0.009 0.035 0.010 0.012 0.010 0.007 0.006 0.000 0.009 0.009 0.009 0.010 0.058 0.000 0.000 0.009 0.000 0.009 0.014 0.007 0.000 0.009 0.007 0.009 0.010 0.010 0.010 0.009 0.008 0.018 0.000 0.017 0.009 0.009 0.010 0.010 0.000 0.010 0.053 0.009 0.009 0.010 0.009 0.083 0.000 0.010 0.010 0.075 0.010 0.010 0.010 0.025 0.009 0.018 0.009 0.008 0.009 0.009 0.019 0.010 0.000 0.010 0.000 0.000 0.006 0.009 0.008 0.010 0.036 0.011 0.010 0.010
0.008 0.010 0.010 0.035 0.008 0.008 0.008 0.009 0.039 0.010 0.010 0.020 0.049 0.000 0.010 0.010 0.020 0.010 0.010 0.000 0.010 0.009 0.007 0.007 0.000 0.000 0.008 0.009 0.010 0.010 0.009 0.008 0.009 0.009 0.008 0.000 0.009 0.009 0.145 0.012 0.010 0.000 0.000 0.010 0.009 0.009 0.007 0.013 0.000 0.010 0.131 0.000 0.010 0.010 0.010 0.024 0.010 0.013 0.000 0.000 0.010 0.008 0.010 0.010 0.009 0.009 0.008 0.009 0.006 0.004 0.000 0.031 0.009 0.007 0.000 0.057 0.010
0.009 0.008 0.008 0.009 0.009 0.008 0.009 0.010 0.010 0.010 0.014 0.057 0.000 0.008 0.051 0.027 0.007 0.008 0.000 0.008 0.009 0.010 0.009 0.009 0.000 0.008 0.019 0.010 0.034 0.010 0.000 0.008 0.000 0.018 0.000 0.000 0.014 0.009 0.045 0.009 0.000 0.000 0.000 0.010 0.000 0.010 0.018 0.028 0.010 0.010 0.010 0.010 0.122 0.000 0.010 0.010 0.010 0.009 0.000 0.000 0.000 0.010 0.010 0.009 0.009 0.008 0.008 0.000 0.005 0.008 0.010 0.007 0.013 0.010 0.010 0.010 0.053
0.010 0.009 0.009 0.008 0.009 0.009 0.009 0.009 0.009 0.010 0.053 0.075 0.000 0.006 0.008 0.009 0.008 0.009 0.008 0.009 0.009 0.015 0.008 0.009 0.008 0.008 0.034 0.010 0.010 0.009 0.024 0.028 0.000 0.009 0.000 0.030 0.009 0.028 0.008 0.009 0.010 0.010 0.010 0.000 0.000 0.000 0.007 0.009 0.009 0.009 0.008 0.010 0.010 0.010 0.186 0.000 0.159 0.010 0.010 0.009 0.006 0.010 0.045 0.018 0.009 0.010 0.007 0.007 0.004 0.004 0.005 0.005 0.006 0.010 0.010 0.033 0.010
0.010 0.009 0.009 0.008 0.009 0.009 0.009 0.010 0.008 0.079 0.177 0.000 0.005 0.006 0.007 0.007 0.009 0.008 0.009 0.009 0.010 0.008 0.000 0.009 0.008 0.007 0.000 0.000 0.005 0.000 0.008 0.008 0.009 0.000 0.000 0.009 0.009 0.010 0.007 0.010 0.000 0.000 0.010 0.010 0.010 0.010 0.009 0.008 0.058 0.010 0.010 0.010 0.010 0.009 0.010 0.010 0.010 0.000 0.129 0.010 0.010 0.010 0.010 0.010 0.010 0.007 0.006 0.006 0.004 0.004 0.000 0.003 0.004 0.007 0.007 0.009 0.010
0.008 0.042 0.009 0.010 0.009 0.009 0.008 0.009 0.008 0.008 0.094 0.008 0.021 0.007 0.020 0.008 0.010 0.000 0.000 0.010 0.034 0.000 0.008 0.008 0.010 0.000 0.000 0.000 0.000 0.007 0.000 0.013 0.000 0.027 0.010 0.010 0.093 0.010 0.007 0.009 0.000 0.000 0.066 0.000 0.010 0.009 0.019 0.009 0.008 0.034 0.149 0.000 0.013 0.008 0.009 0.010 0.010 0.010 0.010 0.000 0.256 0.010 0.010 0.081 0.009 0.008 0.007 0.000 0.005 0.003 0.000 0.005 0.004 0.008 0.000 0.010 0.000
0.009 0.009 0.009 0.000 0.009 0.017 0.010 0.010 0.045 0.000 0.087 0.009 0.009 0.008 0.008 0.010 0.009 0.009 0.010 0.032 0.009 0.006 0.007 0.008 0.000 0.007 0.000 0.008 0.006 0.000 0.000 0.000 0.023 0.010 0.010 0.009 0.008 0.009 0.008 0.009 0.010 0.010 0.000 0.000 0.000 0.009 0.010 0.010 0.010 0.010 0.069 0.056 0.000 0.000 0.007 0.009 0.008 0.010 0.010 0.010 0.010 0.000 0.368 0.010 0.007 0.000 0.010 0.000 0.000 0.003 0.000 0.004 0.005 0.007 0.007 0.000 0.000
0.010 0.010 0.010 0.010 0.010 0.013 0.010 0.000 0.000 0.057 0.009 0.000 0.010 0.007 0.007 0.010 0.012 0.009 0.008 0.008 0.026 0.009 0.008 0.009 0.000 0.010 0.007 0.006 0.007 0.000 0.027 0.010 0.010 0.108 0.010 0.008 0.009 0.009 0.009 0.009 0.000 0.010 0.010 0.010 0.010 0.008 0.010 0.000 0.000 0.009 0.010 0.010 0.010 0.009 0.031 0.010 0.007 0.009 0.009 0.010 0.010 0.010 0.010 0.000 0.000 0.034 0.000 0.007 0.000 0.003 0.003 0.005 0.007 0.010 0.004 0.006 0.005
0.010 0.010 0.010 0.000 0.010 0.080 0.000 0.060 0.010 0.000 0.000 0.009 0.014 0.006 0.006 0.010 0.006 0.007 0.005 0.008 0.009 0.008 0.041 0.009 0.009 0.043 0.009 0.010 0.000 0.000 0.009 0.010 0.010 0.009 0.010 0.009 0.010 0.020 0.009 0.051 0.000 0.048 0.000 0.000 0.010 0.009 0.043 0.010 0.010 0.010 0.000 0.010 0.009 0.000 0.010 0.026 0.009 0.000 0.009 0.009 0.014 0.009 0.010 0.008 0.021 0.000 0.041 0.009 0.000 0.004 0.003 0.000 0.000 0.006 0.080 0.006 0.005
0.010 0.009 0.000 0.009 0.150 0.000 0.030 0.010 0.000 0.009 0.009 0.006 0.005 0.008 0.000 0.000 0.009 0.007 0.007 0.009 0.008 0.000 0.007 0.000 0.009 0.009 0.017 0.008 0.010 0.009 0.010 0.009 0.010 0.009 0.009 0.021 0.010 0.023 0.009 0.010 0.000 0.000 0.000 0.000 0.009 0.009 0.017 0.018 0.009 0.009 0.009 0.008 0.028 0.007 0.010 0.000 0.060 0.008 0.009 0.000 0.006 0.009 0.012 0.000 0.000 0.007 0.010 0.000 0.288 0.010 0.008 0.006 0.000 0.006 0.007 0.007 0.008
0.008 0.012 0.009 0.000 0.056 0.009 0.010 0.000 0.000 0.000 0.007 0.008 0.010 0.000 0.000 0.008 0.006 0.005 0.008 0.011 0.000 0.009 0.011 0.009 0.008 0.009 0.009 0.085 0.026 0.008 0.010 0.009 0.010 0.009 0.008 0.026 0.010 0.009 0.051 0.010 0.010 0.009 0.000 0.010 0.010 0.009 0.034 0.117 0.094 0.000 0.008 0.000 0.000 0.000 0.000 0.008 0.008 0.000 0.009 0.009 0.000 0.006 0.008 0.009 0.008 0.007 0.008 0.006 0.010 0.000 0.000 0.014 0.007 0.010 0.000 0.000 0.000
0.009 0.288 0.000 0.010 0.010 0.010 0.010 0.000 0.008 0.008 0.009 0.057 0.010 0.010 0.015 0.010 0.005 0.000 0.007 0.010 0.013 0.000 0.000 0.008 0.008 0.009 0.009 0.010 0.010 0.000 0.000 0.095 0.009 0.009 0.010 0.009 0.009 0.009 0.009 0.009 0.017 0.009 0.009 0.010 0.107 0.000 0.000 0.085 0.058 0.009 0.008 0.000 0.000 0.000 0.000 0.000 0.008 0.024 0.009 0.009 0.008 0.008 0.076 0.010 0.000 0.017 0.008 0.009 0.009 0.007 0.011 0.000 0.000 0.010 0.000 0.005 0.010
0.000 0.010 0.010 0.008 0.010 0.010 0.008 0.006 0.007 0.005 0.010 0.070 0.010 0.010 0.008 0.000 0.000 0.000 0.008 0.009 0.000 0.000 0.000 0.000 0.009 0.000 0.008 0.113 0.012 0.010 0.009 0.008 0.007 0.009 0.008 0.057 0.009 0.009 0.008 0.009 0.008 0.008 0.007 0.010 0.010 0.031 0.009 0.009 0.000 0.009 0.000 0.000 0.000 0.000 0.010 0.020 0.008 0.008 0.010 0.010 0.009 0.000 0.010 0.000 0.000 0.000 0.007 0.008 0.007 0.000 0.000 0.006 0.018 0.000 0.000 0.008 0.009
