hx_30m/njhx/rain/result-0022.wd
ncols         211
nrows         286
xllcorner     660279.582600
yllcorner     3541874.325092
cellsize      30.000000
NODATA_value  -9999.000000
[rows 204 to 237 of 286, columns 77 to 153 of 211]
0.010 0.010 0.010 0.010 0.037 0.010 0.010 0.009 0.009 0.009 0.010 0.010 0.010 0.123 0.010 0.000 0.008 0.006 0.010 0.019 0.010 0.010 0.012 0.007 0.000 0.010 0.010 0.010 0.067 0.010 0.008 0.000 0.009 0.010 0.010 0.010 0.007 0.020 0.009 0.007 0.005 0.005 0.006 0.010 0.007 0.006 0.006 0.006 0.009 0.008 0.000 0.000 0.000 0.000 0.008 0.005 0.008 0.000 0.019 0.010 0.008 0.010 0.012 0.000 0.010 0.021 0.008 0.010 0.033 0.010 0.009 0.008 0.009 0.009 0.030 0.000 0.000
0.020 0.010 0.010 0.010 0.014 0.010 0.007 0.011 0.010 0.011 0.000 0.000 0.010 0.010 0.010 0.010 0.010 0.008 0.010 0.010 0.008 0.000 0.000 0.014 0.010 0.010 0.010 0.010 0.008 0.000 0.005 0.000 0.000 0.000 0.010 0.010 0.011 0.009 0.004 0.000 0.004 0.010 0.010 0.010 0.006 0.010 0.009 0.006 0.008 0.006 0.008 0.005 0.011 0.000 0.005 0.000 0.000 0.008 0.010 0.010 0.034 0.000 0.000 0.009 0.008 0.010 0.010 0.009 0.010 0.010 0.010 0.009 0.008 0.010 0.008 0.009 0.015
0.010 0.016 0.010 0.039 0.010 0.010 0.008 0.000 0.000 0.000 0.010 0.010 0.010 0.000 0.000 0.010 0.000 0.010 0.014 0.008 0.000 0.000 0.000 0.010 0.010 0.010 0.010 0.010 0.000 0.008 0.006 0.006 0.000 0.010 0.012 0.010 0.007 0.005 0.000 0.005 0.005 0.007 0.006 0.010 0.010 0.010 0.010 0.006 0.005 0.005 0.006 0.010 0.009 0.009 0.010 0.010 0.007 0.009 0.010 0.000 0.010 0.000 0.010 0.010 0.009 0.010 0.010 0.014 0.026 0.000 0.010 0.010 0.010 0.009 0.012 0.009 0.000
0.018 0.010 0.000 0.027 0.010 0.011 0.010 0.010 0.019 0.010 0.010 0.010 0.010 0.010 0.009 0.009 0.000 0.010 0.010 0.010 0.000 0.000 0.010 0.010 0.010 0.024 0.010 0.010 0.010 0.010 0.019 0.000 0.010 0.016 0.009 0.008 0.000 0.004 0.005 0.009 0.000 0.000 0.008 0.016 0.010 0.137 0.000 0.004 0.000 0.005 0.010 0.008 0.007 0.010 0.010 0.010 0.290 0.018 0.016 0.250 0.000 0.010 0.010 0.000 0.014 0.010 0.010 0.010 0.010 0.010 0.010 0.010 0.046 0.000 0.000 0.009 0.011
0.010 0.000 0.010 0.010 0.010 0.010 0.010 0.000 0.000 0.010 0.010 0.010 0.019 0.010 0.023 0.010 0.010 0.125 0.011 0.010 0.010 0.010 0.010 0.010 0.017 0.000 0.010 0.000 0.010 0.010 0.000 0.000 0.000 0.008 0.009 0.008 0.000 0.004 0.007 0.010 0.010 0.000 0.021 0.010 0.010 0.000 0.004 0.003 0.007 0.005 0.010 0.010 0.008 0.008 0.007 0.010 0.007 0.022 0.000 0.115 0.000 0.008 0.010 0.010 0.010 0.010 0.010 0.010 0.017 0.010 0.010 0.010 0.000 0.000 0.026 0.000 0.000
0.000 0.010 0.010 0.010 0.010 0.010 0.000 0.000 0.017 0.010 0.026 0.010 0.010 0.000 0.010 0.009 0.009 0.092 0.301 0.011 0.010 0.010 0.010 0.008 0.000 0.010 0.010 0.010 0.014 0.010 0.014 0.000 0.000 0.007 0.008 0.010 0.010 0.004 0.000 0.000 0.000 0.010 0.010 0.010 0.010 0.000 0.003 0.004 0.000 0.006 0.000 0.022 0.010 0.000 0.010 0.010 0.010 0.009 0.010 0.191 0.000 0.035 0.010 0.010 0.009 0.013 0.009 0.010 0.000 0.000 0.020 0.010 0.000 0.010 0.000 0.010 0.009
0.000 0.010 0.055 0.010 0.010 0.014 0.000 0.000 0.000 0.000 0.010 0.010 0.011 0.000 0.000 0.020 0.010 0.172 0.010 0.015 0.043 0.000 0.558 0.010 0.010 0.010 0.010 0.000 0.007 0.008 0.010 0.000 0.010 0.008 0.009 0.000 0.010 0.010 0.005 0.004 0.004 0.010 0.010 0.010 0.000 0.007 0.004 0.005 0.007 0.007 0.005 0.010 0.010 0.008 0.010 0.000 0.010 0.000 0.010 0.009 0.007 0.010 0.010 0.007 0.000 0.010 0.012 0.010 0.000 0.000 0.000 0.010 0.010 0.010 0.010 0.000 0.009
0.010 0.010 0.010 0.010 0.010 0.010 0.010 0.000 0.000 0.023 0.010 0.000 0.010 0.000 0.000 0.008 0.010 0.013 0.015 0.009 0.106 0.010 0.017 0.012 0.291 0.000 0.102 0.010 0.007 0.000 0.010 0.010 0.014 0.010 0.007 0.000 0.010 0.010 0.010 0.010 0.000 0.010 0.010 0.010 0.010 0.010 0.004 0.000 0.010 0.000 0.000 0.010 0.037 0.000 0.018 0.010 0.056 0.010 0.010 0.007 0.010 0.005 0.010 0.009 0.000 0.000 0.008 0.010 0.010 0.000 0.000 0.044 0.000 0.024 0.010 0.010 0.010
0.000 0.073 0.010 0.010 0.016 0.010 0.010 0.010 0.000 0.010 0.010 0.010 0.016 0.000 0.010 0.010 0.010 0.064 0.079 0.037 0.010 0.010 0.010 0.009 0.010 0.010 0.010 0.010 0.000 0.010 0.014 0.000 0.013 0.009 0.011 0.010 0.010 0.010 0.005 0.000 0.009 0.007 0.009 0.000 0.008 0.006 0.005 0.006 0.007 0.005 0.000 0.000 0.009 0.000 0.020 0.009 0.000 0.000 0.000 0.007 0.008 0.006 0.009 0.007 0.006 0.007 0.010 0.059 0.028 0.010 0.010 0.000 0.010 0.000 0.009 0.010 0.010
0.010 0.010 0.000 0.016 0.000 0.010 0.013 0.010 0.016 0.000 0.036 0.000 0.010 0.010 0.015 0.010 0.014 0.008 0.025 0.010 0.010 0.010 0.010 0.008 0.010 0.010 0.010 0.086 0.009 0.010 0.000 0.086 0.010 0.009 0.010 0.010 0.010 0.008 0.005 0.000 0.010 0.010 0.010 0.006 0.007 0.000 0.009 0.007 0.000 0.000 0.000 0.019 0.000 0.000 0.010 0.010 0.007 0.000 0.000 0.000 0.000 0.010 0.007 0.010 0.008 0.007 0.009 0.060 0.010 0.010 0.010 0.000 0.010 0.010 0.036 0.048 0.000
0.010 0.010 0.010 0.010 0.010 0.000 0.000 0.010 0.010 0.010 0.040 0.010 0.010 0.000 0.010 0.010 0.010 0.012 0.009 0.010 0.010 0.010 0.010 0.009 0.010 0.008 0.009 0.000 0.000 0.009 0.010 0.010 0.000 0.013 0.060 0.010 0.009 0.010 0.016 0.010 0.009 0.011 0.008 0.010 0.010 0.040 0.000 0.005 0.009 0.010 0.000 0.018 0.000 0.009 0.010 0.207 0.000 0.006 0.014 0.000 0.000 0.010 0.005 0.007 0.006 0.008 0.009 0.007 0.010 0.010 0.010 0.000 0.000 0.009 0.013 0.010 0.006
0.042 0.010 0.000 0.010 0.010 0.010 0.000 0.015 0.010 0.010 0.000 0.000 0.010 0.010 0.010 0.010 0.010 0.010 0.034 0.010 0.010 0.010 0.010 0.009 0.010 0.009 0.010 0.010 0.010 0.010 0.009 0.010 0.010 0.010 0.000 0.008 0.009 0.010 0.009 0.026 0.010 0.014 0.007 0.008 0.010 0.000 0.005 0.006 0.000 0.000 0.010 0.000 0.000 0.010 0.000 0.010 0.000 0.008 0.010 0.006 0.010 0.006 0.007 0.000 0.006 0.010 0.015 0.008 0.007 0.007 0.008 0.010 0.010 0.010 0.010 0.000 0.000
0.011 0.010 0.010 0.010 0.017 0.000 0.010 0.010 0.000 0.010 0.030 0.010 0.010 0.000 0.010 0.010 0.026 0.010 0.010 0.010 0.010 0.010 0.010 0.010 0.010 0.010 0.010 0.022 0.009 0.009 0.010 0.010 0.012 0.009 0.010 0.014 0.000 0.010 0.010 0.010 0.010 0.008 0.007 0.006 0.010 0.038 0.010 0.000 0.009 0.000 0.003 0.000 0.007 0.010 0.104 0.000 0.000 0.010 0.010 0.000 0.008 0.007 0.000 0.005 0.006 0.000 0.009 0.010 0.009 0.006 0.009 0.008 0.010 0.014 0.010 0.000 0.010
0.010 0.010 0.010 0.010 0.000 0.010 0.015 0.010 0.000 0.010 0.010 0.000 0.010 0.010 0.010 0.010 0.010 0.010 0.008 0.010 0.010 0.010 0.010 0.010 0.010 0.010 0.010 0.010 0.000 0.009 0.010 0.010 0.009 0.010 0.000 0.010 0.000 0.010 0.000 0.009 0.008 0.000 0.008 0.010 0.008 0.006 0.000 0.080 0.000 0.003 0.003 0.003 0.010 0.000 0.009 0.008 0.010 0.010 0.010 0.000 0.010 0.010 0.007 0.007 0.005 0.006 0.008 0.006 0.000 0.010 0.034 0.010 0.010 0.010 0.010 0.013 0.000
0.010 0.010 0.010 0.017 0.037 0.010 0.000 0.000 0.010 0.010 0.011 0.010 0.010 0.010 0.010 0.010 0.027 0.010 0.010 0.010 0.010 0.010 0.008 0.010 0.010 0.010 0.028 0.010 0.000 0.010 0.010 0.010 0.015 0.010 0.000 0.006 0.005 0.005 0.005 0.599 0.000 0.010 0.010 0.000 0.005 0.004 0.000 0.003 0.000 0.012 0.000 0.007 0.010 0.011 0.000 0.004 0.006 0.007 0.000 0.010 0.009 0.000 0.005 0.007 0.006 0.000 0.000 0.000 0.000 0.000 0.000 0.028 0.010 0.009 0.010 0.009 0.010
0.000 0.010 0.000 0.010 0.010 0.040 0.010 0.010 0.010 0.045 0.000 0.000 0.000 0.010 0.010 0.018 0.010 0.010 0.010 0.010 0.010 0.010 0.010 0.010 0.010 0.008 0.009 0.000 0.000 0.010 0.009 0.010 0.010 0.000 0.010 0.017 0.010 0.007 0.000 0.079 0.014 0.015 0.000 0.010 0.005 0.000 0.003 0.003 0.000 0.002 0.000 0.010 0.011 0.005 0.004 0.018 0.006 0.005 0.006 0.008 0.005 0.005 0.010 0.006 0.010 0.007 0.010 0.011 0.000 0.000 0.009 0.010 0.010 0.010 0.011 0.008 0.009
0.000 0.010 0.000 0.000 0.010 0.010 0.010 0.057 0.010 0.010 0.010 0.010 0.010 0.025 0.010 0.010 0.010 0.010 0.045 0.010 0.010 0.010 0.027 0.009 0.008 0.014 0.010 0.009 0.009 0.016 0.010 0.010 0.010 0.000 0.009 0.000 0.000 0.010 0.008 0.129 0.010 0.012 0.006 0.019 0.010 0.010 0.006 0.000 0.003 0.003 0.007 0.012 0.005 0.009 0.011 0.010 0.000 0.004 0.007 0.000 0.000 0.007 0.008 0.000 0.006 0.006 0.010 0.010 0.022 0.010 0.009 0.010 0.000 0.000 0.000 0.023 0.006
0.010 0.010 0.000 0.019 0.010 0.010 0.010 0.000 0.010 0.010 0.010 0.010 0.020 0.010 0.000 0.000 0.010 0.010 0.010 0.010 0.010 0.043 0.010 0.010 0.010 0.010 0.000 0.000 0.000 0.009 0.010 0.019 0.010 0.000 0.006 0.010 0.010 0.009 0.000 0.053 0.009 0.010 0.010 0.008 0.008 0.010 0.047 0.010 0.008 0.000 0.007 0.010 0.006 0.009 0.000 0.004 0.000 0.065 0.000 0.009 0.010 0.007 0.006 0.009 0.000 0.000 0.000 0.014 0.000 0.009 0.009 0.010 0.006 0.005 0.005 0.004 0.000
0.038 0.010 0.000 0.000 0.010 0.010 0.010 0.010 0.010 0.000 0.000 0.025 0.010 0.010 0.010 0.010 0.010 0.010 0.079 0.010 0.010 0.010 0.009 0.010 0.010 0.017 0.009 0.007 0.000 0.010 0.007 0.006 0.008 0.000 0.008 0.013 0.010 0.006 0.010 0.006 0.010 0.010 0.013 0.010 0.010 0.017 0.008 0.013 0.000 0.007 0.000 0.000 0.000 0.000 0.010 0.005 0.000 0.000 0.003 0.000 0.011 0.010 0.007 0.000 0.009 0.000 0.039 0.000 0.010 0.010 0.010 0.000 0.000 0.006 0.009 0.007 0.006
0.000 0.010 0.010 0.010 0.000 0.010 0.010 0.017 0.000 0.010 0.010 0.010 0.010 0.010 0.010 0.010 0.020 0.010 0.010 0.054 0.010 0.010 0.008 0.010 0.000 0.010 0.000 0.000 0.009 0.009 0.007 0.008 0.008 0.008 0.007 0.006 0.006 0.007 0.000 0.010 0.137 0.023 0.119 0.010 0.010 0.010 0.010 0.008 0.008 0.009 0.035 0.010 0.010 0.000 0.015 0.007 0.003 0.005 0.005 0.008 0.007 0.000 0.051 0.010 0.010 0.010 0.018 0.000 0.010 0.010 0.010 0.006 0.006 0.006 0.007 0.005 0.003
0.015 0.010 0.010 0.010 0.029 0.010 0.010 0.010 0.015 0.010 0.010 0.010 0.010 0.010 0.000 0.010 0.010 0.021 0.010 0.010 0.010 0.030 0.010 0.007 0.000 0.008 0.000 0.000 0.007 0.010 0.010 0.010 0.010 0.009 0.007 0.009 0.000 0.008 0.007 0.006 0.010 0.000 0.010 0.065 0.020 0.010 0.033 0.010 0.010 0.000 0.010 0.010 0.022 0.010 0.010 0.000 0.000 0.004 0.006 0.005 0.000 0.009 0.000 0.010 0.010 0.010 0.015 0.010 0.010 0.010 0.000 0.000 0.007 0.005 0.007 0.006 0.006
0.010 0.000 0.010 0.010 0.010 0.010 0.010 0.010 0.000 0.010 0.036 0.010 0.000 0.000 0.010 0.010 0.010 0.086 0.013 0.010 0.010 0.010 0.015 0.010 0.019 0.010 0.000 0.012 0.009 0.010 0.016 0.007 0.000 0.011 0.007 0.006 0.006 0.009 0.011 0.005 0.000 0.010 0.015 0.009 0.070 0.010 0.010 0.009 0.010 0.023 0.010 0.008 0.008 0.096 0.010 0.009 0.010 0.000 0.005 0.009 0.008 0.007 0.009 0.000 0.000 0.005 0.010 0.007 0.009 0.009 0.005 0.007 0.012 0.010 0.006 0.006 0.009
0.000 0.010 0.010 0.010 0.010 0.000 0.015 0.010 0.010 0.010 0.010 0.010 0.010 0.010 0.010 0.010 0.010 0.010 0.010 0.010 0.010 0.009 0.009 0.010 0.010 0.034 0.010 0.019 0.010 0.010 0.010 0.010 0.010 0.010 0.000 0.000 0.009 0.005 0.007 0.009 0.000 0.010 0.010 0.010 0.010 0.010 0.010 0.010 0.059 0.010 0.010 0.008 0.009 0.010 0.009 0.010 0.036 0.010 0.010 0.009 0.010 0.008 0.006 0.000 0.000 0.000 0.010 0.009 0.000 0.006 0.007 0.007 0.000 0.010 0.000 0.009 0.007
0.013 0.010 0.000 0.045 0.010 0.010 0.010 0.016 0.010 0.010 0.010 0.010 0.000 0.010 0.010 0.010 0.010 0.010 0.010 0.010 0.010 0.008 0.012 0.010 0.010 0.010 0.010 0.010 0.010 0.010 0.010 0.010 0.010 0.012 0.010 0.010 0.006 0.000 0.006 0.009 0.014 0.000 0.000 0.010 0.010 0.008 0.010 0.000 0.010 0.010 0.010 0.010 0.010 0.010 0.007 0.006 0.010 0.597 0.444 0.009 0.009 0.009 0.006 0.005 0.000 0.000 0.008 0.008 0.010 0.010 0.000 0.003 0.000 0.006 0.008 0.010 0.013
0.008 0.009 0.042 0.074 0.010 0.010 0.010 0.010 0.010 0.010 0.000 0.014 0.010 0.010 0.011 0.000 0.014 0.010 0.010 0.010 0.026 0.008 0.010 0.010 0.015 0.010 0.010 0.010 0.010 0.017 0.010 0.000 0.009 0.000 0.000 0.008 0.009 0.010 0.008 0.010 0.006 0.007 0.006 0.000 0.000 0.010 0.010 0.021 0.009 0.010 0.010 0.050 0.010 0.010 0.010 0.010 0.007 0.006 0.009 0.000 0.353 0.010 0.006 0.000 0.000 0.007 0.008 0.000 0.010 0.010 0.003 0.006 0.010 0.010 0.008 0.006 0.010
0.011 0.000 0.010 0.010 0.110 0.009 0.009 0.010 0.010 0.010 0.010 0.000 0.010 0.000 0.010 0.050 0.000 0.026 0.010 0.010 0.009 0.009 0.000 0.010 0.000 0.010 0.021 0.010 0.010 0.010 0.010 0.010 0.007 0.008 0.008 0.008 0.010 0.007 0.012 0.007 0.008 0.000 0.010 0.007 0.010 0.010 0.257 0.010 0.010 0.010 0.010 0.010 0.010 0.010 0.006 0.009 0.005 0.008 0.006 0.008 0.010 0.010 0.071 0.008 0.009 0.008 0.000 0.000 0.004 0.010 0.006 0.010 0.010 0.090 0.017 0.010 0.010
0.010 0.000 0.000 0.009 0.008 0.009 0.009 0.033 0.010 0.010 0.010 0.010 0.009 0.000 0.000 0.000 0.010 0.000 0.010 0.000 0.010 0.010 0.010 0.000 0.000 0.010 0.010 0.010 0.010 0.010 0.010 0.010 0.007 0.009 0.008 0.009 0.008 0.007 0.010 0.007 0.007 0.007 0.000 0.008 0.009 0.000 0.010 0.010 0.010 0.010 0.009 0.010 0.010 0.010 0.010 0.007 0.007 0.007 0.010 0.011 0.010 0.000 0.010 0.595 0.010 0.009 0.009 0.000 0.005 0.007 0.000 0.010 0.010 0.010 0.010 0.010 0.010
0.010 0.010 0.000 0.000 0.000 0.010 0.010 0.010 0.010 0.011 0.010 0.010 0.000 0.000 0.011 0.000 0.010 0.010 0.010 0.000 0.014 0.010 0.010 0.010 0.000 0.000 0.009 0.010 0.018 0.010 0.010 0.010 0.006 0.000 0.000 0.008 0.009 0.007 0.010 0.010 0.008 0.010 0.008 0.010 0.010 0.010 0.010 0.021 0.010 0.010 0.010 0.010 0.008 0.006 0.007 0.008 0.010 0.009 0.010 0.010 0.010 0.000 0.000 0.008 0.008 0.000 0.015 0.010 0.020 0.000 0.009 0.010 0.019 0.010 0.007 0.010 0.016
0.010 0.009 0.010 0.008 0.010 0.010 0.010 0.010 0.000 0.008 0.032 0.011 0.010 0.010 0.000 0.010 0.010 0.011 0.010 0.010 0.009 0.009 0.010 0.008 0.010 0.009 0.010 0.010 0.010 0.000 0.000 0.007 0.009 0.007 0.005 0.000 0.000 0.010 0.010 0.006 0.008 0.000 0.010 0.009 0.020 0.000 0.010 0.010 0.010 0.010 0.043 0.010 0.010 0.010 0.010 0.010 0.010 0.018 0.010 0.010 0.010 0.014 0.006 0.008 0.009 0.010 0.010 0.000 0.311 0.013 0.010 0.010 0.121 0.006 0.009 0.009 0.010
0.010 0.009 0.009 0.009 0.010 0.016 0.014 0.010 0.010 0.007 0.008 0.009 0.008 0.015 0.010 0.009 0.014 0.000 0.000 0.010 0.010 0.000 0.000 0.007 0.007 0.009 0.010 0.010 0.010 0.006 0.005 0.000 0.000 0.009 0.008 0.007 0.006 0.007 0.007 0.009 0.008 0.009 0.009 0.000 0.000 0.000 0.000 0.010 0.000 0.010 0.010 0.010 0.046 0.010 0.010 0.010 0.009 0.000 0.010 0.000 0.010 0.010 0.011 0.007 0.056 0.013 0.012 0.076 0.010 0.000 0.109 0.010 0.010 0.000 0.010 0.009 0.010
0.010 0.010 0.010 0.010 0.010 0.010 0.010 0.000 0.007 0.010 0.009 0.009 0.000 0.007 0.008 0.009 0.010 0.010 0.023 0.007 0.009 0.010 0.024 0.000 0.010 0.008 0.010 0.011 0.006 0.000 0.006 0.006 0.005 0.006 0.006 0.006 0.010 0.008 0.007 0.009 0.009 0.010 0.010 0.042 0.000 0.000 0.000 0.027 0.000 0.000 0.010 0.010 0.010 0.026 0.010 0.010 0.008 0.010 0.067 0.010 0.010 0.000 0.008 0.009 0.000 0.020 0.010 0.000 0.000 0.010 0.010 0.000 0.010 0.067 0.010 0.006 0.013
0.000 0.000 0.010 0.010 0.010 0.011 0.010 0.007 0.000 0.000 0.008 0.010 0.014 0.008 0.009 0.008 0.010 0.010 0.008 0.009 0.000 0.008 0.010 0.009 0.010 0.007 0.009 0.010 0.006 0.007 0.004 0.000 0.007 0.008 0.006 0.006 0.010 0.020 0.010 0.019 0.010 0.010 0.000 0.010 0.024 0.000 0.000 0.000 0.000 0.000 0.000 0.010 0.010 0.010 0.010 0.033 0.010 0.010 0.010 0.009 0.016 0.010 0.009 0.000 0.009 0.010 0.034 0.000 0.010 0.071 0.010 0.007 0.010 0.000 0.069 0.191 0.021
0.010 0.010 0.010 0.010 0.024 0.010 0.006 0.008 0.010 0.007 0.006 0.000 0.008 0.010 0.009 0.007 0.007 0.007 0.009 0.009 0.009 0.000 0.008 0.009 0.007 0.010 0.008 0.009 0.000 0.005 0.006 0.004 0.005 0.005 0.007 0.007 0.008 0.010 0.010 0.010 0.010 0.010 0.536 0.010 0.000 0.000 0.087 0.010 0.000 0.000 0.000 0.010 0.010 0.010 0.010 0.010 0.010 0.045 0.009 0.008 0.010 0.010 0.008 0.000 0.000 0.010 0.007 0.007 0.019 0.000 0.010 0.013 0.000 0.000 0.007 0.000 0.102
0.010 0.010 0.010 0.010 0.010 0.000 0.000 0.008 0.007 0.013 0.000 0.007 0.006 0.000 0.000 0.009 0.009 0.007 0.010 0.010 0.010 0.028 0.009 0.009 0.007 0.010 0.009 0.010 0.000 0.000 0.000 0.004 0.004 0.005 0.006 0.000 0.010 0.010 0.010 0.010 0.018 0.000 0.010 0.010 0.010 0.010 0.010 0.010 0.000 0.000 0.010 0.010 0.010 0.010 0.010 0.010 0.010 0.010 0.010 0.010 0.008 0.009 0.000 0.000 0.010 0.010 0.000 0.000 0.000 0.010 0.006 0.000 0.015 0.006 0.006 0.007 0.009
