hx_30m/njhx/rain/result-0021.wd
ncols         211
nrows         286
xllcorner     660279.582600
yllcorner     3541874.325092
cellsize      30.000000
NODATA_value  -9999.000000
[rows 170 to 203 of 286, columns 77 to 153 of 211]
0.010 0.003 0.010 0.005 0.121 0.013 0.003 0.002 0.004 0.005 0.005 0.009 0.010 0.010 0.010 0.009 0.008 0.010 0.010 0.010 0.008 0.005 0.003 0.002 0.005 0.000 0.010 0.007 0.010 0.010 0.008 0.005 0.004 0.010 0.006 0.005 0.008 0.004 0.004 0.004 0.010 0.010 0.049 0.010 0.005 0.004 0.000 0.000 0.005 0.004 0.005 0.005 0.000 0.006 0.006 0.005 0.000 0.003 0.006 0.006 0.012 0.000 0.000 0.003 0.009 0.000 0.000 0.003 0.003 0.000 0.000 0.006 0.009 0.007 0.008 0.000 0.010
0.010 0.002 0.006 0.010 0.022 0.002 0.004 0.003 0.002 0.002 0.010 0.004 0.003 0.003 0.003 0.006 0.010 0.009 0.000 0.000 0.004 0.006 0.000 0.000 0.005 0.000 0.010 0.000 0.000 0.008 0.006 0.008 0.006 0.010 0.010 0.000 0.007 0.005 0.008 0.003 0.007 0.007 0.005 0.000 0.005 0.004 0.004 0.000 0.009 0.010 0.005 0.005 0.010 0.000 0.000 0.007 0.000 0.004 0.000 0.000 0.010 0.000 0.000 0.005 0.000 0.000 0.000 0.000 0.004 0.006 0.000 0.007 0.010 0.006 0.000 0.009 0.010
0.009 0.004 0.008 0.004 0.006 0.008 0.005 0.003 0.002 0.000 0.002 0.000 0.007 0.006 0.000 0.004 0.007 0.022 0.010 0.010 0.007 0.006 0.000 0.004 0.009 0.010 0.010 0.000 0.012 0.010 0.002 0.000 0.004 0.010 0.007 0.000 0.004 0.003 0.003 0.002 0.004 0.000 0.006 0.004 0.000 0.003 0.003 0.009 0.010 0.020 0.006 0.005 0.004 0.005 0.000 0.000 0.004 0.010 0.008 0.006 0.010 0.000 0.000 0.000 0.006 0.006 0.006 0.000 0.003 0.000 0.000 0.007 0.008 0.006 0.000 0.010 0.056
0.022 0.009 0.005 0.008 0.012 0.004 0.003 0.010 0.004 0.004 0.004 0.008 0.005 0.003 0.007 0.003 0.000 0.000 0.000 0.000 0.005 0.005 0.003 0.006 0.009 0.005 0.009 0.000 0.006 0.010 0.003 0.004 0.002 0.003 0.000 0.004 0.005 0.005 0.003 0.004 0.004 0.005 0.000 0.008 0.009 0.010 0.006 0.008 0.005 0.000 0.007 0.000 0.008 0.010 0.000 0.000 0.003 0.004 0.006 0.000 0.010 0.009 0.005 0.004 0.000 0.000 0.007 0.004 0.007 0.004 0.000 0.007 0.008 0.008 0.000 0.010 0.000
0.000 0.010 0.010 0.008 0.006 0.004 0.004 0.012 0.004 0.006 0.004 0.005 0.014 0.004 0.004 0.005 0.006 0.009 0.004 0.009 0.004 0.006 0.005 0.004 0.003 0.000 0.000 0.000 0.000 0.000 0.003 0.000 0.002 0.004 0.010 0.010 0.009 0.005 0.003 0.004 0.007 0.000 0.000 0.010 0.000 0.000 0.000 0.006 0.005 0.000 0.007 0.000 0.007 0.010 0.007 0.000 0.004 0.000 0.005 0.005 0.007 0.006 0.000 0.009 0.006 0.005 0.006 0.000 0.005 0.008 0.000 0.000 0.007 0.035 0.010 0.010 0.000
0.014 0.000 0.010 0.010 0.006 0.002 0.003 0.002 0.005 0.006 0.005 0.005 0.008 0.004 0.007 0.007 0.009 0.013 0.007 0.019 0.009 0.007 0.006 0.006 0.005 0.005 0.004 0.002 0.006 0.009 0.006 0.003 0.005 0.006 0.010 0.010 0.000 0.009 0.006 0.010 0.010 0.000 0.000 0.010 0.009 0.000 0.000 0.000 0.000 0.000 0.008 0.010 0.008 0.006 0.000 0.000 0.000 0.004 0.004 0.006 0.007 0.000 0.005 0.005 0.007 0.009 0.006 0.007 0.005 0.000 0.005 0.006 0.010 0.042 0.010 0.010 0.000
0.000 0.017 0.010 0.010 0.003 0.002 0.002 0.003 0.001 0.002 0.002 0.003 0.005 0.004 0.003 0.005 0.002 0.005 0.004 0.006 0.005 0.005 0.004 0.006 0.007 0.003 0.008 0.006 0.006 0.006 0.009 0.006 0.007 0.005 0.008 0.006 0.005 0.005 0.006 0.008 0.013 0.010 0.010 0.010 0.000 0.000 0.000 0.000 0.005 0.007 0.007 0.000 0.006 0.000 0.000 0.003 0.005 0.005 0.006 0.007 0.000 0.000 0.007 0.008 0.004 0.005 0.005 0.000 0.004 0.000 0.006 0.010 0.172 0.000 0.000 0.010 0.000
0.010 0.010 0.010 0.008 0.002 0.002 0.005 0.006 0.006 0.007 0.002 0.003 0.002 0.002 0.000 0.003 0.005 0.003 0.003 0.006 0.007 0.005 0.000 0.007 0.010 0.008 0.007 0.007 0.007 0.006 0.007 0.007 0.006 0.006 0.006 0.006 0.006 0.007 0.005 0.008 0.010 0.021 0.010 0.007 0.009 0.010 0.011 0.006 0.009 0.012 0.010 0.008 0.006 0.005 0.000 0.004 0.005 0.004 0.003 0.004 0.005 0.009 0.008 0.010 0.000 0.007 0.006 0.006 0.006 0.000 0.006 0.008 0.000 0.008 0.104 0.000 0.000
0.010 0.010 0.008 0.003 0.002 0.002 0.003 0.003 0.003 0.004 0.006 0.004 0.003 0.002 0.004 0.004 0.005 0.005 0.004 0.003 0.010 0.009 0.007 0.008 0.010 0.005 0.008 0.000 0.005 0.000 0.000 0.000 0.008 0.008 0.006 0.005 0.006 0.010 0.006 0.009 0.010 0.010 0.010 0.010 0.010 0.010 0.009 0.008 0.009 0.007 0.012 0.006 0.006 0.006 0.005 0.005 0.007 0.004 0.000 0.000 0.006 0.000 0.010 0.010 0.010 0.010 0.010 0.010 0.006 0.008 0.008 0.006 0.000 0.009 0.006 0.008 0.010
0.010 0.004 0.008 0.003 0.003 0.007 0.007 0.004 0.003 0.005 0.002 0.002 0.003 0.004 0.000 0.003 0.008 0.010 0.010 0.008 0.006 0.004 0.009 0.010 0.019 0.010 0.010 0.008 0.009 0.009 0.008 0.010 0.010 0.008 0.000 0.000 0.000 0.007 0.007 0.010 0.016 0.010 0.035 0.010 0.010 0.010 0.010 0.010 0.010 0.018 0.010 0.006 0.009 0.000 0.007 0.006 0.004 0.004 0.009 0.010 0.008 0.008 0.010 0.007 0.010 0.010 0.010 0.010 0.000 0.007 0.009 0.007 0.008 0.010 0.007 0.010 0.000
0.010 0.010 0.002 0.001 0.001 0.003 0.005 0.003 0.007 0.005 0.010 0.003 0.003 0.003 0.002 0.004 0.010 0.010 0.050 0.010 0.010 0.006 0.006 0.017 0.000 0.008 0.009 0.005 0.007 0.000 0.007 0.011 0.010 0.006 0.000 0.000 0.000 0.007 0.008 0.010 0.011 0.010 0.010 0.010 0.010 0.010 0.041 0.045 0.010 0.010 0.010 0.008 0.006 0.000 0.008 0.004 0.005 0.004 0.000 0.005 0.005 0.010 0.008 0.005 0.008 0.009 0.012 0.010 0.010 0.010 0.008 0.007 0.000 0.007 0.008 0.008 0.000
0.010 0.004 0.002 0.002 0.010 0.004 0.007 0.003 0.003 0.003 0.002 0.003 0.004 0.003 0.000 0.008 0.010 0.035 0.010 0.010 0.006 0.004 0.000 0.010 0.010 0.010 0.008 0.010 0.010 0.010 0.009 0.007 0.008 0.005 0.008 0.004 0.006 0.007 0.006 0.008 0.010 0.010 0.010 0.010 0.010 0.010 0.037 0.085 0.010 0.008 0.008 0.000 0.011 0.010 0.005 0.000 0.000 0.000 0.003 0.004 0.004 0.000 0.010 0.000 0.007 0.007 0.007 0.030 0.010 0.010 0.026 0.010 0.000 0.012 0.009 0.008 0.000
0.006 0.006 0.002 0.002 0.002 0.003 0.002 0.004 0.005 0.003 0.003 0.003 0.002 0.000 0.005 0.008 0.010 0.010 0.033 0.026 0.008 0.006 0.010 0.009 0.009 0.009 0.009 0.009 0.013 0.009 0.000 0.009 0.007 0.008 0.010 0.009 0.012 0.009 0.007 0.007 0.010 0.010 0.010 0.022 0.010 0.010 0.010 0.010 0.010 0.007 0.000 0.007 0.004 0.000 0.004 0.000 0.004 0.004 0.003 0.000 0.000 0.005 0.005 0.008 0.008 0.007 0.009 0.010 0.010 0.010 0.010 0.010 0.013 0.010 0.010 0.010 0.000
0.007 0.007 0.007 0.004 0.004 0.002 0.002 0.004 0.003 0.002 0.004 0.010 0.009 0.000 0.007 0.008 0.010 0.030 0.010 0.010 0.008 0.004 0.008 0.011 0.009 0.009 0.000 0.005 0.008 0.006 0.009 0.013 0.010 0.009 0.010 0.010 0.000 0.009 0.010 0.010 0.010 0.010 0.023 0.010 0.010 0.010 0.010 0.010 0.010 0.007 0.000 0.007 0.000 0.000 0.004 0.000 0.006 0.003 0.003 0.004 0.006 0.006 0.003 0.007 0.000 0.000 0.008 0.010 0.010 0.010 0.010 0.010 0.011 0.010 0.034 0.021 0.010
0.003 0.011 0.010 0.010 0.008 0.004 0.004 0.003 0.003 0.002 0.003 0.006 0.006 0.006 0.005 0.006 0.017 0.010 0.010 0.010 0.008 0.004 0.008 0.010 0.006 0.009 0.006 0.005 0.008 0.006 0.009 0.009 0.000 0.006 0.009 0.009 0.000 0.008 0.010 0.009 0.010 0.010 0.010 0.041 0.010 0.010 0.010 0.010 0.010 0.000 0.000 0.000 0.000 0.000 0.005 0.005 0.006 0.006 0.009 0.010 0.000 0.010 0.006 0.005 0.007 0.000 0.005 0.000 0.010 0.009 0.038 0.018 0.010 0.010 0.010 0.028 0.010
0.004 0.010 0.010 0.004 0.004 0.003 0.006 0.002 0.002 0.002 0.004 0.003 0.009 0.010 0.010 0.008 0.003 0.000 0.010 0.000 0.005 0.007 0.004 0.004 0.005 0.008 0.000 0.010 0.000 0.006 0.009 0.010 0.008 0.006 0.010 0.010 0.009 0.008 0.010 0.009 0.000 0.010 0.024 0.010 0.010 0.010 0.030 0.010 0.010 0.010 0.010 0.010 0.006 0.010 0.010 0.010 0.000 0.000 0.014 0.010 0.010 0.010 0.006 0.008 0.000 0.011 0.006 0.000 0.010 0.010 0.010 0.010 0.010 0.010 0.010 0.010 0.010
0.010 0.009 0.004 0.004 0.003 0.006 0.003 0.002 0.003 0.010 0.021 0.005 0.010 0.011 0.000 0.002 0.008 0.000 0.023 0.000 0.009 0.010 0.006 0.004 0.004 0.005 0.003 0.005 0.006 0.005 0.006 0.000 0.010 0.007 0.009 0.008 0.006 0.007 0.009 0.009 0.195 0.010 0.010 0.010 0.010 0.038 0.010 0.010 0.009 0.000 0.010 0.010 0.014 0.000 0.010 0.010 0.023 0.010 0.010 0.010 0.000 0.010 0.009 0.000 0.010 0.010 0.008 0.000 0.009 0.010 0.010 0.007 0.007 0.008 0.010 0.010 0.000
0.004 0.010 0.004 0.005 0.003 0.003 0.002 0.003 0.003 0.010 0.003 0.008 0.003 0.000 0.004 0.000 0.004 0.000 0.000 0.000 0.010 0.010 0.008 0.005 0.000 0.000 0.000 0.005 0.005 0.004 0.004 0.005 0.006 0.005 0.006 0.007 0.010 0.009 0.009 0.007 0.142 0.000 0.059 0.010 0.010 0.010 0.010 0.019 0.010 0.000 0.010 0.010 0.010 0.010 0.014 0.031 0.010 0.010 0.016 0.009 0.010 0.010 0.009 0.000 0.000 0.000 0.010 0.006 0.009 0.010 0.000 0.000 0.000 0.000 0.035 0.000 0.008
0.005 0.007 0.003 0.004 0.003 0.004 0.004 0.010 0.010 0.010 0.017 0.002 0.002 0.002 0.000 0.005 0.000 0.000 0.000 0.000 0.005 0.010 0.006 0.000 0.000 0.000 0.000 0.000 0.000 0.000 0.008 0.007 0.010 0.010 0.006 0.007 0.007 0.006 0.008 0.010 0.010 0.010 0.010 0.000 0.010 0.010 0.010 0.010 0.010 0.010 0.010 0.010 0.010 0.000 0.000 0.010 0.010 0.010 0.010 0.021 0.010 0.009 0.010 0.007 0.000 0.000 0.000 0.010 0.007 0.007 0.000 0.000 0.007 0.000 0.000 0.000 0.006
0.003 0.002 0.003 0.002 0.002 0.003 0.007 0.007 0.009 0.007 0.007 0.002 0.000 0.002 0.004 0.010 0.000 0.000 0.010 0.010 0.005 0.028 0.010 0.000 0.004 0.005 0.005 0.000 0.005 0.010 0.021 0.006 0.008 0.013 0.007 0.000 0.000 0.008 0.007 0.007 0.016 0.010 0.000 0.010 0.032 0.000 0.027 0.010 0.010 0.010 0.023 0.000 0.013 0.010 0.009 0.008 0.010 0.017 0.010 0.010 0.010 0.006 0.005 0.009 0.006 0.007 0.009 0.009 0.007 0.000 0.008 0.007 0.008 0.007 0.006 0.009 0.010
0.005 0.004 0.006 0.006 0.003 0.005 0.004 0.003 0.003 0.003 0.003 0.003 0.002 0.000 0.005 0.006 0.000 0.000 0.000 0.016 0.008 0.007 0.000 0.005 0.004 0.005 0.008 0.007 0.000 0.010 0.000 0.010 0.009 0.008 0.005 0.006 0.008 0.007 0.017 0.010 0.010 0.014 0.010 0.010 0.000 0.000 0.142 0.000 0.010 0.010 0.010 0.009 0.000 0.010 0.010 0.015 0.000 0.009 0.010 0.005 0.006 0.010 0.010 0.035 0.000 0.007 0.010 0.010 0.011 0.000 0.008 0.008 0.010 0.010 0.009 0.015 0.010
0.003 0.004 0.004 0.010 0.013 0.004 0.004 0.006 0.003 0.004 0.003 0.003 0.000 0.006 0.005 0.006 0.010 0.017 0.000 0.000 0.007 0.000 0.006 0.004 0.004 0.000 0.009 0.006 0.010 0.010 0.010 0.010 0.008 0.006 0.006 0.000 0.006 0.008 0.008 0.010 0.010 0.000 0.010 0.023 0.010 0.010 0.010 0.008 0.028 0.000 0.010 0.010 0.031 0.010 0.010 0.009 0.006 0.007 0.018 0.008 0.007 0.010 0.010 0.010 0.010 0.000 0.010 0.000 0.000 0.007 0.009 0.010 0.010 0.029 0.010 0.010 0.010
0.003 0.007 0.007 0.005 0.004 0.004 0.003 0.006 0.005 0.005 0.002 0.002 0.003 0.000 0.010 0.010 0.007 0.010 0.010 0.000 0.010 0.009 0.004 0.004 0.000 0.000 0.006 0.010 0.010 0.010 0.008 0.007 0.009 0.008 0.006 0.000 0.008 0.008 0.053 0.010 0.010 0.000 0.000 0.010 0.010 0.010 0.006 0.007 0.000 0.010 0.042 0.000 0.010 0.010 0.010 0.020 0.010 0.009 0.000 0.000 0.006 0.009 0.010 0.010 0.010 0.010 0.009 0.010 0.008 0.006 0.000 0.017 0.010 0.010 0.000 0.051 0.010
0.005 0.003 0.004 0.007 0.005 0.004 0.005 0.008 0.003 0.003 0.002 0.003 0.000 0.004 0.013 0.006 0.003 0.005 0.000 0.005 0.010 0.010 0.010 0.009 0.000 0.006 0.010 0.010 0.027 0.010 0.000 0.007 0.000 0.007 0.000 0.000 0.007 0.008 0.010 0.009 0.000 0.000 0.000 0.010 0.000 0.010 0.010 0.015 0.010 0.010 0.010 0.010 0.041 0.000 0.010 0.010 0.010 0.010 0.000 0.000 0.000 0.010 0.010 0.010 0.010 0.008 0.008 0.000 0.006 0.009 0.010 0.008 0.013 0.010 0.010 0.010 0.043
0.007 0.007 0.007 0.005 0.005 0.007 0.007 0.007 0.006 0.003 0.003 0.003 0.000 0.003 0.004 0.006 0.005 0.007 0.005 0.007 0.009 0.006 0.006 0.009 0.006 0.006 0.015 0.010 0.010 0.010 0.010 0.006 0.000 0.007 0.000 0.007 0.008 0.014 0.010 0.010 0.010 0.010 0.010 0.000 0.000 0.000 0.006 0.009 0.008 0.009 0.007 0.009 0.010 0.010 0.053 0.000 0.057 0.010 0.010 0.009 0.005 0.010 0.050 0.022 0.010 0.010 0.007 0.007 0.005 0.006 0.006 0.007 0.010 0.010 0.010 0.029 0.010
0.007 0.007 0.005 0.005 0.006 0.006 0.007 0.009 0.004 0.003 0.090 0.000 0.003 0.003 0.004 0.004 0.006 0.005 0.007 0.007 0.010 0.005 0.000 0.006 0.005 0.005 0.000 0.000 0.004 0.000 0.007 0.006 0.007 0.000 0.000 0.008 0.008 0.010 0.010 0.010 0.000 0.000 0.010 0.010 0.010 0.010 0.008 0.007 0.022 0.010 0.010 0.010 0.009 0.008 0.010 0.010 0.010 0.000 0.048 0.010 0.010 0.010 0.010 0.010 0.010 0.008 0.006 0.007 0.005 0.006 0.000 0.005 0.005 0.007 0.007 0.010 0.010
0.004 0.006 0.007 0.010 0.009 0.007 0.005 0.007 0.005 0.005 0.023 0.005 0.006 0.004 0.005 0.004 0.010 0.000 0.000 0.010 0.013 0.000 0.006 0.006 0.010 0.000 0.000 0.000 0.000 0.005 0.000 0.008 0.000 0.009 0.010 0.010 0.019 0.010 0.010 0.010 0.000 0.000 0.029 0.000 0.010 0.010 0.021 0.009 0.007 0.010 0.070 0.000 0.008 0.007 0.009 0.010 0.010 0.010 0.010 0.000 0.073 0.010 0.010 0.067 0.010 0.009 0.010 0.000 0.005 0.005 0.000 0.005 0.003 0.007 0.000 0.010 0.000
0.006 0.010 0.007 0.000 0.006 0.009 0.010 0.010 0.013 0.000 0.025 0.007 0.008 0.005 0.005 0.007 0.006 0.006 0.010 0.011 0.009 0.004 0.004 0.006 0.000 0.005 0.000 0.006 0.005 0.000 0.000 0.000 0.010 0.010 0.010 0.006 0.007 0.010 0.010 0.010 0.010 0.010 0.000 0.000 0.000 0.010 0.010 0.010 0.010 0.010 0.010 0.010 0.000 0.000 0.005 0.008 0.006 0.010 0.010 0.010 0.010 0.000 0.059 0.010 0.008 0.000 0.010 0.000 0.000 0.005 0.000 0.005 0.004 0.006 0.006 0.000 0.000
0.010 0.010 0.010 0.010 0.010 0.009 0.010 0.000 0.000 0.021 0.005 0.000 0.010 0.005 0.004 0.010 0.005 0.008 0.006 0.006 0.009 0.008 0.005 0.007 0.000 0.010 0.005 0.005 0.005 0.000 0.016 0.010 0.010 0.019 0.010 0.006 0.008 0.008 0.009 0.009 0.000 0.010 0.010 0.010 0.010 0.010 0.010 0.000 0.000 0.010 0.010 0.010 0.010 0.010 0.015 0.010 0.006 0.007 0.008 0.010 0.010 0.010 0.010 0.000 0.000 0.022 0.000 0.007 0.000 0.005 0.004 0.005 0.005 0.010 0.004 0.005 0.006
0.010 0.010 0.010 0.000 0.009 0.009 0.000 0.016 0.010 0.000 0.000 0.005 0.005 0.004 0.004 0.010 0.004 0.004 0.004 0.006 0.005 0.005 0.009 0.007 0.008 0.009 0.009 0.010 0.000 0.000 0.010 0.010 0.010 0.008 0.010 0.007 0.010 0.010 0.010 0.022 0.000 0.024 0.000 0.000 0.010 0.010 0.034 0.010 0.010 0.010 0.000 0.010 0.010 0.000 0.010 0.015 0.008 0.000 0.010 0.009 0.011 0.009 0.010 0.009 0.015 0.000 0.024 0.010 0.000 0.006 0.005 0.000 0.000 0.005 0.020 0.006 0.006
0.010 0.010 0.000 0.007 0.023 0.000 0.011 0.010 0.000 0.006 0.008 0.003 0.003 0.005 0.000 0.000 0.006 0.005 0.004 0.009 0.006 0.000 0.005 0.000 0.008 0.010 0.007 0.008 0.010 0.010 0.010 0.010 0.010 0.007 0.008 0.008 0.010 0.010 0.010 0.010 0.000 0.000 0.000 0.000 0.009 0.008 0.010 0.010 0.010 0.010 0.008 0.008 0.013 0.006 0.010 0.000 0.018 0.007 0.010 0.000 0.006 0.009 0.010 0.000 0.000 0.009 0.010 0.000 0.160 0.010 0.009 0.010 0.000 0.008 0.006 0.008 0.010
0.007 0.010 0.007 0.000 0.010 0.010 0.010 0.000 0.000 0.000 0.003 0.005 0.005 0.000 0.000 0.005 0.004 0.004 0.006 0.006 0.000 0.007 0.004 0.007 0.007 0.008 0.010 0.029 0.010 0.010 0.010 0.010 0.010 0.008 0.008 0.009 0.010 0.010 0.020 0.010 0.010 0.010 0.000 0.010 0.010 0.008 0.010 0.047 0.025 0.000 0.007 0.000 0.000 0.000 0.000 0.007 0.008 0.000 0.010 0.008 0.000 0.007 0.009 0.010 0.010 0.009 0.010 0.008 0.010 0.000 0.000 0.015 0.009 0.010 0.000 0.000 0.000
0.008 0.030 0.000 0.010 0.010 0.010 0.010 0.000 0.005 0.004 0.005 0.013 0.010 0.010 0.008 0.010 0.004 0.000 0.005 0.010 0.007 0.000 0.000 0.006 0.007 0.008 0.008 0.010 0.010 0.000 0.000 0.018 0.010 0.010 0.010 0.010 0.010 0.009 0.008 0.010 0.010 0.008 0.009 0.010 0.014 0.000 0.000 0.011 0.008 0.008 0.006 0.000 0.000 0.000 0.000 0.000 0.007 0.012 0.010 0.009 0.009 0.008 0.038 0.010 0.000 0.014 0.010 0.010 0.010 0.008 0.010 0.000 0.000 0.011 0.000 0.007 0.010
0.000 0.010 0.010 0.006 0.010 0.010 0.005 0.004 0.004 0.003 0.010 0.025 0.010 0.010 0.006 0.000 0.000 0.000 0.005 0.009 0.000 0.000 0.000 0.000 0.007 0.000 0.007 0.033 0.010 0.010 0.009 0.006 0.007 0.010 0.008 0.013 0.010 0.009 0.008 0.008 0.006 0.007 0.005 0.005 0.007 0.007 0.010 0.008 0.000 0.007 0.000 0.000 0.000 0.000 0.010 0.008 0.008 0.007 0.010 0.010 0.009 0.000 0.010 0.000 0.000 0.000 0.010 0.010 0.010 0.000 0.000 0.009 0.013 0.000 0.000 0.010 0.010
