hx_30m/njhx/rain/result-0020.wd
ncols         211
nrows         286
xllcorner     660279.582600
yllcorner     3541874.325092
cellsize      30.000000
NODATA_value  -9999.000000
[rows 204 to 237 of 286, columns 0 to 76 of 211]
0.000 0.000 0.000 0.000 0.000 0.000 0.000 0.000 0.000 0.000 0.000 0.000 0.000 0.000 0.000 0.010 0.011 0.010 0.000 0.003 0.004 0.003 0.003 0.008 0.010 0.010 0.010 0.020 0.002 0.010 0.010 0.027 0.000 0.006 0.009 0.005 0.006 0.006 0.010 0.010 0.030 0.000 0.010 0.099 0.010 0.010 0.005 0.007 0.006 0.010 0.000 0.006 0.000 0.005 0.008 0.006 0.008 0.006 0.000 0.000 0.004 0.003 0.003 0.002 0.000 0.001 0.002 0.002 0.000 0.008 0.008 0.003 0.003 0.008 0.010 0.010 0.000
0.000 0.000 0.000 0.000 0.000 0.000 0.000 0.000 0.000 0.000 0.000 0.000 0.000 0.000 0.027 0.010 0.010 0.004 0.002 0.004 0.005 0.010 0.005 0.010 0.009 0.008 0.010 0.010 0.002 0.009 0.010 0.010 0.000 0.010 0.010 0.007 0.008 0.009 0.010 0.009 0.004 0.000 0.010 0.010 0.010 0.010 0.010 0.006 0.007 0.005 0.009 0.010 0.005 0.006 0.009 0.005 0.003 0.003 0.000 0.002 0.000 0.000 0.000 0.002 0.009 0.005 0.008 0.000 0.005 0.005 0.000 0.008 0.006 0.008 0.000 0.073 0.004
0.000 0.000 0.000 0.000 0.000 0.000 0.000 0.000 0.000 0.000 0.000 0.000 0.000 0.000 0.010 0.025 0.004 0.004 0.005 0.004 0.010 0.010 0.005 0.010 0.006 0.018 0.010 0.006 0.010 0.006 0.010 0.010 0.000 0.007 0.010 0.008 0.005 0.009 0.010 0.005 0.000 0.042 0.010 0.010 0.010 0.010 0.010 0.009 0.009 0.004 0.004 0.005 0.003 0.004 0.005 0.005 0.003 0.003 0.003 0.000 0.000 0.003 0.003 0.004 0.010 0.010 0.010 0.010 0.009 0.007 0.010 0.006 0.010 0.000 0.020 0.010 0.024
0.000 0.000 0.000 0.000 0.000 0.000 0.000 0.000 0.000 0.000 0.000 0.000 0.000 0.000 0.010 0.010 0.006 0.010 0.004 0.004 0.010 0.005 0.010 0.005 0.006 0.003 0.003 0.006 0.006 0.004 0.004 0.009 0.009 0.010 0.010 0.010 0.009 0.006 0.003 0.005 0.010 0.060 0.010 0.010 0.010 0.010 0.010 0.007 0.003 0.000 0.004 0.004 0.005 0.006 0.005 0.003 0.010 0.000 0.000 0.000 0.000 0.002 0.001 0.003 0.010 0.010 0.010 0.010 0.005 0.009 0.010 0.000 0.011 0.006 0.007 0.000 0.007
0.000 0.000 0.000 0.000 0.000 0.000 0.000 0.000 0.000 0.000 0.000 0.000 0.000 0.000 0.010 0.010 0.004 0.008 0.007 0.021 0.008 0.009 0.010 0.006 0.010 0.006 0.006 0.004 0.010 0.006 0.008 0.000 0.007 0.010 0.009 0.003 0.003 0.005 0.006 0.010 0.010 0.044 0.010 0.010 0.010 0.010 0.009 0.005 0.000 0.010 0.004 0.005 0.010 0.000 0.002 0.003 0.005 0.003 0.008 0.002 0.002 0.004 0.004 0.010 0.009 0.010 0.010 0.007 0.006 0.010 0.000 0.010 0.010 0.002 0.000 0.004 0.000
0.000 0.000 0.000 0.000 0.000 0.000 0.000 0.000 0.000 0.000 0.000 0.000 0.000 0.010 0.008 0.004 0.010 0.010 0.010 0.007 0.010 0.010 0.009 0.008 0.002 0.010 0.009 0.010 0.005 0.006 0.014 0.000 0.009 0.010 0.006 0.003 0.000 0.002 0.006 0.010 0.010 0.010 0.010 0.010 0.010 0.010 0.007 0.006 0.007 0.006 0.000 0.053 0.010 0.000 0.000 0.002 0.004 0.006 0.005 0.006 0.002 0.003 0.004 0.010 0.010 0.010 0.016 0.000 0.000 0.183 0.069 0.004 0.004 0.006 0.000 0.004 0.004
0.000 0.000 0.000 0.000 0.000 0.000 0.000 0.000 0.000 0.000 0.000 0.000 0.033 0.010 0.008 0.005 0.017 0.010 0.010 0.006 0.010 0.010 0.009 0.006 0.006 0.010 0.010 0.006 0.000 0.010 0.000 0.018 0.010 0.009 0.009 0.001 0.000 0.002 0.003 0.010 0.007 0.010 0.010 0.010 0.010 0.010 0.006 0.004 0.009 0.007 0.004 0.010 0.000 0.000 0.000 0.025 0.000 0.007 0.006 0.004 0.053 0.010 0.010 0.004 0.010 0.017 0.010 0.010 0.010 0.036 0.004 0.006 0.003 0.000 0.003 0.002 0.003
0.000 0.000 0.000 0.000 0.000 0.000 0.000 0.000 0.000 0.000 0.000 0.000 0.010 0.010 0.004 0.016 0.010 0.010 0.004 0.010 0.010 0.010 0.010 0.010 0.005 0.010 0.003 0.006 0.000 0.000 0.000 0.007 0.010 0.007 0.004 0.000 0.001 0.002 0.002 0.007 0.018 0.009 0.010 0.010 0.010 0.006 0.006 0.009 0.010 0.008 0.000 0.005 0.000 0.000 0.002 0.010 0.000 0.000 0.000 0.006 0.006 0.003 0.086 0.010 0.249 0.010 0.000 0.010 0.010 0.100 0.008 0.005 0.005 0.005 0.005 0.003 0.010
0.000 0.000 0.000 0.000 0.000 0.000 0.000 0.000 0.000 0.000 0.000 0.000 0.010 0.010 0.004 0.010 0.010 0.010 0.006 0.007 0.010 0.010 0.010 0.013 0.004 0.010 0.003 0.009 0.000 0.000 0.000 0.009 0.010 0.008 0.007 0.003 0.001 0.010 0.006 0.003 0.000 0.003 0.004 0.011 0.009 0.011 0.005 0.010 0.010 0.010 0.009 0.003 0.000 0.000 0.002 0.006 0.005 0.004 0.007 0.007 0.006 0.000 0.005 0.102 0.010 0.010 0.010 0.024 0.006 0.000 0.008 0.003 0.006 0.002 0.003 0.003 0.000
0.000 0.000 0.000 0.000 0.000 0.000 0.000 0.000 0.000 0.000 0.000 0.000 0.017 0.005 0.010 0.010 0.114 0.010 0.008 0.010 0.010 0.010 0.009 0.010 0.003 0.010 0.006 0.007 0.000 0.010 0.000 0.009 0.008 0.010 0.005 0.002 0.002 0.003 0.000 0.000 0.004 0.000 0.000 0.000 0.005 0.010 0.000 0.005 0.009 0.007 0.000 0.004 0.005 0.003 0.010 0.009 0.004 0.006 0.004 0.003 0.005 0.008 0.000 0.510 0.010 0.010 0.010 0.010 0.010 0.010 0.005 0.000 0.000 0.008 0.005 0.000 0.000
0.000 0.000 0.000 0.000 0.000 0.000 0.000 0.000 0.000 0.000 0.000 0.010 0.004 0.003 0.010 0.010 0.010 0.010 0.007 0.010 0.010 0.007 0.008 0.005 0.026 0.010 0.009 0.004 0.010 0.280 0.010 0.010 0.031 0.010 0.002 0.007 0.006 0.007 0.005 0.000 0.005 0.004 0.011 0.003 0.004 0.004 0.006 0.003 0.009 0.005 0.006 0.000 0.006 0.019 0.003 0.000 0.006 0.004 0.006 0.009 0.009 0.000 0.017 0.010 0.010 0.010 0.010 0.000 0.010 0.010 0.181 0.015 0.010 0.000 0.000 0.000 0.010
0.000 0.000 0.000 0.000 0.000 0.000 0.000 0.000 0.000 0.000 0.000 0.022 0.010 0.003 0.012 0.010 0.010 0.006 0.010 0.010 0.010 0.008 0.005 0.009 0.010 0.010 0.024 0.010 0.010 0.000 0.007 0.010 0.008 0.007 0.004 0.003 0.007 0.005 0.009 0.003 0.009 0.000 0.000 0.004 0.004 0.003 0.006 0.005 0.006 0.005 0.007 0.000 0.009 0.007 0.007 0.010 0.010 0.010 0.009 0.000 0.041 0.010 0.010 0.022 0.000 0.006 0.015 0.007 0.006 0.000 0.007 0.005 0.021 0.003 0.005 0.010 0.010
0.000 0.000 0.000 0.000 0.000 0.000 0.000 0.000 0.000 0.000 0.067 0.010 0.010 0.010 0.010 0.010 0.010 0.007 0.010 0.010 0.010 0.007 0.002 0.005 0.010 0.010 0.010 0.010 0.005 0.000 0.023 0.010 0.007 0.004 0.002 0.006 0.004 0.004 0.000 0.003 0.009 0.024 0.010 0.005 0.004 0.000 0.000 0.005 0.006 0.004 0.075 0.006 0.009 0.007 0.002 0.005 0.007 0.008 0.000 0.016 0.010 0.010 0.000 0.000 0.007 0.009 0.000 0.000 0.004 0.006 0.007 0.004 0.008 0.003 0.003 0.004 0.006
0.000 0.000 0.000 0.000 0.000 0.000 0.000 0.000 0.000 0.000 0.010 0.010 0.010 0.010 0.010 0.010 0.010 0.005 0.010 0.010 0.010 0.010 0.006 0.004 0.010 0.010 0.006 0.003 0.000 0.138 0.008 0.009 0.009 0.000 0.000 0.003 0.036 0.010 0.010 0.005 0.003 0.005 0.002 0.004 0.005 0.005 0.010 0.010 0.003 0.005 0.000 0.003 0.007 0.003 0.007 0.009 0.000 0.036 0.010 0.032 0.010 0.000 0.000 0.010 0.009 0.007 0.007 0.006 0.007 0.007 0.005 0.004 0.006 0.003 0.000 0.004 0.003
0.000 0.000 0.000 0.000 0.000 0.000 0.000 0.000 0.000 0.000 0.010 0.010 0.010 0.010 0.010 0.010 0.010 0.008 0.010 0.019 0.000 0.010 0.031 0.010 0.006 0.007 0.003 0.000 0.026 0.005 0.010 0.009 0.010 0.004 0.005 0.010 0.010 0.010 0.031 0.009 0.007 0.003 0.002 0.007 0.007 0.006 0.009 0.007 0.006 0.008 0.003 0.002 0.006 0.007 0.010 0.000 0.009 0.010 0.000 0.010 0.010 0.000 0.010 0.010 0.005 0.006 0.000 0.003 0.000 0.005 0.007 0.005 0.004 0.004 0.005 0.009 0.004
0.000 0.000 0.000 0.000 0.000 0.000 0.000 0.000 0.000 0.000 0.000 0.010 0.038 0.010 0.010 0.010 0.010 0.010 0.019 0.000 0.000 0.000 0.010 0.026 0.000 0.000 0.027 0.007 0.007 0.009 0.010 0.010 0.010 0.000 0.000 0.007 0.007 0.000 0.005 0.005 0.007 0.002 0.004 0.003 0.007 0.010 0.010 0.010 0.005 0.004 0.003 0.002 0.003 0.000 0.034 0.006 0.005 0.003 0.004 0.000 0.010 0.010 0.010 0.009 0.008 0.006 0.007 0.004 0.006 0.009 0.007 0.009 0.006 0.000 0.000 0.004 0.003
0.000 0.000 0.000 0.000 0.000 0.000 0.000 0.000 0.000 0.000 0.000 0.000 0.000 0.000 0.088 0.010 0.010 0.010 0.000 0.000 0.000 0.000 0.000 0.010 0.000 0.010 0.008 0.007 0.010 0.005 0.010 0.008 0.010 0.000 0.011 0.010 0.000 0.007 0.004 0.004 0.000 0.002 0.005 0.005 0.007 0.010 0.010 0.005 0.006 0.004 0.003 0.004 0.000 0.014 0.010 0.005 0.010 0.000 0.003 0.003 0.008 0.008 0.007 0.007 0.010 0.004 0.005 0.006 0.006 0.005 0.009 0.000 0.004 0.000 0.004 0.069 0.000
0.000 0.000 0.000 0.000 0.000 0.000 0.000 0.000 0.000 0.000 0.000 0.000 0.010 0.010 0.010 0.010 0.010 0.010 0.000 0.000 0.000 0.000 0.000 0.000 0.000 0.093 0.005 0.007 0.006 0.008 0.010 0.007 0.010 0.006 0.006 0.004 0.000 0.010 0.005 0.003 0.002 0.002 0.002 0.000 0.004 0.009 0.006 0.009 0.005 0.003 0.000 0.010 0.010 0.010 0.000 0.000 0.007 0.000 0.009 0.000 0.000 0.003 0.006 0.006 0.005 0.000 0.004 0.006 0.000 0.000 0.006 0.007 0.006 0.006 0.003 0.075 0.004
0.000 0.000 0.000 0.000 0.000 0.000 0.000 0.000 0.000 0.000 0.000 0.000 0.000 0.000 0.000 0.010 0.010 0.010 0.010 0.000 0.000 0.000 0.017 0.000 0.000 0.000 0.000 0.029 0.010 0.006 0.010 0.006 0.010 0.006 0.007 0.010 0.006 0.008 0.000 0.000 0.002 0.004 0.004 0.007 0.006 0.003 0.009 0.003 0.006 0.000 0.006 0.010 0.007 0.005 0.006 0.009 0.006 0.005 0.000 0.000 0.002 0.000 0.003 0.005 0.002 0.007 0.006 0.000 0.004 0.005 0.003 0.007 0.004 0.006 0.004 0.003 0.004
0.000 0.000 0.000 0.000 0.000 0.000 0.000 0.000 0.000 0.000 0.000 0.000 0.000 0.000 0.000 0.000 0.010 0.010 0.010 0.010 0.010 0.046 0.000 0.000 0.000 0.000 0.000 0.000 0.000 0.040 0.010 0.092 0.007 0.003 0.007 0.010 0.005 0.006 0.005 0.007 0.003 0.003 0.000 0.006 0.000 0.000 0.010 0.000 0.084 0.010 0.003 0.005 0.005 0.006 0.009 0.008 0.010 0.010 0.004 0.004 0.003 0.009 0.004 0.010 0.000 0.000 0.005 0.008 0.004 0.004 0.006 0.009 0.000 0.005 0.006 0.005 0.000
0.000 0.000 0.000 0.000 0.000 0.000 0.000 0.000 0.000 0.000 0.000 0.000 0.000 0.000 0.000 0.000 0.000 0.010 0.010 0.044 0.000 0.000 0.000 0.022 0.000 0.057 0.010 0.010 0.037 0.000 0.000 0.000 0.000 0.000 0.000 0.007 0.006 0.010 0.010 0.005 0.009 0.005 0.009 0.010 0.010 0.010 0.000 0.039 0.010 0.010 0.004 0.004 0.003 0.006 0.009 0.010 0.010 0.007 0.005 0.006 0.006 0.004 0.005 0.006 0.004 0.008 0.007 0.005 0.005 0.003 0.004 0.005 0.000 0.006 0.005 0.000 0.000
0.000 0.000 0.000 0.000 0.000 0.000 0.000 0.000 0.000 0.000 0.000 0.000 0.000 0.000 0.000 0.000 0.000 0.000 0.000 0.125 0.000 0.000 0.000 0.010 0.000 0.010 0.010 0.000 0.000 0.000 0.000 0.039 0.010 0.010 0.022 0.000 0.010 0.006 0.007 0.005 0.007 0.010 0.007 0.010 0.010 0.163 0.010 0.010 0.010 0.008 0.006 0.003 0.008 0.009 0.004 0.004 0.006 0.007 0.005 0.006 0.010 0.010 0.009 0.007 0.007 0.000 0.000 0.005 0.005 0.000 0.000 0.005 0.003 0.005 0.006 0.000 0.004
0.000 0.000 0.000 0.000 0.000 0.000 0.000 0.000 0.000 0.000 0.000 0.000 0.000 0.000 0.000 0.000 0.000 0.000 0.000 0.000 0.016 0.000 0.000 0.000 0.000 0.010 0.000 0.000 0.000 0.000 0.000 0.000 0.000 0.000 0.000 0.010 0.035 0.000 0.000 0.010 0.010 0.005 0.008 0.006 0.000 0.010 0.006 0.006 0.006 0.004 0.009 0.010 0.000 0.007 0.004 0.006 0.006 0.003 0.006 0.004 0.004 0.018 0.010 0.006 0.007 0.010 0.010 0.010 0.006 0.004 0.002 0.004 0.003 0.004 0.009 0.004 0.004
0.000 0.000 0.000 0.000 0.000 0.000 0.000 0.000 0.000 0.000 0.000 0.000 0.000 0.000 0.000 0.000 0.000 0.000 0.000 0.000 0.000 0.012 0.000 0.000 0.018 0.000 0.000 0.000 0.000 0.000 0.000 0.000 0.000 0.000 0.000 0.000 0.000 0.010 0.010 0.055 0.000 0.000 0.000 0.010 0.000 0.006 0.006 0.007 0.010 0.009 0.008 0.007 0.009 0.009 0.010 0.000 0.000 0.000 0.000 0.000 0.006 0.090 0.010 0.004 0.004 0.000 0.009 0.008 0.005 0.002 0.003 0.005 0.004 0.005 0.003 0.002 0.003
0.000 0.000 0.000 0.000 0.000 0.000 0.000 0.000 0.000 0.000 0.000 0.000 0.000 0.000 0.000 0.000 0.000 0.000 0.000 0.000 0.000 0.000 0.000 0.017 0.000 0.000 0.000 0.000 0.000 0.000 0.000 0.000 0.000 0.000 0.000 0.000 0.000 0.000 0.000 0.010 0.025 0.010 0.010 0.039 0.000 0.000 0.000 0.009 0.006 0.005 0.007 0.010 0.031 0.010 0.007 0.006 0.010 0.006 0.000 0.006 0.005 0.009 0.003 0.002 0.003 0.006 0.007 0.007 0.005 0.000 0.018 0.010 0.009 0.009 0.003 0.008 0.000
0.000 0.000 0.000 0.000 0.000 0.000 0.000 0.000 0.000 0.000 0.000 0.000 0.000 0.000 0.000 0.000 0.000 0.000 0.000 0.000 0.000 0.000 0.000 0.000 0.000 0.000 0.000 0.000 0.000 0.000 0.000 0.000 0.000 0.000 0.000 0.000 0.000 0.000 0.000 0.000 0.000 0.000 0.000 0.000 0.000 0.000 0.000 0.068 0.000 0.000 0.207 0.010 0.010 0.007 0.009 0.010 0.008 0.005 0.006 0.004 0.007 0.015 0.000 0.000 0.000 0.003 0.006 0.009 0.005 0.000 0.004 0.009 0.010 0.029 0.010 0.010 0.010
0.000 0.000 0.000 0.000 0.000 0.000 0.000 0.000 0.000 0.000 0.000 0.000 0.000 0.000 0.000 0.000 0.000 0.000 0.000 0.000 0.000 0.000 0.000 0.000 0.000 0.000 0.000 0.000 0.000 0.000 0.000 0.000 0.000 0.000 0.000 0.000 0.000 0.000 0.000 0.000 0.000 0.000 0.000 0.000 0.000 0.000 0.000 0.000 0.000 0.017 0.000 0.000 0.010 0.007 0.006 0.011 0.006 0.010 0.009 0.006 0.005 0.005 0.010 0.007 0.007 0.000 0.000 0.004 0.000 0.006 0.023 0.010 0.007 0.000 0.003 0.003 0.002
0.000 0.000 0.000 0.000 0.000 0.000 0.000 0.000 0.000 0.000 0.000 0.000 0.000 0.000 0.000 0.000 0.000 0.000 0.000 0.000 0.000 0.000 0.000 0.000 0.000 0.000 0.000 0.000 0.000 0.000 0.000 0.000 0.000 0.000 0.000 0.000 0.000 0.000 0.000 0.000 0.000 0.000 0.000 0.000 0.000 0.000 0.000 0.000 0.000 0.000 0.000 0.017 0.000 0.000 0.000 0.010 0.010 0.004 0.007 0.007 0.009 0.010 0.007 0.006 0.004 0.007 0.007 0.010 0.000 0.009 0.000 0.005 0.003 0.009 0.002 0.000 0.002
0.000 0.000 0.000 0.000 0.000 0.000 0.000 0.000 0.000 0.000 0.000 0.000 0.000 0.000 0.000 0.000 0.000 0.000 0.000 0.000 0.000 0.000 0.000 0.000 0.000 0.000 0.000 0.000 0.000 0.000 0.000 0.000 0.000 0.000 0.000 0.000 0.000 0.000 0.000 0.000 0.000 0.000 0.000 0.000 0.000 0.000 0.000 0.000 0.000 0.000 0.000 0.000 0.000 0.000 0.010 0.010 0.000 0.000 0.000 0.000 0.010 0.006 0.005 0.006 0.010 0.009 0.005 0.007 0.009 0.007 0.007 0.017 0.000 0.000 0.004 0.003 0.000
0.000 0.000 0.000 0.000 0.000 0.000 0.000 0.000 0.000 0.000 0.000 0.000 0.000 0.000 0.000 0.000 0.000 0.000 0.000 0.000 0.000 0.000 0.000 0.000 0.000 0.000 0.000 0.000 0.000 0.000 0.000 0.000 0.000 0.000 0.000 0.000 0.000 0.000 0.000 0.000 0.000 0.000 0.000 0.000 0.000 0.000 0.000 0.000 0.000 0.000 0.000 0.000 0.000 0.000 0.000 0.000 0.000 0.000 0.000 0.015 0.000 0.000 0.000 0.000 0.006 0.006 0.006 0.009 0.007 0.006 0.010 0.009 0.007 0.009 0.000 0.005 0.005
0.000 0.000 0.000 0.000 0.000 0.000 0.000 0.000 0.000 0.000 0.000 0.000 0.000 0.000 0.000 0.000 0.000 0.000 0.000 0.000 0.000 0.000 0.000 0.000 0.000 0.000 0.000 0.000 0.000 0.000 0.000 0.000 0.000 0.000 0.000 0.000 0.000 0.000 0.000 0.000 0.000 0.000 0.000 0.000 0.000 0.000 0.000 0.000 0.000 0.000 0.000 0.000 0.000 0.000 0.000 0.000 0.000 0.000 0.000 0.000 0.000 0.000 0.010 0.020 0.000 0.000 0.000 0.006 0.006 0.006 0.007 0.009 0.008 0.006 0.009 0.005 0.000
0.000 0.000 0.000 0.000 0.000 0.000 0.000 0.000 0.000 0.000 0.000 0.000 0.000 0.000 0.000 0.000 0.000 0.000 0.000 0.000 0.000 0.000 0.000 0.000 0.000 0.000 0.000 0.000 0.000 0.000 0.000 0.000 0.000 0.000 0.000 0.000 0.000 0.000 0.000 0.000 0.000 0.000 0.000 0.000 0.000 0.000 0.000 0.000 0.000 0.000 0.000 0.000 0.000 0.000 0.000 0.000 0.000 0.000 0.000 0.000 0.000 0.000 0.000 0.000 0.000 0.010 0.023 0.000 0.000 0.021 0.009 0.004 0.010 0.009 0.004 0.009 0.009
0.000 0.000 0.000 0.000 0.000 0.000 0.000 0.000 0.000 0.000 0.000 0.000 0.000 0.000 0.000 0.000 0.000 0.000 0.000 0.000 0.000 0.000 0.000 0.000 0.000 0.000 0.000 0.000 0.000 0.000 0.000 0.000 0.000 0.000 0.000 0.000 0.000 0.000 0.000 0.000 0.000 0.000 0.000 0.000 0.000 0.000 0.000 0.000 0.000 0.000 0.000 0.000 0.000 0.000 0.000 0.000 0.000 0.000 0.000 0.000 0.000 0.000 0.000 0.000 0.000 0.000 0.000 0.000 0.000 0.000 0.000 0.000 0.007 0.004 0.010 0.006 0.007
0.000 0.000 0.000 0.000 0.000 0.000 0.000 0.000 0.000 0.000 0.000 0.000 0.000 0.000 0.000 0.000 0.000 0.000 0.000 0.000 0.000 0.000 0.000 0.000 0.000 0.000 0.000 0.000 0.000 0.000 0.000 0.000 0.000 0.000 0.000 0.000 0.000 0.000 0.000 0.000 0.000 0.000 0.000 0.000 0.000 0.000 0.000 0.000 0.000 0.000 0.000 0.000 0.000 0.000 0.000 0.000 0.000 0.000 0.000 0.000 0.000 0.000 0.000 0.000 0.000 0.000 0.000 0.000 0.000 0.000 0.000 0.000 0.000 0.000 0.006 0.006 0.009
