hx_30m/njhx/rain/result-0046.wd
ncols         211
nrows         286
xllcorner     660279.582600
yllcorner     3541874.325092
cellsize      30.000000
NODATA_value  -9999.000000
[rows 102 to 135 of 286, columns 77 to 153 of 211]
0.000 0.058 0.010 0.002 0.006 0.002 0.001 0.000 0.000 0.001 0.006 0.002 0.001 0.000 0.001 0.000 0.000 0.006 0.030 0.002 0.010 0.047 0.144 0.010 0.010 0.010 0.018 0.001 0.003 0.003 0.000 0.000 0.000 0.001 0.001 0.000 0.001 0.002 0.003 0.001 0.002 0.001 0.006 0.005 0.000 0.001 0.002 0.001 0.000 0.001 0.003 0.010 0.003 0.000 0.007 0.000 0.000 0.002 0.002 0.001 0.000 0.000 0.000 0.003 0.000 0.001 0.001 0.000 0.001 0.001 0.001 0.000 0.000 0.001 0.004 0.006 0.000
0.010 0.010 0.003 0.002 0.006 0.001 0.000 0.000 0.001 0.010 0.003 0.001 0.000 0.000 0.000 0.002 0.002 0.002 0.002 0.010 0.027 0.010 0.010 0.010 0.010 0.010 0.010 0.001 0.001 0.001 0.000 0.000 0.000 0.004 0.001 0.000 0.001 0.001 0.001 0.000 0.004 0.003 0.036 0.000 0.000 0.000 0.001 0.001 0.001 0.001 0.001 0.004 0.004 0.000 0.000 0.000 0.000 0.001 0.002 0.001 0.000 0.000 0.000 0.001 0.004 0.001 0.001 0.000 0.000 0.000 0.000 0.001 0.001 0.001 0.000 0.002 0.000
0.010 0.010 0.003 0.002 0.010 0.001 0.002 0.001 0.000 0.001 0.010 0.002 0.000 0.001 0.001 0.001 0.001 0.001 0.000 0.001 0.010 0.022 0.010 0.010 0.010 0.010 0.010 0.006 0.002 0.002 0.010 0.003 0.002 0.005 0.001 0.003 0.003 0.003 0.002 0.001 0.000 0.010 0.000 0.000 0.000 0.001 0.000 0.000 0.000 0.000 0.001 0.005 0.001 0.000 0.011 0.040 0.010 0.025 0.003 0.001 0.001 0.004 0.010 0.001 0.000 0.001 0.001 0.001 0.004 0.010 0.004 0.000 0.000 0.001 0.004 0.010 0.004
0.010 0.010 0.003 0.006 0.006 0.012 0.006 0.001 0.001 0.001 0.010 0.001 0.000 0.001 0.001 0.000 0.001 0.002 0.002 0.001 0.096 0.107 0.010 0.010 0.010 0.010 0.010 0.166 0.010 0.010 0.010 0.010 0.010 0.010 0.147 0.010 0.003 0.003 0.002 0.001 0.000 0.037 0.010 0.001 0.001 0.000 0.001 0.001 0.000 0.000 0.000 0.002 0.000 0.001 0.001 0.002 0.002 0.000 0.001 0.000 0.001 0.000 0.000 0.005 0.001 0.001 0.001 0.002 0.000 0.002 0.000 0.000 0.000 0.010 0.010 0.010 0.010
0.010 0.010 0.002 0.006 0.003 0.000 0.000 0.001 0.000 0.000 0.000 0.001 0.000 0.000 0.001 0.000 0.001 0.001 0.000 0.002 0.010 0.010 0.010 0.010 0.010 0.010 0.010 0.010 0.010 0.010 0.010 0.010 0.010 0.010 0.010 0.010 0.003 0.003 0.001 0.002 0.010 0.010 0.010 0.010 0.006 0.001 0.000 0.001 0.001 0.001 0.001 0.018 0.010 0.000 0.000 0.000 0.000 0.000 0.000 0.000 0.001 0.000 0.000 0.001 0.001 0.011 0.000 0.000 0.009 0.000 0.000 0.000 0.002 0.010 0.000 0.010 0.002
0.010 0.010 0.003 0.006 0.003 0.001 0.000 0.000 0.000 0.000 0.000 0.000 0.000 0.000 0.000 0.000 0.000 0.000 0.001 0.010 0.010 0.055 0.237 0.163 0.010 0.010 0.010 0.010 0.189 0.076 0.010 0.010 0.000 0.146 0.000 0.010 0.003 0.003 0.001 0.008 0.010 0.010 0.010 0.010 0.002 0.000 0.001 0.000 0.001 0.000 0.000 0.001 0.010 0.000 0.001 0.000 0.000 0.001 0.001 0.000 0.000 0.000 0.000 0.000 0.000 0.010 0.000 0.001 0.000 0.000 0.000 0.001 0.001 0.010 0.000 0.000 0.010
0.290 0.033 0.002 0.006 0.003 0.000 0.000 0.000 0.000 0.000 0.001 0.000 0.000 0.000 0.004 0.000 0.000 0.001 0.001 0.004 0.010 0.627 0.010 0.010 0.010 0.010 0.010 0.010 0.010 0.010 0.010 0.010 0.117 0.010 0.024 0.000 0.003 0.281 0.007 0.000 0.010 0.110 0.002 0.001 0.003 0.000 0.002 0.001 0.002 0.000 0.001 0.001 0.003 0.000 0.002 0.003 0.000 0.000 0.000 0.001 0.001 0.001 0.000 0.002 0.000 0.005 0.000 0.001 0.001 0.000 0.002 0.010 0.000 0.000 0.000 0.032 0.004
0.074 0.010 0.001 0.010 0.006 0.003 0.002 0.001 0.001 0.002 0.001 0.001 0.000 0.000 0.002 0.002 0.010 0.002 0.001 0.003 0.002 0.002 0.003 0.010 0.010 0.010 0.002 0.006 0.010 0.009 0.003 0.006 0.002 0.006 0.006 0.010 0.002 0.010 0.001 0.010 0.011 0.010 0.006 0.001 0.005 0.000 0.002 0.000 0.000 0.000 0.000 0.001 0.001 0.000 0.000 0.000 0.001 0.000 0.000 0.000 0.000 0.002 0.001 0.000 0.000 0.001 0.000 0.000 0.001 0.001 0.057 0.010 0.000 0.000 0.000 0.010 0.002
0.010 0.010 0.001 0.010 0.001 0.000 0.000 0.000 0.000 0.001 0.001 0.005 0.001 0.008 0.001 0.023 0.010 0.010 0.008 0.003 0.002 0.002 0.010 0.001 0.046 0.010 0.010 0.005 0.010 0.006 0.002 0.001 0.002 0.002 0.002 0.006 0.001 0.048 0.003 0.010 0.010 0.005 0.001 0.006 0.002 0.002 0.002 0.002 0.002 0.002 0.002 0.001 0.010 0.013 0.010 0.011 0.002 0.002 0.002 0.002 0.002 0.001 0.001 0.000 0.000 0.002 0.001 0.002 0.002 0.002 0.004 0.010 0.006 0.010 0.010 0.010 0.010
0.010 0.003 0.003 0.003 0.001 0.000 0.000 0.000 0.001 0.000 0.007 0.000 0.001 0.002 0.013 0.000 0.000 0.000 0.004 0.010 0.010 0.010 0.008 0.009 0.010 0.006 0.028 0.002 0.005 0.010 0.002 0.001 0.001 0.002 0.002 0.005 0.010 0.039 0.003 0.003 0.005 0.005 0.002 0.002 0.002 0.001 0.001 0.002 0.003 0.001 0.006 0.002 0.001 0.002 0.002 0.006 0.003 0.000 0.002 0.001 0.002 0.004 0.005 0.002 0.002 0.001 0.002 0.001 0.001 0.001 0.001 0.001 0.001 0.000 0.001 0.008 0.010
0.010 0.003 0.003 0.003 0.001 0.000 0.001 0.001 0.000 0.001 0.009 0.010 0.003 0.010 0.010 0.033 0.000 0.003 0.002 0.001 0.001 0.001 0.000 0.000 0.001 0.010 0.010 0.010 0.010 0.010 0.001 0.000 0.007 0.000 0.000 0.000 0.002 0.260 0.003 0.010 0.000 0.000 0.010 0.010 0.010 0.001 0.002 0.001 0.010 0.010 0.010 0.003 0.015 0.010 0.140 0.010 0.002 0.001 0.001 0.001 0.001 0.001 0.010 0.001 0.000 0.002 0.000 0.000 0.002 0.010 0.010 0.001 0.001 0.000 0.000 0.000 0.004
0.010 0.002 0.010 0.002 0.000 0.000 0.001 0.002 0.001 0.001 0.009 0.003 0.019 0.010 0.007 0.001 0.001 0.001 0.007 0.010 0.010 0.056 0.010 0.001 0.001 0.010 0.010 0.010 0.010 0.010 0.039 0.000 0.010 0.000 0.002 0.000 0.001 0.010 0.008 0.010 0.010 0.010 0.103 0.010 0.010 0.001 0.000 0.001 0.010 0.010 0.010 0.002 0.000 0.010 0.010 0.010 0.001 0.002 0.001 0.000 0.000 0.002 0.000 0.000 0.002 0.003 0.002 0.010 0.006 0.010 0.031 0.002 0.001 0.000 0.000 0.000 0.002
0.005 0.002 0.010 0.001 0.001 0.002 0.000 0.001 0.001 0.002 0.034 0.010 0.010 0.000 0.001 0.000 0.010 0.003 0.001 0.002 0.000 0.000 0.001 0.000 0.003 0.002 0.010 0.010 0.058 0.010 0.002 0.010 0.010 0.000 0.000 0.000 0.001 0.010 0.004 0.002 0.002 0.000 0.000 0.000 0.001 0.022 0.000 0.000 0.010 0.003 0.002 0.006 0.003 0.003 0.002 0.010 0.000 0.000 0.000 0.000 0.001 0.001 0.000 0.000 0.000 0.001 0.001 0.000 0.010 0.015 0.007 0.000 0.001 0.022 0.000 0.000 0.003
0.002 0.003 0.003 0.001 0.001 0.010 0.003 0.001 0.001 0.002 0.010 0.000 0.000 0.000 0.000 0.000 0.002 0.000 0.043 0.000 0.001 0.001 0.000 0.001 0.001 0.003 0.010 0.010 0.010 0.034 0.001 0.010 0.010 0.000 0.001 0.000 0.001 0.067 0.001 0.002 0.005 0.002 0.000 0.000 0.001 0.227 0.000 0.001 0.010 0.005 0.000 0.002 0.005 0.000 0.006 0.006 0.002 0.003 0.010 0.010 0.003 0.000 0.001 0.000 0.001 0.001 0.000 0.001 0.001 0.000 0.002 0.002 0.000 0.000 0.000 0.000 0.002
0.003 0.003 0.002 0.000 0.000 0.004 0.000 0.000 0.000 0.000 0.010 0.000 0.003 0.003 0.002 0.000 0.000 0.002 0.002 0.000 0.000 0.000 0.000 0.000 0.002 0.015 0.010 0.010 0.010 0.005 0.002 0.010 0.020 0.001 0.001 0.005 0.002 0.005 0.001 0.010 0.006 0.001 0.000 0.000 0.004 0.010 0.001 0.001 0.002 0.001 0.000 0.000 0.001 0.000 0.000 0.000 0.003 0.006 0.004 0.010 0.003 0.000 0.000 0.002 0.002 0.007 0.000 0.000 0.000 0.001 0.002 0.005 0.000 0.000 0.002 0.000 0.001
0.001 0.010 0.002 0.002 0.001 0.001 0.000 0.000 0.000 0.000 0.007 0.000 0.001 0.001 0.002 0.000 0.011 0.000 0.001 0.000 0.000 0.000 0.000 0.000 0.002 0.001 0.002 0.005 0.005 0.005 0.000 0.000 0.010 0.010 0.001 0.003 0.002 0.010 0.001 0.003 0.005 0.003 0.000 0.000 0.001 0.001 0.002 0.001 0.003 0.000 0.000 0.001 0.000 0.000 0.002 0.000 0.001 0.001 0.001 0.006 0.001 0.000 0.000 0.000 0.003 0.018 0.000 0.010 0.034 0.000 0.002 0.010 0.002 0.003 0.010 0.000 0.000
0.003 0.010 0.003 0.005 0.001 0.000 0.002 0.000 0.000 0.002 0.087 0.000 0.000 0.000 0.084 0.000 0.250 0.000 0.000 0.000 0.000 0.000 0.000 0.000 0.001 0.002 0.000 0.001 0.005 0.010 0.000 0.010 0.000 0.004 0.033 0.000 0.001 0.010 0.003 0.010 0.010 0.010 0.000 0.000 0.000 0.005 0.005 0.003 0.005 0.001 0.003 0.010 0.000 0.000 0.000 0.000 0.000 0.000 0.001 0.001 0.000 0.001 0.000 0.000 0.001 0.052 0.062 0.010 0.010 0.010 0.092 0.198 0.029 0.225 0.000 0.002 0.010
0.003 0.003 0.000 0.000 0.000 0.001 0.000 0.002 0.003 0.001 0.269 0.006 0.010 0.010 0.031 0.321 0.107 0.000 0.005 0.003 0.004 0.001 0.001 0.000 0.002 0.002 0.005 0.001 0.001 0.002 0.014 0.203 0.320 0.425 0.010 0.000 0.001 0.010 0.002 0.002 0.005 0.010 0.000 0.000 0.026 0.003 0.000 0.005 0.002 0.010 0.010 0.003 0.001 0.002 0.000 0.001 0.001 0.000 0.001 0.001 0.001 0.001 0.000 0.000 0.001 0.005 0.042 0.000 0.000 0.000 0.010 0.018 0.034 0.045 0.005 0.005 0.040
0.010 0.002 0.005 0.003 0.002 0.001 0.000 0.000 0.001 0.000 0.232 0.005 0.543 0.010 0.128 0.274 0.096 0.055 0.003 0.010 0.010 0.010 0.003 0.001 0.003 0.005 0.010 0.001 0.003 0.003 0.100 0.454 0.426 0.354 0.024 0.000 0.005 0.010 0.002 0.001 0.001 0.003 0.006 0.001 0.001 0.001 0.000 0.001 0.001 0.001 0.005 0.001 0.001 0.000 0.000 0.001 0.001 0.001 0.001 0.001 0.000 0.000 0.000 0.000 0.002 0.054 0.010 0.001 0.000 0.000 0.010 0.010 0.040 0.048 0.001 0.010 0.000
0.010 0.002 0.001 0.001 0.001 0.001 0.005 0.001 0.000 0.000 0.302 0.005 0.010 0.010 0.010 0.010 0.256 0.106 0.004 0.010 0.010 0.000 0.003 0.002 0.000 0.005 0.000 0.000 0.000 0.000 0.010 0.471 0.449 0.057 0.002 0.000 0.013 0.005 0.010 0.000 0.000 0.002 0.010 0.005 0.000 0.001 0.002 0.002 0.001 0.001 0.002 0.001 0.001 0.001 0.000 0.001 0.001 0.000 0.002 0.001 0.000 0.001 0.000 0.001 0.010 0.000 0.010 0.010 0.000 0.000 0.012 0.010 0.017 0.010 0.002 0.001 0.000
0.002 0.002 0.002 0.002 0.000 0.000 0.001 0.010 0.010 0.010 0.185 0.010 0.005 0.010 0.010 0.010 0.078 0.046 0.002 0.000 0.000 0.010 0.003 0.002 0.000 0.003 0.000 0.005 0.000 0.000 0.001 0.193 0.382 0.001 0.001 0.001 0.004 0.002 0.005 0.000 0.002 0.003 0.001 0.003 0.001 0.001 0.001 0.001 0.003 0.000 0.002 0.001 0.003 0.001 0.009 0.002 0.010 0.000 0.000 0.000 0.000 0.001 0.001 0.001 0.003 0.010 0.003 0.004 0.005 0.000 0.264 0.026 0.089 0.039 0.370 0.001 0.000
0.002 0.003 0.001 0.001 0.000 0.002 0.001 0.001 0.002 0.003 0.010 0.003 0.003 0.010 0.007 0.002 0.010 0.010 0.001 0.002 0.002 0.010 0.009 0.001 0.002 0.005 0.002 0.095 0.022 0.020 0.015 0.022 0.010 0.002 0.001 0.059 0.003 0.004 0.010 0.000 0.010 0.010 0.003 0.000 0.000 0.002 0.002 0.002 0.003 0.005 0.010 0.001 0.010 0.010 0.010 0.000 0.000 0.000 0.000 0.000 0.000 0.001 0.005 0.002 0.001 0.000 0.000 0.000 0.000 0.000 0.000 0.000 0.007 0.002 0.000 0.002 0.000
0.001 0.000 0.000 0.000 0.000 0.000 0.000 0.001 0.002 0.000 0.256 0.000 0.003 0.000 0.010 0.000 0.000 0.010 0.000 0.000 0.000 0.000 0.027 0.069 0.067 0.046 0.071 0.000 0.000 0.000 0.000 0.036 0.005 0.010 0.002 0.384 0.005 0.005 0.002 0.000 0.003 0.010 0.001 0.000 0.000 0.000 0.000 0.002 0.010 0.010 0.002 0.001 0.006 0.000 0.000 0.000 0.000 0.001 0.000 0.000 0.000 0.000 0.000 0.002 0.001 0.000 0.000 0.000 0.000 0.001 0.000 0.001 0.001 0.000 0.000 0.005 0.000
0.002 0.000 0.001 0.001 0.002 0.000 0.001 0.002 0.002 0.000 0.301 0.000 0.001 0.000 0.016 0.001 0.001 0.047 0.000 0.000 0.000 0.000 0.031 0.022 0.132 0.119 0.001 0.002 0.002 0.003 0.001 0.001 0.047 0.000 0.000 0.070 0.010 0.002 0.000 0.002 0.001 0.010 0.001 0.001 0.000 0.001 0.000 0.000 0.001 0.001 0.005 0.000 0.004 0.010 0.023 0.000 0.000 0.001 0.000 0.000 0.000 0.000 0.000 0.000 0.001 0.000 0.002 0.010 0.003 0.002 0.000 0.001 0.000 0.005 0.000 0.003 0.000
0.006 0.000 0.000 0.000 0.000 0.000 0.000 0.000 0.000 0.000 0.198 0.000 0.000 0.000 0.001 0.010 0.010 0.002 0.002 0.002 0.000 0.000 0.087 0.156 0.113 0.001 0.005 0.012 0.003 0.001 0.001 0.006 0.000 0.000 0.000 0.003 0.003 0.001 0.000 0.001 0.000 0.000 0.005 0.002 0.000 0.001 0.001 0.000 0.000 0.000 0.001 0.001 0.001 0.001 0.001 0.000 0.000 0.000 0.000 0.000 0.000 0.000 0.001 0.000 0.002 0.003 0.003 0.032 0.000 0.002 0.000 0.002 0.000 0.000 0.005 0.002 0.000
0.001 0.002 0.000 0.000 0.000 0.001 0.000 0.000 0.000 0.000 0.200 0.000 0.000 0.000 0.001 0.001 0.000 0.003 0.000 0.002 0.000 0.000 0.083 0.001 0.000 0.000 0.000 0.000 0.000 0.000 0.000 0.001 0.000 0.000 0.000 0.000 0.005 0.001 0.000 0.000 0.000 0.002 0.005 0.003 0.001 0.002 0.002 0.005 0.000 0.001 0.001 0.001 0.001 0.003 0.000 0.000 0.000 0.000 0.000 0.000 0.000 0.000 0.000 0.000 0.001 0.000 0.001 0.010 0.000 0.000 0.001 0.002 0.000 0.000 0.001 0.004 0.002
0.001 0.001 0.005 0.001 0.003 0.000 0.001 0.000 0.000 0.003 0.006 0.000 0.000 0.000 0.000 0.000 0.000 0.001 0.001 0.000 0.000 0.000 0.255 0.000 0.000 0.001 0.000 0.000 0.000 0.000 0.001 0.000 0.000 0.000 0.000 0.001 0.010 0.003 0.000 0.000 0.000 0.000 0.000 0.001 0.003 0.008 0.004 0.010 0.002 0.001 0.001 0.001 0.000 0.000 0.001 0.001 0.000 0.000 0.000 0.000 0.000 0.000 0.000 0.000 0.002 0.000 0.000 0.000 0.000 0.000 0.000 0.000 0.005 0.005 0.002 0.010 0.000
0.003 0.000 0.000 0.001 0.001 0.001 0.000 0.000 0.001 0.003 0.005 0.001 0.001 0.000 0.000 0.001 0.000 0.001 0.001 0.000 0.000 0.000 0.420 0.000 0.000 0.001 0.000 0.000 0.001 0.010 0.002 0.000 0.000 0.000 0.005 0.001 0.005 0.002 0.000 0.000 0.010 0.006 0.000 0.003 0.010 0.007 0.000 0.000 0.000 0.000 0.000 0.001 0.000 0.000 0.001 0.000 0.000 0.000 0.000 0.000 0.001 0.001 0.000 0.000 0.001 0.041 0.000 0.000 0.000 0.000 0.000 0.000 0.000 0.003 0.002 0.001 0.003
0.001 0.002 0.002 0.003 0.005 0.001 0.000 0.001 0.003 0.005 0.002 0.001 0.001 0.002 0.000 0.000 0.000 0.001 0.010 0.010 0.000 0.000 0.491 0.000 0.000 0.000 0.000 0.000 0.000 0.010 0.002 0.000 0.000 0.001 0.000 0.002 0.010 0.005 0.000 0.000 0.003 0.001 0.000 0.000 0.006 0.010 0.001 0.003 0.001 0.001 0.002 0.001 0.003 0.003 0.002 0.005 0.001 0.001 0.000 0.000 0.000 0.000 0.000 0.010 0.002 0.002 0.000 0.000 0.000 0.000 0.001 0.002 0.000 0.000 0.001 0.000 0.001
0.001 0.000 0.002 0.000 0.000 0.002 0.001 0.001 0.001 0.010 0.005 0.010 0.005 0.008 0.010 0.075 0.002 0.001 0.000 0.000 0.000 0.000 0.457 0.001 0.001 0.001 0.000 0.000 0.000 0.010 0.001 0.001 0.000 0.000 0.000 0.000 0.005 0.003 0.003 0.003 0.061 0.001 0.000 0.001 0.001 0.001 0.000 0.000 0.001 0.001 0.001 0.002 0.000 0.000 0.000 0.000 0.001 0.002 0.000 0.000 0.002 0.001 0.001 0.001 0.010 0.001 0.000 0.001 0.001 0.001 0.000 0.000 0.000 0.010 0.043 0.002 0.001
0.000 0.000 0.002 0.000 0.000 0.000 0.001 0.001 0.002 0.007 0.001 0.074 0.000 0.000 0.000 0.000 0.000 0.001 0.000 0.000 0.000 0.000 0.583 0.001 0.001 0.001 0.000 0.000 0.000 0.001 0.000 0.000 0.000 0.003 0.000 0.003 0.010 0.001 0.000 0.000 0.000 0.000 0.000 0.000 0.000 0.001 0.000 0.000 0.000 0.000 0.000 0.003 0.000 0.000 0.000 0.000 0.000 0.000 0.000 0.000 0.000 0.001 0.000 0.002 0.002 0.000 0.000 0.000 0.000 0.001 0.005 0.000 0.000 0.000 0.000 0.016 0.000
0.001 0.001 0.006 0.002 0.001 0.001 0.001 0.002 0.000 0.005 0.003 0.173 0.003 0.003 0.003 0.003 0.010 0.002 0.001 0.003 0.000 0.000 0.417 0.001 0.001 0.000 0.000 0.000 0.000 0.000 0.000 0.000 0.001 0.003 0.000 0.001 0.438 0.001 0.000 0.001 0.010 0.035 0.000 0.000 0.000 0.001 0.001 0.000 0.000 0.000 0.000 0.000 0.002 0.005 0.000 0.000 0.000 0.000 0.001 0.001 0.001 0.000 0.000 0.000 0.002 0.000 0.000 0.049 0.000 0.000 0.001 0.001 0.000 0.000 0.000 0.000 0.000
0.000 0.006 0.000 0.001 0.002 0.001 0.001 0.001 0.000 0.002 0.002 0.010 0.000 0.000 0.010 0.000 0.000 0.002 0.000 0.000 0.002 0.000 0.282 0.001 0.000 0.001 0.000 0.001 0.001 0.001 0.000 0.000 0.010 0.002 0.005 0.003 0.010 0.001 0.010 0.000 0.003 0.000 0.010 0.000 0.000 0.003 0.001 0.005 0.000 0.000 0.000 0.000 0.010 0.002 0.000 0.000 0.001 0.001 0.001 0.000 0.000 0.000 0.000 0.000 0.000 0.037 0.000 0.000 0.008 0.000 0.000 0.001 0.001 0.001 0.000 0.001 0.000
0.003 0.010 0.001 0.001 0.020 0.010 0.002 0.003 0.002 0.003 0.006 0.012 0.010 0.010 0.006 0.006 0.010 0.002 0.000 0.000 0.003 0.001 0.003 0.002 0.001 0.001 0.001 0.001 0.002 0.001 0.000 0.001 0.002 0.001 0.001 0.001 0.010 0.005 0.001 0.001 0.001 0.001 0.000 0.003 0.001 0.002 0.000 0.000 0.000 0.000 0.010 0.000 0.003 0.003 0.000 0.000 0.000 0.000 0.000 0.001 0.000 0.001 0.010 0.000 0.001 0.000 0.010 0.001 0.000 0.000 0.000 0.000 0.005 0.000 0.000 0.000 0.003
