hx_30m/njhx/rain/result-0031.wd
ncols         211
nrows         286
xllcorner     660279.582600
yllcorner     3541874.325092
cellsize      30.000000
NODATA_value  -9999.000000
[rows 136 to 169 of 286, columns 77 to 153 of 211]
0.007 0.005 0.007 0.007 0.007 0.009 0.005 0.007 0.007 0.009 0.007 0.008 0.010 0.007 0.010 0.014 0.007 0.006 0.005 0.008 0.006 0.009 0.005 0.005 0.007 0.010 0.007 0.014 0.008 0.008 0.007 0.007 0.034 0.018 0.003 0.004 0.011 0.004 0.007 0.005 0.010 0.004 0.004 0.003 0.008 0.004 0.007 0.005 0.003 0.019 0.010 0.000 0.013 0.004 0.003 0.001 0.003 0.000 0.000 0.000 0.000 0.003 0.000 0.000 0.006 0.010 0.000 0.010 0.008 0.000 0.001 0.002 0.000 0.010 0.007 0.019 0.001
0.004 0.004 0.007 0.007 0.007 0.005 0.009 0.007 0.005 0.005 0.013 0.004 0.006 0.005 0.010 0.006 0.004 0.004 0.005 0.004 0.008 0.005 0.008 0.017 0.009 0.012 0.007 0.007 0.004 0.000 0.000 0.003 0.000 0.000 0.007 0.004 0.079 0.007 0.010 0.000 0.000 0.004 0.000 0.000 0.003 0.008 0.000 0.005 0.000 0.007 0.005 0.005 0.007 0.005 0.008 0.003 0.003 0.007 0.000 0.000 0.000 0.002 0.007 0.008 0.003 0.008 0.000 0.000 0.010 0.005 0.003 0.000 0.004 0.000 0.000 0.000 0.002
0.003 0.002 0.000 0.000 0.000 0.000 0.000 0.000 0.006 0.007 0.005 0.000 0.000 0.000 0.003 0.000 0.009 0.005 0.004 0.000 0.000 0.006 0.007 0.004 0.010 0.010 0.010 0.010 0.004 0.000 0.000 0.002 0.000 0.000 0.000 0.008 0.692 0.006 0.000 0.010 0.004 0.002 0.010 0.010 0.010 0.035 0.000 0.001 0.000 0.002 0.001 0.003 0.002 0.000 0.000 0.004 0.005 0.002 0.003 0.006 0.000 0.001 0.006 0.005 0.004 0.008 0.005 0.006 0.006 0.005 0.006 0.006 0.010 0.004 0.003 0.000 0.003
0.004 0.004 0.009 0.005 0.005 0.004 0.009 0.006 0.004 0.007 0.002 0.002 0.003 0.006 0.003 0.000 0.000 0.029 0.042 0.010 0.017 0.008 0.006 0.004 0.010 0.010 0.010 0.006 0.000 0.000 0.004 0.007 0.000 0.000 0.000 0.005 0.010 0.005 0.046 0.002 0.000 0.000 0.007 0.010 0.000 0.008 0.000 0.004 0.001 0.001 0.002 0.002 0.006 0.003 0.000 0.001 0.001 0.001 0.002 0.003 0.004 0.006 0.007 0.004 0.023 0.008 0.003 0.004 0.004 0.003 0.004 0.004 0.004 0.010 0.005 0.003 0.003
0.015 0.003 0.003 0.005 0.005 0.006 0.002 0.004 0.012 0.011 0.007 0.006 0.003 0.007 0.006 0.003 0.003 0.003 0.002 0.004 0.005 0.005 0.008 0.006 0.010 0.010 0.010 0.019 0.000 0.000 0.000 0.006 0.000 0.000 0.000 0.008 0.010 0.006 0.010 0.008 0.002 0.000 0.002 0.010 0.010 0.006 0.000 0.007 0.004 0.007 0.010 0.010 0.007 0.003 0.003 0.000 0.002 0.000 0.000 0.000 0.000 0.000 0.000 0.000 0.008 0.002 0.000 0.010 0.008 0.014 0.123 0.112 0.000 0.031 0.008 0.006 0.004
0.009 0.000 0.000 0.016 0.000 0.000 0.005 0.003 0.006 0.015 0.010 0.031 0.098 0.010 0.010 0.010 0.000 0.000 0.052 0.010 0.010 0.010 0.005 0.005 0.010 0.010 0.010 0.071 0.000 0.000 0.000 0.009 0.000 0.000 0.000 0.006 0.010 0.004 0.004 0.007 0.004 0.002 0.000 0.010 0.000 0.003 0.009 0.003 0.002 0.002 0.000 0.000 0.002 0.000 0.006 0.000 0.002 0.000 0.001 0.000 0.000 0.000 0.000 0.000 0.003 0.003 0.000 0.000 0.010 0.133 0.060 0.119 0.008 0.000 0.035 0.010 0.010
0.031 0.003 0.009 0.010 0.036 0.010 0.010 0.010 0.006 0.005 0.072 0.010 0.077 0.010 0.095 0.010 0.083 0.010 0.010 0.010 0.137 0.009 0.004 0.006 0.010 0.010 0.010 0.010 0.000 0.004 0.002 0.005 0.003 0.004 0.000 0.006 0.008 0.011 0.005 0.000 0.006 0.010 0.000 0.000 0.000 0.000 0.000 0.005 0.000 0.003 0.003 0.006 0.000 0.011 0.002 0.000 0.001 0.001 0.001 0.008 0.010 0.010 0.000 0.000 0.003 0.002 0.002 0.009 0.010 0.139 0.075 0.010 0.010 0.036 0.010 0.000 0.010
0.010 0.010 0.007 0.007 0.008 0.004 0.006 0.004 0.005 0.008 0.010 0.010 0.010 0.118 0.010 0.010 0.010 0.010 0.115 0.010 0.043 0.010 0.004 0.009 0.010 0.010 0.010 0.007 0.009 0.000 0.000 0.000 0.000 0.000 0.009 0.006 0.008 0.006 0.000 0.002 0.010 0.000 0.047 0.000 0.000 0.000 0.002 0.003 0.000 0.000 0.005 0.010 0.010 0.010 0.001 0.003 0.003 0.004 0.003 0.005 0.000 0.007 0.004 0.007 0.004 0.000 0.002 0.010 0.010 0.024 0.010 0.010 0.000 0.000 0.052 0.010 0.010
0.010 0.010 0.010 0.010 0.010 0.010 0.000 0.007 0.010 0.010 0.010 0.010 0.010 0.010 0.000 0.000 0.000 0.000 0.010 0.010 0.093 0.010 0.007 0.009 0.010 0.108 0.010 0.010 0.006 0.010 0.008 0.009 0.007 0.010 0.010 0.009 0.008 0.005 0.007 0.010 0.010 0.046 0.010 0.056 0.000 0.010 0.004 0.059 0.010 0.092 0.010 0.010 0.010 0.006 0.010 0.010 0.010 0.050 0.010 0.076 0.000 0.000 0.000 0.000 0.004 0.000 0.002 0.002 0.010 0.042 0.010 0.010 0.000 0.010 0.000 0.010 0.000
0.010 0.010 0.010 0.010 0.010 0.010 0.000 0.003 0.012 0.010 0.010 0.010 0.010 0.010 0.010 0.010 0.010 0.010 0.010 0.010 0.010 0.009 0.004 0.007 0.010 0.010 0.010 0.103 0.007 0.007 0.008 0.006 0.012 0.007 0.008 0.009 0.010 0.000 0.010 0.010 0.010 0.010 0.153 0.007 0.000 0.003 0.010 0.010 0.010 0.010 0.010 0.010 0.010 0.004 0.062 0.010 0.010 0.010 0.010 0.063 0.010 0.000 0.000 0.000 0.012 0.000 0.003 0.002 0.005 0.010 0.010 0.000 0.034 0.048 0.022 0.010 0.010
0.007 0.006 0.010 0.009 0.009 0.008 0.000 0.003 0.006 0.010 0.010 0.010 0.010 0.010 0.010 0.010 0.010 0.010 0.010 0.010 0.089 0.006 0.004 0.007 0.008 0.005 0.003 0.004 0.008 0.005 0.007 0.009 0.014 0.009 0.007 0.007 0.005 0.003 0.004 0.005 0.004 0.008 0.004 0.005 0.008 0.004 0.006 0.000 0.000 0.000 0.010 0.003 0.001 0.004 0.080 0.000 0.000 0.066 0.010 0.018 0.000 0.000 0.000 0.000 0.007 0.006 0.000 0.002 0.000 0.010 0.010 0.000 0.006 0.021 0.007 0.000 0.000
0.010 0.010 0.010 0.009 0.007 0.008 0.008 0.032 0.007 0.010 0.060 0.010 0.010 0.010 0.010 0.010 0.010 0.010 0.010 0.010 0.010 0.010 0.008 0.009 0.015 0.000 0.006 0.006 0.005 0.008 0.009 0.007 0.010 0.008 0.007 0.009 0.009 0.008 0.010 0.010 0.022 0.010 0.010 0.010 0.010 0.008 0.010 0.006 0.003 0.003 0.010 0.004 0.002 0.003 0.000 0.000 0.000 0.010 0.175 0.000 0.000 0.094 0.043 0.000 0.006 0.000 0.005 0.002 0.000 0.002 0.002 0.000 0.008 0.000 0.010 0.000 0.002
0.114 0.010 0.010 0.010 0.010 0.030 0.010 0.005 0.005 0.010 0.010 0.010 0.010 0.010 0.010 0.010 0.010 0.010 0.010 0.010 0.010 0.007 0.009 0.003 0.004 0.006 0.005 0.004 0.004 0.007 0.013 0.007 0.006 0.005 0.005 0.004 0.004 0.009 0.010 0.010 0.010 0.010 0.010 0.055 0.010 0.005 0.000 0.006 0.003 0.000 0.106 0.000 0.003 0.000 0.060 0.010 0.010 0.010 0.010 0.000 0.070 0.010 0.010 0.000 0.008 0.000 0.000 0.001 0.002 0.000 0.001 0.001 0.002 0.003 0.009 0.000 0.008
0.000 0.017 0.010 0.010 0.010 0.010 0.010 0.008 0.006 0.010 0.010 0.452 0.010 0.010 0.010 0.010 0.010 0.010 0.010 0.010 0.010 0.007 0.010 0.008 0.009 0.010 0.008 0.008 0.007 0.010 0.010 0.010 0.010 0.009 0.004 0.003 0.006 0.009 0.010 0.030 0.010 0.010 0.010 0.000 0.000 0.006 0.007 0.000 0.000 0.005 0.005 0.008 0.005 0.005 0.003 0.006 0.008 0.010 0.010 0.000 0.010 0.009 0.010 0.019 0.010 0.010 0.000 0.001 0.001 0.000 0.010 0.035 0.002 0.002 0.001 0.000 0.002
0.010 0.010 0.010 0.010 0.010 0.010 0.010 0.010 0.009 0.010 0.025 0.153 0.150 0.010 0.010 0.010 0.010 0.010 0.010 0.024 0.010 0.007 0.005 0.042 0.010 0.010 0.010 0.010 0.010 0.010 0.010 0.050 0.010 0.006 0.005 0.009 0.006 0.005 0.010 0.010 0.010 0.010 0.003 0.002 0.004 0.002 0.001 0.000 0.000 0.003 0.000 0.010 0.008 0.008 0.004 0.008 0.006 0.004 0.004 0.004 0.010 0.004 0.000 0.002 0.006 0.004 0.003 0.001 0.000 0.001 0.003 0.000 0.000 0.003 0.002 0.000 0.002
0.010 0.010 0.010 0.010 0.010 0.010 0.010 0.008 0.006 0.010 0.010 0.010 0.095 0.010 0.010 0.010 0.010 0.010 0.010 0.010 0.062 0.010 0.010 0.008 0.007 0.000 0.000 0.000 0.000 0.000 0.007 0.009 0.010 0.009 0.006 0.010 0.007 0.009 0.010 0.010 0.010 0.010 0.000 0.000 0.000 0.015 0.005 0.000 0.000 0.010 0.010 0.010 0.040 0.125 0.076 0.010 0.010 0.010 0.010 0.007 0.007 0.004 0.005 0.005 0.003 0.002 0.008 0.000 0.000 0.000 0.000 0.000 0.007 0.004 0.001 0.001 0.002
0.129 0.089 0.010 0.010 0.010 0.010 0.008 0.012 0.005 0.010 0.010 0.010 0.010 0.010 0.010 0.010 0.010 0.010 0.010 0.010 0.010 0.007 0.007 0.009 0.006 0.000 0.000 0.000 0.000 0.000 0.000 0.006 0.010 0.007 0.005 0.007 0.003 0.010 0.010 0.010 0.010 0.010 0.045 0.010 0.007 0.005 0.005 0.000 0.010 0.010 0.010 0.065 0.000 0.045 0.006 0.006 0.008 0.006 0.003 0.004 0.005 0.006 0.009 0.005 0.008 0.007 0.004 0.002 0.004 0.006 0.000 0.001 0.001 0.005 0.000 0.017 0.000
0.010 0.554 0.010 0.010 0.010 0.205 0.009 0.009 0.010 0.010 0.010 0.010 0.010 0.010 0.010 0.010 0.010 0.010 0.010 0.010 0.010 0.007 0.007 0.009 0.006 0.000 0.000 0.000 0.000 0.000 0.000 0.007 0.010 0.007 0.004 0.224 0.003 0.010 0.010 0.009 0.009 0.007 0.010 0.010 0.010 0.010 0.010 0.008 0.008 0.010 0.066 0.005 0.005 0.005 0.025 0.004 0.004 0.006 0.003 0.013 0.003 0.004 0.004 0.004 0.015 0.007 0.003 0.004 0.005 0.006 0.004 0.002 0.002 0.007 0.000 0.004 0.006
0.010 0.010 0.010 0.010 0.010 0.056 0.009 0.007 0.007 0.010 0.010 0.010 0.010 0.010 0.010 0.010 0.046 0.010 0.010 0.010 0.010 0.008 0.007 0.006 0.006 0.009 0.009 0.010 0.010 0.000 0.007 0.007 0.009 0.010 0.007 0.006 0.003 0.010 0.010 0.007 0.014 0.010 0.006 0.007 0.015 0.007 0.005 0.005 0.004 0.005 0.005 0.004 0.005 0.008 0.008 0.005 0.007 0.006 0.008 0.010 0.004 0.004 0.001 0.000 0.003 0.006 0.000 0.000 0.000 0.006 0.005 0.002 0.016 0.004 0.007 0.000 0.000
0.010 0.010 0.010 0.010 0.010 0.010 0.010 0.010 0.010 0.010 0.010 0.010 0.010 0.010 0.010 0.270 0.126 0.078 0.010 0.010 0.010 0.010 0.010 0.006 0.007 0.007 0.007 0.007 0.007 0.009 0.006 0.006 0.009 0.004 0.007 0.174 0.010 0.005 0.007 0.007 0.007 0.009 0.006 0.006 0.006 0.007 0.005 0.008 0.004 0.008 0.010 0.010 0.010 0.008 0.014 0.010 0.010 0.016 0.010 0.008 0.000 0.002 0.001 0.000 0.000 0.004 0.002 0.000 0.001 0.001 0.000 0.000 0.006 0.016 0.005 0.005 0.014
0.000 0.010 0.019 0.100 0.116 0.010 0.007 0.010 0.010 0.010 0.010 0.187 0.040 0.070 0.145 0.238 0.225 0.172 0.010 0.010 0.276 0.010 0.009 0.004 0.006 0.043 0.010 0.006 0.006 0.010 0.006 0.007 0.005 0.005 0.006 0.005 0.010 0.006 0.006 0.007 0.007 0.006 0.008 0.010 0.008 0.010 0.010 0.010 0.056 0.092 0.046 0.000 0.000 0.007 0.006 0.000 0.000 0.000 0.000 0.000 0.000 0.001 0.002 0.002 0.000 0.004 0.001 0.001 0.000 0.001 0.001 0.002 0.004 0.002 0.000 0.000 0.006
0.186 0.192 0.039 0.010 0.010 0.009 0.006 0.007 0.116 0.135 0.132 0.126 0.073 0.010 0.132 0.249 0.230 0.010 0.010 0.010 0.247 0.007 0.004 0.004 0.006 0.005 0.006 0.005 0.009 0.009 0.009 0.009 0.030 0.007 0.004 0.007 0.010 0.009 0.009 0.007 0.000 0.009 0.007 0.141 0.010 0.000 0.000 0.000 0.000 0.000 0.000 0.000 0.000 0.019 0.007 0.010 0.010 0.000 0.010 0.000 0.004 0.003 0.005 0.000 0.000 0.007 0.000 0.001 0.001 0.002 0.003 0.000 0.005 0.008 0.004 0.000 0.010
0.010 0.010 0.010 0.010 0.010 0.010 0.009 0.007 0.090 0.113 0.078 0.094 0.072 0.031 0.185 0.181 0.043 0.010 0.010 0.032 0.084 0.006 0.006 0.009 0.009 0.000 0.000 0.000 0.000 0.000 0.000 0.007 0.007 0.042 0.007 0.007 0.363 0.005 0.000 0.000 0.000 0.007 0.010 0.000 0.000 0.010 0.010 0.010 0.000 0.000 0.000 0.000 0.005 0.005 0.006 0.000 0.007 0.003 0.004 0.007 0.010 0.000 0.000 0.000 0.000 0.005 0.000 0.007 0.004 0.001 0.003 0.001 0.000 0.001 0.005 0.006 0.000
0.010 0.010 0.010 0.010 0.010 0.010 0.006 0.007 0.031 0.077 0.121 0.010 0.010 0.010 0.010 0.010 0.010 0.010 0.179 0.011 0.010 0.008 0.009 0.000 0.000 0.000 0.000 0.000 0.000 0.000 0.007 0.009 0.010 0.010 0.007 0.006 0.389 0.004 0.010 0.000 0.009 0.009 0.010 0.000 0.010 0.010 0.010 0.010 0.010 0.000 0.000 0.010 0.000 0.004 0.000 0.010 0.003 0.053 0.010 0.000 0.008 0.012 0.004 0.004 0.000 0.010 0.000 0.000 0.007 0.009 0.001 0.001 0.001 0.003 0.002 0.000 0.000
0.010 0.010 0.010 0.010 0.010 0.009 0.007 0.010 0.010 0.119 0.533 0.010 0.010 0.010 0.010 0.010 0.010 0.010 0.010 0.010 0.010 0.010 0.010 0.000 0.000 0.000 0.000 0.000 0.000 0.000 0.000 0.007 0.007 0.007 0.007 0.004 0.007 0.003 0.074 0.010 0.010 0.010 0.010 0.000 0.241 0.000 0.010 0.055 0.085 0.010 0.010 0.010 0.010 0.005 0.000 0.007 0.009 0.076 0.046 0.000 0.000 0.010 0.000 0.010 0.006 0.004 0.000 0.000 0.002 0.002 0.001 0.000 0.001 0.003 0.000 0.001 0.002
0.010 0.010 0.010 0.010 0.010 0.010 0.009 0.010 0.010 0.078 0.010 0.010 0.278 0.010 0.010 0.010 0.010 0.010 0.010 0.010 0.010 0.010 0.010 0.000 0.000 0.000 0.000 0.000 0.000 0.000 0.000 0.000 0.000 0.007 0.010 0.006 0.007 0.003 0.009 0.114 0.035 0.010 0.159 0.010 0.120 0.000 0.000 0.000 0.010 0.010 0.010 0.010 0.006 0.006 0.009 0.010 0.003 0.002 0.010 0.005 0.008 0.010 0.000 0.061 0.010 0.004 0.004 0.001 0.004 0.002 0.003 0.002 0.003 0.000 0.000 0.001 0.004
0.010 0.000 0.010 0.010 0.010 0.006 0.006 0.010 0.010 0.112 0.109 0.010 0.149 0.136 0.010 0.010 0.174 0.054 0.010 0.010 0.010 0.059 0.004 0.000 0.000 0.000 0.000 0.000 0.000 0.000 0.000 0.000 0.000 0.006 0.009 0.007 0.007 0.003 0.009 0.096 0.074 0.010 0.000 0.000 0.049 0.010 0.010 0.010 0.010 0.000 0.000 0.000 0.007 0.006 0.063 0.000 0.001 0.001 0.000 0.002 0.007 0.005 0.000 0.000 0.039 0.005 0.000 0.000 0.000 0.000 0.000 0.003 0.003 0.003 0.000 0.000 0.006
0.010 0.008 0.009 0.010 0.009 0.007 0.006 0.010 0.010 0.010 0.153 0.010 0.010 0.009 0.010 0.155 0.206 0.010 0.010 0.010 0.022 0.004 0.010 0.009 0.010 0.010 0.000 0.000 0.000 0.000 0.000 0.000 0.000 0.007 0.010 0.007 0.003 0.004 0.007 0.221 0.066 0.000 0.000 0.008 0.010 0.000 0.000 0.000 0.010 0.010 0.010 0.000 0.006 0.010 0.000 0.000 0.002 0.001 0.002 0.003 0.001 0.004 0.003 0.002 0.005 0.003 0.000 0.000 0.000 0.000 0.003 0.003 0.001 0.000 0.001 0.010 0.010
0.018 0.006 0.100 0.008 0.004 0.010 0.010 0.010 0.009 0.010 0.008 0.009 0.006 0.007 0.010 0.007 0.007 0.007 0.007 0.010 0.008 0.004 0.006 0.009 0.006 0.003 0.005 0.004 0.007 0.000 0.007 0.006 0.009 0.006 0.010 0.007 0.007 0.006 0.006 0.010 0.161 0.007 0.007 0.008 0.007 0.004 0.004 0.006 0.006 0.008 0.022 0.000 0.015 0.004 0.010 0.002 0.001 0.000 0.000 0.001 0.000 0.009 0.001 0.002 0.010 0.007 0.000 0.012 0.003 0.005 0.010 0.006 0.001 0.010 0.010 0.010 0.058
0.010 0.000 0.000 0.000 0.041 0.010 0.020 0.000 0.005 0.005 0.004 0.005 0.004 0.004 0.004 0.005 0.005 0.005 0.005 0.006 0.005 0.007 0.005 0.004 0.004 0.005 0.014 0.007 0.006 0.009 0.005 0.040 0.026 0.007 0.010 0.007 0.005 0.009 0.007 0.007 0.007 0.006 0.010 0.010 0.010 0.000 0.000 0.000 0.004 0.009 0.004 0.004 0.008 0.007 0.005 0.004 0.000 0.000 0.002 0.004 0.000 0.000 0.001 0.003 0.081 0.007 0.000 0.002 0.002 0.002 0.005 0.002 0.002 0.001 0.010 0.046 0.000
0.010 0.006 0.006 0.006 0.005 0.010 0.005 0.005 0.005 0.007 0.003 0.005 0.004 0.005 0.005 0.004 0.005 0.006 0.008 0.004 0.006 0.003 0.005 0.000 0.000 0.004 0.005 0.003 0.005 0.003 0.003 0.003 0.005 0.000 0.000 0.007 0.009 0.007 0.004 0.010 0.010 0.010 0.010 0.010 0.010 0.004 0.006 0.008 0.023 0.010 0.000 0.003 0.004 0.004 0.000 0.005 0.028 0.004 0.000 0.005 0.000 0.000 0.001 0.002 0.014 0.005 0.000 0.004 0.000 0.000 0.001 0.001 0.000 0.000 0.000 0.010 0.000
0.005 0.005 0.004 0.002 0.005 0.010 0.010 0.005 0.002 0.004 0.009 0.004 0.003 0.003 0.004 0.009 0.042 0.009 0.009 0.010 0.005 0.004 0.005 0.009 0.010 0.010 0.010 0.003 0.002 0.005 0.005 0.000 0.004 0.010 0.000 0.009 0.006 0.009 0.006 0.007 0.010 0.010 0.010 0.010 0.010 0.007 0.006 0.010 0.004 0.008 0.006 0.005 0.007 0.000 0.000 0.000 0.010 0.000 0.000 0.007 0.004 0.002 0.000 0.004 0.007 0.007 0.006 0.003 0.001 0.000 0.001 0.001 0.001 0.000 0.007 0.010 0.011
0.006 0.010 0.010 0.010 0.010 0.079 0.003 0.006 0.005 0.005 0.005 0.007 0.006 0.009 0.007 0.010 0.009 0.010 0.000 0.000 0.005 0.004 0.003 0.002 0.008 0.010 0.000 0.010 0.010 0.008 0.007 0.010 0.005 0.010 0.010 0.009 0.018 0.006 0.006 0.005 0.010 0.010 0.010 0.010 0.010 0.010 0.010 0.010 0.008 0.010 0.000 0.004 0.010 0.008 0.000 0.006 0.000 0.000 0.000 0.010 0.004 0.002 0.000 0.004 0.004 0.004 0.007 0.000 0.000 0.000 0.002 0.002 0.000 0.002 0.006 0.000 0.002
0.004 0.008 0.000 0.000 0.006 0.022 0.003 0.006 0.009 0.010 0.010 0.005 0.137 0.008 0.010 0.023 0.010 0.010 0.009 0.009 0.007 0.007 0.000 0.009 0.000 0.000 0.000 0.007 0.000 0.000 0.002 0.000 0.000 0.034 0.009 0.000 0.010 0.004 0.006 0.005 0.010 0.010 0.010 0.010 0.022 0.177 0.008 0.003 0.003 0.000 0.003 0.030 0.000 0.007 0.000 0.004 0.000 0.000 0.003 0.005 0.000 0.005 0.000 0.001 0.003 0.000 0.000 0.003 0.010 0.002 0.007 0.001 0.000 0.000 0.004 0.000 0.001
