hx_30m/njhx/rain/result-0064.wd
ncols         211
nrows         286
xllcorner     660279.582600
yllcorner     3541874.325092
cellsize      30.000000
NODATA_value  -9999.000000
[rows 204 to 237 of 286, columns 77 to 153 of 211]
0.010 0.010 0.004 0.002 0.032 0.010 0.000 0.000 0.000 0.000 0.010 0.010 0.058 0.270 0.001 0.000 0.000 0.000 0.002 0.001 0.002 0.001 0.002 0.000 0.000 0.002 0.002 0.044 0.128 0.003 0.000 0.000 0.000 0.010 0.000 0.002 0.000 0.005 0.002 0.000 0.000 0.000 0.000 0.002 0.001 0.000 0.000 0.000 0.002 0.001 0.000 0.000 0.000 0.000 0.000 0.000 0.001 0.000 0.009 0.001 0.001 0.010 0.000 0.000 0.010 0.001 0.000 0.003 0.002 0.010 0.000 0.000 0.000 0.000 0.059 0.000 0.000
0.299 0.002 0.004 0.010 0.002 0.010 0.000 0.000 0.001 0.000 0.000 0.000 0.010 0.007 0.004 0.010 0.001 0.000 0.000 0.004 0.000 0.000 0.000 0.001 0.002 0.002 0.010 0.029 0.000 0.000 0.000 0.000 0.000 0.000 0.000 0.010 0.001 0.002 0.000 0.000 0.000 0.005 0.001 0.002 0.000 0.002 0.001 0.000 0.001 0.000 0.001 0.000 0.002 0.000 0.000 0.000 0.000 0.001 0.010 0.004 0.204 0.000 0.000 0.000 0.000 0.001 0.003 0.001 0.001 0.010 0.004 0.001 0.000 0.002 0.000 0.000 0.002
0.002 0.000 0.000 0.003 0.001 0.010 0.000 0.000 0.000 0.000 0.000 0.000 0.010 0.000 0.000 0.001 0.000 0.010 0.001 0.000 0.000 0.000 0.000 0.001 0.002 0.001 0.003 0.002 0.000 0.000 0.000 0.000 0.000 0.003 0.002 0.002 0.001 0.000 0.000 0.001 0.000 0.001 0.001 0.010 0.010 0.003 0.004 0.000 0.000 0.000 0.000 0.002 0.001 0.001 0.003 0.002 0.000 0.001 0.008 0.000 0.010 0.000 0.000 0.002 0.000 0.003 0.003 0.010 0.002 0.000 0.010 0.010 0.004 0.001 0.000 0.001 0.000
0.002 0.004 0.000 0.002 0.009 0.001 0.001 0.001 0.001 0.000 0.000 0.000 0.001 0.000 0.000 0.001 0.000 0.002 0.001 0.001 0.000 0.000 0.010 0.001 0.010 0.000 0.002 0.010 0.010 0.001 0.001 0.000 0.010 0.001 0.001 0.001 0.000 0.000 0.000 0.001 0.000 0.000 0.001 0.001 0.010 0.179 0.000 0.000 0.000 0.000 0.003 0.001 0.000 0.002 0.001 0.003 0.231 0.010 0.010 0.230 0.000 0.001 0.000 0.000 0.000 0.000 0.004 0.010 0.004 0.010 0.010 0.010 0.046 0.000 0.000 0.001 0.000
0.002 0.000 0.010 0.002 0.000 0.001 0.000 0.000 0.000 0.002 0.004 0.001 0.004 0.002 0.004 0.002 0.002 0.172 0.059 0.000 0.001 0.002 0.004 0.001 0.002 0.000 0.010 0.000 0.003 0.010 0.000 0.000 0.000 0.000 0.002 0.001 0.000 0.000 0.001 0.002 0.010 0.000 0.001 0.001 0.010 0.000 0.000 0.000 0.000 0.000 0.002 0.002 0.001 0.001 0.000 0.002 0.010 0.014 0.000 0.095 0.000 0.000 0.001 0.010 0.001 0.002 0.002 0.002 0.001 0.001 0.010 0.004 0.000 0.000 0.039 0.000 0.000
0.000 0.010 0.003 0.001 0.010 0.000 0.000 0.000 0.000 0.001 0.000 0.000 0.000 0.000 0.001 0.000 0.000 0.139 0.346 0.069 0.152 0.004 0.002 0.000 0.000 0.010 0.010 0.001 0.001 0.000 0.002 0.000 0.000 0.001 0.001 0.001 0.001 0.000 0.000 0.000 0.000 0.010 0.000 0.010 0.010 0.000 0.000 0.000 0.000 0.000 0.000 0.002 0.010 0.000 0.002 0.002 0.002 0.001 0.010 0.171 0.000 0.022 0.002 0.001 0.000 0.000 0.001 0.002 0.000 0.000 0.000 0.001 0.000 0.010 0.000 0.010 0.001
0.000 0.002 0.001 0.002 0.000 0.000 0.000 0.000 0.000 0.000 0.001 0.001 0.000 0.000 0.000 0.033 0.002 0.219 0.063 0.241 0.323 0.000 0.547 0.010 0.001 0.002 0.002 0.000 0.000 0.000 0.010 0.000 0.002 0.001 0.002 0.000 0.010 0.002 0.000 0.000 0.000 0.003 0.000 0.010 0.000 0.000 0.000 0.000 0.001 0.001 0.000 0.010 0.010 0.001 0.010 0.000 0.004 0.000 0.010 0.001 0.000 0.004 0.001 0.000 0.000 0.010 0.000 0.000 0.000 0.000 0.000 0.000 0.010 0.010 0.010 0.000 0.000
0.010 0.004 0.004 0.010 0.000 0.000 0.000 0.000 0.000 0.005 0.001 0.000 0.001 0.000 0.000 0.000 0.004 0.076 0.210 0.025 0.386 0.010 0.019 0.109 0.685 0.000 0.028 0.003 0.000 0.000 0.010 0.010 0.001 0.010 0.000 0.000 0.010 0.010 0.001 0.009 0.000 0.010 0.010 0.010 0.010 0.000 0.000 0.000 0.003 0.000 0.000 0.010 0.009 0.000 0.006 0.002 0.076 0.005 0.000 0.000 0.001 0.000 0.002 0.001 0.000 0.000 0.000 0.010 0.001 0.000 0.000 0.000 0.000 0.001 0.002 0.001 0.003
0.000 0.004 0.004 0.004 0.000 0.000 0.001 0.001 0.000 0.001 0.010 0.002 0.000 0.000 0.001 0.001 0.211 0.326 0.341 0.299 0.009 0.001 0.001 0.000 0.010 0.010 0.010 0.010 0.000 0.002 0.002 0.000 0.001 0.002 0.000 0.010 0.010 0.010 0.000 0.000 0.002 0.001 0.001 0.000 0.001 0.000 0.000 0.000 0.000 0.000 0.000 0.000 0.000 0.000 0.002 0.001 0.000 0.000 0.000 0.000 0.001 0.000 0.001 0.000 0.000 0.000 0.010 0.010 0.010 0.010 0.010 0.000 0.010 0.000 0.000 0.009 0.010
0.001 0.000 0.000 0.001 0.000 0.001 0.001 0.000 0.001 0.000 0.013 0.000 0.001 0.001 0.001 0.004 0.327 0.087 0.287 0.004 0.002 0.000 0.010 0.000 0.001 0.001 0.001 0.163 0.001 0.010 0.000 0.016 0.004 0.001 0.002 0.010 0.010 0.001 0.000 0.000 0.008 0.001 0.003 0.000 0.001 0.000 0.001 0.000 0.000 0.000 0.000 0.006 0.000 0.000 0.004 0.019 0.000 0.000 0.000 0.000 0.000 0.002 0.000 0.002 0.001 0.000 0.001 0.004 0.010 0.010 0.001 0.000 0.010 0.001 0.007 0.011 0.000
0.004 0.003 0.001 0.000 0.002 0.000 0.000 0.000 0.000 0.001 0.017 0.001 0.000 0.000 0.001 0.001 0.195 0.374 0.000 0.001 0.001 0.001 0.001 0.000 0.002 0.000 0.001 0.000 0.000 0.000 0.002 0.010 0.000 0.010 0.011 0.002 0.001 0.008 0.001 0.003 0.000 0.001 0.001 0.002 0.000 0.009 0.000 0.000 0.000 0.010 0.000 0.010 0.000 0.001 0.002 0.555 0.000 0.000 0.001 0.000 0.000 0.002 0.000 0.000 0.000 0.000 0.001 0.000 0.002 0.010 0.010 0.000 0.000 0.000 0.001 0.002 0.000
0.001 0.010 0.000 0.000 0.000 0.000 0.000 0.001 0.000 0.000 0.000 0.000 0.000 0.010 0.004 0.001 0.020 0.000 0.007 0.004 0.010 0.010 0.010 0.000 0.002 0.001 0.001 0.010 0.004 0.010 0.001 0.003 0.010 0.010 0.000 0.001 0.002 0.002 0.002 0.063 0.010 0.012 0.000 0.001 0.010 0.000 0.000 0.000 0.000 0.000 0.004 0.000 0.000 0.002 0.000 0.001 0.000 0.000 0.001 0.000 0.002 0.000 0.001 0.000 0.000 0.001 0.003 0.000 0.000 0.000 0.001 0.001 0.000 0.002 0.001 0.000 0.000
0.001 0.004 0.010 0.001 0.000 0.000 0.001 0.000 0.000 0.001 0.006 0.001 0.004 0.000 0.002 0.001 0.105 0.004 0.010 0.000 0.004 0.010 0.010 0.002 0.001 0.001 0.000 0.001 0.001 0.001 0.003 0.003 0.002 0.000 0.010 0.003 0.000 0.002 0.002 0.010 0.003 0.001 0.001 0.000 0.004 0.001 0.000 0.000 0.000 0.000 0.000 0.000 0.001 0.002 0.068 0.000 0.000 0.010 0.000 0.000 0.000 0.000 0.000 0.000 0.000 0.000 0.001 0.001 0.044 0.000 0.001 0.000 0.001 0.001 0.001 0.000 0.001
0.002 0.001 0.002 0.004 0.000 0.000 0.000 0.000 0.000 0.002 0.004 0.000 0.010 0.010 0.001 0.001 0.010 0.000 0.000 0.001 0.002 0.002 0.001 0.002 0.001 0.001 0.004 0.002 0.000 0.001 0.001 0.002 0.000 0.010 0.000 0.002 0.000 0.002 0.000 0.001 0.001 0.000 0.001 0.010 0.000 0.001 0.000 0.026 0.000 0.000 0.000 0.000 0.002 0.000 0.001 0.000 0.002 0.010 0.010 0.000 0.004 0.001 0.000 0.000 0.000 0.000 0.000 0.000 0.000 0.003 0.058 0.001 0.002 0.002 0.001 0.001 0.000
0.004 0.002 0.000 0.000 0.001 0.001 0.000 0.000 0.001 0.001 0.000 0.000 0.001 0.001 0.001 0.000 0.001 0.002 0.004 0.010 0.010 0.004 0.001 0.010 0.004 0.001 0.001 0.002 0.000 0.002 0.001 0.004 0.001 0.010 0.000 0.000 0.000 0.000 0.000 0.630 0.000 0.001 0.004 0.000 0.000 0.000 0.000 0.000 0.000 0.000 0.000 0.001 0.004 0.002 0.000 0.000 0.000 0.000 0.000 0.002 0.001 0.000 0.000 0.000 0.000 0.000 0.000 0.000 0.000 0.000 0.000 0.001 0.010 0.000 0.002 0.000 0.001
0.000 0.010 0.000 0.001 0.000 0.001 0.001 0.001 0.001 0.052 0.000 0.000 0.000 0.001 0.001 0.002 0.000 0.001 0.010 0.010 0.010 0.010 0.004 0.001 0.001 0.001 0.001 0.000 0.000 0.010 0.001 0.002 0.001 0.000 0.010 0.001 0.010 0.001 0.000 0.110 0.021 0.022 0.000 0.010 0.000 0.000 0.000 0.000 0.000 0.000 0.000 0.004 0.001 0.000 0.000 0.000 0.000 0.000 0.000 0.001 0.000 0.000 0.002 0.000 0.001 0.000 0.004 0.001 0.000 0.000 0.000 0.002 0.001 0.010 0.001 0.000 0.001
0.000 0.001 0.000 0.000 0.000 0.000 0.002 0.000 0.001 0.002 0.002 0.010 0.002 0.005 0.001 0.002 0.001 0.001 0.001 0.000 0.010 0.010 0.003 0.000 0.000 0.002 0.002 0.001 0.001 0.002 0.004 0.000 0.010 0.000 0.001 0.000 0.000 0.034 0.018 0.159 0.010 0.019 0.000 0.002 0.002 0.004 0.001 0.000 0.000 0.000 0.001 0.001 0.000 0.000 0.000 0.001 0.000 0.000 0.000 0.000 0.000 0.000 0.001 0.000 0.000 0.000 0.010 0.004 0.001 0.001 0.000 0.001 0.000 0.000 0.000 0.044 0.000
0.000 0.001 0.000 0.000 0.001 0.000 0.000 0.000 0.001 0.000 0.002 0.001 0.002 0.000 0.000 0.000 0.010 0.002 0.001 0.002 0.000 0.120 0.010 0.010 0.002 0.002 0.000 0.000 0.000 0.000 0.002 0.002 0.010 0.000 0.000 0.010 0.037 0.030 0.000 0.083 0.010 0.012 0.010 0.001 0.001 0.008 0.097 0.002 0.001 0.000 0.001 0.004 0.000 0.000 0.000 0.000 0.000 0.003 0.000 0.001 0.010 0.000 0.000 0.001 0.000 0.000 0.000 0.004 0.000 0.000 0.000 0.004 0.000 0.000 0.000 0.000 0.000
0.001 0.002 0.000 0.000 0.004 0.001 0.000 0.001 0.000 0.000 0.000 0.001 0.004 0.002 0.001 0.004 0.004 0.010 0.187 0.010 0.004 0.010 0.000 0.002 0.004 0.002 0.000 0.000 0.000 0.002 0.000 0.000 0.000 0.000 0.001 0.084 0.065 0.000 0.002 0.000 0.010 0.013 0.031 0.002 0.001 0.001 0.001 0.002 0.000 0.001 0.000 0.000 0.000 0.000 0.007 0.000 0.000 0.000 0.000 0.000 0.000 0.010 0.000 0.000 0.001 0.000 0.003 0.000 0.004 0.001 0.002 0.000 0.000 0.000 0.001 0.000 0.000
0.000 0.002 0.001 0.000 0.000 0.004 0.001 0.001 0.000 0.001 0.004 0.001 0.002 0.002 0.002 0.001 0.001 0.004 0.010 0.167 0.010 0.002 0.000 0.001 0.000 0.001 0.000 0.000 0.001 0.001 0.000 0.000 0.000 0.001 0.000 0.076 0.063 0.001 0.000 0.002 0.213 0.096 0.192 0.042 0.010 0.004 0.004 0.001 0.001 0.001 0.055 0.001 0.004 0.000 0.001 0.000 0.000 0.000 0.000 0.001 0.000 0.000 0.095 0.010 0.007 0.010 0.002 0.000 0.000 0.001 0.004 0.000 0.000 0.000 0.000 0.000 0.000
0.000 0.002 0.001 0.002 0.002 0.001 0.000 0.001 0.001 0.000 0.000 0.001 0.001 0.001 0.000 0.010 0.001 0.001 0.000 0.004 0.001 0.107 0.010 0.000 0.000 0.000 0.000 0.000 0.000 0.004 0.002 0.003 0.003 0.001 0.000 0.001 0.000 0.001 0.001 0.000 0.002 0.000 0.002 0.182 0.138 0.111 0.149 0.002 0.001 0.000 0.010 0.010 0.002 0.001 0.001 0.000 0.000 0.000 0.000 0.000 0.000 0.001 0.000 0.001 0.001 0.010 0.010 0.002 0.000 0.002 0.000 0.000 0.000 0.000 0.000 0.000 0.000
0.002 0.000 0.001 0.000 0.001 0.001 0.001 0.000 0.000 0.001 0.001 0.000 0.000 0.000 0.001 0.004 0.010 0.075 0.001 0.001 0.001 0.002 0.005 0.001 0.017 0.001 0.000 0.001 0.000 0.003 0.001 0.000 0.000 0.001 0.000 0.000 0.000 0.001 0.002 0.000 0.000 0.191 0.197 0.087 0.188 0.084 0.004 0.001 0.010 0.006 0.001 0.001 0.001 0.725 0.226 0.001 0.004 0.000 0.000 0.001 0.001 0.000 0.001 0.000 0.000 0.000 0.001 0.000 0.001 0.000 0.000 0.000 0.000 0.000 0.000 0.000 0.001
0.000 0.000 0.001 0.001 0.001 0.000 0.001 0.001 0.001 0.000 0.001 0.000 0.004 0.001 0.002 0.010 0.010 0.010 0.010 0.010 0.000 0.000 0.000 0.001 0.010 0.156 0.001 0.000 0.010 0.001 0.001 0.002 0.010 0.001 0.000 0.000 0.001 0.000 0.000 0.001 0.000 0.100 0.104 0.086 0.001 0.001 0.004 0.004 0.008 0.004 0.010 0.001 0.001 0.004 0.001 0.010 0.035 0.010 0.002 0.001 0.002 0.001 0.000 0.000 0.000 0.000 0.001 0.001 0.000 0.000 0.000 0.000 0.000 0.001 0.000 0.000 0.000
0.001 0.000 0.000 0.007 0.000 0.000 0.002 0.001 0.010 0.001 0.001 0.000 0.000 0.004 0.010 0.010 0.010 0.010 0.010 0.001 0.001 0.000 0.000 0.002 0.001 0.010 0.010 0.001 0.003 0.000 0.001 0.003 0.003 0.000 0.003 0.001 0.000 0.000 0.000 0.000 0.005 0.000 0.000 0.002 0.001 0.000 0.004 0.000 0.001 0.000 0.000 0.001 0.010 0.002 0.001 0.000 0.002 0.784 0.630 0.001 0.001 0.001 0.000 0.000 0.000 0.000 0.001 0.000 0.010 0.007 0.000 0.000 0.000 0.000 0.000 0.000 0.000
0.000 0.000 0.003 0.039 0.001 0.001 0.001 0.002 0.001 0.001 0.000 0.002 0.002 0.000 0.001 0.000 0.000 0.010 0.010 0.001 0.058 0.000 0.010 0.002 0.001 0.000 0.002 0.001 0.002 0.002 0.001 0.000 0.000 0.000 0.000 0.000 0.000 0.004 0.000 0.010 0.000 0.000 0.000 0.000 0.000 0.001 0.002 0.006 0.001 0.002 0.010 0.048 0.004 0.001 0.010 0.010 0.001 0.000 0.001 0.000 0.897 0.190 0.000 0.000 0.000 0.000 0.001 0.000 0.003 0.002 0.000 0.000 0.101 0.001 0.000 0.000 0.001
0.000 0.000 0.004 0.010 0.030 0.001 0.000 0.001 0.001 0.000 0.002 0.000 0.000 0.000 0.001 0.133 0.000 0.000 0.001 0.000 0.000 0.000 0.000 0.001 0.000 0.001 0.006 0.003 0.001 0.002 0.002 0.003 0.000 0.000 0.000 0.001 0.002 0.000 0.002 0.000 0.001 0.000 0.001 0.000 0.001 0.001 0.735 0.004 0.001 0.001 0.001 0.004 0.004 0.001 0.000 0.001 0.000 0.001 0.000 0.001 0.004 0.276 0.728 0.010 0.001 0.001 0.000 0.000 0.000 0.000 0.000 0.056 0.155 0.252 0.179 0.005 0.001
0.010 0.000 0.000 0.000 0.000 0.000 0.000 0.001 0.001 0.001 0.001 0.001 0.001 0.000 0.000 0.000 0.002 0.000 0.000 0.000 0.001 0.001 0.000 0.000 0.000 0.010 0.000 0.003 0.004 0.001 0.000 0.010 0.000 0.001 0.000 0.001 0.001 0.000 0.000 0.000 0.000 0.000 0.000 0.001 0.001 0.000 0.056 0.010 0.010 0.004 0.001 0.001 0.001 0.010 0.002 0.000 0.001 0.001 0.002 0.000 0.010 0.000 0.010 0.687 0.010 0.001 0.001 0.000 0.000 0.000 0.000 0.132 0.171 0.158 0.021 0.008 0.004
0.001 0.001 0.000 0.000 0.000 0.001 0.000 0.002 0.000 0.001 0.002 0.001 0.000 0.000 0.001 0.000 0.000 0.001 0.000 0.000 0.001 0.002 0.002 0.001 0.000 0.000 0.000 0.003 0.001 0.001 0.001 0.001 0.000 0.000 0.000 0.001 0.001 0.000 0.001 0.010 0.001 0.010 0.000 0.002 0.002 0.010 0.024 0.033 0.010 0.004 0.010 0.004 0.001 0.000 0.000 0.000 0.002 0.001 0.004 0.004 0.002 0.000 0.000 0.010 0.000 0.000 0.002 0.001 0.046 0.000 0.062 0.195 0.208 0.188 0.000 0.002 0.016
0.004 0.000 0.001 0.000 0.001 0.000 0.004 0.002 0.000 0.000 0.001 0.002 0.002 0.004 0.000 0.001 0.010 0.000 0.001 0.001 0.000 0.000 0.001 0.000 0.002 0.000 0.000 0.003 0.002 0.000 0.000 0.000 0.001 0.000 0.000 0.000 0.000 0.001 0.010 0.000 0.001 0.000 0.001 0.001 0.048 0.000 0.010 0.010 0.002 0.010 0.002 0.010 0.010 0.004 0.001 0.010 0.002 0.005 0.010 0.010 0.010 0.001 0.000 0.013 0.010 0.085 0.010 0.000 0.336 0.039 0.053 0.159 0.310 0.003 0.000 0.001 0.001
0.000 0.000 0.000 0.000 0.000 0.001 0.001 0.001 0.001 0.000 0.000 0.001 0.000 0.001 0.004 0.000 0.000 0.000 0.000 0.001 0.002 0.000 0.000 0.000 0.000 0.000 0.003 0.000 0.002 0.000 0.000 0.000 0.000 0.001 0.001 0.000 0.000 0.001 0.001 0.001 0.001 0.001 0.001 0.000 0.000 0.000 0.000 0.010 0.000 0.010 0.010 0.001 0.007 0.004 0.000 0.010 0.001 0.000 0.010 0.000 0.010 0.010 0.001 0.000 0.192 0.149 0.147 0.211 0.010 0.000 1.179 0.271 0.102 0.000 0.001 0.001 0.001
0.004 0.001 0.000 0.001 0.000 0.001 0.001 0.000 0.000 0.001 0.000 0.001 0.000 0.000 0.000 0.000 0.002 0.010 0.011 0.000 0.001 0.010 0.057 0.000 0.002 0.001 0.002 0.001 0.000 0.000 0.000 0.000 0.000 0.000 0.000 0.000 0.002 0.001 0.000 0.001 0.001 0.001 0.004 1.004 0.000 0.000 0.000 0.049 0.000 0.000 0.010 0.010 0.001 0.001 0.001 0.004 0.001 0.010 0.008 0.010 0.010 0.000 0.000 0.001 0.000 0.156 0.040 0.000 0.000 0.010 0.010 0.000 0.019 0.221 0.070 0.000 0.012
0.000 0.000 0.004 0.001 0.002 0.000 0.001 0.000 0.000 0.000 0.000 0.010 0.001 0.000 0.001 0.000 0.001 0.001 0.002 0.001 0.000 0.001 0.001 0.001 0.002 0.000 0.001 0.004 0.000 0.000 0.000 0.000 0.000 0.001 0.000 0.000 0.002 0.005 0.001 0.000 0.001 0.006 0.000 0.023 0.250 0.000 0.000 0.000 0.000 0.000 0.000 0.010 0.001 0.001 0.004 0.000 0.001 0.001 0.004 0.001 0.001 0.001 0.001 0.000 0.001 0.002 0.126 0.000 0.010 0.113 0.010 0.000 0.004 0.000 0.175 0.295 0.028
0.010 0.002 0.001 0.001 0.001 0.001 0.000 0.000 0.001 0.000 0.000 0.000 0.001 0.001 0.001 0.000 0.000 0.000 0.009 0.001 0.001 0.000 0.000 0.001 0.000 0.002 0.000 0.000 0.000 0.000 0.000 0.000 0.000 0.000 0.000 0.000 0.001 0.001 0.004 0.002 0.008 0.010 0.664 0.010 0.000 0.000 0.141 0.034 0.000 0.000 0.000 0.010 0.001 0.010 0.010 0.010 0.001 0.007 0.000 0.001 0.001 0.002 0.000 0.000 0.000 0.001 0.001 0.000 0.005 0.000 0.001 0.002 0.000 0.000 0.000 0.000 0.099
0.001 0.001 0.001 0.000 0.002 0.000 0.000 0.000 0.000 0.001 0.000 0.000 0.000 0.000 0.000 0.001 0.001 0.000 0.010 0.010 0.004 0.001 0.001 0.001 0.000 0.002 0.000 0.002 0.000 0.000 0.000 0.000 0.000 0.000 0.000 0.000 0.001 0.004 0.004 0.001 0.003 0.000 0.002 0.001 0.002 0.010 0.022 0.010 0.000 0.000 0.010 0.001 0.010 0.010 0.010 0.010 0.010 0.010 0.004 0.001 0.001 0.001 0.000 0.000 0.004 0.010 0.000 0.000 0.000 0.001 0.000 0.000 0.006 0.000 0.000 0.000 0.001
