hx_30m/njhx/rain/result-0038.wd
ncols         211
nrows         286
xllcorner     660279.582600
yllcorner     3541874.325092
cellsize      30.000000
NODATA_value  -9999.000000
[rows 204 to 237 of 286, columns 77 to 153 of 211]
0.010 0.010 0.008 0.006 0.034 0.010 0.003 0.001 0.001 0.001 0.010 0.010 0.057 0.269 0.005 0.000 0.002 0.001 0.006 0.006 0.005 0.003 0.007 0.001 0.000 0.005 0.005 0.045 0.128 0.007 0.002 0.000 0.002 0.010 0.003 0.004 0.002 0.018 0.005 0.002 0.001 0.001 0.002 0.005 0.003 0.002 0.002 0.002 0.005 0.004 0.000 0.000 0.000 0.000 0.002 0.001 0.003 0.000 0.054 0.003 0.003 0.010 0.003 0.000 0.010 0.004 0.001 0.007 0.010 0.010 0.002 0.001 0.002 0.002 0.059 0.000 0.000
0.301 0.006 0.008 0.010 0.012 0.010 0.001 0.001 0.003 0.002 0.000 0.000 0.010 0.010 0.009 0.010 0.004 0.002 0.003 0.008 0.002 0.000 0.000 0.006 0.005 0.005 0.010 0.029 0.002 0.000 0.000 0.000 0.000 0.000 0.002 0.010 0.006 0.005 0.001 0.000 0.001 0.009 0.006 0.005 0.002 0.005 0.003 0.002 0.003 0.002 0.004 0.001 0.006 0.000 0.001 0.000 0.000 0.003 0.010 0.010 0.186 0.000 0.000 0.003 0.001 0.003 0.007 0.003 0.003 0.010 0.007 0.003 0.002 0.005 0.001 0.002 0.007
0.005 0.003 0.003 0.017 0.003 0.010 0.001 0.000 0.000 0.000 0.002 0.002 0.010 0.000 0.000 0.004 0.000 0.010 0.003 0.001 0.000 0.000 0.000 0.004 0.005 0.003 0.007 0.005 0.000 0.002 0.001 0.001 0.000 0.007 0.005 0.005 0.004 0.001 0.000 0.003 0.002 0.004 0.003 0.010 0.010 0.020 0.010 0.002 0.001 0.001 0.002 0.005 0.004 0.003 0.007 0.005 0.002 0.004 0.015 0.000 0.010 0.000 0.002 0.005 0.002 0.007 0.007 0.010 0.008 0.000 0.010 0.010 0.007 0.004 0.002 0.004 0.000
0.008 0.008 0.000 0.010 0.010 0.004 0.004 0.003 0.003 0.002 0.001 0.001 0.004 0.002 0.002 0.003 0.000 0.006 0.004 0.003 0.000 0.000 0.010 0.003 0.010 0.002 0.005 0.010 0.010 0.004 0.004 0.000 0.010 0.005 0.004 0.003 0.000 0.001 0.001 0.003 0.000 0.000 0.003 0.005 0.010 0.189 0.000 0.001 0.000 0.001 0.007 0.003 0.002 0.005 0.003 0.007 0.488 0.178 0.062 0.281 0.000 0.004 0.002 0.000 0.001 0.002 0.008 0.010 0.008 0.010 0.010 0.010 0.046 0.000 0.000 0.004 0.002
0.005 0.000 0.010 0.008 0.002 0.003 0.003 0.000 0.000 0.006 0.008 0.004 0.057 0.052 0.083 0.029 0.018 0.244 0.131 0.003 0.003 0.006 0.008 0.003 0.008 0.000 0.010 0.000 0.007 0.010 0.000 0.000 0.000 0.002 0.005 0.004 0.000 0.001 0.003 0.005 0.010 0.000 0.008 0.004 0.010 0.000 0.001 0.000 0.002 0.001 0.007 0.005 0.003 0.003 0.002 0.005 0.010 0.187 0.000 0.146 0.000 0.002 0.004 0.010 0.003 0.005 0.005 0.005 0.003 0.003 0.010 0.008 0.000 0.000 0.039 0.000 0.000
0.000 0.010 0.008 0.004 0.010 0.001 0.000 0.000 0.002 0.004 0.002 0.001 0.002 0.000 0.003 0.002 0.002 0.211 0.416 0.141 0.226 0.036 0.007 0.002 0.000 0.010 0.010 0.003 0.003 0.002 0.007 0.000 0.000 0.003 0.004 0.005 0.004 0.001 0.000 0.000 0.000 0.010 0.002 0.010 0.010 0.000 0.000 0.001 0.000 0.002 0.000 0.009 0.010 0.000 0.005 0.005 0.005 0.004 0.010 0.222 0.000 0.022 0.005 0.003 0.001 0.002 0.003 0.005 0.000 0.000 0.002 0.004 0.000 0.010 0.000 0.010 0.004
0.000 0.005 0.006 0.005 0.002 0.001 0.000 0.000 0.000 0.000 0.003 0.004 0.001 0.000 0.000 0.033 0.006 0.292 0.136 0.314 0.395 0.000 0.585 0.010 0.004 0.005 0.005 0.000 0.001 0.002 0.010 0.000 0.005 0.004 0.005 0.000 0.010 0.005 0.002 0.001 0.001 0.007 0.001 0.010 0.000 0.002 0.001 0.002 0.003 0.003 0.001 0.010 0.010 0.002 0.010 0.000 0.008 0.000 0.010 0.003 0.002 0.008 0.004 0.001 0.000 0.010 0.002 0.003 0.000 0.000 0.000 0.003 0.010 0.010 0.010 0.000 0.003
0.010 0.008 0.008 0.010 0.001 0.001 0.002 0.000 0.000 0.014 0.003 0.000 0.003 0.000 0.000 0.001 0.063 0.154 0.289 0.100 0.459 0.050 0.057 0.147 0.723 0.000 0.468 0.007 0.002 0.000 0.010 0.010 0.016 0.010 0.002 0.000 0.010 0.010 0.003 0.010 0.000 0.010 0.010 0.010 0.010 0.002 0.001 0.000 0.007 0.000 0.000 0.010 0.030 0.000 0.018 0.008 0.076 0.010 0.003 0.002 0.004 0.001 0.005 0.003 0.000 0.000 0.002 0.010 0.004 0.000 0.000 0.004 0.000 0.006 0.006 0.004 0.006
0.000 0.015 0.008 0.008 0.002 0.002 0.003 0.003 0.000 0.004 0.010 0.006 0.002 0.000 0.003 0.003 0.289 0.405 0.421 0.379 0.080 0.003 0.004 0.003 0.010 0.010 0.010 0.010 0.000 0.005 0.006 0.000 0.015 0.005 0.003 0.010 0.010 0.010 0.001 0.000 0.005 0.003 0.003 0.000 0.003 0.001 0.001 0.002 0.002 0.001 0.000 0.000 0.001 0.000 0.019 0.004 0.000 0.000 0.000 0.002 0.003 0.002 0.004 0.002 0.002 0.002 0.010 0.036 0.010 0.010 0.010 0.000 0.010 0.000 0.002 0.010 0.010
0.003 0.003 0.000 0.003 0.000 0.004 0.004 0.002 0.003 0.000 0.032 0.000 0.003 0.003 0.004 0.008 0.406 0.166 0.366 0.008 0.006 0.003 0.010 0.002 0.004 0.004 0.004 0.163 0.004 0.010 0.000 0.153 0.010 0.005 0.005 0.010 0.010 0.004 0.002 0.000 0.010 0.005 0.007 0.002 0.003 0.000 0.004 0.002 0.000 0.000 0.000 0.029 0.000 0.000 0.008 0.013 0.002 0.000 0.000 0.000 0.000 0.005 0.002 0.005 0.003 0.002 0.003 0.037 0.010 0.010 0.005 0.000 0.010 0.005 0.022 0.034 0.000
0.008 0.007 0.004 0.001 0.006 0.000 0.000 0.002 0.002 0.003 0.036 0.003 0.002 0.000 0.003 0.003 0.275 0.454 0.002 0.003 0.004 0.004 0.004 0.003 0.005 0.003 0.003 0.000 0.000 0.002 0.005 0.010 0.000 0.011 0.065 0.005 0.004 0.010 0.008 0.007 0.003 0.005 0.003 0.005 0.002 0.033 0.000 0.001 0.002 0.010 0.000 0.027 0.000 0.004 0.006 0.505 0.000 0.001 0.006 0.000 0.000 0.005 0.001 0.002 0.001 0.002 0.003 0.002 0.005 0.010 0.010 0.000 0.000 0.002 0.004 0.006 0.001
0.014 0.010 0.000 0.001 0.001 0.003 0.000 0.004 0.002 0.002 0.000 0.000 0.003 0.010 0.008 0.005 0.106 0.002 0.024 0.008 0.010 0.010 0.010 0.003 0.005 0.003 0.004 0.010 0.008 0.010 0.004 0.009 0.010 0.010 0.000 0.004 0.005 0.005 0.005 0.063 0.010 0.013 0.002 0.003 0.010 0.000 0.002 0.002 0.000 0.000 0.008 0.000 0.000 0.006 0.000 0.004 0.000 0.002 0.004 0.002 0.005 0.002 0.003 0.000 0.001 0.004 0.013 0.002 0.002 0.003 0.003 0.004 0.002 0.005 0.004 0.000 0.000
0.007 0.008 0.010 0.003 0.002 0.000 0.003 0.002 0.000 0.004 0.017 0.003 0.008 0.000 0.006 0.004 0.211 0.008 0.010 0.003 0.008 0.010 0.010 0.007 0.004 0.004 0.002 0.006 0.004 0.003 0.007 0.007 0.008 0.002 0.010 0.012 0.000 0.005 0.005 0.010 0.007 0.003 0.003 0.002 0.010 0.034 0.005 0.000 0.004 0.000 0.000 0.000 0.003 0.006 0.185 0.000 0.000 0.010 0.003 0.000 0.002 0.002 0.000 0.001 0.001 0.000 0.003 0.004 0.059 0.002 0.004 0.002 0.004 0.004 0.004 0.000 0.003
0.008 0.003 0.006 0.008 0.000 0.003 0.002 0.002 0.000 0.006 0.008 0.000 0.010 0.010 0.005 0.003 0.010 0.003 0.002 0.003 0.005 0.005 0.004 0.006 0.004 0.004 0.008 0.005 0.000 0.004 0.004 0.005 0.002 0.010 0.000 0.005 0.000 0.010 0.000 0.004 0.003 0.000 0.003 0.010 0.002 0.003 0.000 0.050 0.000 0.001 0.001 0.001 0.006 0.000 0.004 0.002 0.006 0.010 0.010 0.000 0.007 0.005 0.002 0.003 0.001 0.001 0.002 0.001 0.000 0.007 0.058 0.003 0.005 0.005 0.004 0.003 0.000
0.008 0.006 0.003 0.002 0.006 0.003 0.000 0.000 0.004 0.003 0.002 0.002 0.004 0.004 0.004 0.002 0.007 0.006 0.008 0.010 0.010 0.008 0.003 0.010 0.008 0.003 0.007 0.005 0.000 0.005 0.004 0.007 0.004 0.010 0.000 0.001 0.001 0.001 0.001 0.632 0.000 0.004 0.008 0.000 0.002 0.001 0.000 0.001 0.000 0.003 0.000 0.003 0.008 0.007 0.000 0.001 0.002 0.002 0.000 0.005 0.003 0.000 0.001 0.002 0.002 0.000 0.000 0.000 0.000 0.000 0.000 0.007 0.010 0.002 0.005 0.003 0.004
0.000 0.010 0.000 0.004 0.003 0.005 0.003 0.003 0.005 0.052 0.000 0.000 0.000 0.003 0.003 0.008 0.003 0.003 0.010 0.010 0.010 0.010 0.007 0.003 0.004 0.003 0.004 0.000 0.000 0.010 0.004 0.005 0.004 0.000 0.010 0.006 0.010 0.003 0.000 0.112 0.022 0.023 0.000 0.010 0.001 0.000 0.001 0.001 0.000 0.001 0.000 0.008 0.006 0.001 0.001 0.006 0.002 0.001 0.002 0.003 0.001 0.001 0.005 0.001 0.004 0.002 0.008 0.003 0.000 0.000 0.002 0.005 0.005 0.010 0.004 0.002 0.003
0.000 0.004 0.000 0.000 0.002 0.002 0.006 0.002 0.004 0.006 0.007 0.010 0.006 0.013 0.004 0.006 0.003 0.004 0.005 0.002 0.010 0.010 0.011 0.002 0.002 0.010 0.005 0.004 0.004 0.007 0.007 0.002 0.010 0.000 0.004 0.000 0.000 0.037 0.020 0.161 0.010 0.019 0.002 0.010 0.006 0.008 0.003 0.000 0.001 0.001 0.004 0.008 0.002 0.002 0.003 0.007 0.000 0.001 0.003 0.000 0.000 0.002 0.003 0.000 0.001 0.001 0.010 0.008 0.006 0.004 0.002 0.004 0.000 0.000 0.000 0.044 0.002
0.002 0.004 0.000 0.001 0.003 0.003 0.002 0.000 0.004 0.003 0.006 0.004 0.009 0.003 0.000 0.000 0.010 0.006 0.004 0.006 0.002 0.121 0.010 0.010 0.005 0.005 0.000 0.000 0.000 0.001 0.005 0.010 0.010 0.000 0.002 0.010 0.043 0.034 0.000 0.086 0.010 0.013 0.010 0.004 0.004 0.010 0.094 0.006 0.004 0.000 0.004 0.008 0.003 0.002 0.000 0.001 0.000 0.041 0.000 0.003 0.010 0.002 0.001 0.004 0.000 0.000 0.000 0.009 0.000 0.002 0.002 0.008 0.001 0.001 0.001 0.001 0.000
0.004 0.005 0.000 0.000 0.008 0.003 0.003 0.004 0.002 0.000 0.000 0.006 0.008 0.005 0.004 0.008 0.008 0.010 0.187 0.010 0.007 0.010 0.002 0.005 0.007 0.011 0.004 0.006 0.000 0.005 0.002 0.002 0.002 0.000 0.003 0.093 0.074 0.003 0.006 0.002 0.010 0.014 0.032 0.006 0.005 0.009 0.004 0.008 0.000 0.003 0.000 0.000 0.000 0.000 0.010 0.001 0.000 0.000 0.001 0.000 0.003 0.010 0.002 0.000 0.004 0.000 0.016 0.000 0.007 0.003 0.005 0.000 0.000 0.001 0.003 0.003 0.003
0.000 0.005 0.003 0.003 0.000 0.008 0.004 0.005 0.000 0.003 0.008 0.003 0.005 0.005 0.005 0.004 0.003 0.008 0.010 0.168 0.010 0.005 0.002 0.004 0.000 0.004 0.000 0.000 0.008 0.004 0.002 0.002 0.001 0.003 0.002 0.086 0.072 0.004 0.000 0.006 0.213 0.096 0.192 0.040 0.010 0.008 0.008 0.003 0.003 0.004 0.055 0.005 0.008 0.000 0.006 0.002 0.001 0.001 0.001 0.003 0.003 0.000 0.093 0.010 0.010 0.010 0.008 0.000 0.002 0.004 0.007 0.001 0.001 0.001 0.002 0.001 0.001
0.002 0.005 0.004 0.005 0.009 0.004 0.003 0.004 0.005 0.003 0.003 0.004 0.003 0.004 0.000 0.010 0.005 0.006 0.002 0.008 0.004 0.107 0.010 0.002 0.000 0.002 0.000 0.000 0.002 0.007 0.005 0.007 0.007 0.003 0.002 0.004 0.000 0.004 0.004 0.002 0.006 0.000 0.006 0.177 0.133 0.106 0.144 0.006 0.005 0.000 0.010 0.010 0.010 0.003 0.005 0.000 0.000 0.001 0.002 0.002 0.000 0.005 0.000 0.007 0.004 0.010 0.010 0.005 0.002 0.005 0.000 0.000 0.001 0.001 0.002 0.002 0.003
0.005 0.000 0.003 0.002 0.004 0.003 0.003 0.003 0.000 0.004 0.005 0.001 0.000 0.000 0.004 0.008 0.010 0.075 0.004 0.004 0.004 0.005 0.011 0.003 0.018 0.003 0.000 0.004 0.002 0.007 0.003 0.002 0.000 0.004 0.002 0.001 0.002 0.004 0.008 0.001 0.000 0.185 0.192 0.082 0.183 0.079 0.008 0.004 0.010 0.017 0.003 0.004 0.004 0.577 0.080 0.005 0.008 0.000 0.001 0.004 0.004 0.003 0.004 0.000 0.000 0.001 0.004 0.002 0.003 0.002 0.001 0.001 0.001 0.002 0.001 0.001 0.003
0.000 0.002 0.003 0.003 0.004 0.000 0.003 0.003 0.004 0.002 0.004 0.002 0.008 0.003 0.006 0.010 0.010 0.010 0.010 0.010 0.001 0.002 0.002 0.004 0.010 0.156 0.004 0.001 0.010 0.004 0.004 0.005 0.010 0.003 0.000 0.000 0.004 0.001 0.002 0.005 0.000 0.095 0.099 0.081 0.005 0.005 0.008 0.008 0.034 0.008 0.010 0.004 0.005 0.008 0.005 0.010 0.817 0.010 0.006 0.004 0.006 0.003 0.002 0.000 0.000 0.000 0.004 0.003 0.000 0.001 0.001 0.001 0.000 0.004 0.000 0.002 0.001
0.005 0.002 0.000 0.050 0.002 0.002 0.005 0.003 0.010 0.003 0.004 0.002 0.000 0.008 0.010 0.010 0.010 0.010 0.010 0.004 0.003 0.001 0.002 0.005 0.004 0.010 0.010 0.004 0.007 0.002 0.004 0.007 0.007 0.002 0.007 0.003 0.001 0.000 0.001 0.003 0.014 0.000 0.000 0.006 0.005 0.003 0.008 0.000 0.006 0.004 0.004 0.004 0.010 0.006 0.003 0.002 0.006 0.897 0.744 0.004 0.004 0.004 0.002 0.002 0.000 0.000 0.003 0.002 0.010 0.005 0.000 0.000 0.000 0.001 0.001 0.001 0.002
0.001 0.001 0.047 0.079 0.004 0.003 0.003 0.005 0.004 0.004 0.000 0.007 0.005 0.003 0.003 0.000 0.003 0.010 0.010 0.004 0.058 0.001 0.010 0.005 0.004 0.002 0.005 0.004 0.005 0.009 0.004 0.000 0.002 0.000 0.000 0.002 0.003 0.008 0.001 0.010 0.001 0.002 0.002 0.000 0.000 0.005 0.007 0.018 0.004 0.006 0.010 0.048 0.008 0.005 0.010 0.010 0.003 0.002 0.005 0.000 0.703 0.016 0.002 0.000 0.000 0.003 0.003 0.000 0.002 0.003 0.000 0.001 0.094 0.003 0.002 0.001 0.004
0.002 0.000 0.008 0.010 0.197 0.054 0.002 0.005 0.003 0.003 0.005 0.000 0.002 0.000 0.004 0.133 0.000 0.003 0.004 0.002 0.002 0.002 0.000 0.003 0.000 0.003 0.020 0.007 0.003 0.005 0.005 0.007 0.001 0.002 0.002 0.003 0.006 0.002 0.008 0.002 0.004 0.000 0.005 0.002 0.005 0.005 0.724 0.008 0.005 0.005 0.005 0.008 0.008 0.003 0.002 0.005 0.002 0.005 0.002 0.004 0.008 0.064 0.515 0.003 0.004 0.003 0.000 0.000 0.001 0.000 0.001 0.049 0.149 0.246 0.172 0.003 0.003
0.010 0.000 0.000 0.002 0.001 0.002 0.001 0.007 0.004 0.003 0.004 0.004 0.004 0.000 0.000 0.000 0.006 0.000 0.002 0.000 0.004 0.004 0.002 0.000 0.000 0.010 0.001 0.007 0.004 0.004 0.002 0.010 0.002 0.003 0.002 0.004 0.003 0.002 0.003 0.002 0.002 0.002 0.000 0.003 0.004 0.000 0.045 0.010 0.010 0.008 0.004 0.005 0.004 0.010 0.006 0.002 0.003 0.003 0.006 0.003 0.010 0.000 0.010 0.683 0.010 0.003 0.003 0.000 0.001 0.001 0.000 0.126 0.165 0.151 0.014 0.008 0.008
0.003 0.003 0.000 0.000 0.000 0.003 0.002 0.006 0.003 0.004 0.005 0.004 0.000 0.000 0.005 0.000 0.002 0.003 0.002 0.000 0.004 0.005 0.007 0.003 0.000 0.000 0.001 0.007 0.006 0.004 0.003 0.003 0.001 0.000 0.000 0.004 0.004 0.003 0.005 0.010 0.004 0.010 0.002 0.006 0.006 0.010 0.012 0.020 0.010 0.008 0.010 0.008 0.003 0.002 0.002 0.003 0.006 0.004 0.008 0.008 0.006 0.000 0.000 0.010 0.003 0.000 0.008 0.004 0.042 0.000 0.056 0.189 0.201 0.181 0.002 0.007 0.016
0.008 0.002 0.003 0.001 0.003 0.003 0.008 0.005 0.000 0.002 0.020 0.009 0.005 0.008 0.000 0.004 0.010 0.002 0.004 0.003 0.002 0.003 0.004 0.001 0.005 0.001 0.002 0.007 0.005 0.000 0.000 0.002 0.004 0.002 0.001 0.000 0.000 0.005 0.010 0.002 0.004 0.000 0.005 0.005 0.048 0.000 0.010 0.010 0.007 0.010 0.010 0.010 0.010 0.008 0.003 0.010 0.006 0.014 0.010 0.010 0.010 0.004 0.002 0.010 0.010 0.075 0.010 0.000 0.332 0.034 0.046 0.153 0.303 0.001 0.003 0.003 0.005
0.002 0.002 0.002 0.002 0.003 0.006 0.006 0.003 0.004 0.001 0.002 0.003 0.002 0.006 0.008 0.002 0.002 0.000 0.000 0.004 0.006 0.000 0.000 0.001 0.001 0.002 0.007 0.002 0.005 0.001 0.001 0.000 0.000 0.005 0.003 0.002 0.002 0.003 0.004 0.005 0.004 0.004 0.004 0.000 0.000 0.000 0.000 0.010 0.000 0.010 0.010 0.005 0.027 0.008 0.003 0.010 0.004 0.000 0.010 0.000 0.010 0.010 0.004 0.002 0.182 0.139 0.138 0.202 0.010 0.000 1.172 0.264 0.095 0.000 0.004 0.004 0.005
0.008 0.003 0.002 0.003 0.003 0.004 0.004 0.000 0.001 0.004 0.003 0.003 0.000 0.002 0.002 0.003 0.006 0.010 0.110 0.002 0.004 0.010 0.058 0.000 0.005 0.004 0.005 0.003 0.001 0.000 0.001 0.002 0.001 0.002 0.002 0.002 0.006 0.004 0.002 0.005 0.003 0.006 0.008 0.845 0.000 0.000 0.000 0.049 0.000 0.000 0.010 0.010 0.005 0.005 0.003 0.008 0.004 0.010 0.036 0.010 0.010 0.000 0.002 0.004 0.000 0.146 0.031 0.000 0.000 0.010 0.010 0.000 0.026 0.248 0.098 0.001 0.032
0.000 0.000 0.008 0.003 0.006 0.002 0.003 0.001 0.000 0.000 0.002 0.010 0.004 0.002 0.003 0.002 0.003 0.003 0.010 0.003 0.000 0.003 0.005 0.004 0.006 0.002 0.003 0.007 0.001 0.002 0.000 0.000 0.002 0.003 0.001 0.001 0.007 0.015 0.005 0.005 0.006 0.010 0.000 0.010 0.211 0.000 0.000 0.000 0.000 0.000 0.000 0.010 0.005 0.005 0.008 0.005 0.005 0.005 0.008 0.004 0.005 0.005 0.003 0.000 0.004 0.006 0.117 0.000 0.010 0.113 0.010 0.001 0.008 0.000 0.202 0.323 0.051
0.010 0.006 0.004 0.004 0.007 0.005 0.001 0.002 0.004 0.002 0.001 0.000 0.003 0.004 0.003 0.002 0.002 0.001 0.010 0.012 0.003 0.000 0.002 0.004 0.002 0.005 0.002 0.002 0.000 0.001 0.002 0.001 0.001 0.001 0.002 0.003 0.003 0.006 0.008 0.009 0.010 0.010 0.669 0.010 0.000 0.000 0.141 0.034 0.000 0.000 0.000 0.010 0.004 0.010 0.010 0.010 0.005 0.028 0.003 0.003 0.004 0.006 0.002 0.000 0.000 0.003 0.002 0.002 0.013 0.000 0.003 0.007 0.000 0.000 0.002 0.000 0.123
0.005 0.004 0.003 0.003 0.006 0.000 0.000 0.002 0.002 0.003 0.000 0.002 0.001 0.000 0.000 0.003 0.003 0.002 0.010 0.010 0.008 0.008 0.003 0.004 0.002 0.006 0.002 0.007 0.000 0.000 0.000 0.001 0.001 0.001 0.002 0.000 0.004 0.008 0.008 0.004 0.011 0.000 0.006 0.005 0.007 0.010 0.022 0.010 0.000 0.000 0.010 0.005 0.010 0.010 0.010 0.010 0.010 0.010 0.008 0.004 0.003 0.004 0.000 0.000 0.008 0.010 0.000 0.000 0.000 0.005 0.001 0.000 0.014 0.002 0.001 0.002 0.004
