hx_30m/njhx/rain/result-0042.wd
ncols         211
nrows         286
xllcorner     660279.582600
yllcorner     3541874.325092
cellsize      30.000000
NODATA_value  -9999.000000
[rows 170 to 203 of 286, columns 77 to 153 of 211]
0.010 0.001 0.008 0.003 0.209 0.100 0.001 0.001 0.003 0.003 0.003 0.006 0.010 0.010 0.010 0.006 0.004 0.010 0.010 0.010 0.003 0.002 0.001 0.000 0.002 0.000 0.010 0.004 0.010 0.007 0.006 0.002 0.002 0.010 0.003 0.002 0.006 0.002 0.002 0.002 0.010 0.118 0.196 0.010 0.001 0.000 0.000 0.000 0.001 0.000 0.001 0.001 0.000 0.003 0.002 0.005 0.000 0.000 0.002 0.002 0.032 0.000 0.000 0.000 0.006 0.000 0.000 0.001 0.001 0.000 0.000 0.001 0.010 0.010 0.040 0.000 0.010
0.010 0.001 0.004 0.010 0.109 0.004 0.002 0.002 0.001 0.001 0.010 0.002 0.001 0.001 0.001 0.003 0.010 0.006 0.000 0.000 0.002 0.003 0.000 0.000 0.002 0.000 0.010 0.000 0.000 0.008 0.004 0.006 0.004 0.010 0.010 0.000 0.006 0.007 0.010 0.002 0.006 0.004 0.001 0.000 0.000 0.000 0.000 0.000 0.004 0.010 0.002 0.002 0.006 0.000 0.000 0.010 0.000 0.003 0.000 0.000 0.010 0.000 0.000 0.001 0.000 0.000 0.000 0.000 0.001 0.001 0.000 0.002 0.006 0.018 0.000 0.002 0.007
0.005 0.003 0.007 0.002 0.010 0.117 0.004 0.001 0.001 0.000 0.001 0.000 0.004 0.003 0.000 0.001 0.004 0.065 0.010 0.010 0.003 0.003 0.000 0.002 0.006 0.006 0.010 0.000 0.060 0.010 0.001 0.000 0.002 0.010 0.009 0.000 0.002 0.002 0.004 0.002 0.002 0.000 0.002 0.000 0.000 0.000 0.000 0.002 0.006 0.021 0.002 0.001 0.001 0.001 0.000 0.000 0.003 0.010 0.006 0.002 0.010 0.000 0.000 0.000 0.002 0.002 0.003 0.000 0.001 0.000 0.000 0.002 0.002 0.001 0.000 0.201 0.337
0.046 0.007 0.003 0.007 0.050 0.036 0.002 0.010 0.003 0.002 0.002 0.006 0.003 0.001 0.004 0.001 0.000 0.000 0.000 0.000 0.002 0.002 0.001 0.003 0.006 0.003 0.006 0.000 0.010 0.010 0.001 0.002 0.000 0.001 0.000 0.002 0.004 0.004 0.003 0.003 0.004 0.002 0.000 0.002 0.002 0.004 0.001 0.001 0.001 0.000 0.002 0.000 0.004 0.010 0.000 0.000 0.005 0.001 0.005 0.000 0.010 0.006 0.002 0.001 0.000 0.000 0.003 0.002 0.006 0.002 0.000 0.002 0.002 0.002 0.000 0.047 0.000
0.000 0.010 0.010 0.008 0.004 0.006 0.002 0.039 0.003 0.006 0.002 0.004 0.038 0.002 0.002 0.002 0.003 0.006 0.002 0.006 0.002 0.003 0.002 0.002 0.001 0.000 0.000 0.000 0.000 0.000 0.001 0.000 0.000 0.002 0.010 0.010 0.004 0.004 0.002 0.004 0.002 0.000 0.000 0.003 0.000 0.000 0.000 0.001 0.001 0.000 0.003 0.000 0.002 0.010 0.002 0.000 0.001 0.000 0.002 0.002 0.004 0.003 0.000 0.006 0.002 0.001 0.002 0.000 0.001 0.003 0.000 0.000 0.001 0.155 0.015 0.017 0.000
0.028 0.000 0.010 0.010 0.004 0.001 0.002 0.001 0.004 0.004 0.003 0.004 0.006 0.002 0.004 0.004 0.006 0.019 0.004 0.029 0.006 0.004 0.003 0.003 0.003 0.004 0.002 0.001 0.003 0.006 0.003 0.000 0.002 0.002 0.010 0.004 0.000 0.006 0.002 0.010 0.006 0.000 0.000 0.010 0.002 0.000 0.000 0.000 0.000 0.000 0.002 0.010 0.002 0.002 0.000 0.000 0.000 0.001 0.001 0.003 0.004 0.000 0.001 0.001 0.003 0.006 0.002 0.003 0.000 0.000 0.001 0.001 0.010 0.162 0.003 0.009 0.000
0.000 0.044 0.010 0.010 0.002 0.001 0.001 0.002 0.001 0.001 0.001 0.001 0.003 0.002 0.001 0.002 0.001 0.002 0.002 0.003 0.002 0.002 0.001 0.003 0.003 0.001 0.016 0.003 0.004 0.003 0.010 0.003 0.003 0.001 0.001 0.002 0.001 0.001 0.002 0.004 0.008 0.010 0.010 0.010 0.000 0.000 0.000 0.000 0.000 0.002 0.002 0.000 0.002 0.000 0.000 0.000 0.003 0.002 0.004 0.004 0.000 0.000 0.003 0.002 0.001 0.001 0.001 0.000 0.000 0.000 0.001 0.004 0.604 0.000 0.000 0.010 0.000
0.010 0.010 0.028 0.010 0.001 0.001 0.004 0.006 0.006 0.006 0.001 0.001 0.000 0.001 0.000 0.001 0.002 0.001 0.001 0.003 0.004 0.002 0.000 0.004 0.010 0.004 0.004 0.004 0.004 0.003 0.003 0.003 0.002 0.002 0.002 0.002 0.002 0.003 0.001 0.004 0.004 0.018 0.002 0.001 0.002 0.004 0.004 0.001 0.003 0.009 0.006 0.003 0.002 0.001 0.000 0.001 0.010 0.001 0.000 0.001 0.002 0.013 0.004 0.010 0.000 0.002 0.001 0.001 0.001 0.000 0.000 0.002 0.000 0.001 0.241 0.000 0.000
0.010 0.010 0.007 0.002 0.001 0.001 0.002 0.002 0.002 0.003 0.004 0.002 0.001 0.001 0.002 0.002 0.002 0.002 0.001 0.001 0.010 0.006 0.004 0.004 0.006 0.002 0.006 0.000 0.002 0.000 0.000 0.000 0.004 0.005 0.002 0.001 0.002 0.006 0.002 0.006 0.001 0.006 0.006 0.004 0.004 0.004 0.002 0.002 0.003 0.002 0.003 0.002 0.002 0.002 0.002 0.001 0.006 0.001 0.000 0.000 0.003 0.000 0.010 0.010 0.010 0.004 0.006 0.001 0.001 0.001 0.001 0.000 0.000 0.002 0.000 0.001 0.010
0.010 0.002 0.007 0.001 0.002 0.007 0.006 0.003 0.002 0.004 0.001 0.001 0.002 0.002 0.000 0.001 0.004 0.010 0.031 0.004 0.002 0.002 0.004 0.010 0.084 0.031 0.010 0.006 0.006 0.006 0.004 0.010 0.006 0.004 0.000 0.000 0.000 0.002 0.002 0.010 0.006 0.010 0.086 0.037 0.010 0.010 0.010 0.031 0.010 0.015 0.010 0.001 0.003 0.000 0.003 0.002 0.001 0.001 0.006 0.010 0.005 0.002 0.009 0.002 0.004 0.006 0.010 0.010 0.000 0.001 0.002 0.001 0.001 0.003 0.001 0.004 0.000
0.010 0.010 0.001 0.001 0.000 0.002 0.004 0.002 0.006 0.004 0.010 0.001 0.001 0.001 0.001 0.002 0.010 0.047 0.113 0.010 0.010 0.002 0.002 0.040 0.000 0.004 0.006 0.002 0.010 0.000 0.005 0.011 0.006 0.002 0.000 0.000 0.000 0.002 0.003 0.010 0.006 0.010 0.010 0.010 0.010 0.010 0.134 0.138 0.010 0.004 0.010 0.002 0.002 0.000 0.004 0.000 0.001 0.001 0.000 0.001 0.001 0.015 0.002 0.001 0.003 0.003 0.004 0.003 0.006 0.004 0.001 0.001 0.000 0.001 0.001 0.001 0.000
0.010 0.002 0.001 0.001 0.010 0.002 0.006 0.001 0.002 0.001 0.001 0.001 0.001 0.001 0.000 0.004 0.010 0.102 0.010 0.010 0.002 0.001 0.000 0.006 0.010 0.010 0.004 0.010 0.010 0.010 0.008 0.003 0.008 0.001 0.003 0.000 0.001 0.002 0.001 0.002 0.002 0.010 0.010 0.010 0.010 0.010 0.130 0.178 0.010 0.002 0.003 0.000 0.006 0.010 0.001 0.000 0.000 0.000 0.000 0.001 0.001 0.000 0.006 0.000 0.002 0.002 0.002 0.005 0.003 0.004 0.005 0.006 0.000 0.005 0.001 0.001 0.000
0.004 0.006 0.001 0.001 0.001 0.002 0.001 0.003 0.004 0.001 0.001 0.001 0.001 0.000 0.002 0.004 0.010 0.010 0.086 0.079 0.004 0.002 0.006 0.004 0.004 0.006 0.006 0.006 0.130 0.006 0.000 0.006 0.003 0.003 0.010 0.004 0.038 0.004 0.003 0.002 0.002 0.010 0.010 0.022 0.010 0.010 0.010 0.010 0.006 0.002 0.000 0.003 0.001 0.000 0.000 0.000 0.001 0.001 0.001 0.000 0.000 0.001 0.001 0.003 0.003 0.002 0.003 0.010 0.009 0.003 0.004 0.004 0.004 0.004 0.010 0.010 0.000
0.006 0.006 0.006 0.002 0.003 0.001 0.001 0.002 0.001 0.001 0.002 0.010 0.006 0.000 0.004 0.004 0.010 0.093 0.010 0.010 0.003 0.001 0.004 0.010 0.003 0.006 0.000 0.002 0.006 0.003 0.007 0.016 0.010 0.002 0.010 0.006 0.000 0.004 0.003 0.006 0.002 0.010 0.056 0.010 0.010 0.010 0.010 0.010 0.003 0.002 0.000 0.003 0.000 0.000 0.000 0.000 0.002 0.000 0.001 0.001 0.002 0.001 0.000 0.002 0.000 0.000 0.002 0.010 0.006 0.004 0.010 0.003 0.004 0.006 0.006 0.007 0.001
0.002 0.064 0.010 0.010 0.007 0.003 0.002 0.001 0.001 0.000 0.001 0.009 0.005 0.004 0.002 0.003 0.049 0.006 0.010 0.010 0.003 0.001 0.004 0.006 0.003 0.015 0.003 0.002 0.006 0.003 0.014 0.006 0.000 0.001 0.003 0.002 0.000 0.003 0.004 0.003 0.006 0.010 0.010 0.213 0.010 0.010 0.010 0.010 0.010 0.000 0.000 0.000 0.000 0.000 0.001 0.001 0.002 0.002 0.004 0.006 0.000 0.004 0.002 0.001 0.002 0.000 0.000 0.000 0.003 0.002 0.042 0.021 0.003 0.002 0.006 0.007 0.001
0.003 0.010 0.010 0.002 0.003 0.002 0.004 0.001 0.000 0.001 0.002 0.003 0.007 0.010 0.010 0.004 0.001 0.000 0.010 0.000 0.001 0.001 0.001 0.001 0.001 0.004 0.000 0.010 0.000 0.003 0.006 0.009 0.004 0.001 0.010 0.010 0.003 0.040 0.010 0.003 0.000 0.010 0.300 0.010 0.010 0.010 0.029 0.010 0.003 0.010 0.006 0.002 0.001 0.006 0.006 0.010 0.000 0.000 0.005 0.010 0.004 0.010 0.001 0.003 0.000 0.002 0.001 0.000 0.002 0.002 0.001 0.006 0.006 0.010 0.010 0.003 0.002
0.010 0.007 0.003 0.002 0.001 0.005 0.001 0.001 0.001 0.010 0.020 0.003 0.010 0.006 0.000 0.000 0.004 0.000 0.052 0.000 0.002 0.004 0.001 0.000 0.001 0.001 0.000 0.002 0.002 0.002 0.002 0.000 0.006 0.002 0.003 0.002 0.001 0.010 0.003 0.003 0.939 0.010 0.289 0.034 0.010 0.274 0.010 0.010 0.003 0.000 0.006 0.006 0.007 0.000 0.003 0.010 0.016 0.010 0.004 0.007 0.000 0.006 0.003 0.000 0.010 0.006 0.001 0.000 0.002 0.006 0.004 0.000 0.000 0.001 0.001 0.002 0.000
0.003 0.022 0.003 0.005 0.002 0.001 0.001 0.001 0.001 0.010 0.001 0.011 0.001 0.000 0.001 0.000 0.001 0.000 0.000 0.000 0.010 0.010 0.003 0.001 0.000 0.000 0.000 0.002 0.001 0.001 0.000 0.001 0.001 0.001 0.001 0.002 0.007 0.180 0.003 0.001 0.886 0.000 0.689 0.124 0.010 0.035 0.010 0.014 0.004 0.000 0.010 0.004 0.006 0.007 0.030 0.047 0.004 0.010 0.014 0.003 0.004 0.004 0.006 0.000 0.000 0.000 0.003 0.000 0.002 0.001 0.000 0.000 0.000 0.000 0.021 0.000 0.001
0.003 0.038 0.001 0.003 0.002 0.003 0.002 0.010 0.010 0.010 0.012 0.001 0.000 0.000 0.000 0.001 0.000 0.000 0.000 0.000 0.001 0.010 0.002 0.000 0.000 0.000 0.000 0.000 0.000 0.000 0.003 0.003 0.006 0.006 0.002 0.002 0.001 0.223 0.349 0.530 0.019 0.010 0.010 0.000 0.010 0.010 0.014 0.010 0.010 0.010 0.004 0.010 0.006 0.000 0.000 0.006 0.010 0.006 0.006 0.070 0.004 0.003 0.004 0.002 0.000 0.000 0.000 0.002 0.000 0.001 0.000 0.000 0.000 0.000 0.000 0.000 0.000
0.002 0.001 0.001 0.001 0.001 0.001 0.007 0.009 0.010 0.010 0.007 0.000 0.000 0.001 0.001 0.010 0.000 0.000 0.010 0.010 0.001 0.082 0.010 0.000 0.001 0.001 0.001 0.000 0.001 0.008 0.023 0.001 0.003 0.060 0.003 0.000 0.000 0.003 0.001 0.001 0.135 0.006 0.000 0.010 0.568 0.000 0.498 0.004 0.006 0.010 0.015 0.000 0.003 0.004 0.003 0.003 0.006 0.005 0.005 0.004 0.006 0.001 0.000 0.003 0.001 0.001 0.001 0.002 0.001 0.000 0.001 0.000 0.001 0.000 0.000 0.001 0.002
0.003 0.003 0.005 0.005 0.001 0.003 0.008 0.266 0.050 0.010 0.001 0.001 0.000 0.000 0.002 0.003 0.000 0.000 0.000 0.008 0.003 0.002 0.000 0.001 0.000 0.001 0.002 0.001 0.000 0.002 0.000 0.003 0.004 0.004 0.001 0.002 0.003 0.002 0.089 0.010 0.010 0.013 0.002 0.004 0.000 0.000 0.612 0.000 0.010 0.010 0.006 0.001 0.000 0.010 0.006 0.024 0.000 0.002 0.002 0.001 0.001 0.006 0.010 0.055 0.000 0.001 0.002 0.002 0.004 0.000 0.001 0.001 0.010 0.001 0.001 0.009 0.010
0.001 0.002 0.002 0.010 0.058 0.002 0.195 0.010 0.011 0.010 0.001 0.001 0.000 0.003 0.003 0.004 0.010 0.059 0.000 0.000 0.002 0.000 0.002 0.001 0.001 0.000 0.003 0.001 0.004 0.010 0.010 0.010 0.003 0.001 0.003 0.000 0.002 0.003 0.002 0.010 0.010 0.000 0.010 0.008 0.004 0.004 0.006 0.003 0.083 0.000 0.010 0.010 0.075 0.010 0.010 0.002 0.001 0.002 0.014 0.003 0.002 0.003 0.003 0.019 0.010 0.000 0.006 0.000 0.000 0.000 0.001 0.002 0.010 0.003 0.002 0.003 0.010
0.002 0.005 0.005 0.003 0.002 0.002 0.001 0.004 0.035 0.010 0.010 0.019 0.055 0.000 0.010 0.010 0.002 0.007 0.010 0.000 0.010 0.003 0.001 0.001 0.000 0.000 0.001 0.004 0.010 0.010 0.003 0.002 0.004 0.003 0.001 0.000 0.003 0.002 0.081 0.010 0.010 0.000 0.000 0.010 0.004 0.002 0.001 0.002 0.000 0.010 0.130 0.000 0.010 0.010 0.010 0.023 0.010 0.002 0.000 0.000 0.001 0.002 0.010 0.006 0.003 0.003 0.001 0.004 0.000 0.000 0.000 0.011 0.002 0.001 0.000 0.030 0.004
0.003 0.001 0.002 0.005 0.002 0.002 0.003 0.007 0.010 0.010 0.011 0.053 0.000 0.002 0.034 0.007 0.001 0.002 0.000 0.001 0.004 0.010 0.004 0.004 0.000 0.001 0.003 0.010 0.034 0.010 0.000 0.002 0.000 0.002 0.000 0.000 0.002 0.003 0.005 0.003 0.000 0.000 0.000 0.010 0.000 0.010 0.005 0.007 0.008 0.003 0.010 0.010 0.124 0.000 0.010 0.010 0.010 0.004 0.000 0.000 0.000 0.009 0.010 0.001 0.004 0.001 0.001 0.000 0.000 0.001 0.001 0.000 0.002 0.010 0.010 0.003 0.039
0.005 0.005 0.004 0.002 0.002 0.004 0.004 0.004 0.010 0.010 0.046 0.070 0.000 0.001 0.001 0.002 0.002 0.003 0.001 0.003 0.004 0.001 0.002 0.004 0.002 0.001 0.005 0.010 0.010 0.001 0.005 0.002 0.000 0.002 0.000 0.002 0.003 0.002 0.001 0.004 0.010 0.010 0.010 0.000 0.000 0.000 0.001 0.003 0.002 0.003 0.002 0.008 0.010 0.010 0.205 0.000 0.159 0.010 0.010 0.004 0.001 0.010 0.042 0.016 0.003 0.006 0.001 0.001 0.000 0.000 0.000 0.000 0.001 0.010 0.006 0.004 0.010
0.005 0.005 0.002 0.002 0.003 0.003 0.004 0.007 0.002 0.069 0.166 0.000 0.001 0.001 0.001 0.001 0.002 0.001 0.003 0.002 0.007 0.001 0.000 0.002 0.001 0.001 0.000 0.000 0.000 0.000 0.002 0.001 0.002 0.000 0.000 0.001 0.003 0.006 0.001 0.006 0.000 0.000 0.010 0.010 0.010 0.010 0.002 0.001 0.063 0.010 0.010 0.010 0.009 0.002 0.010 0.010 0.010 0.000 0.129 0.010 0.006 0.010 0.010 0.010 0.010 0.001 0.001 0.001 0.000 0.000 0.000 0.000 0.000 0.001 0.001 0.004 0.010
0.001 0.005 0.003 0.010 0.005 0.004 0.002 0.004 0.002 0.002 0.081 0.002 0.003 0.001 0.001 0.001 0.007 0.000 0.000 0.010 0.013 0.000 0.002 0.001 0.007 0.000 0.000 0.000 0.000 0.001 0.000 0.003 0.000 0.004 0.006 0.010 0.093 0.010 0.001 0.003 0.000 0.000 0.066 0.000 0.010 0.002 0.016 0.003 0.002 0.017 0.132 0.000 0.002 0.002 0.003 0.006 0.010 0.010 0.010 0.000 0.265 0.010 0.010 0.080 0.003 0.002 0.001 0.000 0.000 0.000 0.000 0.000 0.000 0.002 0.000 0.010 0.000
0.002 0.007 0.004 0.000 0.003 0.005 0.010 0.010 0.047 0.000 0.072 0.004 0.005 0.002 0.001 0.002 0.002 0.002 0.007 0.005 0.004 0.001 0.001 0.002 0.000 0.001 0.000 0.001 0.000 0.000 0.000 0.000 0.004 0.006 0.010 0.002 0.002 0.002 0.002 0.003 0.010 0.010 0.000 0.000 0.000 0.004 0.010 0.005 0.001 0.006 0.053 0.040 0.000 0.000 0.001 0.003 0.002 0.009 0.010 0.010 0.010 0.000 0.444 0.010 0.001 0.000 0.006 0.000 0.000 0.000 0.000 0.000 0.000 0.001 0.001 0.000 0.000
0.010 0.010 0.010 0.010 0.007 0.002 0.007 0.000 0.000 0.073 0.002 0.000 0.010 0.001 0.001 0.004 0.001 0.004 0.001 0.002 0.006 0.003 0.001 0.002 0.000 0.006 0.001 0.000 0.001 0.000 0.003 0.010 0.006 0.108 0.006 0.002 0.003 0.003 0.002 0.002 0.000 0.010 0.010 0.010 0.010 0.002 0.006 0.000 0.000 0.004 0.010 0.006 0.010 0.002 0.007 0.006 0.001 0.002 0.003 0.005 0.010 0.010 0.010 0.000 0.000 0.034 0.000 0.001 0.000 0.000 0.000 0.000 0.001 0.005 0.000 0.000 0.000
0.010 0.010 0.010 0.000 0.003 0.020 0.000 0.062 0.010 0.000 0.000 0.002 0.001 0.001 0.001 0.010 0.001 0.001 0.000 0.001 0.001 0.001 0.007 0.002 0.003 0.005 0.003 0.006 0.000 0.000 0.004 0.010 0.010 0.003 0.006 0.002 0.006 0.003 0.006 0.051 0.000 0.048 0.000 0.000 0.006 0.004 0.038 0.010 0.006 0.010 0.000 0.010 0.002 0.000 0.006 0.006 0.003 0.000 0.004 0.003 0.005 0.003 0.006 0.002 0.009 0.000 0.013 0.003 0.000 0.000 0.000 0.000 0.000 0.001 0.080 0.001 0.000
0.010 0.003 0.000 0.004 0.012 0.000 0.012 0.006 0.000 0.002 0.004 0.000 0.000 0.001 0.000 0.000 0.002 0.001 0.001 0.004 0.001 0.000 0.001 0.000 0.003 0.004 0.002 0.002 0.006 0.004 0.010 0.004 0.010 0.002 0.003 0.003 0.006 0.003 0.006 0.010 0.000 0.000 0.000 0.000 0.002 0.002 0.013 0.012 0.002 0.004 0.002 0.001 0.011 0.001 0.010 0.000 0.061 0.002 0.004 0.000 0.001 0.003 0.003 0.000 0.000 0.001 0.006 0.000 0.350 0.010 0.001 0.001 0.000 0.001 0.001 0.001 0.003
0.002 0.003 0.003 0.000 0.010 0.005 0.010 0.000 0.000 0.000 0.001 0.001 0.003 0.000 0.000 0.001 0.001 0.000 0.002 0.002 0.000 0.002 0.000 0.002 0.002 0.002 0.004 0.012 0.010 0.002 0.006 0.003 0.006 0.002 0.001 0.003 0.006 0.003 0.005 0.010 0.010 0.003 0.000 0.006 0.006 0.003 0.022 0.101 0.078 0.000 0.002 0.000 0.000 0.000 0.000 0.002 0.002 0.000 0.004 0.003 0.000 0.001 0.002 0.003 0.002 0.001 0.003 0.001 0.010 0.000 0.000 0.014 0.001 0.010 0.000 0.000 0.000
0.010 0.240 0.000 0.010 0.007 0.010 0.010 0.000 0.002 0.001 0.002 0.057 0.010 0.010 0.002 0.007 0.000 0.000 0.001 0.007 0.002 0.000 0.000 0.001 0.002 0.003 0.002 0.010 0.006 0.000 0.000 0.021 0.003 0.004 0.010 0.004 0.006 0.003 0.002 0.003 0.002 0.002 0.003 0.005 0.013 0.000 0.000 0.070 0.043 0.003 0.001 0.000 0.000 0.000 0.000 0.000 0.002 0.010 0.004 0.003 0.003 0.002 0.078 0.010 0.000 0.005 0.002 0.004 0.004 0.001 0.002 0.000 0.000 0.002 0.000 0.000 0.010
0.000 0.010 0.010 0.002 0.010 0.010 0.001 0.001 0.001 0.001 0.003 0.069 0.010 0.010 0.002 0.000 0.000 0.000 0.001 0.004 0.000 0.000 0.000 0.000 0.002 0.000 0.002 0.110 0.010 0.010 0.003 0.001 0.001 0.004 0.003 0.016 0.004 0.003 0.002 0.002 0.001 0.002 0.001 0.001 0.003 0.004 0.004 0.003 0.000 0.002 0.000 0.000 0.000 0.000 0.010 0.001 0.002 0.002 0.010 0.010 0.003 0.000 0.010 0.000 0.000 0.000 0.002 0.002 0.002 0.000 0.000 0.001 0.004 0.000 0.000 0.002 0.001
