hx_30m/njhx/rain/result-0047.wd
ncols         211
nrows         286
xllcorner     660279.582600
yllcorner     3541874.325092
cellsize      30.000000
NODATA_value  -9999.000000
[rows 204 to 237 of 286, columns 77 to 153 of 211]
0.010 0.010 0.006 0.004 0.032 0.010 0.001 0.001 0.000 0.001 0.010 0.010 0.058 0.270 0.002 0.000 0.001 0.000 0.004 0.003 0.003 0.002 0.004 0.000 0.000 0.003 0.003 0.045 0.128 0.005 0.001 0.000 0.001 0.010 0.001 0.003 0.001 0.010 0.003 0.001 0.001 0.001 0.001 0.003 0.001 0.001 0.001 0.001 0.003 0.002 0.000 0.000 0.000 0.000 0.001 0.001 0.001 0.000 0.023 0.001 0.002 0.010 0.001 0.000 0.010 0.002 0.000 0.005 0.005 0.010 0.001 0.001 0.001 0.001 0.059 0.000 0.000
0.328 0.003 0.006 0.010 0.005 0.010 0.000 0.001 0.002 0.001 0.000 0.000 0.010 0.009 0.007 0.010 0.002 0.001 0.001 0.006 0.001 0.000 0.000 0.003 0.003 0.003 0.010 0.029 0.001 0.000 0.000 0.000 0.000 0.000 0.001 0.010 0.003 0.003 0.000 0.000 0.000 0.007 0.003 0.003 0.001 0.003 0.002 0.001 0.002 0.001 0.002 0.000 0.004 0.000 0.000 0.000 0.000 0.001 0.010 0.009 0.204 0.000 0.000 0.001 0.000 0.002 0.005 0.001 0.002 0.010 0.005 0.001 0.001 0.003 0.001 0.001 0.004
0.003 0.001 0.001 0.007 0.002 0.010 0.000 0.000 0.000 0.000 0.001 0.001 0.010 0.000 0.000 0.002 0.000 0.010 0.001 0.001 0.000 0.000 0.000 0.002 0.003 0.002 0.005 0.003 0.000 0.001 0.000 0.000 0.000 0.005 0.003 0.003 0.002 0.001 0.000 0.001 0.001 0.002 0.001 0.010 0.010 0.010 0.008 0.001 0.001 0.001 0.001 0.003 0.002 0.002 0.005 0.003 0.001 0.002 0.010 0.000 0.010 0.000 0.001 0.003 0.001 0.005 0.005 0.010 0.005 0.000 0.010 0.010 0.006 0.002 0.001 0.002 0.000
0.005 0.006 0.000 0.006 0.010 0.002 0.002 0.002 0.002 0.001 0.000 0.000 0.002 0.001 0.001 0.002 0.000 0.004 0.002 0.002 0.000 0.000 0.010 0.002 0.010 0.001 0.003 0.010 0.010 0.002 0.002 0.000 0.010 0.003 0.002 0.001 0.000 0.000 0.001 0.001 0.000 0.000 0.002 0.002 0.010 0.179 0.000 0.000 0.000 0.000 0.005 0.001 0.001 0.003 0.001 0.005 0.347 0.037 0.010 0.232 0.000 0.002 0.001 0.000 0.000 0.001 0.006 0.010 0.006 0.010 0.010 0.010 0.046 0.000 0.000 0.002 0.001
0.003 0.000 0.010 0.005 0.001 0.002 0.001 0.000 0.000 0.004 0.006 0.002 0.017 0.012 0.042 0.009 0.008 0.225 0.110 0.001 0.002 0.004 0.006 0.002 0.004 0.000 0.010 0.000 0.005 0.010 0.000 0.000 0.000 0.001 0.003 0.002 0.000 0.000 0.002 0.003 0.010 0.000 0.004 0.002 0.010 0.000 0.000 0.000 0.001 0.001 0.005 0.003 0.001 0.001 0.001 0.003 0.010 0.046 0.000 0.097 0.000 0.001 0.002 0.010 0.002 0.003 0.003 0.003 0.001 0.002 0.010 0.006 0.000 0.000 0.039 0.000 0.000
0.000 0.010 0.005 0.002 0.010 0.001 0.000 0.000 0.001 0.002 0.001 0.001 0.001 0.000 0.001 0.001 0.001 0.188 0.397 0.122 0.203 0.016 0.004 0.001 0.000 0.010 0.010 0.001 0.001 0.001 0.004 0.000 0.000 0.001 0.002 0.003 0.002 0.000 0.000 0.000 0.000 0.010 0.001 0.010 0.010 0.000 0.000 0.000 0.000 0.001 0.000 0.005 0.010 0.000 0.003 0.003 0.003 0.002 0.010 0.173 0.000 0.023 0.003 0.002 0.001 0.001 0.002 0.003 0.000 0.000 0.001 0.002 0.000 0.010 0.000 0.010 0.002
0.000 0.003 0.003 0.003 0.001 0.000 0.000 0.000 0.000 0.000 0.001 0.002 0.001 0.000 0.000 0.033 0.004 0.272 0.118 0.290 0.373 0.000 0.567 0.010 0.002 0.003 0.003 0.000 0.001 0.001 0.010 0.000 0.003 0.002 0.003 0.000 0.010 0.003 0.001 0.000 0.001 0.005 0.000 0.010 0.000 0.001 0.000 0.001 0.001 0.001 0.001 0.010 0.010 0.002 0.010 0.000 0.006 0.000 0.010 0.002 0.001 0.006 0.002 0.001 0.000 0.010 0.001 0.001 0.000 0.000 0.000 0.001 0.010 0.010 0.010 0.000 0.001
0.010 0.006 0.006 0.010 0.000 0.001 0.001 0.000 0.000 0.009 0.002 0.000 0.001 0.000 0.000 0.001 0.043 0.133 0.266 0.079 0.441 0.032 0.039 0.129 0.705 0.000 0.275 0.005 0.001 0.000 0.010 0.010 0.004 0.010 0.001 0.000 0.010 0.010 0.001 0.010 0.000 0.010 0.010 0.010 0.010 0.001 0.000 0.000 0.005 0.000 0.000 0.010 0.018 0.000 0.012 0.005 0.076 0.008 0.001 0.001 0.002 0.000 0.003 0.002 0.000 0.000 0.001 0.010 0.002 0.000 0.000 0.001 0.000 0.003 0.004 0.002 0.005
0.000 0.009 0.006 0.006 0.001 0.001 0.002 0.001 0.000 0.002 0.010 0.004 0.001 0.000 0.001 0.002 0.264 0.380 0.397 0.360 0.059 0.002 0.002 0.001 0.010 0.010 0.010 0.010 0.000 0.003 0.004 0.000 0.002 0.003 0.001 0.010 0.010 0.010 0.000 0.000 0.003 0.001 0.001 0.000 0.002 0.000 0.000 0.001 0.001 0.001 0.000 0.000 0.001 0.000 0.014 0.002 0.000 0.000 0.000 0.001 0.002 0.001 0.002 0.001 0.001 0.001 0.010 0.016 0.010 0.010 0.010 0.000 0.010 0.000 0.001 0.010 0.010
0.002 0.001 0.000 0.001 0.000 0.002 0.002 0.001 0.001 0.000 0.023 0.000 0.001 0.001 0.002 0.006 0.389 0.152 0.343 0.006 0.003 0.001 0.010 0.001 0.002 0.002 0.002 0.163 0.002 0.010 0.000 0.034 0.007 0.003 0.003 0.010 0.010 0.002 0.001 0.000 0.010 0.002 0.005 0.001 0.001 0.000 0.002 0.001 0.000 0.000 0.000 0.016 0.000 0.000 0.006 0.015 0.001 0.000 0.000 0.000 0.000 0.003 0.001 0.003 0.002 0.001 0.002 0.017 0.010 0.010 0.003 0.000 0.010 0.003 0.014 0.026 0.000
0.006 0.005 0.002 0.000 0.004 0.000 0.000 0.001 0.001 0.001 0.027 0.001 0.001 0.000 0.001 0.002 0.253 0.427 0.001 0.002 0.002 0.002 0.002 0.001 0.003 0.001 0.002 0.000 0.000 0.001 0.003 0.010 0.000 0.010 0.026 0.003 0.002 0.010 0.004 0.005 0.001 0.002 0.002 0.003 0.001 0.021 0.000 0.000 0.001 0.010 0.000 0.015 0.000 0.002 0.004 0.533 0.000 0.001 0.003 0.000 0.000 0.003 0.001 0.001 0.001 0.001 0.002 0.001 0.003 0.010 0.010 0.000 0.000 0.001 0.002 0.004 0.000
0.004 0.010 0.000 0.000 0.001 0.001 0.000 0.002 0.001 0.001 0.000 0.000 0.001 0.010 0.006 0.002 0.085 0.001 0.013 0.006 0.010 0.010 0.010 0.001 0.003 0.002 0.002 0.010 0.006 0.010 0.002 0.006 0.010 0.010 0.000 0.002 0.003 0.003 0.003 0.063 0.010 0.012 0.001 0.001 0.010 0.000 0.001 0.001 0.000 0.000 0.006 0.000 0.000 0.004 0.000 0.002 0.000 0.001 0.002 0.001 0.003 0.001 0.002 0.000 0.001 0.002 0.008 0.001 0.001 0.001 0.002 0.002 0.001 0.003 0.002 0.000 0.000
0.003 0.006 0.010 0.002 0.001 0.000 0.002 0.001 0.000 0.002 0.010 0.001 0.006 0.000 0.004 0.002 0.189 0.006 0.010 0.001 0.006 0.010 0.010 0.004 0.002 0.002 0.001 0.002 0.002 0.002 0.005 0.005 0.005 0.001 0.010 0.006 0.000 0.003 0.003 0.010 0.005 0.001 0.001 0.001 0.010 0.011 0.001 0.000 0.001 0.000 0.000 0.000 0.001 0.004 0.157 0.000 0.000 0.010 0.001 0.000 0.001 0.001 0.000 0.001 0.001 0.000 0.002 0.002 0.057 0.001 0.002 0.001 0.002 0.002 0.002 0.000 0.002
0.004 0.002 0.004 0.006 0.000 0.001 0.001 0.001 0.000 0.004 0.006 0.000 0.010 0.010 0.003 0.001 0.010 0.001 0.001 0.001 0.003 0.003 0.002 0.004 0.002 0.002 0.006 0.003 0.000 0.002 0.002 0.003 0.001 0.010 0.000 0.003 0.000 0.005 0.000 0.002 0.001 0.000 0.001 0.010 0.001 0.001 0.000 0.028 0.000 0.000 0.000 0.000 0.004 0.000 0.002 0.001 0.004 0.010 0.010 0.000 0.006 0.002 0.001 0.001 0.001 0.001 0.001 0.001 0.000 0.005 0.058 0.002 0.003 0.003 0.002 0.001 0.000
0.006 0.004 0.001 0.001 0.003 0.002 0.000 0.000 0.002 0.001 0.001 0.001 0.002 0.002 0.002 0.001 0.003 0.003 0.006 0.010 0.010 0.006 0.002 0.010 0.006 0.002 0.003 0.003 0.000 0.003 0.002 0.005 0.002 0.010 0.000 0.001 0.001 0.001 0.001 0.631 0.000 0.002 0.006 0.000 0.001 0.000 0.000 0.000 0.000 0.000 0.000 0.001 0.006 0.004 0.000 0.000 0.001 0.001 0.000 0.003 0.002 0.000 0.000 0.001 0.001 0.000 0.000 0.000 0.000 0.000 0.000 0.003 0.010 0.001 0.003 0.001 0.002
0.000 0.010 0.000 0.002 0.001 0.002 0.002 0.002 0.003 0.052 0.000 0.000 0.000 0.002 0.002 0.005 0.001 0.002 0.010 0.010 0.010 0.010 0.006 0.001 0.002 0.002 0.002 0.000 0.000 0.010 0.002 0.003 0.002 0.000 0.010 0.003 0.010 0.001 0.000 0.111 0.022 0.023 0.000 0.010 0.000 0.000 0.000 0.000 0.000 0.000 0.000 0.006 0.003 0.001 0.000 0.002 0.001 0.000 0.001 0.002 0.001 0.001 0.003 0.001 0.002 0.001 0.006 0.002 0.000 0.000 0.001 0.003 0.002 0.010 0.002 0.001 0.002
0.000 0.002 0.000 0.000 0.001 0.001 0.004 0.001 0.002 0.004 0.004 0.010 0.004 0.008 0.002 0.003 0.002 0.002 0.002 0.001 0.010 0.010 0.006 0.001 0.001 0.006 0.003 0.002 0.002 0.004 0.005 0.001 0.010 0.000 0.002 0.000 0.000 0.036 0.019 0.161 0.010 0.019 0.001 0.006 0.004 0.006 0.001 0.000 0.000 0.000 0.002 0.004 0.001 0.000 0.001 0.002 0.000 0.000 0.001 0.000 0.000 0.001 0.002 0.000 0.001 0.001 0.010 0.006 0.003 0.002 0.001 0.002 0.000 0.000 0.000 0.044 0.001
0.001 0.002 0.000 0.000 0.002 0.001 0.001 0.000 0.002 0.001 0.004 0.002 0.005 0.001 0.000 0.000 0.010 0.004 0.002 0.004 0.001 0.121 0.010 0.010 0.003 0.003 0.000 0.000 0.000 0.001 0.003 0.005 0.010 0.000 0.001 0.010 0.040 0.032 0.000 0.085 0.010 0.013 0.010 0.002 0.002 0.010 0.096 0.004 0.002 0.000 0.002 0.006 0.001 0.000 0.000 0.000 0.000 0.009 0.000 0.001 0.010 0.001 0.001 0.002 0.000 0.000 0.000 0.006 0.000 0.001 0.001 0.006 0.001 0.000 0.000 0.000 0.000
0.002 0.003 0.000 0.000 0.006 0.002 0.001 0.002 0.001 0.000 0.000 0.003 0.006 0.003 0.002 0.006 0.006 0.010 0.187 0.010 0.006 0.010 0.001 0.003 0.006 0.004 0.001 0.002 0.000 0.003 0.001 0.001 0.001 0.000 0.001 0.088 0.069 0.001 0.004 0.001 0.010 0.014 0.032 0.004 0.003 0.004 0.002 0.004 0.000 0.001 0.000 0.000 0.000 0.000 0.010 0.000 0.000 0.000 0.000 0.000 0.001 0.010 0.001 0.000 0.002 0.000 0.007 0.000 0.006 0.002 0.003 0.000 0.000 0.001 0.002 0.001 0.001
0.000 0.003 0.002 0.001 0.000 0.006 0.002 0.003 0.000 0.002 0.006 0.002 0.003 0.003 0.003 0.002 0.001 0.006 0.010 0.168 0.010 0.003 0.001 0.002 0.000 0.002 0.000 0.000 0.003 0.002 0.001 0.001 0.001 0.002 0.001 0.080 0.067 0.002 0.000 0.004 0.215 0.098 0.194 0.044 0.010 0.006 0.006 0.001 0.001 0.002 0.055 0.003 0.006 0.000 0.002 0.001 0.000 0.001 0.000 0.002 0.001 0.000 0.095 0.010 0.010 0.010 0.004 0.000 0.001 0.002 0.006 0.000 0.000 0.001 0.001 0.000 0.000
0.001 0.003 0.002 0.003 0.005 0.002 0.001 0.002 0.003 0.001 0.001 0.002 0.002 0.002 0.000 0.010 0.003 0.002 0.001 0.006 0.002 0.107 0.010 0.001 0.000 0.001 0.000 0.000 0.001 0.005 0.003 0.005 0.005 0.002 0.001 0.002 0.000 0.002 0.002 0.001 0.004 0.000 0.004 0.185 0.141 0.114 0.151 0.004 0.003 0.000 0.010 0.010 0.006 0.001 0.002 0.000 0.000 0.000 0.001 0.001 0.000 0.002 0.000 0.004 0.002 0.010 0.010 0.003 0.001 0.003 0.000 0.000 0.000 0.000 0.001 0.001 0.001
0.003 0.000 0.002 0.001 0.002 0.002 0.002 0.001 0.000 0.002 0.002 0.001 0.000 0.000 0.002 0.006 0.010 0.075 0.002 0.002 0.002 0.003 0.008 0.002 0.018 0.001 0.000 0.002 0.001 0.005 0.001 0.001 0.000 0.002 0.001 0.001 0.001 0.002 0.005 0.000 0.000 0.193 0.199 0.089 0.190 0.086 0.006 0.002 0.010 0.010 0.001 0.002 0.002 0.689 0.190 0.002 0.006 0.000 0.000 0.002 0.002 0.001 0.002 0.000 0.000 0.001 0.002 0.001 0.002 0.001 0.000 0.001 0.000 0.001 0.000 0.000 0.002
0.000 0.001 0.002 0.002 0.002 0.000 0.001 0.002 0.002 0.001 0.002 0.001 0.006 0.002 0.004 0.010 0.010 0.010 0.010 0.010 0.001 0.001 0.001 0.002 0.010 0.156 0.002 0.000 0.010 0.002 0.002 0.003 0.010 0.002 0.000 0.000 0.002 0.000 0.001 0.003 0.000 0.102 0.106 0.089 0.003 0.003 0.006 0.006 0.017 0.006 0.010 0.002 0.003 0.006 0.002 0.010 0.486 0.010 0.004 0.002 0.004 0.002 0.001 0.000 0.000 0.000 0.002 0.002 0.000 0.000 0.001 0.001 0.000 0.002 0.000 0.001 0.001
0.003 0.001 0.000 0.031 0.001 0.001 0.003 0.001 0.010 0.002 0.002 0.001 0.000 0.006 0.010 0.010 0.010 0.010 0.010 0.002 0.002 0.001 0.001 0.003 0.002 0.010 0.010 0.002 0.005 0.001 0.002 0.005 0.005 0.001 0.005 0.002 0.001 0.000 0.001 0.001 0.009 0.000 0.000 0.004 0.003 0.001 0.006 0.000 0.003 0.001 0.001 0.002 0.010 0.004 0.001 0.001 0.004 0.886 0.733 0.002 0.002 0.002 0.001 0.001 0.000 0.000 0.002 0.001 0.010 0.009 0.000 0.000 0.000 0.000 0.000 0.000 0.001
0.000 0.000 0.029 0.061 0.002 0.001 0.002 0.003 0.002 0.002 0.000 0.004 0.003 0.001 0.001 0.000 0.001 0.010 0.010 0.002 0.058 0.001 0.010 0.003 0.002 0.001 0.003 0.002 0.003 0.005 0.002 0.000 0.001 0.000 0.000 0.001 0.001 0.006 0.000 0.010 0.001 0.001 0.001 0.000 0.000 0.003 0.004 0.011 0.002 0.004 0.010 0.048 0.006 0.003 0.010 0.010 0.001 0.001 0.002 0.000 0.794 0.087 0.001 0.000 0.000 0.001 0.002 0.000 0.004 0.002 0.000 0.000 0.117 0.002 0.001 0.001 0.002
0.001 0.000 0.006 0.010 0.099 0.006 0.001 0.003 0.002 0.001 0.003 0.000 0.001 0.000 0.002 0.133 0.000 0.001 0.002 0.001 0.001 0.001 0.000 0.001 0.000 0.002 0.012 0.005 0.002 0.003 0.003 0.005 0.000 0.001 0.001 0.001 0.003 0.001 0.004 0.001 0.002 0.000 0.003 0.001 0.003 0.003 0.730 0.006 0.003 0.003 0.003 0.006 0.006 0.001 0.001 0.003 0.001 0.002 0.001 0.002 0.006 0.173 0.625 0.002 0.002 0.002 0.000 0.000 0.000 0.000 0.000 0.071 0.171 0.268 0.195 0.021 0.002
0.010 0.000 0.000 0.001 0.001 0.001 0.001 0.003 0.002 0.002 0.002 0.002 0.002 0.000 0.000 0.000 0.003 0.000 0.001 0.000 0.002 0.002 0.001 0.000 0.000 0.010 0.000 0.005 0.003 0.002 0.001 0.010 0.001 0.001 0.001 0.002 0.002 0.001 0.001 0.001 0.001 0.001 0.000 0.001 0.002 0.000 0.051 0.010 0.010 0.006 0.002 0.003 0.002 0.010 0.004 0.001 0.001 0.001 0.004 0.001 0.010 0.000 0.010 0.681 0.010 0.002 0.002 0.000 0.000 0.000 0.000 0.148 0.187 0.174 0.036 0.018 0.006
0.002 0.002 0.000 0.000 0.000 0.002 0.001 0.004 0.001 0.002 0.003 0.002 0.000 0.000 0.003 0.000 0.001 0.002 0.001 0.000 0.002 0.003 0.005 0.001 0.000 0.000 0.001 0.005 0.003 0.002 0.001 0.002 0.000 0.000 0.000 0.002 0.002 0.001 0.003 0.010 0.002 0.010 0.001 0.004 0.004 0.010 0.019 0.029 0.010 0.006 0.010 0.006 0.001 0.001 0.001 0.001 0.004 0.002 0.006 0.006 0.004 0.000 0.000 0.010 0.001 0.000 0.005 0.002 0.053 0.000 0.078 0.211 0.223 0.204 0.001 0.004 0.016
0.006 0.001 0.002 0.001 0.002 0.001 0.006 0.003 0.000 0.001 0.003 0.005 0.003 0.006 0.000 0.002 0.010 0.001 0.002 0.002 0.001 0.001 0.002 0.000 0.003 0.001 0.001 0.005 0.003 0.000 0.000 0.001 0.002 0.001 0.000 0.000 0.000 0.002 0.010 0.001 0.002 0.000 0.003 0.003 0.048 0.000 0.010 0.010 0.004 0.010 0.004 0.010 0.010 0.006 0.001 0.010 0.004 0.009 0.010 0.010 0.010 0.002 0.001 0.010 0.010 0.081 0.010 0.000 0.344 0.049 0.068 0.175 0.325 0.020 0.001 0.001 0.002
0.001 0.001 0.001 0.001 0.001 0.003 0.003 0.002 0.002 0.001 0.001 0.002 0.001 0.003 0.006 0.001 0.001 0.000 0.000 0.002 0.004 0.000 0.000 0.001 0.001 0.001 0.005 0.001 0.003 0.000 0.000 0.000 0.000 0.002 0.002 0.001 0.001 0.001 0.002 0.003 0.002 0.002 0.002 0.000 0.000 0.000 0.000 0.010 0.000 0.010 0.010 0.002 0.014 0.006 0.001 0.010 0.002 0.000 0.010 0.000 0.010 0.010 0.002 0.001 0.188 0.145 0.144 0.208 0.010 0.000 1.195 0.286 0.117 0.000 0.002 0.002 0.003
0.006 0.002 0.001 0.002 0.001 0.002 0.002 0.000 0.000 0.002 0.001 0.002 0.000 0.001 0.001 0.001 0.004 0.010 0.037 0.001 0.002 0.010 0.057 0.000 0.003 0.002 0.003 0.001 0.000 0.000 0.000 0.001 0.000 0.001 0.001 0.001 0.004 0.002 0.001 0.003 0.002 0.003 0.006 0.956 0.000 0.000 0.000 0.049 0.000 0.000 0.010 0.010 0.002 0.002 0.001 0.006 0.002 0.010 0.018 0.010 0.010 0.000 0.001 0.002 0.000 0.152 0.037 0.000 0.000 0.010 0.010 0.000 0.027 0.243 0.093 0.000 0.024
0.000 0.000 0.006 0.002 0.004 0.001 0.002 0.001 0.000 0.000 0.001 0.010 0.002 0.001 0.001 0.001 0.002 0.002 0.007 0.001 0.000 0.001 0.002 0.002 0.004 0.001 0.002 0.005 0.000 0.001 0.000 0.000 0.001 0.002 0.001 0.000 0.004 0.009 0.002 0.002 0.002 0.009 0.000 0.010 0.231 0.000 0.000 0.000 0.000 0.000 0.000 0.010 0.003 0.003 0.006 0.002 0.003 0.003 0.006 0.002 0.002 0.002 0.001 0.000 0.002 0.004 0.123 0.000 0.010 0.113 0.010 0.001 0.006 0.000 0.197 0.318 0.044
0.010 0.004 0.002 0.002 0.003 0.003 0.000 0.001 0.002 0.001 0.000 0.000 0.001 0.002 0.001 0.001 0.001 0.001 0.010 0.006 0.001 0.000 0.001 0.002 0.001 0.003 0.001 0.001 0.000 0.000 0.001 0.000 0.000 0.001 0.001 0.001 0.002 0.003 0.006 0.005 0.010 0.010 0.665 0.010 0.000 0.000 0.141 0.034 0.000 0.000 0.000 0.010 0.002 0.010 0.010 0.010 0.003 0.015 0.001 0.001 0.002 0.004 0.001 0.000 0.000 0.001 0.001 0.001 0.009 0.000 0.002 0.004 0.000 0.000 0.001 0.000 0.115
0.002 0.002 0.002 0.001 0.004 0.000 0.000 0.001 0.001 0.001 0.000 0.001 0.000 0.000 0.000 0.001 0.001 0.001 0.010 0.010 0.006 0.004 0.001 0.002 0.001 0.004 0.001 0.005 0.000 0.000 0.000 0.000 0.000 0.001 0.001 0.000 0.002 0.006 0.006 0.002 0.006 0.000 0.004 0.003 0.004 0.010 0.022 0.010 0.000 0.000 0.010 0.003 0.010 0.010 0.010 0.010 0.010 0.010 0.006 0.002 0.001 0.002 0.000 0.000 0.006 0.010 0.000 0.000 0.000 0.002 0.000 0.000 0.010 0.001 0.001 0.001 0.002
