hx_30m/njhx/rain/result-0040.wd
ncols         211
nrows         286
xllcorner     660279.582600
yllcorner     3541874.325092
cellsize      30.000000
NODATA_value  -9999.000000
[rows 204 to 237 of 286, columns 0 to 76 of 211]
0.000 0.000 0.000 0.000 0.000 0.000 0.000 0.000 0.000 0.000 0.000 0.000 0.000 0.000 0.000 0.010 0.208 0.010 0.000 0.002 0.005 0.003 0.004 0.007 0.010 0.010 0.010 0.027 0.002 0.010 0.010 0.107 0.000 0.005 0.007 0.004 0.005 0.005 0.010 0.010 0.133 0.000 0.010 0.506 0.005 0.010 0.003 0.004 0.003 0.010 0.000 0.004 0.000 0.003 0.006 0.004 0.006 0.004 0.000 0.000 0.002 0.002 0.001 0.001 0.000 0.001 0.001 0.001 0.000 0.048 0.007 0.003 0.010 0.010 0.010 0.010 0.000
0.000 0.000 0.000 0.000 0.000 0.000 0.000 0.000 0.000 0.000 0.000 0.000 0.000 0.000 0.118 0.010 0.010 0.003 0.001 0.004 0.003 0.010 0.005 0.010 0.007 0.007 0.010 0.010 0.001 0.007 0.010 0.062 0.000 0.010 0.010 0.006 0.007 0.009 0.010 0.007 0.003 0.000 0.010 0.010 0.010 0.010 0.010 0.003 0.004 0.003 0.007 0.010 0.004 0.004 0.009 0.003 0.002 0.002 0.000 0.001 0.000 0.000 0.000 0.001 0.009 0.003 0.007 0.000 0.003 0.019 0.000 0.007 0.009 0.007 0.000 0.323 0.030
0.000 0.000 0.000 0.000 0.000 0.000 0.000 0.000 0.000 0.000 0.000 0.000 0.000 0.000 0.010 0.127 0.004 0.004 0.005 0.004 0.010 0.010 0.004 0.010 0.006 0.085 0.010 0.005 0.010 0.006 0.010 0.010 0.000 0.007 0.010 0.009 0.004 0.007 0.010 0.004 0.000 0.070 0.010 0.010 0.010 0.010 0.010 0.007 0.007 0.002 0.002 0.003 0.002 0.003 0.003 0.003 0.002 0.002 0.001 0.000 0.000 0.001 0.001 0.002 0.010 0.010 0.010 0.010 0.007 0.028 0.010 0.010 0.010 0.000 0.360 0.261 0.404
0.000 0.000 0.000 0.000 0.000 0.000 0.000 0.000 0.000 0.000 0.000 0.000 0.000 0.000 0.010 0.010 0.006 0.010 0.004 0.003 0.010 0.006 0.010 0.005 0.009 0.003 0.003 0.006 0.006 0.003 0.003 0.007 0.010 0.010 0.010 0.010 0.007 0.006 0.002 0.004 0.010 0.088 0.010 0.010 0.010 0.010 0.010 0.005 0.001 0.000 0.002 0.002 0.003 0.005 0.003 0.002 0.009 0.000 0.000 0.000 0.000 0.001 0.000 0.001 0.010 0.010 0.010 0.010 0.003 0.013 0.010 0.000 0.041 0.009 0.155 0.000 0.007
0.000 0.000 0.000 0.000 0.000 0.000 0.000 0.000 0.000 0.000 0.000 0.000 0.000 0.000 0.010 0.010 0.004 0.006 0.006 0.064 0.020 0.007 0.010 0.007 0.010 0.006 0.006 0.004 0.010 0.006 0.007 0.000 0.006 0.010 0.007 0.002 0.002 0.005 0.006 0.010 0.010 0.071 0.010 0.010 0.010 0.010 0.007 0.003 0.000 0.010 0.002 0.003 0.010 0.000 0.001 0.002 0.003 0.001 0.007 0.001 0.001 0.002 0.002 0.010 0.007 0.010 0.010 0.005 0.003 0.019 0.000 0.010 0.010 0.007 0.000 0.003 0.000
0.000 0.000 0.000 0.000 0.000 0.000 0.000 0.000 0.000 0.000 0.000 0.000 0.000 0.010 0.007 0.004 0.010 0.010 0.010 0.006 0.010 0.010 0.007 0.007 0.002 0.010 0.007 0.010 0.004 0.011 0.056 0.000 0.009 0.010 0.006 0.002 0.000 0.001 0.006 0.010 0.010 0.010 0.010 0.010 0.010 0.010 0.005 0.003 0.005 0.003 0.000 0.100 0.012 0.000 0.000 0.001 0.007 0.010 0.121 0.212 0.001 0.001 0.001 0.010 0.010 0.010 0.062 0.000 0.000 0.330 0.216 0.054 0.003 0.005 0.000 0.003 0.003
0.000 0.000 0.000 0.000 0.000 0.000 0.000 0.000 0.000 0.000 0.000 0.000 0.169 0.010 0.007 0.006 0.075 0.010 0.010 0.005 0.010 0.010 0.007 0.006 0.005 0.010 0.010 0.005 0.000 0.010 0.000 0.073 0.010 0.007 0.007 0.001 0.000 0.001 0.002 0.010 0.005 0.010 0.010 0.010 0.010 0.010 0.002 0.002 0.007 0.004 0.002 0.010 0.000 0.000 0.000 0.038 0.000 0.004 0.003 0.071 0.291 0.163 0.020 0.002 0.010 0.079 0.014 0.010 0.010 0.186 0.124 0.005 0.002 0.000 0.002 0.001 0.002
0.000 0.000 0.000 0.000 0.000 0.000 0.000 0.000 0.000 0.000 0.000 0.000 0.010 0.010 0.004 0.026 0.010 0.010 0.003 0.010 0.010 0.010 0.010 0.010 0.004 0.010 0.002 0.006 0.000 0.000 0.000 0.006 0.010 0.006 0.003 0.000 0.001 0.001 0.001 0.005 0.043 0.007 0.010 0.010 0.010 0.005 0.004 0.005 0.010 0.004 0.000 0.003 0.000 0.000 0.001 0.010 0.000 0.000 0.000 0.003 0.032 0.002 0.107 0.022 0.265 0.010 0.000 0.010 0.010 0.252 0.007 0.005 0.003 0.003 0.004 0.002 0.010
0.000 0.000 0.000 0.000 0.000 0.000 0.000 0.000 0.000 0.000 0.000 0.000 0.010 0.010 0.004 0.010 0.010 0.051 0.006 0.006 0.010 0.010 0.010 0.009 0.004 0.010 0.003 0.007 0.000 0.000 0.000 0.009 0.010 0.009 0.006 0.002 0.001 0.010 0.004 0.002 0.000 0.002 0.002 0.009 0.007 0.008 0.002 0.010 0.010 0.010 0.006 0.001 0.000 0.000 0.001 0.003 0.002 0.002 0.005 0.005 0.003 0.000 0.002 0.150 0.010 0.010 0.010 0.044 0.004 0.000 0.007 0.002 0.005 0.001 0.002 0.001 0.000
0.000 0.000 0.000 0.000 0.000 0.000 0.000 0.000 0.000 0.000 0.000 0.000 0.054 0.004 0.010 0.010 0.415 0.141 0.006 0.010 0.010 0.010 0.007 0.010 0.003 0.010 0.004 0.006 0.000 0.010 0.000 0.007 0.006 0.010 0.003 0.001 0.001 0.002 0.000 0.000 0.002 0.000 0.000 0.000 0.003 0.009 0.000 0.002 0.006 0.004 0.000 0.002 0.002 0.001 0.009 0.006 0.002 0.003 0.002 0.001 0.002 0.006 0.000 0.558 0.010 0.010 0.010 0.010 0.010 0.072 0.070 0.000 0.000 0.007 0.003 0.000 0.000
0.000 0.000 0.000 0.000 0.000 0.000 0.000 0.000 0.000 0.000 0.000 0.010 0.003 0.003 0.010 0.010 0.010 0.010 0.005 0.010 0.010 0.006 0.007 0.005 0.092 0.010 0.007 0.003 0.010 0.972 0.238 0.010 0.113 0.010 0.001 0.006 0.004 0.008 0.003 0.000 0.003 0.002 0.011 0.002 0.002 0.002 0.003 0.001 0.006 0.002 0.003 0.000 0.003 0.015 0.001 0.000 0.002 0.002 0.003 0.007 0.007 0.000 0.041 0.010 0.010 0.010 0.015 0.000 0.010 0.096 0.342 0.117 0.010 0.000 0.000 0.000 0.010
0.000 0.000 0.000 0.000 0.000 0.000 0.000 0.000 0.000 0.000 0.000 0.069 0.010 0.003 0.013 0.010 0.010 0.004 0.010 0.010 0.010 0.006 0.003 0.007 0.010 0.010 0.064 0.010 0.010 0.000 0.006 0.010 0.009 0.006 0.002 0.001 0.005 0.003 0.007 0.002 0.007 0.000 0.000 0.002 0.003 0.002 0.003 0.002 0.003 0.002 0.005 0.000 0.007 0.005 0.004 0.010 0.010 0.010 0.007 0.000 0.164 0.010 0.010 0.069 0.000 0.007 0.034 0.005 0.004 0.000 0.005 0.004 0.030 0.002 0.004 0.010 0.010
0.000 0.000 0.000 0.000 0.000 0.000 0.000 0.000 0.000 0.000 0.272 0.010 0.010 0.010 0.010 0.010 0.010 0.004 0.010 0.010 0.010 0.006 0.001 0.004 0.010 0.010 0.010 0.010 0.003 0.000 0.088 0.010 0.006 0.003 0.001 0.004 0.002 0.002 0.000 0.002 0.007 0.075 0.010 0.003 0.002 0.000 0.000 0.002 0.004 0.002 0.075 0.003 0.007 0.005 0.001 0.003 0.005 0.005 0.000 0.057 0.010 0.010 0.000 0.000 0.006 0.029 0.000 0.000 0.002 0.004 0.005 0.003 0.007 0.002 0.002 0.003 0.005
0.000 0.000 0.000 0.000 0.000 0.000 0.000 0.000 0.000 0.000 0.015 0.010 0.010 0.010 0.010 0.010 0.010 0.003 0.010 0.010 0.010 0.010 0.004 0.003 0.010 0.010 0.004 0.002 0.000 0.299 0.075 0.007 0.007 0.000 0.000 0.002 0.104 0.010 0.010 0.003 0.001 0.003 0.001 0.002 0.003 0.003 0.010 0.010 0.001 0.003 0.000 0.002 0.005 0.001 0.005 0.007 0.000 0.128 0.010 0.073 0.010 0.000 0.000 0.010 0.007 0.005 0.005 0.005 0.005 0.005 0.003 0.003 0.005 0.002 0.000 0.004 0.020
0.000 0.000 0.000 0.000 0.000 0.000 0.000 0.000 0.000 0.000 0.010 0.010 0.010 0.010 0.010 0.010 0.010 0.007 0.010 0.041 0.000 0.010 0.095 0.010 0.004 0.006 0.001 0.000 0.087 0.004 0.010 0.006 0.010 0.003 0.003 0.009 0.010 0.010 0.096 0.007 0.005 0.001 0.001 0.005 0.005 0.003 0.007 0.005 0.004 0.006 0.001 0.001 0.004 0.005 0.010 0.000 0.007 0.010 0.000 0.010 0.010 0.000 0.010 0.007 0.003 0.004 0.000 0.001 0.000 0.003 0.005 0.005 0.002 0.002 0.004 0.010 0.092
0.000 0.000 0.000 0.000 0.000 0.000 0.000 0.000 0.000 0.000 0.000 0.010 0.099 0.025 0.010 0.010 0.010 0.010 0.041 0.000 0.000 0.000 0.010 0.071 0.000 0.000 0.218 0.005 0.006 0.007 0.010 0.010 0.010 0.000 0.000 0.006 0.005 0.000 0.003 0.003 0.005 0.001 0.003 0.002 0.005 0.010 0.007 0.005 0.003 0.002 0.002 0.001 0.002 0.000 0.103 0.003 0.002 0.001 0.002 0.000 0.010 0.010 0.010 0.007 0.005 0.004 0.005 0.002 0.006 0.011 0.005 0.007 0.005 0.000 0.000 0.010 0.034
0.000 0.000 0.000 0.000 0.000 0.000 0.000 0.000 0.000 0.000 0.000 0.000 0.000 0.000 0.202 0.010 0.010 0.010 0.000 0.000 0.000 0.000 0.000 0.010 0.000 0.010 0.007 0.005 0.010 0.003 0.010 0.006 0.010 0.000 0.009 0.010 0.000 0.005 0.003 0.002 0.000 0.001 0.005 0.003 0.005 0.010 0.010 0.003 0.003 0.002 0.001 0.002 0.000 0.014 0.010 0.002 0.010 0.000 0.001 0.001 0.004 0.005 0.005 0.004 0.010 0.002 0.003 0.005 0.004 0.003 0.007 0.000 0.002 0.000 0.003 0.292 0.000
0.000 0.000 0.000 0.000 0.000 0.000 0.000 0.000 0.000 0.000 0.000 0.000 0.010 0.010 0.010 0.010 0.010 0.010 0.000 0.000 0.000 0.000 0.000 0.000 0.000 0.226 0.004 0.005 0.004 0.005 0.010 0.005 0.010 0.004 0.004 0.002 0.000 0.010 0.003 0.001 0.001 0.001 0.001 0.000 0.003 0.007 0.004 0.007 0.003 0.001 0.000 0.010 0.010 0.008 0.000 0.000 0.004 0.000 0.007 0.000 0.000 0.001 0.004 0.004 0.003 0.000 0.002 0.004 0.000 0.000 0.003 0.005 0.005 0.005 0.002 0.298 0.003
0.000 0.000 0.000 0.000 0.000 0.000 0.000 0.000 0.000 0.000 0.000 0.000 0.000 0.000 0.000 0.010 0.010 0.010 0.010 0.000 0.000 0.000 0.032 0.000 0.000 0.000 0.000 0.062 0.010 0.004 0.010 0.004 0.010 0.004 0.004 0.010 0.004 0.006 0.000 0.000 0.001 0.003 0.003 0.007 0.003 0.001 0.005 0.001 0.003 0.000 0.003 0.006 0.005 0.002 0.003 0.007 0.003 0.002 0.000 0.000 0.001 0.000 0.001 0.002 0.001 0.005 0.005 0.000 0.002 0.003 0.001 0.005 0.003 0.005 0.003 0.002 0.002
0.000 0.000 0.000 0.000 0.000 0.000 0.000 0.000 0.000 0.000 0.000 0.000 0.000 0.000 0.000 0.000 0.010 0.010 0.010 0.010 0.010 0.100 0.000 0.000 0.000 0.000 0.000 0.000 0.000 0.091 0.010 0.149 0.019 0.002 0.005 0.010 0.003 0.004 0.002 0.005 0.002 0.002 0.000 0.003 0.000 0.000 0.010 0.000 0.144 0.010 0.001 0.002 0.002 0.003 0.007 0.005 0.010 0.010 0.002 0.002 0.001 0.007 0.002 0.010 0.000 0.000 0.003 0.008 0.002 0.002 0.004 0.007 0.000 0.003 0.005 0.003 0.000
0.000 0.000 0.000 0.000 0.000 0.000 0.000 0.000 0.000 0.000 0.000 0.000 0.000 0.000 0.000 0.000 0.000 0.010 0.010 0.126 0.000 0.000 0.000 0.043 0.000 0.120 0.010 0.010 0.069 0.000 0.000 0.000 0.000 0.000 0.000 0.005 0.003 0.010 0.010 0.003 0.005 0.003 0.007 0.010 0.010 0.010 0.000 0.069 0.010 0.010 0.001 0.002 0.001 0.003 0.007 0.010 0.010 0.004 0.002 0.004 0.004 0.010 0.003 0.004 0.002 0.009 0.005 0.003 0.003 0.001 0.010 0.003 0.000 0.005 0.003 0.000 0.000
0.000 0.000 0.000 0.000 0.000 0.000 0.000 0.000 0.000 0.000 0.000 0.000 0.000 0.000 0.000 0.000 0.000 0.000 0.000 0.207 0.000 0.000 0.000 0.010 0.000 0.010 0.010 0.000 0.000 0.000 0.000 0.078 0.010 0.010 0.038 0.000 0.010 0.003 0.004 0.003 0.005 0.010 0.005 0.007 0.010 0.479 0.010 0.010 0.010 0.005 0.003 0.002 0.006 0.007 0.002 0.001 0.003 0.005 0.003 0.003 0.010 0.010 0.007 0.005 0.005 0.000 0.000 0.003 0.003 0.000 0.000 0.003 0.001 0.003 0.005 0.000 0.003
0.000 0.000 0.000 0.000 0.000 0.000 0.000 0.000 0.000 0.000 0.000 0.000 0.000 0.000 0.000 0.000 0.000 0.000 0.000 0.000 0.027 0.000 0.000 0.000 0.000 0.010 0.000 0.000 0.000 0.000 0.000 0.000 0.000 0.000 0.000 0.010 0.075 0.000 0.000 0.010 0.010 0.003 0.005 0.003 0.000 0.010 0.003 0.003 0.003 0.002 0.007 0.010 0.000 0.005 0.002 0.003 0.005 0.002 0.003 0.002 0.002 0.099 0.010 0.004 0.005 0.010 0.010 0.007 0.004 0.002 0.001 0.003 0.002 0.002 0.007 0.002 0.002
0.000 0.000 0.000 0.000 0.000 0.000 0.000 0.000 0.000 0.000 0.000 0.000 0.000 0.000 0.000 0.000 0.000 0.000 0.000 0.000 0.000 0.026 0.000 0.000 0.031 0.000 0.000 0.000 0.000 0.000 0.000 0.000 0.000 0.000 0.000 0.000 0.000 0.010 0.010 0.147 0.000 0.000 0.000 0.010 0.000 0.003 0.003 0.005 0.010 0.007 0.140 0.013 0.007 0.007 0.010 0.000 0.000 0.000 0.000 0.000 0.060 0.191 0.010 0.002 0.002 0.000 0.007 0.006 0.003 0.001 0.001 0.003 0.002 0.003 0.001 0.001 0.002
0.000 0.000 0.000 0.000 0.000 0.000 0.000 0.000 0.000 0.000 0.000 0.000 0.000 0.000 0.000 0.000 0.000 0.000 0.000 0.000 0.000 0.000 0.000 0.031 0.000 0.000 0.000 0.000 0.000 0.000 0.000 0.000 0.000 0.000 0.000 0.000 0.000 0.000 0.000 0.010 0.059 0.010 0.010 0.104 0.000 0.000 0.000 0.020 0.003 0.002 0.005 0.090 0.217 0.197 0.098 0.003 0.010 0.003 0.000 0.003 0.003 0.007 0.001 0.001 0.002 0.004 0.005 0.005 0.002 0.000 0.068 0.010 0.007 0.007 0.002 0.007 0.000
0.000 0.000 0.000 0.000 0.000 0.000 0.000 0.000 0.000 0.000 0.000 0.000 0.000 0.000 0.000 0.000 0.000 0.000 0.000 0.000 0.000 0.000 0.000 0.000 0.000 0.000 0.000 0.000 0.000 0.000 0.000 0.000 0.000 0.000 0.000 0.000 0.000 0.000 0.000 0.000 0.000 0.000 0.000 0.000 0.000 0.000 0.000 0.105 0.000 0.000 0.260 0.060 0.149 0.005 0.007 0.010 0.005 0.002 0.003 0.002 0.005 0.139 0.000 0.000 0.000 0.001 0.004 0.007 0.004 0.000 0.002 0.007 0.010 0.181 0.114 0.010 0.010
0.000 0.000 0.000 0.000 0.000 0.000 0.000 0.000 0.000 0.000 0.000 0.000 0.000 0.000 0.000 0.000 0.000 0.000 0.000 0.000 0.000 0.000 0.000 0.000 0.000 0.000 0.000 0.000 0.000 0.000 0.000 0.000 0.000 0.000 0.000 0.000 0.000 0.000 0.000 0.000 0.000 0.000 0.000 0.000 0.000 0.000 0.000 0.000 0.000 0.037 0.000 0.000 0.010 0.005 0.003 0.006 0.004 0.010 0.007 0.003 0.003 0.003 0.016 0.005 0.005 0.000 0.000 0.002 0.000 0.004 0.017 0.010 0.005 0.000 0.002 0.002 0.001
0.000 0.000 0.000 0.000 0.000 0.000 0.000 0.000 0.000 0.000 0.000 0.000 0.000 0.000 0.000 0.000 0.000 0.000 0.000 0.000 0.000 0.000 0.000 0.000 0.000 0.000 0.000 0.000 0.000 0.000 0.000 0.000 0.000 0.000 0.000 0.000 0.000 0.000 0.000 0.000 0.000 0.000 0.000 0.000 0.000 0.000 0.000 0.000 0.000 0.000 0.000 0.036 0.000 0.000 0.000 0.010 0.010 0.002 0.007 0.005 0.007 0.010 0.005 0.003 0.002 0.005 0.005 0.010 0.000 0.007 0.000 0.003 0.002 0.007 0.001 0.000 0.001
0.000 0.000 0.000 0.000 0.000 0.000 0.000 0.000 0.000 0.000 0.000 0.000 0.000 0.000 0.000 0.000 0.000 0.000 0.000 0.000 0.000 0.000 0.000 0.000 0.000 0.000 0.000 0.000 0.000 0.000 0.000 0.000 0.000 0.000 0.000 0.000 0.000 0.000 0.000 0.000 0.000 0.000 0.000 0.000 0.000 0.000 0.000 0.000 0.000 0.000 0.000 0.000 0.000 0.000 0.010 0.010 0.000 0.000 0.000 0.000 0.015 0.003 0.003 0.004 0.010 0.007 0.002 0.004 0.007 0.005 0.005 0.054 0.000 0.000 0.002 0.002 0.000
0.000 0.000 0.000 0.000 0.000 0.000 0.000 0.000 0.000 0.000 0.000 0.000 0.000 0.000 0.000 0.000 0.000 0.000 0.000 0.000 0.000 0.000 0.000 0.000 0.000 0.000 0.000 0.000 0.000 0.000 0.000 0.000 0.000 0.000 0.000 0.000 0.000 0.000 0.000 0.000 0.000 0.000 0.000 0.000 0.000 0.000 0.000 0.000 0.000 0.000 0.000 0.000 0.000 0.000 0.000 0.000 0.000 0.000 0.000 0.035 0.000 0.000 0.000 0.000 0.005 0.004 0.003 0.007 0.005 0.004 0.009 0.007 0.005 0.007 0.000 0.005 0.004
0.000 0.000 0.000 0.000 0.000 0.000 0.000 0.000 0.000 0.000 0.000 0.000 0.000 0.000 0.000 0.000 0.000 0.000 0.000 0.000 0.000 0.000 0.000 0.000 0.000 0.000 0.000 0.000 0.000 0.000 0.000 0.000 0.000 0.000 0.000 0.000 0.000 0.000 0.000 0.000 0.000 0.000 0.000 0.000 0.000 0.000 0.000 0.000 0.000 0.000 0.000 0.000 0.000 0.000 0.000 0.000 0.000 0.000 0.000 0.000 0.000 0.000 0.010 0.061 0.000 0.000 0.000 0.004 0.004 0.004 0.005 0.007 0.008 0.004 0.007 0.004 0.000
0.000 0.000 0.000 0.000 0.000 0.000 0.000 0.000 0.000 0.000 0.000 0.000 0.000 0.000 0.000 0.000 0.000 0.000 0.000 0.000 0.000 0.000 0.000 0.000 0.000 0.000 0.000 0.000 0.000 0.000 0.000 0.000 0.000 0.000 0.000 0.000 0.000 0.000 0.000 0.000 0.000 0.000 0.000 0.000 0.000 0.000 0.000 0.000 0.000 0.000 0.000 0.000 0.000 0.000 0.000 0.000 0.000 0.000 0.000 0.000 0.000 0.000 0.000 0.000 0.000 0.010 0.064 0.000 0.000 0.077 0.007 0.002 0.010 0.007 0.002 0.007 0.007
0.000 0.000 0.000 0.000 0.000 0.000 0.000 0.000 0.000 0.000 0.000 0.000 0.000 0.000 0.000 0.000 0.000 0.000 0.000 0.000 0.000 0.000 0.000 0.000 0.000 0.000 0.000 0.000 0.000 0.000 0.000 0.000 0.000 0.000 0.000 0.000 0.000 0.000 0.000 0.000 0.000 0.000 0.000 0.000 0.000 0.000 0.000 0.000 0.000 0.000 0.000 0.000 0.000 0.000 0.000 0.000 0.000 0.000 0.000 0.000 0.000 0.000 0.000 0.000 0.000 0.000 0.000 0.000 0.000 0.000 0.000 0.000 0.005 0.002 0.010 0.004 0.005
0.000 0.000 0.000 0.000 0.000 0.000 0.000 0.000 0.000 0.000 0.000 0.000 0.000 0.000 0.000 0.000 0.000 0.000 0.000 0.000 0.000 0.000 0.000 0.000 0.000 0.000 0.000 0.000 0.000 0.000 0.000 0.000 0.000 0.000 0.000 0.000 0.000 0.000 0.000 0.000 0.000 0.000 0.000 0.000 0.000 0.000 0.000 0.000 0.000 0.000 0.000 0.000 0.000 0.000 0.000 0.000 0.000 0.000 0.000 0.000 0.000 0.000 0.000 0.000 0.000 0.000 0.000 0.000 0.000 0.000 0.000 0.000 0.000 0.000 0.004 0.004 0.007
