hx_30m/njhx/rain/result.totaltm
ncols         211
nrows         286
xllcorner     660279.582600
yllcorner     3541874.325092
cellsize      30.000000
NODATA_value  -9999.000000
[rows 204 to 237 of 286, columns 77 to 153 of 211]
0.153 0.039 0.257 0.355 12.770 0.699 0.202 0.000 0.000 0.000 0.233 0.135 12.651 13.695 0.249 0.000 0.227 0.036 0.527 2.038 0.239 0.250 2.180 0.000 0.000 0.349 0.493 12.755 13.744 1.121 0.023 0.000 0.240 0.165 1.314 0.003 0.019 4.979 0.004 0.043 0.050 0.003 0.003 0.004 0.002 0.002 0.000 0.000 0.613 0.044 0.000 0.000 0.000 0.000 0.108 0.000 0.085 0.000 6.745 0.213 0.053 0.471 1.819 0.000 0.309 1.988 0.330 0.541 4.020 0.089 0.277 0.229 0.110 0.201 13.860 0.000 0.000
10.732 0.076 0.019 0.058 3.241 0.210 0.000 0.115 0.317 0.078 0.000 0.000 0.389 0.682 0.167 0.321 0.572 0.190 0.396 0.167 0.200 0.000 0.000 1.892 0.090 0.424 0.263 12.760 0.049 0.000 0.000 0.000 0.000 0.000 0.662 0.088 2.084 0.231 0.128 0.000 0.385 0.162 1.870 0.058 0.003 0.073 0.002 0.000 0.000 0.000 0.137 0.034 1.994 0.000 0.156 0.000 0.000 0.071 1.304 0.988 13.947 0.000 0.000 1.315 0.368 0.242 0.543 0.353 0.421 0.534 0.247 0.354 0.158 0.280 0.172 0.102 2.426
0.072 1.237 0.365 3.613 0.212 0.116 0.000 0.000 0.000 0.000 0.099 0.046 0.315 0.000 0.000 0.396 0.000 0.385 1.119 0.033 0.000 0.000 0.000 0.328 0.287 0.308 0.169 0.241 0.000 0.164 0.192 0.000 0.000 0.095 1.255 0.315 0.309 0.044 0.000 1.040 0.082 0.115 0.026 0.532 0.595 5.511 2.304 0.000 0.000 0.000 0.000 0.006 0.043 0.953 0.243 0.237 0.028 0.079 4.701 0.000 0.172 0.000 0.910 0.256 0.177 0.360 0.651 1.938 3.758 0.000 0.058 0.511 1.038 0.361 1.088 0.186 0.000
2.419 0.178 0.000 2.572 0.985 0.772 0.584 0.594 0.950 0.143 0.045 0.012 0.545 0.018 0.006 0.184 0.000 0.223 0.437 0.329 0.000 0.000 0.299 0.063 0.811 1.466 1.192 0.074 0.184 0.900 1.605 0.000 0.911 2.018 0.065 0.338 0.000 0.128 0.092 0.520 0.000 0.000 0.120 2.438 0.246 14.406 0.000 0.000 0.000 0.000 0.068 0.027 0.001 0.006 1.255 0.253 13.783 7.205 8.736 14.666 0.000 0.079 0.333 0.000 1.322 0.546 1.015 0.629 0.225 0.071 0.063 0.987 13.906 0.000 0.000 0.368 0.902
0.698 0.000 0.128 1.600 0.106 0.242 0.264 0.000 0.000 0.077 0.324 0.483 4.591 2.974 5.479 2.927 4.328 13.285 12.366 0.188 0.185 0.232 0.668 0.128 2.525 0.000 0.986 0.000 0.116 0.068 0.000 0.000 0.000 0.204 0.117 1.582 0.000 0.252 0.088 0.677 0.795 0.000 3.670 0.299 0.184 0.000 0.000 0.000 0.000 0.000 0.474 0.434 0.010 0.005 0.002 0.008 0.052 9.278 0.000 14.659 0.000 0.097 0.376 0.034 0.165 0.297 0.266 0.492 1.915 0.018 0.092 0.885 0.000 0.000 13.813 0.000 0.000
0.000 0.168 1.038 0.050 0.035 0.431 0.000 0.000 0.913 0.406 0.952 0.182 0.033 0.000 0.192 0.077 1.360 13.307 14.473 12.627 12.563 3.752 0.712 0.201 0.000 0.566 0.435 0.621 1.313 0.137 1.999 0.000 0.000 0.050 0.150 1.438 0.418 0.108 0.000 0.000 0.000 0.081 0.800 0.045 0.325 0.000 0.000 0.000 0.000 0.000 0.000 3.919 0.728 0.000 0.097 0.021 0.007 0.004 1.751 15.150 0.000 13.823 0.281 0.379 0.605 1.431 0.222 0.205 0.000 0.000 1.839 0.552 0.000 0.824 0.000 0.380 0.488
0.000 0.083 2.318 0.020 0.101 0.586 0.000 0.000 0.000 0.000 0.172 0.257 0.286 0.000 0.000 13.711 0.324 13.301 12.519 12.660 12.849 0.000 15.178 0.648 0.406 0.602 0.056 0.000 0.101 0.125 1.116 0.000 0.328 0.217 0.457 0.000 0.401 0.227 0.621 0.013 0.068 0.050 0.871 0.020 0.000 0.246 0.095 0.199 0.177 0.049 0.000 0.345 1.325 0.391 1.356 0.000 0.033 0.000 0.008 0.007 0.033 0.653 0.099 0.241 0.000 0.928 1.130 0.172 0.000 0.000 0.000 1.981 0.538 0.521 0.448 0.000 0.463
0.731 0.477 0.833 0.190 0.021 0.396 0.161 0.000 0.000 3.956 0.486 0.000 0.277 0.000 0.000 0.000 4.993 12.726 12.680 7.899 13.460 12.210 12.855 12.816 13.774 0.000 14.744 0.079 0.197 0.000 1.267 0.911 3.166 0.194 0.252 0.000 0.331 0.189 0.601 0.523 0.000 0.314 0.757 0.236 0.271 0.259 0.017 0.000 0.873 0.000 0.000 0.998 7.803 0.000 6.207 1.785 15.005 0.197 0.860 0.003 0.003 0.001 0.064 0.209 0.000 0.000 0.042 1.043 0.121 0.000 0.000 3.319 0.000 3.129 0.232 0.409 0.408
0.000 4.483 0.231 0.344 1.034 0.331 0.322 0.563 0.000 0.533 1.376 0.324 0.796 0.000 0.239 0.183 12.025 12.702 12.666 12.661 6.390 0.328 0.385 0.065 0.332 0.316 5.666 1.693 0.000 0.675 1.355 0.000 2.975 0.058 1.348 0.191 0.200 0.111 0.480 0.000 0.134 0.069 0.534 0.000 0.061 0.073 0.192 0.024 0.242 0.106 0.000 0.000 0.190 0.000 6.385 0.116 0.000 0.000 0.000 0.165 0.648 0.035 0.002 0.002 0.041 0.109 0.338 7.347 5.493 3.572 0.271 0.000 1.355 0.000 0.200 6.865 1.724
0.254 0.732 0.000 1.034 0.000 0.400 1.046 0.269 1.009 0.000 9.006 0.000 0.126 0.449 1.137 0.119 12.404 9.379 12.472 0.278 0.373 0.219 1.422 0.110 0.205 0.073 0.040 14.712 0.212 0.306 0.000 12.236 2.330 1.536 0.300 0.272 0.379 0.279 0.029 0.000 0.106 0.242 0.539 0.226 0.163 0.000 0.249 0.329 0.000 0.000 0.000 7.177 0.000 0.000 0.181 13.317 0.085 0.000 0.000 0.000 0.000 0.538 0.585 0.145 0.007 0.003 0.082 7.326 3.399 3.262 0.176 0.000 0.632 0.381 6.509 8.537 0.000
0.270 0.647 0.195 0.317 0.432 0.000 0.000 0.181 0.123 0.224 13.700 0.216 0.088 0.000 0.050 0.055 11.893 12.378 0.115 0.464 0.351 0.085 0.026 0.015 0.562 0.094 0.152 0.000 0.000 0.293 0.114 4.475 0.000 8.246 10.064 0.082 0.187 0.257 3.349 0.060 0.152 2.650 0.266 0.201 0.368 8.503 0.000 0.000 0.860 0.458 0.000 7.472 0.000 0.780 0.068 15.078 0.000 0.086 2.977 0.000 0.000 0.247 0.016 0.112 0.174 0.002 0.002 0.017 0.076 0.804 0.391 0.000 0.000 0.247 1.702 0.167 0.000
3.124 0.175 0.000 0.152 0.383 0.362 0.000 1.131 0.081 0.138 0.000 0.000 0.403 0.118 0.020 0.208 7.139 0.108 5.302 0.054 0.823 0.286 0.042 0.024 0.047 0.058 0.127 0.857 0.415 0.377 0.053 2.031 0.519 7.574 0.000 0.256 0.365 0.071 0.033 13.784 0.277 13.785 0.193 0.262 1.986 0.000 1.248 0.006 0.000 0.000 1.074 0.000 0.000 0.318 0.000 0.051 0.000 0.048 0.388 0.002 0.612 0.007 0.153 0.000 0.255 0.070 4.931 0.004 0.002 0.004 0.095 0.220 1.178 0.406 0.354 0.000 0.000
2.391 0.045 0.243 0.247 0.937 0.000 0.219 0.099 0.000 0.146 4.580 0.258 0.026 0.000 0.196 0.301 8.655 0.129 0.308 0.435 0.163 0.250 0.692 0.753 0.173 0.147 0.148 2.132 0.226 0.242 0.082 0.415 2.146 0.208 0.077 3.454 0.000 0.467 0.713 0.042 0.097 0.398 0.095 0.018 5.747 5.703 1.561 0.000 0.670 0.000 0.000 0.000 0.015 0.243 15.227 0.000 0.000 0.707 0.576 0.000 0.714 0.016 0.000 0.000 0.000 0.000 0.049 0.132 12.444 0.008 0.006 0.047 0.141 1.783 0.077 0.000 0.339
2.298 0.418 0.470 0.084 0.000 0.068 0.929 0.129 0.000 0.357 0.565 0.000 0.256 0.054 0.128 0.205 0.094 0.030 0.002 0.366 0.159 0.145 0.123 0.515 0.397 0.313 0.449 0.020 0.000 0.637 0.687 0.296 0.232 0.154 0.000 0.063 0.000 2.684 0.000 0.256 0.432 0.000 0.158 0.360 0.347 0.149 0.000 14.546 0.000 0.000 0.000 0.008 0.301 0.000 0.056 0.091 0.094 0.031 0.041 0.000 0.204 1.206 0.024 0.316 0.000 0.000 0.045 0.019 0.000 0.511 15.042 0.065 0.004 0.075 0.388 1.415 0.000
0.269 0.416 0.563 0.945 2.067 0.156 0.000 0.000 0.759 0.328 0.384 0.287 0.321 0.158 0.594 0.256 2.116 0.038 0.022 0.237 0.093 0.028 0.004 0.022 0.035 0.337 2.279 0.455 0.000 0.084 0.491 0.051 1.692 0.322 0.000 0.043 0.048 0.039 0.027 15.021 0.000 0.608 0.888 0.000 0.031 0.000 0.000 1.415 0.000 3.102 0.000 0.113 0.035 2.570 0.000 0.026 0.065 0.123 0.000 0.071 0.769 0.000 0.126 0.070 0.074 0.000 0.000 0.000 0.000 0.000 0.000 3.479 0.804 0.012 0.005 0.004 0.864
0.000 0.315 0.000 0.210 0.177 1.760 0.448 0.376 0.592 12.693 0.000 0.000 0.000 0.225 0.177 2.368 0.022 0.051 0.088 0.054 0.256 0.455 0.028 1.106 0.167 0.140 0.285 0.000 0.000 0.288 0.091 0.204 0.362 0.000 0.162 2.629 0.706 0.091 0.000 14.902 14.523 14.851 0.000 0.122 0.000 0.000 0.000 0.000 0.000 0.087 0.000 0.043 2.048 0.000 0.000 3.272 0.096 0.000 0.372 0.096 0.000 0.000 0.384 0.000 0.237 0.119 0.178 1.241 0.000 0.000 0.209 0.716 0.901 0.189 1.396 0.005 0.002
0.000 0.298 0.000 0.000 0.043 0.180 0.529 1.326 0.675 0.521 0.667 0.306 0.110 3.664 0.488 0.136 0.352 0.034 2.035 0.401 0.315 0.240 3.104 0.118 0.084 2.806 0.274 0.379 0.110 2.190 0.186 0.574 0.764 0.000 0.449 0.000 0.000 12.519 12.238 14.859 13.556 14.590 0.017 4.145 0.703 0.067 0.017 0.000 0.000 0.000 0.018 3.353 0.000 0.855 1.862 3.098 0.000 0.000 0.055 0.000 0.000 0.152 0.130 0.000 0.194 0.000 1.357 1.341 3.315 0.432 0.051 0.487 0.000 0.000 0.000 13.922 0.140
0.443 0.536 0.000 0.810 0.420 0.080 0.361 0.000 0.582 0.467 0.629 0.207 2.658 0.468 0.000 0.000 0.129 0.087 0.075 0.596 0.352 13.694 0.101 0.143 0.296 0.393 0.000 0.000 0.000 0.992 0.072 2.850 0.257 0.000 0.067 0.291 12.705 12.292 0.000 12.988 3.196 14.084 13.022 0.022 0.017 0.173 14.299 0.043 0.246 0.000 0.020 0.719 0.787 0.976 0.000 0.000 0.000 5.470 0.000 0.719 0.133 0.086 0.115 0.304 0.000 0.000 0.000 3.498 0.000 1.213 0.187 0.283 0.000 0.000 0.000 0.000 0.000
1.626 0.379 0.000 0.000 0.406 0.082 0.363 0.199 0.148 0.000 0.000 1.990 0.226 0.792 0.576 0.472 0.460 0.839 13.713 0.187 0.056 0.297 0.319 0.293 0.501 2.873 2.024 2.236 0.000 0.175 0.146 0.196 0.035 0.000 0.064 12.584 12.485 0.345 0.581 0.017 0.220 14.059 14.237 0.079 0.229 3.720 0.019 3.151 0.000 0.024 0.000 0.000 0.000 0.000 0.670 0.000 0.000 0.000 0.000 0.000 1.690 0.337 0.067 0.000 0.096 0.000 4.851 0.000 0.585 0.694 0.974 0.000 0.000 0.008 0.011 0.081 0.061
0.000 0.483 0.255 0.191 0.000 0.573 0.481 1.451 0.000 0.201 0.756 0.232 0.528 0.280 0.358 0.665 0.972 0.648 0.042 13.702 0.233 0.096 0.171 0.217 0.000 0.778 0.000 0.000 2.479 0.051 0.106 0.247 0.485 0.088 0.091 12.227 12.181 0.200 0.000 0.056 14.513 14.172 14.570 12.649 0.057 0.076 0.281 0.025 0.024 0.013 13.824 0.047 0.077 0.000 3.205 0.112 0.000 0.000 0.000 0.744 0.024 0.000 15.002 0.121 2.014 3.882 3.452 0.000 0.236 0.847 0.616 0.000 0.000 0.000 0.028 0.000 0.000
0.787 0.162 0.089 0.160 2.542 0.120 0.267 0.205 1.434 0.073 0.446 0.242 0.170 0.437 0.000 0.147 0.467 2.340 0.207 0.042 0.087 13.678 0.186 0.202 0.000 0.322 0.000 0.000 0.035 0.117 0.573 0.285 0.129 0.149 0.145 0.173 0.000 0.331 0.341 0.073 0.189 0.000 0.125 13.813 12.842 12.620 13.768 0.197 0.188 0.000 0.088 0.300 4.172 0.071 0.044 0.000 0.000 0.000 0.070 0.023 0.000 0.973 0.000 1.219 0.953 0.932 3.126 0.117 1.460 0.839 0.000 0.000 0.075 0.000 0.058 0.092 0.117
0.293 0.000 0.265 0.496 0.479 0.102 0.202 0.311 0.000 0.212 1.867 0.201 0.000 0.000 0.262 0.343 0.584 13.721 1.281 0.491 0.202 0.264 3.113 0.256 12.675 0.665 0.000 0.920 0.085 0.203 1.348 0.029 0.000 1.193 0.240 0.007 0.291 0.031 2.274 0.000 0.000 12.881 13.314 12.128 13.813 12.520 0.382 0.020 0.165 5.753 0.267 0.033 0.008 14.926 10.686 0.078 0.119 0.000 0.001 0.067 0.654 0.093 0.325 0.000 0.000 0.000 0.151 0.204 0.272 0.338 0.000 0.584 1.257 1.619 0.000 0.000 0.013
0.000 0.332 0.208 0.109 0.491 0.000 1.024 0.420 0.137 0.292 0.679 0.170 0.185 0.057 0.316 0.038 0.198 0.392 0.041 0.098 0.222 0.097 0.166 0.291 0.247 12.776 0.379 1.149 0.238 0.206 0.284 0.297 0.607 0.683 0.000 0.000 0.069 0.162 0.027 0.944 0.000 12.310 12.489 12.436 0.233 0.296 0.133 0.080 7.197 0.307 0.339 0.142 0.117 0.183 0.025 0.278 10.950 2.866 0.105 0.028 0.140 0.275 0.127 0.000 0.000 0.000 0.110 0.153 0.000 0.299 0.000 0.000 0.000 1.802 0.000 0.233 0.102
1.570 0.183 0.000 7.806 0.040 0.059 0.194 1.111 0.185 0.468 0.230 0.061 0.000 0.442 0.281 0.199 0.080 0.778 0.163 0.121 0.377 0.065 0.958 0.443 0.519 0.071 0.183 0.586 0.064 0.185 0.148 0.429 0.265 0.951 0.610 0.099 0.622 0.000 0.000 0.116 4.743 0.000 0.000 0.465 0.445 0.189 0.067 0.000 0.847 0.934 1.330 0.427 0.594 0.403 0.176 0.094 0.034 15.213 14.508 0.192 0.090 0.128 0.030 0.000 0.000 0.000 0.233 0.192 3.426 2.152 0.000 0.000 0.000 0.000 0.832 0.962 1.369
0.000 0.066 7.104 12.381 0.445 0.074 0.247 0.174 0.554 0.511 0.000 2.069 0.057 0.497 0.601 0.000 0.926 0.238 0.026 0.284 13.684 0.128 0.279 0.527 1.452 0.205 0.108 0.616 0.082 2.544 0.038 0.000 0.125 0.000 0.000 0.134 0.204 0.138 0.681 0.118 0.020 0.028 0.205 0.000 0.000 0.051 0.080 5.795 0.118 0.372 2.013 13.802 1.594 0.968 0.679 0.397 0.273 0.043 0.100 0.000 14.958 13.212 0.011 0.000 0.000 0.045 0.177 0.000 0.308 1.313 0.000 0.000 11.727 0.067 0.160 0.000 0.337
0.603 0.000 0.034 4.038 13.782 3.686 0.042 0.166 0.542 0.150 0.143 0.000 0.258 0.000 0.536 13.715 0.000 1.205 0.127 0.195 0.048 0.727 0.000 0.243 0.000 0.329 4.890 0.308 0.287 0.424 0.230 0.169 0.257 0.089 0.033 0.900 0.163 0.007 2.123 0.040 0.101 0.000 0.038 0.289 1.058 0.040 14.633 0.103 0.300 0.500 0.636 0.491 1.059 0.481 0.222 0.212 0.001 0.132 0.205 0.057 0.111 13.133 13.972 5.199 0.049 0.099 0.000 0.000 0.000 0.561 0.000 8.888 12.793 13.805 12.825 3.674 0.383
0.845 0.000 0.000 0.018 0.011 0.057 0.129 2.184 0.474 0.077 0.204 0.014 1.066 0.000 0.000 0.000 0.550 0.000 0.262 0.000 0.320 0.251 0.185 0.000 0.000 0.399 0.624 0.182 0.224 0.370 0.104 0.205 0.009 0.295 0.092 0.195 0.243 0.018 0.380 0.027 0.018 0.149 0.000 0.018 0.314 0.000 12.490 0.339 0.241 0.703 0.348 0.376 0.550 0.724 0.339 0.141 0.089 0.238 0.112 1.668 0.187 0.000 0.091 15.226 0.543 0.148 0.031 0.000 0.000 0.514 0.000 12.127 12.969 12.778 6.274 3.964 1.093
0.404 0.525 0.000 0.000 0.000 0.055 0.366 0.881 0.425 1.455 0.254 0.123 0.000 0.000 1.046 0.000 0.265 0.467 0.328 0.000 1.577 0.136 0.068 0.831 0.000 0.000 0.212 0.063 1.049 0.488 0.365 0.242 0.000 0.000 0.000 1.069 0.019 0.303 0.685 0.700 0.183 0.939 0.190 0.516 0.048 1.217 11.514 13.496 0.862 0.449 0.478 0.580 0.303 0.009 0.187 0.273 0.552 0.457 0.709 0.293 0.632 0.000 0.000 11.788 0.156 0.000 3.480 0.170 12.522 0.000 11.748 13.311 13.183 12.594 0.000 1.355 13.806
0.325 0.115 0.077 0.053 0.163 0.116 0.474 0.135 0.000 0.024 3.098 2.595 0.408 0.219 0.000 0.276 0.838 0.944 0.381 0.377 0.059 0.028 0.370 0.112 0.138 0.131 0.294 0.113 0.397 0.000 0.000 0.049 0.870 0.007 0.000 0.000 0.000 1.196 0.751 0.099 0.046 0.000 0.227 0.040 13.723 0.000 1.131 0.278 0.041 1.702 4.155 1.177 0.513 0.464 0.214 0.177 0.448 5.080 0.467 0.595 0.330 1.913 0.000 11.939 9.537 12.698 0.054 0.000 15.321 12.541 12.357 12.560 15.011 3.041 0.060 0.326 0.556
0.267 0.090 0.058 0.108 0.059 1.958 1.947 0.061 0.194 0.115 0.106 0.047 0.060 1.903 0.376 0.132 1.081 0.000 0.000 0.369 0.046 0.000 0.000 0.021 0.078 0.147 0.057 0.365 0.183 0.000 0.000 0.000 0.000 0.964 0.322 0.044 0.568 0.234 0.160 0.108 0.277 0.996 0.341 0.000 0.000 0.000 0.000 0.069 0.000 0.677 0.186 0.570 6.712 0.630 0.205 0.363 0.220 0.000 1.122 0.000 0.496 0.075 1.318 0.056 13.793 13.174 12.997 13.824 0.096 0.000 14.802 12.935 14.016 0.000 0.136 0.692 0.159
0.753 0.396 0.358 0.236 0.297 0.390 0.137 0.000 0.116 0.848 0.095 0.186 0.000 0.051 0.048 0.240 0.140 0.779 8.826 0.068 0.054 0.537 13.670 0.000 0.130 1.153 0.038 1.217 0.000 0.000 0.000 0.033 0.003 0.002 0.000 0.178 0.142 0.269 0.368 0.125 0.918 0.573 0.077 13.732 0.000 0.000 0.000 13.747 0.000 0.000 0.331 0.578 0.820 2.455 0.383 0.436 0.236 1.472 7.327 2.118 0.932 0.000 0.638 0.184 0.000 15.006 11.453 0.000 0.000 0.051 0.087 0.000 13.492 14.994 12.336 0.000 12.871
0.000 0.000 0.098 0.157 0.633 0.905 0.065 0.087 0.000 0.000 0.092 1.167 1.755 0.161 0.170 0.025 0.055 0.205 2.719 0.169 0.000 0.162 0.209 0.369 0.100 0.258 0.259 0.406 0.004 0.215 0.000 0.000 0.053 0.510 0.000 0.000 1.906 4.087 0.053 2.427 0.649 3.683 0.000 11.620 13.727 0.000 0.000 0.000 0.000 0.000 0.000 0.886 0.974 0.251 1.483 2.831 0.406 0.098 0.759 0.280 2.772 0.374 0.111 0.000 0.115 0.155 13.805 0.000 1.051 13.829 0.274 0.000 0.368 0.000 13.424 14.122 13.344
0.203 0.069 0.071 0.437 2.151 0.157 0.000 0.050 0.948 0.044 0.055 0.000 0.060 0.501 0.160 0.091 0.012 0.018 1.708 2.859 0.195 0.000 0.109 0.139 0.751 0.090 0.217 0.324 0.000 0.000 0.041 0.000 0.000 0.000 0.049 0.148 0.092 2.017 0.327 2.398 3.023 0.543 15.015 5.002 0.000 0.000 13.738 12.727 0.000 0.000 0.000 0.475 0.435 0.393 0.834 0.627 0.088 6.828 0.472 0.193 0.237 0.173 0.027 0.000 0.000 0.156 0.000 0.000 5.055 0.000 0.064 2.135 0.000 0.000 0.000 0.000 14.876
0.576 0.304 0.246 0.313 0.165 0.000 0.000 0.386 0.030 1.227 0.000 0.286 0.031 0.000 0.000 0.228 0.239 0.089 1.143 0.010 0.324 2.906 0.436 0.364 0.104 0.107 0.463 0.180 0.000 0.000 0.000 0.000 0.000 0.000 0.045 0.000 0.328 0.330 0.334 0.226 3.921 0.000 0.053 0.050 0.408 0.733 12.744 0.934 0.000 0.000 0.582 0.372 0.062 0.092 0.414 0.560 0.416 1.305 0.603 0.578 0.087 0.413 0.000 0.000 0.508 0.055 0.000 0.000 0.000 0.575 0.000 0.000 4.455 0.000 0.000 0.000 0.153
