hx_30m/njhx/rain/result.max
ncols         211
nrows         286
xllcorner     660279.582600
yllcorner     3541874.325092
cellsize      30.000000
NODATA_value  -9999.000000
[rows 170 to 203 of 286, columns 0 to 76 of 211]
0.000 0.000 0.000 0.000 0.000 0.000 0.000 0.000 0.000 0.000 0.000 0.000 0.000 0.000 0.000 0.000 0.000 0.000 0.000 0.000 0.000 0.000 0.000 0.000 0.000 0.000 0.000 0.000 0.000 0.000 0.000 0.000 0.000 0.209 0.010 0.010 0.010 0.010 0.010 0.010 0.010 0.010 0.283 0.010 0.010 0.010 0.010 0.010 0.000 0.017 0.028 0.137 0.010 0.010 0.025 0.010 0.010 0.010 0.000 0.010 0.010 0.032 0.010 0.010 0.075 0.010 0.010 0.010 0.018 0.010 0.010 0.010 0.010 0.010 0.010 0.000 0.000
0.000 0.000 0.000 0.000 0.000 0.000 0.000 0.000 0.000 0.000 0.000 0.000 0.000 0.000 0.000 0.000 0.000 0.000 0.000 0.000 0.000 0.000 0.000 0.000 0.000 0.000 0.000 0.000 0.000 0.000 0.000 0.000 0.000 0.010 0.010 0.010 0.010 0.010 0.010 0.010 0.010 0.010 0.010 0.010 0.030 0.010 0.010 0.010 0.266 0.450 0.000 0.022 0.000 0.000 0.010 0.010 0.010 0.010 0.000 0.010 0.010 0.000 0.010 0.119 0.010 0.010 0.010 0.431 0.542 0.010 0.010 0.010 0.010 0.010 0.010 0.010 0.010
0.000 0.000 0.000 0.000 0.000 0.000 0.000 0.000 0.000 0.000 0.000 0.000 0.000 0.000 0.000 0.000 0.000 0.000 0.000 0.000 0.000 0.000 0.000 0.000 0.000 0.000 0.000 0.000 0.000 0.000 0.000 0.000 0.145 0.010 0.010 0.010 0.010 0.010 0.010 0.010 0.043 0.000 0.010 0.010 0.010 0.010 0.010 0.378 0.340 0.010 0.010 0.000 0.022 0.000 0.010 0.010 0.010 0.010 0.010 0.010 0.010 0.010 0.010 0.010 0.010 0.010 0.532 0.501 0.535 0.124 0.050 0.010 0.010 0.038 0.129 0.123 0.010
0.000 0.000 0.000 0.000 0.000 0.000 0.000 0.000 0.000 0.000 0.000 0.000 0.000 0.000 0.000 0.000 0.000 0.000 0.000 0.000 0.000 0.000 0.000 0.000 0.000 0.000 0.000 0.000 0.000 0.000 0.000 0.000 0.011 0.010 0.010 0.010 0.010 0.010 0.010 0.065 0.000 0.059 0.010 0.010 0.010 0.010 0.090 0.440 0.459 0.010 0.010 0.000 0.000 0.000 0.010 0.010 0.010 0.026 0.010 0.010 0.010 0.010 0.010 0.010 0.010 0.000 0.569 0.495 0.435 0.010 0.198 0.081 0.010 0.010 0.025 0.273 0.015
0.000 0.000 0.000 0.000 0.000 0.000 0.000 0.000 0.000 0.000 0.000 0.000 0.000 0.000 0.000 0.000 0.000 0.000 0.000 0.000 0.000 0.000 0.000 0.000 0.000 0.000 0.000 0.000 0.000 0.000 0.000 0.000 0.010 0.010 0.011 0.112 0.010 0.010 0.139 0.010 0.010 0.010 0.010 0.010 0.010 0.010 0.010 0.185 0.010 0.027 0.010 0.010 0.010 0.062 0.213 0.010 0.010 0.000 0.010 0.010 0.010 0.010 0.010 0.320 0.000 0.253 0.498 0.403 0.010 0.010 0.010 0.091 0.035 0.056 0.222 0.073 0.010
0.000 0.000 0.000 0.000 0.000 0.000 0.000 0.000 0.000 0.000 0.000 0.000 0.000 0.000 0.000 0.000 0.000 0.000 0.000 0.000 0.000 0.000 0.027 0.000 0.000 0.000 0.000 0.000 0.000 0.000 0.000 0.069 0.010 0.010 0.010 0.010 0.010 0.010 0.010 0.010 0.010 0.088 0.010 0.054 0.010 0.010 0.010 0.010 0.010 0.010 0.010 0.015 0.000 0.010 0.151 0.182 0.000 0.010 0.000 0.010 0.010 0.010 0.010 0.000 0.201 0.080 0.219 0.396 0.010 0.010 0.010 0.160 0.010 0.010 0.000 0.010 0.000
0.000 0.000 0.000 0.000 0.000 0.000 0.000 0.000 0.000 0.000 0.000 0.000 0.000 0.000 0.000 0.000 0.000 0.000 0.000 0.000 0.000 0.000 0.000 0.000 0.000 0.000 0.000 0.000 0.000 0.000 0.000 0.010 0.010 0.083 0.010 0.010 0.010 0.039 0.095 0.010 0.010 0.010 0.010 0.010 0.010 0.010 0.010 0.010 0.010 0.010 0.000 0.073 0.000 0.010 0.027 0.199 0.014 0.013 0.034 0.010 0.010 0.010 0.010 0.119 0.010 0.010 0.010 0.010 0.010 0.010 0.010 0.010 0.000 0.010 0.099 0.011 0.041
0.000 0.000 0.000 0.000 0.000 0.000 0.000 0.000 0.000 0.000 0.000 0.000 0.000 0.000 0.000 0.000 0.000 0.000 0.000 0.000 0.000 0.000 0.000 0.000 0.000 0.000 0.000 0.000 0.000 0.000 0.184 0.010 0.010 0.010 0.010 0.010 0.010 0.010 0.000 0.010 0.010 0.065 0.010 0.010 0.063 0.010 0.010 0.010 0.010 0.034 0.026 0.010 0.010 0.259 0.129 0.010 0.010 0.012 0.010 0.000 0.010 0.211 0.010 0.010 0.010 0.010 0.010 0.010 0.000 0.011 0.010 0.010 0.000 0.010 0.013 0.010 0.010
0.000 0.000 0.000 0.000 0.000 0.000 0.000 0.000 0.000 0.000 0.000 0.000 0.000 0.000 0.000 0.000 0.000 0.000 0.000 0.000 0.000 0.000 0.000 0.000 0.000 0.000 0.000 0.000 0.000 0.000 0.010 0.010 0.010 0.010 0.011 0.010 0.010 0.010 0.010 0.010 0.010 0.010 0.010 0.010 0.072 0.010 0.010 0.010 0.010 0.010 0.010 0.010 0.010 0.014 0.010 0.010 0.010 0.016 0.010 0.010 0.010 0.010 0.225 0.010 0.010 0.103 0.010 0.010 0.000 0.092 0.057 0.010 0.010 0.010 0.010 0.010 0.010
0.000 0.000 0.000 0.000 0.000 0.000 0.000 0.000 0.000 0.000 0.000 0.000 0.000 0.000 0.000 0.000 0.000 0.000 0.000 0.000 0.000 0.000 0.000 0.000 0.000 0.000 0.000 0.000 0.132 0.010 0.010 0.010 0.010 0.125 0.010 0.010 0.010 0.010 0.253 0.010 0.010 0.010 0.010 0.010 0.010 0.010 0.010 0.010 0.010 0.276 0.010 0.010 0.010 0.010 0.010 0.010 0.010 0.040 0.010 0.010 0.010 0.010 0.010 0.010 0.010 0.031 0.000 0.035 0.053 0.010 0.011 0.010 0.010 0.010 0.010 0.010 0.010
0.000 0.000 0.000 0.000 0.000 0.000 0.000 0.000 0.000 0.000 0.000 0.000 0.000 0.000 0.000 0.000 0.000 0.000 0.000 0.000 0.000 0.000 0.000 0.000 0.000 0.000 0.000 0.000 0.000 0.010 0.010 0.010 0.103 0.010 0.135 0.010 0.101 0.010 0.000 0.010 0.010 0.010 0.010 0.010 0.010 0.010 0.010 0.010 0.010 0.010 0.102 0.010 0.010 0.015 0.010 0.010 0.010 0.072 0.010 0.010 0.010 0.010 0.010 0.010 0.010 0.010 0.010 0.078 0.123 0.096 0.010 0.010 0.010 0.010 0.010 0.010 0.010
0.000 0.000 0.000 0.000 0.000 0.000 0.000 0.000 0.000 0.000 0.000 0.000 0.000 0.000 0.000 0.000 0.000 0.000 0.000 0.000 0.000 0.000 0.000 0.000 0.000 0.000 0.000 0.000 0.000 0.107 0.010 0.010 0.010 0.042 0.010 0.010 0.010 0.010 0.000 0.010 0.010 0.010 0.010 0.019 0.010 0.052 0.010 0.010 0.010 0.010 0.010 0.011 0.012 0.012 0.010 0.010 0.010 0.010 0.010 0.010 0.010 0.010 0.010 0.010 0.010 0.010 0.010 0.010 0.010 0.010 0.010 0.010 0.010 0.010 0.010 0.010 0.010
0.000 0.000 0.000 0.000 0.000 0.000 0.000 0.000 0.000 0.000 0.000 0.000 0.000 0.000 0.000 0.000 0.000 0.051 0.000 0.000 0.000 0.000 0.000 0.000 0.000 0.000 0.000 0.000 0.000 0.010 0.010 1.299 0.010 0.010 0.010 0.010 0.010 0.010 0.000 0.103 0.010 0.010 0.010 0.010 0.010 0.010 0.010 0.010 0.010 0.010 0.010 0.010 0.165 0.815 0.010 0.010 0.170 0.010 0.010 0.010 0.010 0.010 0.010 0.010 0.010 0.010 0.010 0.010 0.010 0.010 0.010 0.010 0.010 0.010 0.010 0.010 0.010
0.000 0.000 0.000 0.000 0.000 0.000 0.000 0.000 0.000 0.000 0.000 0.000 0.000 0.000 0.000 0.000 0.000 0.010 0.000 0.000 0.000 0.000 0.000 0.000 0.000 0.000 0.000 0.000 0.063 0.010 0.010 0.010 0.010 0.010 0.010 0.010 0.010 0.010 0.115 0.010 0.010 0.010 0.053 0.010 0.039 0.010 0.010 0.010 0.010 0.010 0.010 0.010 0.010 0.048 0.016 0.010 0.010 0.010 0.010 0.010 0.045 0.010 0.010 0.010 0.010 0.010 0.046 0.010 0.010 0.010 0.010 0.010 0.010 0.010 0.010 0.010 0.010
0.000 0.000 0.000 0.000 0.000 0.000 0.000 0.000 0.000 0.000 0.000 0.000 0.000 0.000 0.000 0.000 0.000 0.000 0.000 0.000 0.000 0.000 0.000 0.000 0.000 0.000 0.000 0.073 0.010 0.010 0.010 0.010 0.067 0.010 0.010 0.010 0.010 0.010 0.010 0.010 0.010 0.040 0.010 0.010 0.010 0.027 0.010 0.010 0.010 0.010 0.010 0.010 0.011 0.010 0.012 0.010 0.010 0.010 0.010 0.010 0.010 0.010 0.010 0.010 0.010 0.016 0.134 0.059 0.010 0.040 0.010 0.010 0.010 0.010 0.010 0.010 0.010
0.000 0.000 0.000 0.000 0.000 0.000 0.000 0.000 0.000 0.000 0.000 0.000 0.000 0.000 0.000 0.000 0.000 0.000 0.000 0.000 0.000 0.000 0.000 0.000 0.000 0.000 0.065 0.010 0.010 0.010 0.081 0.010 0.037 0.010 0.010 0.010 0.289 0.010 0.052 0.010 0.010 0.010 0.010 0.010 0.025 0.010 0.010 0.061 0.010 0.010 0.010 0.010 0.010 0.010 0.010 0.010 0.010 0.010 0.010 0.036 0.010 0.010 0.010 0.010 0.010 0.010 0.020 0.058 0.010 0.010 0.010 0.010 0.010 0.010 0.010 0.010 0.010
0.000 0.000 0.000 0.000 0.000 0.000 0.000 0.000 0.000 0.000 0.000 0.000 0.000 0.000 0.000 0.000 0.059 0.000 0.000 0.000 0.000 0.000 0.000 0.000 0.000 0.149 0.010 0.010 0.010 0.010 0.010 0.010 0.010 0.010 0.010 0.000 0.010 0.010 0.010 0.010 0.010 0.010 0.037 0.010 0.010 0.053 0.000 0.010 0.000 0.010 0.010 0.010 0.010 0.010 0.010 0.010 0.010 0.010 0.018 0.102 0.010 0.010 0.010 0.109 0.043 0.021 0.010 0.010 0.010 0.010 0.010 0.010 0.010 0.013 0.182 0.094 0.010
0.000 0.000 0.000 0.000 0.000 0.000 0.000 0.000 0.000 0.000 0.000 0.000 0.000 0.000 0.000 0.000 0.010 0.000 0.000 0.000 0.000 0.000 0.000 0.000 0.000 0.010 0.010 0.010 0.105 0.101 0.010 0.010 0.010 0.010 0.010 0.276 0.010 0.010 0.010 0.012 0.010 0.010 0.010 0.010 0.049 0.010 0.082 0.010 0.000 0.050 0.010 0.029 0.010 0.010 0.010 0.010 0.024 0.010 0.010 0.010 0.159 0.010 0.010 0.010 0.010 0.010 0.010 0.010 0.010 0.010 0.010 0.015 0.010 0.011 0.010 0.010 0.010
0.000 0.000 0.000 0.000 0.000 0.000 0.000 0.000 0.000 0.000 0.000 0.000 0.000 0.000 0.000 0.000 0.000 0.000 0.000 0.000 0.000 0.000 0.000 0.000 0.000 0.010 0.010 0.010 0.072 0.010 0.010 0.010 0.010 0.010 0.000 0.010 0.010 0.010 0.010 0.023 0.010 0.041 0.010 0.056 0.010 0.010 0.010 0.010 0.010 0.010 0.010 0.000 0.029 0.010 0.023 0.010 0.010 0.010 0.147 0.010 0.010 0.010 0.049 0.010 0.010 0.010 0.010 0.010 0.010 0.038 0.010 0.010 0.061 0.010 0.010 0.010 0.010
0.000 0.000 0.000 0.000 0.000 0.000 0.000 0.000 0.000 0.000 0.000 0.000 0.000 0.000 0.000 0.000 0.000 0.000 0.000 0.000 0.000 0.000 0.000 0.000 0.041 0.010 0.183 0.056 0.010 0.010 0.010 0.010 0.010 0.010 0.000 0.036 0.010 0.010 0.010 0.011 0.010 0.010 0.010 0.010 0.010 0.010 0.010 0.010 0.010 0.010 0.010 0.010 0.010 0.010 0.010 0.037 0.031 0.010 0.010 0.010 0.010 0.010 0.010 0.045 0.010 0.010 0.085 0.010 0.010 0.010 0.010 0.074 0.010 0.010 0.010 0.010 0.057
0.000 0.000 0.000 0.000 0.000 0.000 0.000 0.000 0.000 0.000 0.000 0.000 0.000 0.000 0.037 0.000 0.000 0.000 0.000 0.000 0.000 0.000 0.000 0.000 0.000 0.010 0.183 0.024 0.010 0.010 0.010 0.010 0.010 0.010 0.156 0.010 0.010 0.010 0.010 0.010 0.039 0.010 0.056 0.010 0.010 0.010 0.141 0.010 0.010 0.261 0.010 0.010 0.010 0.109 0.010 0.010 0.010 0.010 0.010 0.052 0.010 0.010 0.010 0.010 0.010 0.010 0.010 0.010 0.010 0.011 0.056 0.010 0.010 0.032 0.010 0.010 0.024
0.000 0.000 0.000 0.000 0.000 0.000 0.000 0.000 0.000 0.000 0.000 0.000 0.000 0.000 0.000 0.000 0.000 0.000 0.000 0.000 0.000 0.000 0.000 0.145 0.010 0.010 0.010 0.010 0.010 0.010 0.010 0.010 0.010 0.010 0.046 0.000 0.010 0.010 0.053 0.010 0.010 0.010 0.010 0.010 0.010 0.180 0.010 0.010 0.010 0.010 0.189 0.010 0.010 0.010 0.010 0.010 0.010 0.010 0.000 0.010 0.010 0.010 0.041 0.010 0.010 0.010 0.010 0.010 0.010 0.010 0.010 0.010 0.010 0.153 0.010 0.010 0.010
0.000 0.000 0.000 0.000 0.000 0.000 0.000 0.000 0.000 0.000 0.000 0.000 0.000 0.000 0.000 0.000 0.000 0.000 0.000 0.000 0.000 0.000 0.000 0.010 0.010 0.010 0.010 0.010 0.010 0.010 0.010 0.010 0.010 0.010 0.628 0.000 0.010 0.027 0.010 0.010 0.045 0.010 0.010 0.010 0.010 0.010 0.082 0.010 0.010 0.010 0.010 0.010 0.010 0.010 0.025 0.045 0.010 0.010 0.010 0.010 0.010 0.010 0.010 0.010 0.024 0.010 0.010 0.010 0.010 0.010 0.010 0.010 0.010 0.010 0.010 0.010 0.010
0.000 0.000 0.000 0.000 0.000 0.000 0.000 0.000 0.000 0.000 0.000 0.000 0.000 0.000 0.000 0.000 0.000 0.000 0.000 0.000 0.000 0.123 0.010 0.010 0.010 0.010 0.045 0.010 0.010 0.010 0.010 0.010 0.010 0.010 0.010 0.000 0.010 0.010 0.010 0.027 0.010 0.010 0.010 0.010 0.010 0.010 0.010 0.010 0.010 0.010 0.153 0.010 0.010 0.010 0.010 0.010 0.010 0.010 0.010 0.000 0.054 0.010 0.010 0.000 0.000 0.010 0.010 0.010 0.011 0.107 0.010 0.010 0.010 0.010 0.010 0.010 0.010
0.000 0.000 0.000 0.000 0.000 0.000 0.000 0.000 0.000 0.000 0.000 0.000 0.000 0.000 0.000 0.000 0.000 0.000 0.000 0.000 0.000 0.068 0.010 0.010 0.010 0.010 0.067 0.010 0.010 0.010 0.010 0.010 0.142 0.000 0.010 0.010 0.010 0.050 0.010 0.041 0.010 0.010 0.010 0.097 0.010 0.050 0.024 0.010 0.010 0.010 0.010 0.010 0.010 0.010 0.010 0.010 0.028 0.010 0.010 0.010 0.010 0.034 0.010 0.010 0.010 0.010 0.010 0.000 0.010 0.010 0.010 0.010 0.010 0.010 0.047 0.010 0.030
0.000 0.000 0.000 0.000 0.000 0.000 0.000 0.000 0.000 0.000 0.000 0.000 0.000 0.000 0.000 0.000 0.000 0.000 0.000 0.000 0.247 0.010 0.010 0.010 0.010 0.010 0.010 0.010 0.010 0.010 0.010 0.010 0.000 0.010 0.010 0.000 0.010 0.011 0.010 0.010 0.110 0.010 0.010 0.010 0.010 0.010 0.010 0.010 0.012 0.010 0.010 0.010 0.010 0.010 0.010 0.043 0.010 0.027 0.010 0.010 0.010 0.010 0.010 0.010 0.010 0.010 0.010 0.046 0.010 0.010 0.000 0.000 0.010 0.010 0.010 0.010 0.010
0.000 0.000 0.000 0.000 0.000 0.000 0.000 0.000 0.000 0.000 0.000 0.000 0.000 0.000 0.000 0.000 0.000 0.000 0.000 0.000 0.010 0.010 0.010 0.010 0.010 0.010 0.010 0.010 0.010 0.038 0.000 0.000 0.000 0.010 0.000 0.010 0.010 0.010 0.024 0.010 0.064 0.114 0.010 0.010 0.010 0.010 0.010 0.010 0.128 0.010 0.010 0.010 0.013 0.010 0.010 0.010 0.010 0.010 0.000 0.000 0.040 0.010 0.010 0.030 0.040 0.010 0.010 0.000 0.010 0.010 0.010 0.010 0.010 0.041 0.000 0.000 0.010
0.000 0.000 0.000 0.000 0.000 0.000 0.000 0.000 0.000 0.036 0.000 0.000 0.000 0.000 0.000 0.000 0.000 0.000 0.000 0.114 0.010 0.010 0.010 0.010 0.010 0.106 0.010 0.010 0.010 0.033 0.000 0.000 0.010 0.120 0.010 0.010 0.052 0.010 0.048 0.010 0.010 0.010 0.010 0.010 0.010 0.010 0.095 0.000 0.010 0.010 0.010 0.010 0.011 0.010 0.010 0.010 0.000 0.010 0.010 0.010 0.010 0.010 0.010 0.010 0.010 0.010 0.000 0.000 0.010 0.010 0.010 0.010 0.074 0.000 0.010 0.018 0.010
0.000 0.000 0.000 0.000 0.000 0.000 0.000 0.000 0.000 0.000 0.000 0.000 0.000 0.000 0.000 0.000 0.000 0.000 0.078 0.010 0.010 0.010 0.010 0.015 0.061 0.010 0.010 0.010 0.010 0.010 0.010 0.000 0.017 0.000 0.010 0.010 0.010 0.010 0.010 0.010 0.010 0.010 0.010 0.010 0.000 0.000 0.000 0.000 0.010 0.010 0.010 0.010 0.010 0.011 0.090 0.011 0.010 0.010 0.010 0.010 0.010 0.010 0.010 0.010 0.114 0.000 0.000 0.010 0.010 0.000 0.000 0.010 0.019 0.000 0.000 0.010 0.041
0.000 0.000 0.000 0.000 0.000 0.000 0.000 0.000 0.000 0.000 0.000 0.000 0.000 0.000 0.000 0.000 0.000 0.000 0.010 0.010 0.010 0.010 0.010 0.010 0.050 0.010 0.010 0.010 0.010 0.014 0.016 0.000 0.000 0.018 0.010 0.050 0.010 0.024 0.010 0.034 0.011 0.010 0.010 0.010 0.000 0.013 0.000 0.000 0.026 0.010 0.010 0.039 0.000 0.000 0.000 0.000 0.010 0.010 0.010 0.011 0.010 0.010 0.010 0.010 0.010 0.000 0.000 0.054 0.000 0.000 0.010 0.010 0.010 0.010 0.010 0.010 0.010
0.000 0.000 0.000 0.000 0.000 0.000 0.000 0.000 0.000 0.000 0.000 0.000 0.000 0.000 0.000 0.000 0.000 0.042 0.073 0.027 0.010 0.010 0.010 0.010 0.110 0.010 0.010 0.010 0.061 0.000 0.010 0.010 0.069 0.010 0.015 0.010 0.010 0.010 0.077 0.010 0.010 0.010 0.010 0.010 0.098 0.000 0.030 0.010 0.000 0.000 0.010 0.010 0.010 0.010 0.010 0.203 0.010 0.000 0.010 0.010 0.078 0.010 0.094 0.010 0.000 0.000 0.010 0.010 0.000 0.000 0.010 0.156 0.000 0.010 0.010 0.010 0.010
0.000 0.000 0.000 0.000 0.000 0.000 0.000 0.000 0.000 0.000 0.000 0.000 0.000 0.000 0.000 0.000 0.000 0.086 0.010 0.010 0.010 0.010 0.010 0.086 0.066 0.010 0.010 0.010 0.000 0.010 0.010 0.000 0.000 0.010 0.037 0.010 0.010 0.010 0.010 0.071 0.010 0.010 0.010 0.000 0.000 0.000 0.010 0.010 0.010 0.010 0.020 0.010 0.010 0.010 0.010 0.000 0.000 0.000 0.010 0.000 0.010 0.010 0.010 0.010 0.071 0.010 0.010 0.000 0.000 0.010 0.296 0.246 0.010 0.010 0.010 0.010 0.000
0.000 0.000 0.000 0.000 0.000 0.000 0.000 0.000 0.000 0.000 0.000 0.000 0.000 0.000 0.000 0.000 0.010 0.010 0.010 0.099 0.010 0.010 0.010 0.010 0.010 0.010 0.010 0.044 0.000 0.010 0.017 0.010 0.097 0.000 0.019 0.010 0.010 0.010 0.010 0.010 0.010 0.053 0.010 0.010 0.000 0.010 0.010 0.000 0.000 0.010 0.010 0.010 0.010 0.010 0.010 0.017 0.010 0.000 0.011 0.000 0.017 0.010 0.010 0.010 0.000 0.056 0.011 0.062 0.029 0.010 0.114 0.010 0.000 0.010 0.000 0.010 0.010
0.000 0.000 0.000 0.000 0.000 0.000 0.000 0.000 0.000 0.000 0.000 0.000 0.000 0.000 0.000 0.297 0.081 0.010 0.010 0.010 0.010 0.010 0.010 0.010 0.010 0.010 0.010 0.010 0.018 0.010 0.010 0.010 0.000 0.075 0.010 0.010 0.036 0.010 0.010 0.010 0.010 0.010 0.010 0.064 0.010 0.010 0.010 0.000 0.010 0.019 0.010 0.010 0.010 0.010 0.010 0.010 0.020 0.010 0.010 0.010 0.000 0.010 0.010 0.007 0.000 0.010 0.000 0.010 0.010 0.041 0.106 0.122 0.044 0.014 0.000 0.234 0.341
