hx_30m/njhx/rain/result-0030.wd
ncols         211
nrows         286
xllcorner     660279.582600
yllcorner     3541874.325092
cellsize      30.000000
NODATA_value  -9999.000000
[rows 136 to 169 of 286, columns 77 to 153 of 211]
0.007 0.005 0.007 0.007 0.007 0.009 0.005 0.007 0.007 0.008 0.007 0.007 0.010 0.006 0.010 0.016 0.006 0.006 0.005 0.008 0.005 0.009 0.005 0.005 0.006 0.010 0.007 0.016 0.007 0.007 0.007 0.007 0.037 0.021 0.003 0.004 0.010 0.004 0.007 0.006 0.010 0.005 0.005 0.003 0.009 0.005 0.008 0.006 0.004 0.022 0.012 0.000 0.016 0.005 0.003 0.002 0.004 0.000 0.000 0.000 0.000 0.004 0.000 0.000 0.007 0.010 0.000 0.010 0.011 0.000 0.002 0.002 0.000 0.010 0.007 0.020 0.002
0.005 0.005 0.007 0.007 0.007 0.005 0.009 0.007 0.005 0.005 0.015 0.004 0.006 0.005 0.010 0.006 0.004 0.004 0.005 0.004 0.007 0.005 0.007 0.020 0.007 0.014 0.007 0.007 0.004 0.000 0.000 0.003 0.000 0.000 0.007 0.004 0.077 0.007 0.010 0.000 0.000 0.005 0.000 0.000 0.004 0.009 0.000 0.006 0.000 0.007 0.006 0.006 0.008 0.006 0.009 0.003 0.003 0.007 0.000 0.000 0.000 0.003 0.007 0.009 0.004 0.009 0.000 0.000 0.010 0.006 0.004 0.000 0.005 0.000 0.000 0.000 0.003
0.003 0.002 0.000 0.000 0.000 0.000 0.000 0.000 0.006 0.007 0.005 0.000 0.000 0.000 0.003 0.000 0.009 0.005 0.004 0.000 0.000 0.005 0.006 0.004 0.010 0.009 0.010 0.010 0.003 0.000 0.000 0.002 0.000 0.000 0.000 0.007 0.690 0.006 0.000 0.010 0.004 0.002 0.010 0.010 0.010 0.035 0.000 0.002 0.000 0.002 0.002 0.003 0.002 0.000 0.000 0.004 0.006 0.003 0.004 0.007 0.000 0.001 0.007 0.006 0.005 0.009 0.006 0.007 0.007 0.006 0.007 0.007 0.010 0.005 0.003 0.000 0.003
0.005 0.005 0.009 0.005 0.005 0.004 0.009 0.006 0.004 0.007 0.002 0.002 0.003 0.006 0.003 0.000 0.000 0.029 0.042 0.010 0.019 0.007 0.006 0.003 0.010 0.010 0.010 0.005 0.000 0.000 0.004 0.007 0.000 0.000 0.000 0.005 0.010 0.005 0.045 0.002 0.000 0.000 0.007 0.010 0.000 0.009 0.000 0.005 0.002 0.002 0.003 0.002 0.007 0.003 0.000 0.001 0.001 0.002 0.002 0.004 0.004 0.007 0.008 0.005 0.027 0.009 0.003 0.005 0.005 0.003 0.005 0.004 0.005 0.010 0.005 0.004 0.004
0.016 0.003 0.003 0.005 0.005 0.006 0.002 0.005 0.013 0.012 0.007 0.006 0.003 0.007 0.006 0.003 0.003 0.003 0.002 0.004 0.005 0.005 0.007 0.005 0.010 0.010 0.010 0.023 0.000 0.000 0.000 0.007 0.000 0.000 0.000 0.008 0.010 0.006 0.010 0.009 0.002 0.000 0.003 0.010 0.010 0.007 0.000 0.007 0.005 0.007 0.010 0.010 0.007 0.003 0.003 0.000 0.002 0.000 0.000 0.000 0.000 0.000 0.000 0.000 0.009 0.003 0.000 0.010 0.009 0.013 0.122 0.111 0.000 0.031 0.009 0.007 0.005
0.009 0.000 0.000 0.018 0.000 0.000 0.005 0.003 0.006 0.016 0.010 0.030 0.097 0.010 0.010 0.010 0.000 0.000 0.051 0.010 0.010 0.010 0.005 0.005 0.010 0.010 0.010 0.076 0.000 0.000 0.000 0.009 0.000 0.000 0.000 0.006 0.010 0.004 0.004 0.007 0.005 0.003 0.000 0.010 0.000 0.003 0.009 0.004 0.003 0.003 0.000 0.000 0.002 0.000 0.007 0.000 0.003 0.000 0.001 0.000 0.000 0.000 0.000 0.000 0.004 0.004 0.000 0.000 0.010 0.132 0.059 0.117 0.009 0.000 0.035 0.010 0.010
0.034 0.003 0.009 0.010 0.041 0.010 0.010 0.010 0.006 0.005 0.070 0.010 0.076 0.010 0.093 0.010 0.082 0.010 0.010 0.010 0.136 0.009 0.004 0.006 0.010 0.010 0.010 0.009 0.000 0.004 0.003 0.005 0.003 0.004 0.000 0.007 0.008 0.014 0.005 0.000 0.007 0.010 0.000 0.000 0.000 0.000 0.000 0.005 0.000 0.003 0.004 0.007 0.000 0.013 0.002 0.000 0.001 0.002 0.002 0.010 0.010 0.010 0.000 0.000 0.004 0.002 0.002 0.010 0.010 0.138 0.074 0.010 0.010 0.036 0.010 0.000 0.010
0.010 0.010 0.006 0.007 0.008 0.004 0.007 0.004 0.005 0.007 0.010 0.010 0.010 0.115 0.010 0.010 0.010 0.010 0.113 0.010 0.042 0.010 0.004 0.009 0.010 0.010 0.010 0.007 0.009 0.000 0.000 0.000 0.000 0.000 0.009 0.007 0.008 0.006 0.000 0.003 0.010 0.000 0.047 0.000 0.000 0.000 0.003 0.004 0.000 0.000 0.006 0.010 0.010 0.010 0.002 0.003 0.003 0.004 0.003 0.006 0.000 0.007 0.005 0.007 0.005 0.000 0.002 0.010 0.010 0.023 0.010 0.010 0.000 0.000 0.052 0.010 0.010
0.010 0.010 0.010 0.010 0.010 0.010 0.000 0.007 0.010 0.010 0.010 0.010 0.010 0.010 0.000 0.000 0.000 0.000 0.010 0.010 0.092 0.010 0.008 0.009 0.010 0.107 0.010 0.010 0.007 0.010 0.008 0.009 0.007 0.010 0.010 0.008 0.007 0.005 0.008 0.010 0.010 0.046 0.010 0.056 0.000 0.012 0.005 0.059 0.010 0.092 0.010 0.010 0.010 0.007 0.010 0.010 0.010 0.050 0.010 0.077 0.000 0.000 0.000 0.000 0.005 0.000 0.002 0.003 0.010 0.041 0.010 0.010 0.000 0.011 0.000 0.010 0.000
0.009 0.010 0.010 0.010 0.010 0.010 0.000 0.003 0.013 0.009 0.010 0.010 0.010 0.010 0.010 0.010 0.010 0.010 0.010 0.010 0.010 0.009 0.005 0.007 0.010 0.010 0.010 0.102 0.007 0.007 0.008 0.006 0.012 0.007 0.008 0.009 0.010 0.000 0.010 0.010 0.010 0.010 0.153 0.008 0.000 0.004 0.010 0.010 0.010 0.010 0.010 0.010 0.010 0.005 0.068 0.010 0.010 0.010 0.010 0.063 0.010 0.000 0.000 0.000 0.014 0.000 0.003 0.003 0.006 0.010 0.010 0.000 0.036 0.051 0.024 0.010 0.010
0.007 0.006 0.009 0.009 0.009 0.007 0.000 0.003 0.006 0.010 0.010 0.010 0.010 0.010 0.010 0.010 0.010 0.010 0.010 0.010 0.089 0.006 0.005 0.007 0.008 0.005 0.003 0.005 0.010 0.006 0.007 0.009 0.013 0.009 0.007 0.007 0.006 0.004 0.004 0.006 0.005 0.009 0.004 0.006 0.009 0.004 0.007 0.000 0.000 0.000 0.010 0.003 0.001 0.004 0.086 0.000 0.000 0.066 0.010 0.017 0.000 0.000 0.000 0.000 0.007 0.007 0.000 0.002 0.000 0.010 0.010 0.000 0.007 0.024 0.008 0.000 0.000
0.010 0.010 0.010 0.009 0.007 0.007 0.008 0.038 0.007 0.010 0.060 0.010 0.010 0.010 0.010 0.010 0.010 0.010 0.010 0.010 0.010 0.010 0.008 0.009 0.017 0.000 0.006 0.006 0.006 0.008 0.009 0.007 0.010 0.008 0.007 0.009 0.011 0.008 0.010 0.010 0.022 0.010 0.010 0.010 0.010 0.009 0.010 0.007 0.004 0.004 0.010 0.004 0.002 0.003 0.000 0.000 0.000 0.010 0.175 0.000 0.000 0.094 0.043 0.000 0.007 0.000 0.005 0.002 0.000 0.003 0.002 0.000 0.009 0.000 0.010 0.000 0.002
0.112 0.010 0.010 0.010 0.010 0.030 0.010 0.005 0.005 0.010 0.010 0.010 0.010 0.010 0.010 0.010 0.010 0.010 0.010 0.010 0.010 0.007 0.009 0.004 0.005 0.006 0.006 0.005 0.004 0.007 0.017 0.007 0.006 0.006 0.006 0.005 0.004 0.009 0.010 0.010 0.010 0.010 0.010 0.055 0.010 0.006 0.000 0.007 0.004 0.000 0.108 0.000 0.003 0.000 0.060 0.010 0.010 0.010 0.010 0.000 0.070 0.010 0.010 0.000 0.008 0.000 0.000 0.002 0.002 0.000 0.001 0.001 0.002 0.004 0.009 0.000 0.010
0.000 0.017 0.010 0.010 0.010 0.010 0.010 0.008 0.006 0.010 0.010 0.448 0.010 0.010 0.010 0.010 0.010 0.010 0.010 0.010 0.010 0.007 0.010 0.008 0.009 0.010 0.008 0.008 0.007 0.010 0.009 0.010 0.010 0.009 0.005 0.004 0.006 0.009 0.010 0.030 0.010 0.010 0.010 0.000 0.000 0.007 0.007 0.000 0.000 0.006 0.006 0.009 0.006 0.006 0.004 0.007 0.009 0.010 0.010 0.000 0.010 0.009 0.010 0.021 0.010 0.010 0.000 0.002 0.002 0.000 0.010 0.037 0.002 0.003 0.001 0.000 0.002
0.010 0.010 0.010 0.010 0.010 0.010 0.010 0.010 0.009 0.010 0.021 0.149 0.146 0.010 0.010 0.010 0.010 0.010 0.010 0.024 0.010 0.007 0.006 0.050 0.010 0.010 0.010 0.010 0.010 0.010 0.010 0.050 0.010 0.006 0.006 0.009 0.007 0.005 0.010 0.010 0.010 0.010 0.004 0.003 0.006 0.003 0.002 0.000 0.000 0.004 0.000 0.010 0.009 0.009 0.005 0.009 0.007 0.005 0.005 0.005 0.010 0.005 0.000 0.003 0.007 0.004 0.004 0.001 0.000 0.001 0.004 0.000 0.000 0.003 0.003 0.000 0.002
0.010 0.010 0.010 0.010 0.010 0.010 0.010 0.007 0.006 0.010 0.010 0.010 0.091 0.010 0.010 0.010 0.010 0.010 0.010 0.010 0.062 0.010 0.010 0.008 0.007 0.000 0.000 0.000 0.000 0.000 0.007 0.009 0.010 0.009 0.007 0.010 0.007 0.009 0.010 0.010 0.010 0.010 0.000 0.000 0.000 0.018 0.006 0.000 0.000 0.010 0.010 0.010 0.042 0.127 0.079 0.010 0.010 0.010 0.010 0.007 0.007 0.004 0.004 0.006 0.004 0.003 0.009 0.000 0.000 0.000 0.000 0.000 0.008 0.005 0.002 0.002 0.003
0.124 0.083 0.010 0.010 0.010 0.010 0.007 0.013 0.005 0.010 0.010 0.010 0.010 0.010 0.010 0.010 0.010 0.010 0.010 0.010 0.010 0.007 0.007 0.009 0.006 0.000 0.000 0.000 0.000 0.000 0.000 0.007 0.010 0.008 0.006 0.008 0.004 0.010 0.010 0.010 0.010 0.010 0.048 0.012 0.007 0.006 0.006 0.000 0.010 0.010 0.010 0.065 0.000 0.046 0.007 0.007 0.009 0.007 0.004 0.005 0.006 0.007 0.010 0.006 0.009 0.007 0.005 0.003 0.005 0.007 0.000 0.001 0.002 0.006 0.000 0.019 0.000
0.010 0.548 0.010 0.010 0.010 0.203 0.009 0.009 0.010 0.010 0.010 0.010 0.010 0.010 0.010 0.010 0.010 0.010 0.010 0.010 0.010 0.007 0.007 0.009 0.007 0.000 0.000 0.000 0.000 0.000 0.000 0.008 0.010 0.007 0.005 0.265 0.003 0.010 0.010 0.009 0.009 0.007 0.010 0.010 0.010 0.010 0.010 0.009 0.008 0.010 0.078 0.006 0.005 0.005 0.030 0.005 0.005 0.007 0.004 0.014 0.004 0.005 0.005 0.005 0.016 0.007 0.004 0.005 0.006 0.007 0.005 0.003 0.002 0.007 0.000 0.005 0.007
0.010 0.010 0.010 0.010 0.010 0.053 0.009 0.007 0.007 0.010 0.010 0.010 0.010 0.010 0.010 0.010 0.043 0.010 0.010 0.010 0.010 0.008 0.007 0.007 0.006 0.009 0.009 0.010 0.010 0.000 0.008 0.008 0.009 0.010 0.007 0.007 0.004 0.010 0.010 0.007 0.015 0.010 0.007 0.007 0.018 0.007 0.006 0.006 0.005 0.006 0.006 0.005 0.006 0.009 0.009 0.005 0.008 0.007 0.009 0.010 0.005 0.005 0.001 0.000 0.003 0.007 0.000 0.000 0.000 0.007 0.006 0.003 0.017 0.005 0.007 0.000 0.000
0.010 0.010 0.010 0.010 0.010 0.010 0.010 0.010 0.010 0.010 0.010 0.010 0.010 0.010 0.010 0.267 0.124 0.075 0.010 0.010 0.010 0.010 0.010 0.007 0.008 0.008 0.008 0.007 0.007 0.009 0.007 0.007 0.009 0.005 0.007 0.174 0.010 0.005 0.007 0.008 0.008 0.009 0.007 0.007 0.007 0.007 0.006 0.009 0.005 0.009 0.010 0.010 0.010 0.009 0.017 0.010 0.010 0.016 0.010 0.009 0.000 0.002 0.002 0.000 0.000 0.005 0.003 0.000 0.001 0.002 0.000 0.000 0.007 0.018 0.006 0.006 0.015
0.000 0.010 0.017 0.098 0.113 0.010 0.007 0.010 0.010 0.010 0.010 0.184 0.037 0.067 0.142 0.236 0.222 0.168 0.010 0.010 0.275 0.010 0.009 0.005 0.006 0.060 0.013 0.007 0.007 0.010 0.007 0.007 0.006 0.006 0.006 0.006 0.011 0.007 0.007 0.008 0.008 0.007 0.009 0.010 0.009 0.010 0.010 0.010 0.056 0.092 0.046 0.000 0.000 0.007 0.007 0.000 0.000 0.000 0.000 0.000 0.000 0.002 0.002 0.002 0.000 0.004 0.002 0.001 0.000 0.001 0.001 0.003 0.005 0.003 0.000 0.000 0.007
0.184 0.190 0.037 0.010 0.010 0.009 0.006 0.007 0.113 0.132 0.130 0.123 0.071 0.010 0.129 0.246 0.227 0.010 0.010 0.010 0.243 0.007 0.005 0.005 0.006 0.006 0.007 0.006 0.009 0.009 0.009 0.009 0.035 0.007 0.005 0.007 0.010 0.009 0.009 0.008 0.000 0.009 0.007 0.141 0.010 0.000 0.000 0.000 0.000 0.000 0.000 0.000 0.000 0.024 0.007 0.010 0.010 0.000 0.010 0.000 0.005 0.004 0.005 0.000 0.000 0.007 0.000 0.002 0.001 0.002 0.003 0.000 0.006 0.008 0.004 0.000 0.010
0.010 0.010 0.010 0.010 0.010 0.010 0.009 0.007 0.088 0.111 0.076 0.092 0.070 0.028 0.182 0.178 0.040 0.010 0.010 0.037 0.079 0.007 0.006 0.009 0.009 0.000 0.000 0.000 0.000 0.000 0.000 0.007 0.008 0.046 0.008 0.008 0.357 0.006 0.000 0.000 0.000 0.008 0.010 0.000 0.000 0.010 0.010 0.010 0.000 0.000 0.000 0.000 0.006 0.006 0.007 0.000 0.007 0.004 0.005 0.007 0.010 0.000 0.000 0.000 0.000 0.006 0.000 0.007 0.005 0.001 0.004 0.001 0.000 0.001 0.006 0.006 0.000
0.010 0.010 0.010 0.010 0.010 0.009 0.007 0.008 0.029 0.074 0.118 0.010 0.010 0.010 0.010 0.010 0.010 0.010 0.168 0.010 0.010 0.009 0.010 0.000 0.000 0.000 0.000 0.000 0.000 0.000 0.008 0.009 0.010 0.010 0.007 0.006 0.382 0.004 0.010 0.000 0.009 0.009 0.010 0.000 0.010 0.010 0.010 0.010 0.010 0.000 0.000 0.010 0.000 0.005 0.000 0.010 0.004 0.058 0.010 0.000 0.009 0.014 0.004 0.004 0.000 0.010 0.000 0.000 0.008 0.009 0.002 0.001 0.001 0.003 0.002 0.000 0.000
0.010 0.010 0.010 0.010 0.010 0.007 0.007 0.010 0.010 0.117 0.531 0.010 0.010 0.010 0.010 0.010 0.010 0.010 0.010 0.010 0.010 0.010 0.010 0.000 0.000 0.000 0.000 0.000 0.000 0.000 0.000 0.008 0.008 0.007 0.007 0.005 0.007 0.004 0.074 0.010 0.010 0.010 0.010 0.000 0.241 0.000 0.010 0.055 0.085 0.010 0.010 0.010 0.010 0.006 0.000 0.008 0.014 0.082 0.052 0.000 0.000 0.010 0.000 0.010 0.007 0.005 0.000 0.000 0.002 0.003 0.001 0.000 0.002 0.003 0.000 0.002 0.003
0.010 0.010 0.010 0.010 0.010 0.010 0.009 0.010 0.010 0.076 0.010 0.010 0.282 0.010 0.010 0.010 0.010 0.010 0.010 0.010 0.010 0.011 0.010 0.000 0.000 0.000 0.000 0.000 0.000 0.000 0.000 0.000 0.000 0.007 0.010 0.006 0.007 0.004 0.009 0.114 0.035 0.010 0.159 0.010 0.120 0.000 0.000 0.000 0.010 0.010 0.010 0.010 0.007 0.006 0.009 0.010 0.004 0.002 0.010 0.006 0.009 0.010 0.000 0.061 0.010 0.005 0.004 0.001 0.005 0.003 0.003 0.002 0.003 0.000 0.000 0.002 0.005
0.010 0.000 0.010 0.010 0.010 0.006 0.006 0.010 0.010 0.109 0.107 0.010 0.152 0.139 0.011 0.010 0.176 0.056 0.010 0.010 0.010 0.073 0.005 0.000 0.000 0.000 0.000 0.000 0.000 0.000 0.000 0.000 0.000 0.007 0.009 0.008 0.007 0.004 0.009 0.096 0.074 0.010 0.000 0.000 0.049 0.010 0.010 0.010 0.010 0.000 0.000 0.000 0.008 0.006 0.063 0.000 0.001 0.002 0.000 0.003 0.007 0.006 0.000 0.000 0.039 0.006 0.000 0.000 0.000 0.000 0.000 0.004 0.004 0.003 0.000 0.000 0.007
0.010 0.008 0.009 0.010 0.009 0.008 0.007 0.010 0.010 0.010 0.151 0.010 0.010 0.009 0.010 0.158 0.209 0.011 0.010 0.010 0.022 0.005 0.010 0.009 0.010 0.010 0.000 0.000 0.000 0.000 0.000 0.000 0.000 0.008 0.010 0.007 0.003 0.004 0.008 0.221 0.066 0.000 0.000 0.009 0.010 0.000 0.000 0.000 0.010 0.010 0.010 0.000 0.007 0.011 0.000 0.000 0.002 0.002 0.003 0.003 0.002 0.005 0.004 0.002 0.006 0.004 0.000 0.000 0.000 0.000 0.004 0.004 0.002 0.000 0.002 0.010 0.010
0.021 0.006 0.108 0.009 0.005 0.010 0.010 0.010 0.010 0.010 0.009 0.009 0.007 0.008 0.010 0.008 0.008 0.008 0.008 0.010 0.008 0.005 0.006 0.009 0.006 0.004 0.006 0.005 0.008 0.000 0.008 0.007 0.009 0.006 0.010 0.008 0.008 0.007 0.006 0.010 0.161 0.008 0.007 0.009 0.008 0.004 0.004 0.007 0.007 0.008 0.023 0.000 0.018 0.005 0.010 0.003 0.001 0.000 0.000 0.002 0.000 0.010 0.002 0.003 0.010 0.007 0.000 0.013 0.004 0.006 0.010 0.007 0.001 0.010 0.011 0.010 0.058
0.010 0.000 0.000 0.000 0.044 0.010 0.020 0.000 0.006 0.006 0.005 0.006 0.005 0.005 0.005 0.006 0.005 0.005 0.006 0.007 0.006 0.008 0.005 0.005 0.004 0.006 0.017 0.008 0.007 0.009 0.006 0.044 0.030 0.008 0.010 0.008 0.005 0.009 0.007 0.007 0.007 0.007 0.010 0.010 0.010 0.000 0.000 0.000 0.005 0.010 0.005 0.005 0.009 0.008 0.006 0.004 0.000 0.000 0.002 0.005 0.000 0.000 0.002 0.004 0.084 0.007 0.000 0.003 0.002 0.003 0.006 0.003 0.002 0.001 0.010 0.046 0.000
0.010 0.007 0.007 0.007 0.006 0.010 0.006 0.005 0.005 0.008 0.004 0.006 0.005 0.006 0.006 0.005 0.005 0.007 0.010 0.005 0.007 0.004 0.006 0.000 0.000 0.005 0.006 0.004 0.005 0.004 0.004 0.004 0.005 0.000 0.000 0.008 0.012 0.008 0.005 0.010 0.010 0.010 0.010 0.010 0.010 0.005 0.007 0.009 0.026 0.010 0.000 0.004 0.005 0.005 0.000 0.006 0.031 0.005 0.000 0.006 0.000 0.000 0.001 0.002 0.017 0.006 0.000 0.004 0.000 0.000 0.001 0.002 0.000 0.000 0.000 0.010 0.000
0.005 0.007 0.005 0.002 0.006 0.010 0.010 0.006 0.003 0.005 0.009 0.004 0.004 0.004 0.005 0.009 0.046 0.009 0.009 0.010 0.005 0.005 0.006 0.009 0.010 0.010 0.010 0.004 0.003 0.005 0.006 0.000 0.005 0.010 0.000 0.009 0.006 0.009 0.006 0.007 0.010 0.010 0.010 0.010 0.010 0.007 0.007 0.010 0.005 0.009 0.007 0.006 0.009 0.000 0.000 0.000 0.010 0.000 0.000 0.007 0.005 0.003 0.000 0.005 0.009 0.009 0.008 0.005 0.001 0.000 0.002 0.002 0.002 0.000 0.007 0.010 0.012
0.006 0.010 0.010 0.010 0.010 0.080 0.004 0.007 0.007 0.005 0.005 0.008 0.006 0.009 0.008 0.010 0.009 0.010 0.000 0.000 0.005 0.005 0.003 0.003 0.009 0.010 0.000 0.010 0.010 0.010 0.008 0.010 0.005 0.010 0.010 0.009 0.021 0.007 0.007 0.006 0.010 0.010 0.010 0.010 0.010 0.010 0.010 0.010 0.009 0.010 0.000 0.005 0.010 0.009 0.000 0.007 0.000 0.000 0.000 0.010 0.005 0.002 0.000 0.005 0.005 0.005 0.007 0.000 0.000 0.000 0.003 0.003 0.000 0.003 0.007 0.000 0.002
0.004 0.008 0.000 0.000 0.006 0.022 0.004 0.007 0.010 0.010 0.010 0.006 0.141 0.008 0.010 0.028 0.010 0.010 0.009 0.009 0.008 0.008 0.000 0.010 0.000 0.000 0.000 0.008 0.000 0.000 0.003 0.000 0.000 0.034 0.009 0.000 0.010 0.005 0.007 0.006 0.010 0.010 0.010 0.010 0.023 0.177 0.009 0.003 0.004 0.000 0.004 0.030 0.000 0.007 0.000 0.004 0.000 0.000 0.004 0.006 0.000 0.006 0.000 0.001 0.003 0.000 0.000 0.004 0.010 0.002 0.007 0.002 0.000 0.000 0.004 0.000 0.001
