hx_30m/njhx/rain/result-0056.wd
ncols         211
nrows         286
xllcorner     660279.582600
yllcorner     3541874.325092
cellsize      30.000000
NODATA_value  -9999.000000
[rows 102 to 135 of 286, columns 77 to 153 of 211]
0.000 0.058 0.010 0.001 0.004 0.001 0.000 0.000 0.000 0.000 0.004 0.001 0.001 0.000 0.000 0.000 0.000 0.004 0.030 0.001 0.010 0.047 0.144 0.010 0.010 0.010 0.018 0.000 0.002 0.002 0.000 0.000 0.000 0.001 0.000 0.000 0.001 0.001 0.002 0.000 0.001 0.000 0.002 0.002 0.000 0.001 0.001 0.000 0.000 0.000 0.001 0.010 0.001 0.000 0.001 0.000 0.000 0.001 0.001 0.000 0.000 0.000 0.000 0.002 0.000 0.001 0.001 0.000 0.000 0.000 0.001 0.000 0.000 0.001 0.002 0.004 0.000
0.010 0.010 0.002 0.001 0.004 0.000 0.000 0.000 0.000 0.010 0.002 0.000 0.000 0.000 0.000 0.001 0.001 0.002 0.002 0.010 0.027 0.010 0.010 0.010 0.010 0.010 0.010 0.000 0.000 0.001 0.000 0.000 0.000 0.002 0.000 0.000 0.001 0.000 0.001 0.000 0.002 0.002 0.032 0.000 0.000 0.000 0.000 0.001 0.000 0.000 0.000 0.002 0.002 0.000 0.000 0.000 0.000 0.001 0.001 0.001 0.000 0.000 0.000 0.001 0.002 0.000 0.000 0.000 0.000 0.000 0.000 0.000 0.001 0.000 0.000 0.001 0.000
0.010 0.010 0.002 0.001 0.010 0.001 0.001 0.001 0.000 0.000 0.010 0.001 0.000 0.000 0.000 0.000 0.000 0.000 0.000 0.001 0.010 0.022 0.010 0.010 0.010 0.010 0.010 0.004 0.001 0.001 0.010 0.002 0.001 0.003 0.000 0.002 0.002 0.002 0.001 0.001 0.000 0.010 0.000 0.000 0.000 0.001 0.000 0.000 0.000 0.000 0.000 0.003 0.000 0.000 0.009 0.003 0.001 0.003 0.002 0.001 0.000 0.003 0.010 0.000 0.000 0.000 0.000 0.001 0.002 0.010 0.003 0.000 0.000 0.000 0.002 0.010 0.002
0.010 0.010 0.002 0.004 0.004 0.008 0.004 0.000 0.000 0.000 0.010 0.001 0.000 0.000 0.000 0.000 0.001 0.001 0.001 0.000 0.096 0.107 0.010 0.010 0.010 0.010 0.010 0.166 0.010 0.010 0.010 0.010 0.010 0.010 0.147 0.010 0.002 0.002 0.001 0.000 0.000 0.023 0.010 0.001 0.000 0.000 0.000 0.000 0.000 0.000 0.000 0.001 0.000 0.000 0.000 0.001 0.001 0.000 0.000 0.000 0.000 0.000 0.000 0.003 0.001 0.001 0.001 0.001 0.000 0.001 0.000 0.000 0.000 0.010 0.010 0.010 0.010
0.010 0.010 0.001 0.004 0.002 0.000 0.000 0.000 0.000 0.000 0.000 0.000 0.000 0.000 0.000 0.000 0.001 0.000 0.000 0.001 0.010 0.010 0.010 0.010 0.010 0.010 0.010 0.010 0.010 0.010 0.010 0.010 0.010 0.010 0.010 0.010 0.002 0.002 0.001 0.001 0.010 0.010 0.010 0.010 0.005 0.000 0.000 0.001 0.000 0.001 0.001 0.004 0.007 0.000 0.000 0.000 0.000 0.000 0.000 0.000 0.000 0.000 0.000 0.000 0.001 0.007 0.000 0.000 0.005 0.000 0.000 0.000 0.001 0.010 0.000 0.010 0.001
0.010 0.010 0.002 0.004 0.002 0.001 0.000 0.000 0.000 0.000 0.000 0.000 0.000 0.000 0.000 0.000 0.000 0.000 0.001 0.010 0.010 0.067 0.249 0.175 0.010 0.010 0.010 0.010 0.189 0.076 0.010 0.010 0.000 0.146 0.000 0.010 0.002 0.002 0.001 0.007 0.010 0.010 0.010 0.010 0.001 0.000 0.000 0.000 0.000 0.000 0.000 0.000 0.004 0.000 0.000 0.000 0.000 0.000 0.001 0.000 0.000 0.000 0.000 0.000 0.000 0.010 0.000 0.001 0.000 0.000 0.000 0.000 0.000 0.010 0.000 0.000 0.010
0.290 0.033 0.001 0.004 0.002 0.000 0.000 0.000 0.000 0.000 0.000 0.000 0.000 0.000 0.002 0.000 0.000 0.000 0.000 0.002 0.010 0.639 0.010 0.010 0.010 0.010 0.010 0.010 0.010 0.010 0.010 0.010 0.117 0.010 0.024 0.000 0.002 0.286 0.005 0.000 0.010 0.110 0.001 0.001 0.002 0.000 0.001 0.000 0.001 0.000 0.001 0.000 0.002 0.000 0.001 0.002 0.000 0.000 0.000 0.001 0.001 0.001 0.000 0.001 0.000 0.003 0.000 0.000 0.000 0.000 0.001 0.010 0.000 0.000 0.000 0.032 0.002
0.074 0.010 0.001 0.010 0.005 0.002 0.001 0.000 0.000 0.001 0.001 0.000 0.000 0.000 0.001 0.001 0.010 0.001 0.000 0.002 0.001 0.001 0.002 0.009 0.010 0.008 0.001 0.004 0.010 0.005 0.002 0.004 0.001 0.004 0.004 0.010 0.001 0.010 0.000 0.010 0.011 0.010 0.004 0.000 0.004 0.000 0.001 0.000 0.000 0.000 0.000 0.001 0.001 0.000 0.000 0.000 0.000 0.000 0.000 0.000 0.000 0.001 0.000 0.000 0.000 0.000 0.000 0.000 0.000 0.000 0.057 0.010 0.000 0.000 0.000 0.010 0.001
0.010 0.010 0.001 0.010 0.000 0.000 0.000 0.000 0.000 0.001 0.001 0.003 0.000 0.005 0.001 0.016 0.010 0.010 0.002 0.001 0.001 0.001 0.010 0.001 0.046 0.008 0.010 0.004 0.010 0.004 0.001 0.001 0.001 0.001 0.001 0.005 0.000 0.041 0.002 0.010 0.010 0.004 0.001 0.004 0.001 0.001 0.001 0.001 0.001 0.001 0.001 0.001 0.010 0.012 0.010 0.010 0.001 0.001 0.001 0.001 0.001 0.001 0.001 0.000 0.000 0.001 0.001 0.001 0.001 0.001 0.002 0.010 0.004 0.010 0.010 0.010 0.010
0.010 0.002 0.002 0.002 0.001 0.000 0.000 0.000 0.000 0.000 0.004 0.000 0.000 0.001 0.006 0.000 0.000 0.000 0.002 0.010 0.010 0.010 0.006 0.008 0.010 0.004 0.020 0.001 0.004 0.009 0.001 0.000 0.000 0.001 0.001 0.004 0.010 0.032 0.002 0.002 0.004 0.004 0.001 0.001 0.001 0.001 0.001 0.001 0.002 0.001 0.004 0.001 0.001 0.001 0.001 0.005 0.002 0.000 0.001 0.000 0.001 0.003 0.003 0.001 0.001 0.001 0.001 0.001 0.001 0.001 0.000 0.001 0.000 0.000 0.001 0.004 0.010
0.010 0.002 0.002 0.002 0.000 0.000 0.000 0.000 0.000 0.000 0.004 0.001 0.001 0.010 0.010 0.019 0.000 0.002 0.001 0.000 0.001 0.000 0.000 0.000 0.001 0.010 0.010 0.010 0.010 0.010 0.001 0.000 0.005 0.000 0.000 0.000 0.001 0.253 0.002 0.010 0.000 0.000 0.010 0.010 0.010 0.001 0.001 0.000 0.010 0.010 0.010 0.002 0.009 0.010 0.139 0.010 0.001 0.000 0.000 0.000 0.000 0.001 0.010 0.000 0.000 0.001 0.000 0.000 0.001 0.010 0.010 0.000 0.000 0.000 0.000 0.000 0.001
0.010 0.001 0.010 0.001 0.000 0.000 0.001 0.001 0.000 0.000 0.005 0.001 0.012 0.010 0.003 0.001 0.000 0.001 0.004 0.010 0.010 0.056 0.010 0.000 0.001 0.010 0.010 0.010 0.010 0.010 0.026 0.000 0.010 0.000 0.001 0.000 0.001 0.010 0.006 0.010 0.010 0.010 0.103 0.010 0.010 0.001 0.000 0.000 0.010 0.010 0.010 0.001 0.000 0.010 0.010 0.010 0.000 0.001 0.001 0.000 0.000 0.001 0.000 0.000 0.001 0.002 0.001 0.010 0.005 0.010 0.031 0.001 0.000 0.000 0.000 0.000 0.001
0.004 0.001 0.010 0.001 0.000 0.000 0.000 0.000 0.000 0.001 0.028 0.010 0.010 0.000 0.000 0.000 0.010 0.002 0.001 0.001 0.000 0.000 0.000 0.000 0.002 0.001 0.010 0.010 0.058 0.010 0.001 0.010 0.010 0.000 0.000 0.000 0.000 0.010 0.002 0.001 0.001 0.000 0.000 0.000 0.001 0.010 0.000 0.000 0.010 0.002 0.001 0.003 0.002 0.002 0.001 0.010 0.000 0.000 0.000 0.000 0.000 0.000 0.000 0.000 0.000 0.001 0.000 0.000 0.010 0.007 0.004 0.000 0.000 0.022 0.000 0.000 0.002
0.001 0.002 0.002 0.001 0.000 0.009 0.001 0.000 0.000 0.001 0.006 0.000 0.000 0.000 0.000 0.000 0.001 0.000 0.042 0.000 0.001 0.001 0.000 0.000 0.001 0.002 0.010 0.010 0.010 0.034 0.001 0.010 0.010 0.000 0.000 0.000 0.001 0.067 0.001 0.001 0.004 0.001 0.000 0.000 0.001 0.196 0.000 0.000 0.010 0.003 0.000 0.001 0.004 0.000 0.004 0.004 0.002 0.002 0.010 0.010 0.002 0.000 0.000 0.000 0.001 0.001 0.000 0.001 0.001 0.000 0.001 0.001 0.000 0.000 0.000 0.000 0.001
0.002 0.002 0.001 0.000 0.000 0.002 0.000 0.000 0.000 0.000 0.005 0.000 0.002 0.002 0.001 0.000 0.000 0.001 0.001 0.000 0.000 0.000 0.000 0.000 0.001 0.009 0.010 0.010 0.010 0.004 0.001 0.010 0.020 0.001 0.000 0.004 0.001 0.004 0.001 0.010 0.004 0.001 0.000 0.000 0.003 0.010 0.001 0.001 0.001 0.000 0.000 0.000 0.000 0.000 0.000 0.000 0.002 0.004 0.002 0.010 0.002 0.000 0.000 0.001 0.001 0.002 0.000 0.000 0.000 0.000 0.001 0.004 0.000 0.000 0.001 0.000 0.000
0.001 0.010 0.001 0.001 0.000 0.000 0.000 0.000 0.000 0.000 0.003 0.000 0.001 0.001 0.001 0.000 0.010 0.000 0.000 0.000 0.000 0.000 0.000 0.000 0.001 0.001 0.001 0.003 0.004 0.004 0.000 0.000 0.010 0.010 0.001 0.002 0.001 0.010 0.001 0.002 0.004 0.002 0.000 0.000 0.001 0.001 0.001 0.000 0.002 0.000 0.000 0.001 0.000 0.000 0.001 0.000 0.001 0.000 0.000 0.003 0.000 0.000 0.000 0.000 0.002 0.009 0.000 0.010 0.026 0.000 0.001 0.010 0.001 0.002 0.010 0.000 0.000
0.002 0.010 0.002 0.004 0.001 0.000 0.001 0.000 0.000 0.001 0.010 0.000 0.000 0.000 0.065 0.000 0.231 0.000 0.000 0.000 0.000 0.000 0.000 0.000 0.001 0.001 0.000 0.000 0.004 0.010 0.000 0.002 0.000 0.001 0.001 0.000 0.000 0.010 0.002 0.010 0.010 0.010 0.000 0.000 0.000 0.004 0.003 0.002 0.004 0.001 0.002 0.010 0.000 0.000 0.000 0.000 0.000 0.000 0.000 0.000 0.000 0.000 0.000 0.000 0.000 0.015 0.025 0.010 0.010 0.010 0.073 0.179 0.010 0.199 0.000 0.001 0.010
0.002 0.002 0.000 0.000 0.000 0.000 0.000 0.001 0.002 0.000 0.038 0.002 0.010 0.010 0.012 0.303 0.089 0.000 0.004 0.002 0.003 0.001 0.000 0.000 0.001 0.001 0.003 0.001 0.001 0.001 0.002 0.164 0.281 0.386 0.002 0.000 0.001 0.010 0.001 0.001 0.004 0.010 0.000 0.000 0.016 0.002 0.000 0.004 0.001 0.010 0.010 0.002 0.000 0.001 0.000 0.000 0.001 0.000 0.001 0.000 0.001 0.000 0.000 0.000 0.001 0.001 0.010 0.000 0.000 0.000 0.010 0.010 0.016 0.023 0.004 0.004 0.040
0.010 0.001 0.004 0.002 0.001 0.001 0.000 0.000 0.001 0.000 0.010 0.004 0.543 0.010 0.109 0.255 0.078 0.037 0.002 0.010 0.010 0.010 0.002 0.001 0.002 0.004 0.010 0.000 0.002 0.002 0.061 0.414 0.387 0.315 0.003 0.000 0.003 0.010 0.001 0.001 0.001 0.002 0.003 0.000 0.001 0.001 0.000 0.001 0.001 0.000 0.004 0.000 0.000 0.000 0.000 0.000 0.000 0.000 0.000 0.001 0.000 0.000 0.000 0.000 0.001 0.030 0.001 0.000 0.000 0.000 0.010 0.010 0.023 0.027 0.001 0.010 0.000
0.010 0.001 0.000 0.001 0.000 0.000 0.004 0.000 0.000 0.000 0.078 0.004 0.010 0.010 0.010 0.010 0.237 0.087 0.002 0.010 0.010 0.000 0.002 0.001 0.000 0.004 0.000 0.000 0.000 0.000 0.003 0.433 0.411 0.018 0.001 0.000 0.008 0.004 0.010 0.000 0.000 0.001 0.010 0.002 0.000 0.001 0.001 0.001 0.001 0.001 0.001 0.000 0.000 0.000 0.000 0.000 0.000 0.000 0.001 0.000 0.000 0.001 0.000 0.000 0.010 0.000 0.010 0.010 0.000 0.000 0.010 0.010 0.012 0.010 0.001 0.001 0.000
0.001 0.001 0.001 0.001 0.000 0.000 0.001 0.010 0.009 0.010 0.010 0.010 0.004 0.010 0.010 0.010 0.060 0.028 0.001 0.000 0.000 0.010 0.002 0.001 0.000 0.002 0.000 0.004 0.000 0.000 0.001 0.154 0.343 0.001 0.000 0.001 0.003 0.001 0.004 0.000 0.001 0.002 0.001 0.002 0.000 0.000 0.000 0.000 0.002 0.000 0.001 0.001 0.002 0.001 0.005 0.001 0.010 0.000 0.000 0.000 0.000 0.000 0.000 0.000 0.002 0.007 0.002 0.002 0.003 0.000 0.259 0.021 0.084 0.035 0.366 0.000 0.000
0.001 0.002 0.000 0.001 0.000 0.001 0.000 0.001 0.001 0.002 0.010 0.001 0.001 0.010 0.005 0.001 0.008 0.010 0.001 0.001 0.001 0.010 0.009 0.001 0.001 0.004 0.001 0.070 0.014 0.015 0.011 0.017 0.010 0.001 0.001 0.038 0.002 0.002 0.010 0.000 0.010 0.010 0.002 0.000 0.000 0.001 0.001 0.001 0.002 0.004 0.010 0.001 0.010 0.010 0.010 0.000 0.000 0.000 0.000 0.000 0.000 0.000 0.004 0.001 0.000 0.000 0.000 0.000 0.000 0.000 0.000 0.000 0.005 0.001 0.000 0.001 0.000
0.001 0.000 0.000 0.000 0.000 0.000 0.000 0.001 0.001 0.000 0.251 0.000 0.001 0.000 0.010 0.000 0.000 0.010 0.000 0.000 0.000 0.000 0.026 0.068 0.066 0.046 0.071 0.000 0.000 0.000 0.000 0.030 0.004 0.010 0.001 0.362 0.004 0.004 0.001 0.000 0.002 0.010 0.001 0.000 0.000 0.000 0.000 0.001 0.007 0.010 0.001 0.000 0.004 0.000 0.000 0.000 0.000 0.000 0.000 0.000 0.000 0.000 0.000 0.001 0.000 0.000 0.000 0.000 0.000 0.000 0.000 0.000 0.000 0.000 0.000 0.004 0.000
0.001 0.000 0.000 0.000 0.001 0.000 0.000 0.001 0.001 0.000 0.297 0.000 0.000 0.000 0.011 0.001 0.001 0.042 0.000 0.000 0.000 0.000 0.031 0.022 0.132 0.119 0.001 0.001 0.001 0.002 0.001 0.000 0.047 0.000 0.000 0.048 0.010 0.001 0.000 0.001 0.001 0.010 0.001 0.000 0.000 0.000 0.000 0.000 0.001 0.001 0.004 0.000 0.003 0.010 0.020 0.000 0.000 0.000 0.000 0.000 0.000 0.000 0.000 0.000 0.000 0.000 0.001 0.010 0.002 0.001 0.000 0.000 0.000 0.004 0.000 0.002 0.000
0.004 0.000 0.000 0.000 0.000 0.000 0.000 0.000 0.000 0.000 0.193 0.000 0.000 0.000 0.000 0.010 0.010 0.001 0.001 0.001 0.000 0.000 0.088 0.156 0.114 0.001 0.004 0.008 0.002 0.001 0.001 0.004 0.000 0.000 0.000 0.002 0.002 0.000 0.000 0.001 0.000 0.000 0.004 0.001 0.000 0.000 0.000 0.000 0.000 0.000 0.001 0.000 0.000 0.001 0.000 0.000 0.000 0.000 0.000 0.000 0.000 0.000 0.000 0.000 0.001 0.002 0.002 0.032 0.000 0.001 0.000 0.001 0.000 0.000 0.003 0.001 0.000
0.001 0.001 0.000 0.000 0.000 0.000 0.000 0.000 0.000 0.000 0.196 0.000 0.000 0.000 0.000 0.000 0.000 0.002 0.000 0.001 0.000 0.000 0.085 0.000 0.000 0.000 0.000 0.000 0.000 0.000 0.000 0.000 0.000 0.000 0.000 0.000 0.004 0.001 0.000 0.000 0.000 0.001 0.004 0.002 0.001 0.001 0.001 0.004 0.000 0.000 0.000 0.000 0.000 0.002 0.000 0.000 0.000 0.000 0.000 0.000 0.000 0.000 0.000 0.000 0.000 0.000 0.000 0.010 0.000 0.000 0.000 0.001 0.000 0.000 0.000 0.003 0.001
0.001 0.001 0.004 0.000 0.002 0.000 0.000 0.000 0.000 0.002 0.005 0.000 0.000 0.000 0.000 0.000 0.000 0.000 0.000 0.000 0.000 0.000 0.259 0.000 0.000 0.000 0.000 0.000 0.000 0.000 0.000 0.000 0.000 0.000 0.000 0.001 0.010 0.002 0.000 0.000 0.000 0.000 0.000 0.001 0.002 0.007 0.003 0.010 0.001 0.001 0.000 0.001 0.000 0.000 0.001 0.000 0.000 0.000 0.000 0.000 0.000 0.000 0.000 0.000 0.001 0.000 0.000 0.000 0.000 0.000 0.000 0.000 0.004 0.004 0.001 0.010 0.000
0.002 0.000 0.000 0.001 0.001 0.000 0.000 0.000 0.000 0.002 0.004 0.001 0.000 0.000 0.000 0.001 0.000 0.000 0.000 0.000 0.000 0.000 0.423 0.000 0.000 0.000 0.000 0.000 0.001 0.010 0.001 0.000 0.000 0.000 0.004 0.000 0.004 0.001 0.000 0.000 0.010 0.004 0.000 0.002 0.010 0.005 0.000 0.000 0.000 0.000 0.000 0.001 0.000 0.000 0.000 0.000 0.000 0.000 0.000 0.000 0.000 0.001 0.000 0.000 0.001 0.041 0.000 0.000 0.000 0.000 0.000 0.000 0.000 0.002 0.001 0.000 0.002
0.000 0.001 0.001 0.002 0.004 0.000 0.000 0.000 0.002 0.004 0.001 0.000 0.000 0.001 0.000 0.000 0.000 0.001 0.010 0.010 0.000 0.000 0.495 0.000 0.000 0.000 0.000 0.000 0.000 0.010 0.001 0.000 0.000 0.001 0.000 0.001 0.010 0.004 0.000 0.000 0.002 0.000 0.000 0.000 0.005 0.010 0.001 0.002 0.001 0.001 0.001 0.001 0.002 0.002 0.001 0.004 0.001 0.001 0.000 0.000 0.000 0.000 0.000 0.010 0.001 0.001 0.000 0.000 0.000 0.000 0.001 0.001 0.000 0.000 0.000 0.000 0.001
0.000 0.000 0.001 0.000 0.000 0.001 0.000 0.000 0.001 0.010 0.004 0.010 0.004 0.007 0.010 0.075 0.001 0.000 0.000 0.000 0.000 0.000 0.460 0.001 0.000 0.000 0.000 0.000 0.000 0.010 0.000 0.000 0.000 0.000 0.000 0.000 0.004 0.002 0.002 0.002 0.045 0.000 0.000 0.000 0.001 0.001 0.000 0.000 0.001 0.000 0.001 0.001 0.000 0.000 0.000 0.000 0.001 0.001 0.000 0.000 0.001 0.001 0.000 0.001 0.010 0.000 0.000 0.000 0.000 0.000 0.000 0.000 0.000 0.010 0.042 0.001 0.000
0.000 0.000 0.001 0.000 0.000 0.000 0.000 0.001 0.001 0.005 0.000 0.074 0.000 0.000 0.000 0.000 0.000 0.000 0.000 0.000 0.000 0.000 0.587 0.000 0.000 0.001 0.000 0.000 0.000 0.000 0.000 0.000 0.000 0.002 0.000 0.002 0.010 0.000 0.000 0.000 0.000 0.000 0.000 0.000 0.000 0.000 0.000 0.000 0.000 0.000 0.000 0.002 0.000 0.000 0.000 0.000 0.000 0.000 0.000 0.000 0.000 0.000 0.000 0.001 0.001 0.000 0.000 0.000 0.000 0.001 0.004 0.000 0.000 0.000 0.000 0.014 0.000
0.000 0.001 0.004 0.001 0.000 0.000 0.001 0.001 0.000 0.003 0.002 0.173 0.002 0.002 0.001 0.002 0.010 0.001 0.001 0.002 0.000 0.000 0.420 0.001 0.000 0.000 0.000 0.000 0.000 0.000 0.000 0.000 0.001 0.002 0.000 0.000 0.438 0.001 0.000 0.000 0.010 0.035 0.000 0.000 0.000 0.000 0.001 0.000 0.000 0.000 0.000 0.000 0.001 0.004 0.000 0.000 0.000 0.000 0.000 0.001 0.000 0.000 0.000 0.000 0.001 0.000 0.000 0.038 0.000 0.000 0.000 0.000 0.000 0.000 0.000 0.000 0.000
0.000 0.004 0.000 0.001 0.001 0.000 0.000 0.001 0.000 0.001 0.001 0.010 0.000 0.000 0.010 0.000 0.000 0.001 0.000 0.000 0.001 0.000 0.285 0.001 0.000 0.000 0.000 0.001 0.000 0.001 0.000 0.000 0.010 0.001 0.004 0.002 0.010 0.000 0.010 0.000 0.002 0.000 0.010 0.000 0.000 0.002 0.000 0.004 0.000 0.000 0.000 0.000 0.010 0.001 0.000 0.000 0.000 0.000 0.000 0.000 0.000 0.000 0.000 0.000 0.000 0.037 0.000 0.000 0.008 0.000 0.000 0.000 0.000 0.000 0.000 0.000 0.000
0.002 0.010 0.000 0.001 0.011 0.010 0.001 0.002 0.001 0.002 0.004 0.008 0.010 0.010 0.004 0.004 0.010 0.001 0.000 0.000 0.002 0.001 0.002 0.001 0.001 0.000 0.001 0.001 0.001 0.001 0.000 0.001 0.001 0.000 0.001 0.000 0.010 0.003 0.001 0.001 0.000 0.000 0.000 0.002 0.000 0.001 0.000 0.000 0.000 0.000 0.010 0.000 0.002 0.002 0.000 0.000 0.000 0.000 0.000 0.000 0.000 0.000 0.010 0.000 0.001 0.000 0.010 0.001 0.000 0.000 0.000 0.000 0.004 0.000 0.000 0.000 0.002
