hx_30m/njhx/rain/result-0026.wd
ncols         211
nrows         286
xllcorner     660279.582600
yllcorner     3541874.325092
cellsize      30.000000
NODATA_value  -9999.000000
[rows 204 to 237 of 286, columns 0 to 76 of 211]
0.000 0.000 0.000 0.000 0.000 0.000 0.000 0.000 0.000 0.000 0.000 0.000 0.000 0.000 0.000 0.010 0.120 0.010 0.000 0.009 0.037 0.010 0.037 0.010 0.010 0.010 0.015 0.077 0.009 0.010 0.010 0.098 0.000 0.010 0.010 0.010 0.010 0.010 0.010 0.010 0.120 0.000 0.013 0.523 0.010 0.010 0.009 0.010 0.009 0.010 0.000 0.010 0.000 0.010 0.010 0.010 0.010 0.010 0.000 0.000 0.009 0.009 0.008 0.008 0.000 0.009 0.010 0.009 0.000 0.069 0.010 0.010 0.014 0.010 0.010 0.010 0.000
0.000 0.000 0.000 0.000 0.000 0.000 0.000 0.000 0.000 0.000 0.000 0.000 0.000 0.000 0.101 0.010 0.010 0.010 0.008 0.010 0.010 0.010 0.010 0.010 0.010 0.010 0.010 0.010 0.008 0.010 0.010 0.055 0.000 0.010 0.010 0.019 0.010 0.038 0.010 0.010 0.009 0.000 0.012 0.010 0.010 0.010 0.010 0.010 0.010 0.009 0.010 0.010 0.045 0.010 0.063 0.009 0.009 0.014 0.000 0.007 0.000 0.000 0.000 0.007 0.045 0.010 0.010 0.000 0.010 0.038 0.000 0.010 0.010 0.010 0.000 0.160 0.010
0.000 0.000 0.000 0.000 0.000 0.000 0.000 0.000 0.000 0.000 0.000 0.000 0.000 0.000 0.010 0.117 0.010 0.010 0.010 0.010 0.010 0.010 0.010 0.010 0.010 0.087 0.010 0.077 0.010 0.040 0.010 0.010 0.000 0.020 0.010 0.032 0.010 0.010 0.010 0.010 0.000 0.078 0.010 0.010 0.010 0.010 0.010 0.010 0.010 0.009 0.009 0.010 0.010 0.010 0.010 0.010 0.009 0.009 0.008 0.000 0.000 0.007 0.008 0.010 0.010 0.010 0.010 0.010 0.010 0.055 0.010 0.030 0.010 0.000 0.197 0.098 0.241
0.000 0.000 0.000 0.000 0.000 0.000 0.000 0.000 0.000 0.000 0.000 0.000 0.000 0.000 0.010 0.010 0.010 0.010 0.010 0.010 0.010 0.023 0.010 0.010 0.039 0.010 0.010 0.010 0.010 0.009 0.009 0.010 0.046 0.010 0.010 0.010 0.010 0.010 0.009 0.010 0.010 0.095 0.010 0.010 0.010 0.010 0.010 0.010 0.008 0.000 0.009 0.009 0.010 0.036 0.010 0.009 0.020 0.000 0.000 0.000 0.000 0.006 0.006 0.010 0.010 0.010 0.010 0.010 0.010 0.029 0.010 0.000 0.046 0.010 0.010 0.000 0.010
0.000 0.000 0.000 0.000 0.000 0.000 0.000 0.000 0.000 0.000 0.000 0.000 0.000 0.000 0.010 0.010 0.010 0.018 0.019 0.091 0.047 0.010 0.010 0.057 0.010 0.010 0.010 0.009 0.010 0.010 0.010 0.000 0.010 0.010 0.039 0.009 0.009 0.018 0.010 0.010 0.010 0.079 0.010 0.010 0.010 0.010 0.010 0.026 0.000 0.010 0.009 0.010 0.010 0.000 0.009 0.013 0.010 0.009 0.010 0.008 0.007 0.009 0.010 0.010 0.010 0.010 0.010 0.010 0.010 0.040 0.000 0.011 0.010 0.010 0.000 0.010 0.000
0.000 0.000 0.000 0.000 0.000 0.000 0.000 0.000 0.000 0.000 0.000 0.000 0.000 0.010 0.010 0.010 0.010 0.010 0.010 0.010 0.010 0.010 0.010 0.010 0.009 0.010 0.010 0.010 0.010 0.025 0.071 0.000 0.036 0.010 0.010 0.009 0.000 0.008 0.010 0.010 0.010 0.010 0.010 0.010 0.010 0.010 0.010 0.010 0.010 0.010 0.000 0.100 0.012 0.000 0.000 0.008 0.010 0.010 0.057 0.150 0.008 0.010 0.010 0.010 0.010 0.010 0.061 0.000 0.000 0.358 0.246 0.083 0.010 0.010 0.000 0.019 0.010
0.000 0.000 0.000 0.000 0.000 0.000 0.000 0.000 0.000 0.000 0.000 0.000 0.156 0.010 0.010 0.010 0.067 0.010 0.010 0.037 0.010 0.010 0.010 0.010 0.010 0.010 0.010 0.039 0.000 0.010 0.000 0.063 0.010 0.010 0.010 0.006 0.000 0.008 0.009 0.010 0.010 0.010 0.010 0.010 0.010 0.010 0.041 0.009 0.010 0.010 0.009 0.010 0.000 0.000 0.000 0.049 0.000 0.010 0.010 0.036 0.269 0.142 0.027 0.009 0.010 0.077 0.013 0.010 0.010 0.215 0.152 0.010 0.011 0.000 0.010 0.008 0.010
0.000 0.000 0.000 0.000 0.000 0.000 0.000 0.000 0.000 0.000 0.000 0.000 0.010 0.010 0.010 0.026 0.010 0.010 0.010 0.010 0.010 0.010 0.010 0.040 0.010 0.010 0.010 0.010 0.000 0.000 0.000 0.010 0.010 0.010 0.010 0.000 0.006 0.006 0.008 0.010 0.040 0.010 0.010 0.010 0.010 0.010 0.024 0.010 0.010 0.010 0.000 0.010 0.000 0.000 0.008 0.010 0.000 0.000 0.000 0.010 0.010 0.009 0.120 0.031 0.279 0.010 0.000 0.010 0.010 0.281 0.010 0.026 0.010 0.010 0.010 0.010 0.010
0.000 0.000 0.000 0.000 0.000 0.000 0.000 0.000 0.000 0.000 0.000 0.000 0.010 0.010 0.010 0.010 0.010 0.033 0.010 0.010 0.010 0.010 0.010 0.088 0.010 0.010 0.010 0.010 0.000 0.000 0.000 0.039 0.010 0.039 0.010 0.009 0.006 0.010 0.010 0.016 0.000 0.009 0.010 0.036 0.010 0.050 0.010 0.010 0.010 0.010 0.010 0.010 0.000 0.000 0.008 0.010 0.010 0.020 0.010 0.010 0.010 0.000 0.010 0.160 0.010 0.010 0.010 0.076 0.010 0.000 0.010 0.010 0.010 0.013 0.010 0.013 0.000
0.000 0.000 0.000 0.000 0.000 0.000 0.000 0.000 0.000 0.000 0.000 0.000 0.051 0.010 0.010 0.010 0.397 0.122 0.010 0.010 0.010 0.010 0.010 0.010 0.009 0.010 0.010 0.010 0.000 0.010 0.000 0.011 0.010 0.010 0.010 0.019 0.008 0.009 0.000 0.000 0.014 0.000 0.000 0.000 0.010 0.010 0.000 0.010 0.010 0.010 0.000 0.010 0.010 0.010 0.080 0.010 0.010 0.010 0.010 0.009 0.010 0.017 0.000 0.567 0.010 0.010 0.012 0.010 0.010 0.095 0.093 0.000 0.000 0.010 0.010 0.000 0.000
0.000 0.000 0.000 0.000 0.000 0.000 0.000 0.000 0.000 0.000 0.000 0.010 0.010 0.009 0.010 0.010 0.010 0.010 0.010 0.010 0.010 0.010 0.010 0.010 0.084 0.010 0.010 0.037 0.010 0.586 0.013 0.010 0.114 0.010 0.008 0.010 0.010 0.033 0.010 0.000 0.010 0.010 0.022 0.009 0.010 0.010 0.010 0.010 0.010 0.010 0.010 0.000 0.010 0.042 0.010 0.000 0.010 0.009 0.010 0.010 0.010 0.000 0.040 0.010 0.010 0.012 0.033 0.000 0.010 0.118 0.365 0.141 0.010 0.000 0.000 0.000 0.010
0.000 0.000 0.000 0.000 0.000 0.000 0.000 0.000 0.000 0.000 0.000 0.066 0.010 0.010 0.029 0.010 0.010 0.010 0.010 0.010 0.010 0.010 0.010 0.010 0.010 0.010 0.057 0.010 0.010 0.000 0.010 0.010 0.010 0.010 0.010 0.009 0.010 0.010 0.010 0.013 0.010 0.000 0.000 0.010 0.019 0.010 0.010 0.010 0.065 0.010 0.010 0.000 0.010 0.010 0.010 0.010 0.010 0.010 0.010 0.000 0.159 0.010 0.010 0.066 0.000 0.010 0.054 0.010 0.010 0.000 0.010 0.010 0.055 0.021 0.010 0.010 0.010
0.000 0.000 0.000 0.000 0.000 0.000 0.000 0.000 0.000 0.000 0.263 0.010 0.010 0.010 0.010 0.010 0.010 0.010 0.010 0.010 0.010 0.010 0.009 0.010 0.010 0.010 0.010 0.010 0.020 0.000 0.068 0.010 0.010 0.010 0.012 0.010 0.010 0.010 0.000 0.010 0.010 0.070 0.010 0.010 0.010 0.000 0.000 0.010 0.010 0.033 0.099 0.010 0.010 0.010 0.009 0.014 0.010 0.010 0.000 0.054 0.010 0.010 0.000 0.000 0.010 0.118 0.000 0.000 0.010 0.010 0.010 0.010 0.010 0.010 0.010 0.010 0.010
0.000 0.000 0.000 0.000 0.000 0.000 0.000 0.000 0.000 0.000 0.010 0.010 0.010 0.010 0.010 0.010 0.010 0.010 0.010 0.010 0.010 0.010 0.010 0.022 0.010 0.010 0.010 0.010 0.000 0.279 0.056 0.010 0.010 0.000 0.000 0.009 0.093 0.010 0.010 0.010 0.010 0.010 0.007 0.027 0.010 0.010 0.010 0.010 0.010 0.010 0.000 0.010 0.043 0.010 0.010 0.010 0.000 0.125 0.010 0.070 0.010 0.000 0.000 0.010 0.010 0.010 0.010 0.027 0.010 0.010 0.010 0.010 0.010 0.009 0.000 0.010 0.060
0.000 0.000 0.000 0.000 0.000 0.000 0.000 0.000 0.000 0.000 0.010 0.010 0.010 0.010 0.010 0.010 0.010 0.010 0.010 0.039 0.000 0.010 0.089 0.010 0.010 0.010 0.010 0.000 0.084 0.010 0.010 0.010 0.010 0.013 0.010 0.044 0.010 0.010 0.091 0.010 0.010 0.009 0.009 0.010 0.010 0.010 0.010 0.011 0.022 0.040 0.010 0.009 0.010 0.010 0.010 0.000 0.029 0.010 0.000 0.010 0.010 0.000 0.010 0.010 0.010 0.010 0.000 0.008 0.000 0.010 0.010 0.026 0.010 0.009 0.010 0.010 0.134
0.000 0.000 0.000 0.000 0.000 0.000 0.000 0.000 0.000 0.000 0.000 0.010 0.097 0.023 0.010 0.010 0.010 0.010 0.039 0.000 0.000 0.000 0.010 0.067 0.000 0.000 0.200 0.010 0.010 0.010 0.010 0.010 0.010 0.000 0.000 0.010 0.010 0.000 0.010 0.010 0.010 0.009 0.026 0.010 0.010 0.010 0.017 0.034 0.010 0.017 0.010 0.009 0.010 0.000 0.100 0.010 0.010 0.010 0.015 0.000 0.010 0.010 0.010 0.010 0.025 0.010 0.010 0.009 0.030 0.035 0.010 0.010 0.010 0.000 0.000 0.029 0.077
0.000 0.000 0.000 0.000 0.000 0.000 0.000 0.000 0.000 0.000 0.000 0.000 0.000 0.000 0.195 0.010 0.010 0.010 0.000 0.000 0.000 0.000 0.000 0.010 0.000 0.010 0.010 0.010 0.010 0.010 0.010 0.010 0.010 0.000 0.014 0.010 0.000 0.010 0.010 0.010 0.000 0.009 0.010 0.010 0.010 0.010 0.010 0.010 0.010 0.010 0.010 0.010 0.000 0.034 0.010 0.010 0.010 0.000 0.010 0.009 0.030 0.010 0.010 0.010 0.010 0.009 0.009 0.023 0.010 0.010 0.010 0.000 0.009 0.000 0.010 0.319 0.000
0.000 0.000 0.000 0.000 0.000 0.000 0.000 0.000 0.000 0.000 0.000 0.000 0.010 0.010 0.010 0.010 0.010 0.010 0.000 0.000 0.000 0.000 0.000 0.000 0.000 0.165 0.010 0.010 0.010 0.032 0.010 0.010 0.010 0.010 0.010 0.010 0.000 0.010 0.023 0.010 0.009 0.009 0.010 0.000 0.010 0.010 0.010 0.010 0.010 0.014 0.000 0.010 0.010 0.030 0.000 0.000 0.020 0.000 0.010 0.000 0.000 0.009 0.010 0.010 0.010 0.000 0.009 0.010 0.000 0.000 0.010 0.010 0.010 0.010 0.010 0.325 0.009
0.000 0.000 0.000 0.000 0.000 0.000 0.000 0.000 0.000 0.000 0.000 0.000 0.000 0.000 0.000 0.010 0.010 0.010 0.010 0.000 0.000 0.000 0.031 0.000 0.000 0.000 0.000 0.060 0.010 0.010 0.010 0.010 0.010 0.010 0.035 0.010 0.010 0.010 0.000 0.000 0.010 0.015 0.010 0.029 0.010 0.010 0.048 0.010 0.010 0.000 0.010 0.050 0.010 0.010 0.010 0.010 0.010 0.010 0.000 0.000 0.007 0.000 0.010 0.010 0.006 0.010 0.022 0.000 0.009 0.009 0.008 0.010 0.009 0.010 0.010 0.010 0.010
0.000 0.000 0.000 0.000 0.000 0.000 0.000 0.000 0.000 0.000 0.000 0.000 0.000 0.000 0.000 0.000 0.010 0.010 0.010 0.010 0.010 0.097 0.000 0.000 0.000 0.000 0.000 0.000 0.000 0.086 0.010 0.162 0.031 0.010 0.010 0.010 0.010 0.010 0.019 0.010 0.010 0.010 0.000 0.010 0.000 0.000 0.010 0.000 0.142 0.010 0.022 0.010 0.010 0.010 0.010 0.010 0.010 0.010 0.010 0.010 0.009 0.010 0.011 0.010 0.000 0.000 0.009 0.037 0.010 0.010 0.010 0.010 0.000 0.010 0.010 0.010 0.000
0.000 0.000 0.000 0.000 0.000 0.000 0.000 0.000 0.000 0.000 0.000 0.000 0.000 0.000 0.000 0.000 0.000 0.010 0.010 0.122 0.000 0.000 0.000 0.042 0.000 0.115 0.010 0.010 0.066 0.000 0.000 0.000 0.000 0.000 0.000 0.010 0.033 0.010 0.010 0.010 0.047 0.015 0.010 0.010 0.010 0.010 0.000 0.067 0.010 0.010 0.010 0.010 0.010 0.010 0.010 0.010 0.010 0.010 0.010 0.010 0.010 0.010 0.010 0.010 0.009 0.025 0.010 0.009 0.009 0.064 0.144 0.010 0.000 0.010 0.010 0.000 0.000
0.000 0.000 0.000 0.000 0.000 0.000 0.000 0.000 0.000 0.000 0.000 0.000 0.000 0.000 0.000 0.000 0.000 0.000 0.000 0.202 0.000 0.000 0.000 0.010 0.000 0.010 0.010 0.000 0.000 0.000 0.000 0.074 0.010 0.010 0.036 0.000 0.010 0.010 0.019 0.010 0.010 0.010 0.010 0.033 0.010 0.353 0.010 0.010 0.010 0.010 0.010 0.010 0.052 0.025 0.010 0.010 0.010 0.010 0.010 0.010 0.010 0.036 0.010 0.010 0.010 0.000 0.000 0.009 0.011 0.000 0.000 0.010 0.008 0.010 0.010 0.000 0.009
0.000 0.000 0.000 0.000 0.000 0.000 0.000 0.000 0.000 0.000 0.000 0.000 0.000 0.000 0.000 0.000 0.000 0.000 0.000 0.000 0.027 0.000 0.000 0.000 0.000 0.010 0.000 0.000 0.000 0.000 0.000 0.000 0.000 0.000 0.000 0.010 0.071 0.000 0.000 0.010 0.010 0.010 0.029 0.010 0.000 0.010 0.010 0.010 0.010 0.028 0.010 0.010 0.000 0.010 0.010 0.010 0.026 0.010 0.010 0.010 0.010 0.210 0.010 0.010 0.010 0.010 0.010 0.010 0.010 0.009 0.007 0.010 0.031 0.009 0.010 0.009 0.016
0.000 0.000 0.000 0.000 0.000 0.000 0.000 0.000 0.000 0.000 0.000 0.000 0.000 0.000 0.000 0.000 0.000 0.000 0.000 0.000 0.000 0.025 0.000 0.000 0.030 0.000 0.000 0.000 0.000 0.000 0.000 0.000 0.000 0.000 0.000 0.000 0.000 0.010 0.010 0.140 0.000 0.000 0.000 0.010 0.000 0.010 0.010 0.010 0.010 0.010 0.037 0.010 0.010 0.010 0.010 0.000 0.000 0.000 0.000 0.000 0.170 0.301 0.010 0.009 0.009 0.000 0.010 0.010 0.047 0.007 0.008 0.009 0.009 0.010 0.008 0.008 0.009
0.000 0.000 0.000 0.000 0.000 0.000 0.000 0.000 0.000 0.000 0.000 0.000 0.000 0.000 0.000 0.000 0.000 0.000 0.000 0.000 0.000 0.000 0.000 0.030 0.000 0.000 0.000 0.000 0.000 0.000 0.000 0.000 0.000 0.000 0.000 0.000 0.000 0.000 0.000 0.010 0.057 0.010 0.010 0.100 0.000 0.000 0.000 0.035 0.010 0.010 0.010 0.040 0.165 0.144 0.045 0.010 0.010 0.010 0.000 0.010 0.010 0.010 0.007 0.007 0.013 0.010 0.010 0.010 0.010 0.000 0.065 0.010 0.010 0.010 0.009 0.010 0.000
0.000 0.000 0.000 0.000 0.000 0.000 0.000 0.000 0.000 0.000 0.000 0.000 0.000 0.000 0.000 0.000 0.000 0.000 0.000 0.000 0.000 0.000 0.000 0.000 0.000 0.000 0.000 0.000 0.000 0.000 0.000 0.000 0.000 0.000 0.000 0.000 0.000 0.000 0.000 0.000 0.000 0.000 0.000 0.000 0.000 0.000 0.000 0.118 0.000 0.000 0.235 0.026 0.097 0.010 0.010 0.010 0.031 0.010 0.010 0.010 0.010 0.138 0.000 0.000 0.000 0.008 0.010 0.010 0.010 0.000 0.009 0.010 0.010 0.163 0.093 0.010 0.010
0.000 0.000 0.000 0.000 0.000 0.000 0.000 0.000 0.000 0.000 0.000 0.000 0.000 0.000 0.000 0.000 0.000 0.000 0.000 0.000 0.000 0.000 0.000 0.000 0.000 0.000 0.000 0.000 0.000 0.000 0.000 0.000 0.000 0.000 0.000 0.000 0.000 0.000 0.000 0.000 0.000 0.000 0.000 0.000 0.000 0.000 0.000 0.000 0.000 0.035 0.000 0.000 0.010 0.010 0.014 0.061 0.010 0.010 0.010 0.010 0.010 0.010 0.050 0.010 0.010 0.000 0.000 0.010 0.000 0.010 0.047 0.010 0.010 0.000 0.008 0.008 0.008
0.000 0.000 0.000 0.000 0.000 0.000 0.000 0.000 0.000 0.000 0.000 0.000 0.000 0.000 0.000 0.000 0.000 0.000 0.000 0.000 0.000 0.000 0.000 0.000 0.000 0.000 0.000 0.000 0.000 0.000 0.000 0.000 0.000 0.000 0.000 0.000 0.000 0.000 0.000 0.000 0.000 0.000 0.000 0.000 0.000 0.000 0.000 0.000 0.000 0.000 0.000 0.035 0.000 0.000 0.000 0.010 0.010 0.010 0.031 0.010 0.010 0.010 0.010 0.010 0.024 0.010 0.010 0.010 0.000 0.010 0.000 0.009 0.015 0.010 0.008 0.000 0.010
0.000 0.000 0.000 0.000 0.000 0.000 0.000 0.000 0.000 0.000 0.000 0.000 0.000 0.000 0.000 0.000 0.000 0.000 0.000 0.000 0.000 0.000 0.000 0.000 0.000 0.000 0.000 0.000 0.000 0.000 0.000 0.000 0.000 0.000 0.000 0.000 0.000 0.000 0.000 0.000 0.000 0.000 0.000 0.000 0.000 0.000 0.000 0.000 0.000 0.000 0.000 0.000 0.000 0.000 0.010 0.010 0.000 0.000 0.000 0.000 0.043 0.010 0.010 0.010 0.010 0.010 0.026 0.010 0.010 0.010 0.010 0.052 0.000 0.000 0.012 0.008 0.000
0.000 0.000 0.000 0.000 0.000 0.000 0.000 0.000 0.000 0.000 0.000 0.000 0.000 0.000 0.000 0.000 0.000 0.000 0.000 0.000 0.000 0.000 0.000 0.000 0.000 0.000 0.000 0.000 0.000 0.000 0.000 0.000 0.000 0.000 0.000 0.000 0.000 0.000 0.000 0.000 0.000 0.000 0.000 0.000 0.000 0.000 0.000 0.000 0.000 0.000 0.000 0.000 0.000 0.000 0.000 0.000 0.000 0.000 0.000 0.034 0.000 0.000 0.000 0.000 0.025 0.010 0.010 0.010 0.010 0.009 0.058 0.010 0.010 0.010 0.000 0.025 0.009
0.000 0.000 0.000 0.000 0.000 0.000 0.000 0.000 0.000 0.000 0.000 0.000 0.000 0.000 0.000 0.000 0.000 0.000 0.000 0.000 0.000 0.000 0.000 0.000 0.000 0.000 0.000 0.000 0.000 0.000 0.000 0.000 0.000 0.000 0.000 0.000 0.000 0.000 0.000 0.000 0.000 0.000 0.000 0.000 0.000 0.000 0.000 0.000 0.000 0.000 0.000 0.000 0.000 0.000 0.000 0.000 0.000 0.000 0.000 0.000 0.000 0.000 0.010 0.057 0.000 0.000 0.000 0.022 0.010 0.009 0.010 0.010 0.036 0.009 0.010 0.009 0.000
0.000 0.000 0.000 0.000 0.000 0.000 0.000 0.000 0.000 0.000 0.000 0.000 0.000 0.000 0.000 0.000 0.000 0.000 0.000 0.000 0.000 0.000 0.000 0.000 0.000 0.000 0.000 0.000 0.000 0.000 0.000 0.000 0.000 0.000 0.000 0.000 0.000 0.000 0.000 0.000 0.000 0.000 0.000 0.000 0.000 0.000 0.000 0.000 0.000 0.000 0.000 0.000 0.000 0.000 0.000 0.000 0.000 0.000 0.000 0.000 0.000 0.000 0.000 0.000 0.000 0.010 0.061 0.000 0.000 0.075 0.010 0.013 0.010 0.010 0.016 0.010 0.010
0.000 0.000 0.000 0.000 0.000 0.000 0.000 0.000 0.000 0.000 0.000 0.000 0.000 0.000 0.000 0.000 0.000 0.000 0.000 0.000 0.000 0.000 0.000 0.000 0.000 0.000 0.000 0.000 0.000 0.000 0.000 0.000 0.000 0.000 0.000 0.000 0.000 0.000 0.000 0.000 0.000 0.000 0.000 0.000 0.000 0.000 0.000 0.000 0.000 0.000 0.000 0.000 0.000 0.000 0.000 0.000 0.000 0.000 0.000 0.000 0.000 0.000 0.000 0.000 0.000 0.000 0.000 0.000 0.000 0.000 0.000 0.000 0.023 0.008 0.010 0.009 0.026
0.000 0.000 0.000 0.000 0.000 0.000 0.000 0.000 0.000 0.000 0.000 0.000 0.000 0.000 0.000 0.000 0.000 0.000 0.000 0.000 0.000 0.000 0.000 0.000 0.000 0.000 0.000 0.000 0.000 0.000 0.000 0.000 0.000 0.000 0.000 0.000 0.000 0.000 0.000 0.000 0.000 0.000 0.000 0.000 0.000 0.000 0.000 0.000 0.000 0.000 0.000 0.000 0.000 0.000 0.000 0.000 0.000 0.000 0.000 0.000 0.000 0.000 0.000 0.000 0.000 0.000 0.000 0.000 0.000 0.000 0.000 0.000 0.000 0.000 0.009 0.009 0.010
