hx_30m/njhx/rain/result-0018.wd
ncols         211
nrows         286
xllcorner     660279.582600
yllcorner     3541874.325092
cellsize      30.000000
NODATA_value  -9999.000000
[rows 170 to 203 of 286, columns 77 to 153 of 211]
0.010 0.003 0.010 0.005 0.083 0.010 0.003 0.003 0.005 0.006 0.005 0.009 0.010 0.009 0.009 0.009 0.007 0.010 0.010 0.010 0.007 0.005 0.003 0.002 0.005 0.000 0.010 0.007 0.010 0.008 0.007 0.004 0.003 0.009 0.004 0.003 0.006 0.003 0.003 0.003 0.008 0.009 0.010 0.010 0.002 0.002 0.000 0.000 0.002 0.001 0.002 0.002 0.000 0.003 0.003 0.002 0.000 0.001 0.003 0.003 0.006 0.000 0.000 0.001 0.004 0.000 0.000 0.001 0.001 0.000 0.000 0.002 0.004 0.002 0.003 0.000 0.010
0.010 0.003 0.006 0.010 0.005 0.002 0.004 0.004 0.002 0.002 0.010 0.005 0.003 0.003 0.003 0.007 0.010 0.009 0.000 0.000 0.005 0.007 0.000 0.000 0.005 0.000 0.010 0.000 0.000 0.006 0.006 0.007 0.005 0.008 0.008 0.000 0.006 0.004 0.007 0.003 0.006 0.005 0.002 0.000 0.002 0.001 0.001 0.000 0.005 0.004 0.002 0.002 0.006 0.000 0.000 0.002 0.000 0.001 0.000 0.000 0.006 0.000 0.000 0.002 0.000 0.000 0.000 0.000 0.001 0.002 0.000 0.003 0.007 0.001 0.000 0.004 0.006
0.008 0.005 0.008 0.004 0.006 0.008 0.006 0.003 0.002 0.000 0.002 0.000 0.007 0.006 0.000 0.004 0.007 0.019 0.010 0.010 0.007 0.007 0.000 0.004 0.009 0.009 0.010 0.000 0.010 0.009 0.002 0.000 0.003 0.008 0.005 0.000 0.003 0.003 0.003 0.002 0.003 0.000 0.004 0.002 0.000 0.001 0.001 0.004 0.006 0.005 0.002 0.002 0.002 0.001 0.000 0.000 0.001 0.004 0.004 0.003 0.006 0.000 0.000 0.000 0.003 0.002 0.003 0.000 0.001 0.000 0.000 0.003 0.003 0.001 0.000 0.003 0.021
0.020 0.008 0.005 0.008 0.011 0.004 0.003 0.010 0.005 0.004 0.005 0.009 0.006 0.004 0.007 0.004 0.000 0.000 0.000 0.000 0.006 0.005 0.004 0.006 0.009 0.005 0.008 0.000 0.003 0.010 0.002 0.004 0.002 0.002 0.000 0.003 0.005 0.004 0.003 0.003 0.003 0.003 0.000 0.004 0.004 0.005 0.002 0.002 0.002 0.000 0.003 0.000 0.004 0.008 0.000 0.000 0.001 0.001 0.003 0.000 0.006 0.005 0.002 0.002 0.000 0.000 0.003 0.001 0.003 0.001 0.000 0.003 0.003 0.003 0.000 0.006 0.000
0.000 0.010 0.010 0.007 0.006 0.005 0.004 0.011 0.005 0.006 0.005 0.006 0.013 0.005 0.005 0.005 0.007 0.009 0.005 0.009 0.005 0.006 0.005 0.004 0.003 0.000 0.000 0.000 0.000 0.000 0.002 0.000 0.001 0.003 0.008 0.008 0.005 0.004 0.002 0.004 0.003 0.000 0.000 0.004 0.000 0.000 0.000 0.002 0.002 0.000 0.004 0.000 0.003 0.008 0.003 0.000 0.001 0.000 0.002 0.002 0.003 0.003 0.000 0.005 0.003 0.002 0.003 0.000 0.001 0.003 0.000 0.000 0.002 0.016 0.010 0.002 0.000
0.013 0.000 0.010 0.010 0.006 0.003 0.003 0.002 0.006 0.006 0.005 0.006 0.009 0.005 0.007 0.007 0.009 0.014 0.007 0.018 0.009 0.007 0.006 0.006 0.006 0.005 0.004 0.003 0.005 0.007 0.004 0.002 0.003 0.003 0.008 0.005 0.000 0.005 0.003 0.006 0.005 0.000 0.000 0.010 0.004 0.000 0.000 0.000 0.000 0.000 0.003 0.009 0.003 0.003 0.000 0.000 0.000 0.001 0.001 0.003 0.004 0.000 0.002 0.002 0.003 0.005 0.003 0.003 0.001 0.000 0.002 0.002 0.010 0.024 0.004 0.007 0.000
0.000 0.015 0.010 0.010 0.003 0.002 0.002 0.003 0.002 0.003 0.002 0.004 0.006 0.005 0.004 0.005 0.002 0.006 0.005 0.006 0.006 0.006 0.004 0.006 0.006 0.003 0.007 0.005 0.005 0.005 0.006 0.004 0.004 0.003 0.003 0.003 0.002 0.002 0.003 0.004 0.004 0.008 0.010 0.010 0.000 0.000 0.000 0.000 0.001 0.003 0.003 0.000 0.003 0.000 0.000 0.001 0.002 0.002 0.003 0.003 0.000 0.000 0.003 0.003 0.002 0.002 0.002 0.000 0.001 0.000 0.002 0.005 0.128 0.000 0.000 0.010 0.000
0.010 0.010 0.010 0.006 0.002 0.002 0.005 0.007 0.007 0.007 0.003 0.003 0.002 0.002 0.000 0.004 0.005 0.004 0.004 0.007 0.007 0.006 0.000 0.007 0.010 0.006 0.006 0.006 0.006 0.005 0.004 0.004 0.003 0.003 0.003 0.003 0.003 0.004 0.002 0.004 0.005 0.008 0.004 0.003 0.004 0.006 0.005 0.002 0.004 0.007 0.007 0.004 0.003 0.002 0.000 0.001 0.002 0.002 0.001 0.001 0.002 0.005 0.004 0.007 0.000 0.003 0.002 0.002 0.002 0.000 0.001 0.003 0.000 0.003 0.082 0.000 0.000
0.010 0.010 0.009 0.003 0.003 0.002 0.004 0.003 0.003 0.004 0.006 0.005 0.003 0.003 0.005 0.005 0.005 0.006 0.005 0.003 0.010 0.009 0.007 0.007 0.008 0.004 0.007 0.000 0.004 0.000 0.000 0.000 0.005 0.005 0.003 0.002 0.003 0.006 0.003 0.005 0.002 0.006 0.007 0.005 0.006 0.006 0.004 0.004 0.004 0.004 0.004 0.003 0.003 0.003 0.002 0.002 0.004 0.002 0.000 0.000 0.003 0.000 0.008 0.009 0.009 0.005 0.007 0.002 0.002 0.003 0.002 0.001 0.000 0.003 0.001 0.002 0.009
0.010 0.004 0.008 0.003 0.004 0.007 0.007 0.004 0.003 0.005 0.002 0.002 0.004 0.004 0.000 0.004 0.007 0.010 0.010 0.007 0.006 0.005 0.007 0.010 0.012 0.010 0.009 0.007 0.007 0.007 0.005 0.009 0.006 0.005 0.000 0.000 0.000 0.003 0.003 0.006 0.004 0.008 0.009 0.010 0.010 0.010 0.010 0.010 0.010 0.007 0.010 0.003 0.005 0.000 0.004 0.002 0.002 0.002 0.005 0.007 0.005 0.004 0.005 0.003 0.006 0.007 0.009 0.010 0.000 0.002 0.003 0.002 0.002 0.004 0.002 0.005 0.000
0.010 0.010 0.002 0.001 0.001 0.003 0.005 0.003 0.007 0.005 0.010 0.004 0.004 0.003 0.003 0.005 0.010 0.010 0.042 0.010 0.010 0.005 0.005 0.014 0.000 0.006 0.007 0.004 0.006 0.000 0.005 0.007 0.007 0.003 0.000 0.000 0.000 0.003 0.004 0.006 0.004 0.008 0.008 0.009 0.010 0.010 0.010 0.010 0.010 0.005 0.010 0.003 0.003 0.000 0.005 0.002 0.003 0.002 0.000 0.003 0.003 0.007 0.003 0.003 0.005 0.005 0.005 0.005 0.007 0.005 0.003 0.002 0.000 0.002 0.003 0.002 0.000
0.010 0.003 0.002 0.002 0.009 0.003 0.007 0.002 0.003 0.003 0.002 0.002 0.004 0.003 0.000 0.007 0.010 0.027 0.010 0.010 0.006 0.004 0.000 0.009 0.010 0.010 0.006 0.009 0.009 0.009 0.004 0.004 0.005 0.002 0.004 0.001 0.002 0.003 0.002 0.003 0.003 0.008 0.008 0.009 0.009 0.010 0.010 0.012 0.010 0.003 0.004 0.000 0.005 0.010 0.002 0.000 0.000 0.000 0.001 0.003 0.002 0.000 0.008 0.000 0.004 0.004 0.004 0.006 0.006 0.006 0.005 0.008 0.000 0.006 0.003 0.002 0.000
0.005 0.006 0.001 0.002 0.002 0.003 0.002 0.004 0.004 0.003 0.003 0.003 0.002 0.000 0.005 0.007 0.010 0.010 0.026 0.020 0.007 0.006 0.009 0.007 0.007 0.008 0.007 0.007 0.009 0.007 0.000 0.006 0.004 0.004 0.008 0.005 0.007 0.005 0.003 0.003 0.003 0.008 0.008 0.009 0.009 0.009 0.010 0.010 0.007 0.004 0.000 0.004 0.002 0.000 0.002 0.000 0.002 0.003 0.002 0.000 0.000 0.003 0.003 0.005 0.005 0.004 0.005 0.010 0.010 0.005 0.006 0.006 0.004 0.006 0.010 0.010 0.000
0.006 0.006 0.006 0.003 0.003 0.001 0.002 0.003 0.002 0.002 0.003 0.010 0.009 0.000 0.007 0.007 0.010 0.023 0.010 0.010 0.009 0.004 0.007 0.011 0.007 0.007 0.000 0.004 0.006 0.004 0.006 0.008 0.008 0.003 0.008 0.006 0.000 0.005 0.004 0.006 0.003 0.008 0.008 0.009 0.009 0.009 0.009 0.010 0.004 0.003 0.000 0.004 0.000 0.000 0.002 0.000 0.004 0.002 0.002 0.003 0.004 0.003 0.001 0.004 0.000 0.000 0.005 0.009 0.007 0.007 0.010 0.005 0.005 0.009 0.009 0.010 0.004
0.003 0.009 0.009 0.009 0.006 0.004 0.003 0.003 0.002 0.002 0.003 0.006 0.006 0.006 0.005 0.006 0.014 0.009 0.010 0.010 0.007 0.004 0.007 0.009 0.006 0.007 0.004 0.004 0.006 0.004 0.006 0.006 0.000 0.003 0.004 0.003 0.000 0.004 0.005 0.004 0.006 0.008 0.009 0.009 0.009 0.009 0.010 0.010 0.010 0.000 0.000 0.000 0.000 0.000 0.002 0.003 0.004 0.004 0.007 0.008 0.000 0.007 0.004 0.002 0.005 0.000 0.001 0.000 0.005 0.004 0.014 0.010 0.006 0.005 0.010 0.009 0.003
0.004 0.010 0.009 0.003 0.004 0.003 0.005 0.002 0.001 0.002 0.004 0.003 0.009 0.010 0.010 0.007 0.003 0.000 0.010 0.000 0.005 0.005 0.004 0.003 0.004 0.006 0.000 0.007 0.000 0.004 0.006 0.006 0.005 0.003 0.009 0.009 0.004 0.002 0.008 0.004 0.000 0.008 0.009 0.009 0.009 0.010 0.010 0.010 0.005 0.010 0.007 0.003 0.002 0.007 0.008 0.010 0.000 0.000 0.007 0.010 0.007 0.010 0.002 0.005 0.000 0.003 0.002 0.000 0.005 0.004 0.003 0.010 0.009 0.010 0.010 0.006 0.005
0.010 0.007 0.003 0.003 0.002 0.005 0.003 0.002 0.003 0.010 0.021 0.005 0.010 0.008 0.000 0.002 0.007 0.000 0.017 0.000 0.006 0.007 0.005 0.002 0.003 0.003 0.002 0.003 0.003 0.003 0.004 0.000 0.007 0.004 0.004 0.003 0.003 0.003 0.004 0.004 0.153 0.009 0.009 0.010 0.010 0.011 0.010 0.010 0.004 0.000 0.008 0.007 0.005 0.000 0.005 0.010 0.010 0.010 0.007 0.009 0.000 0.009 0.003 0.000 0.010 0.010 0.002 0.000 0.004 0.009 0.007 0.002 0.002 0.002 0.004 0.004 0.000
0.004 0.009 0.004 0.005 0.003 0.002 0.002 0.003 0.002 0.010 0.003 0.008 0.002 0.000 0.004 0.000 0.004 0.000 0.000 0.000 0.010 0.010 0.006 0.003 0.000 0.000 0.000 0.003 0.003 0.002 0.002 0.002 0.002 0.002 0.003 0.003 0.007 0.004 0.004 0.003 0.100 0.000 0.009 0.010 0.010 0.010 0.010 0.008 0.006 0.000 0.010 0.006 0.008 0.008 0.008 0.014 0.007 0.010 0.009 0.005 0.007 0.007 0.005 0.000 0.000 0.000 0.005 0.002 0.004 0.003 0.000 0.000 0.000 0.000 0.017 0.000 0.003
0.004 0.006 0.002 0.004 0.003 0.004 0.004 0.009 0.008 0.010 0.012 0.002 0.002 0.002 0.000 0.004 0.000 0.000 0.000 0.000 0.004 0.010 0.005 0.000 0.000 0.000 0.000 0.000 0.000 0.000 0.004 0.004 0.007 0.007 0.003 0.003 0.002 0.003 0.004 0.003 0.009 0.009 0.010 0.000 0.010 0.010 0.010 0.010 0.010 0.010 0.006 0.010 0.009 0.000 0.000 0.009 0.010 0.008 0.008 0.012 0.007 0.005 0.006 0.004 0.000 0.000 0.000 0.004 0.002 0.002 0.000 0.000 0.001 0.000 0.000 0.000 0.001
0.003 0.002 0.002 0.002 0.002 0.002 0.007 0.006 0.008 0.006 0.007 0.001 0.000 0.002 0.004 0.010 0.000 0.000 0.010 0.010 0.004 0.017 0.010 0.000 0.003 0.002 0.002 0.000 0.002 0.006 0.006 0.002 0.004 0.008 0.004 0.000 0.000 0.004 0.003 0.003 0.003 0.007 0.000 0.010 0.010 0.000 0.010 0.005 0.007 0.010 0.009 0.000 0.005 0.007 0.005 0.005 0.008 0.005 0.006 0.006 0.008 0.002 0.002 0.005 0.002 0.003 0.002 0.004 0.002 0.000 0.002 0.001 0.002 0.002 0.001 0.004 0.004
0.004 0.004 0.005 0.005 0.002 0.005 0.004 0.002 0.003 0.002 0.003 0.003 0.002 0.000 0.005 0.006 0.000 0.000 0.000 0.011 0.006 0.005 0.000 0.003 0.002 0.002 0.005 0.003 0.000 0.003 0.000 0.004 0.005 0.004 0.002 0.003 0.004 0.003 0.004 0.005 0.008 0.006 0.004 0.006 0.000 0.000 0.103 0.000 0.010 0.010 0.009 0.003 0.000 0.010 0.009 0.009 0.000 0.004 0.005 0.002 0.002 0.008 0.010 0.017 0.000 0.003 0.004 0.004 0.006 0.000 0.002 0.002 0.010 0.003 0.003 0.013 0.010
0.003 0.003 0.004 0.010 0.011 0.004 0.004 0.006 0.003 0.004 0.002 0.002 0.000 0.005 0.005 0.005 0.010 0.012 0.000 0.000 0.005 0.000 0.004 0.002 0.002 0.000 0.005 0.002 0.006 0.009 0.009 0.009 0.004 0.002 0.003 0.000 0.003 0.004 0.004 0.010 0.010 0.000 0.010 0.007 0.006 0.006 0.007 0.004 0.013 0.000 0.010 0.010 0.018 0.010 0.010 0.002 0.002 0.004 0.016 0.005 0.004 0.005 0.006 0.010 0.010 0.000 0.009 0.000 0.000 0.002 0.004 0.004 0.010 0.010 0.005 0.009 0.010
0.003 0.006 0.006 0.004 0.003 0.004 0.003 0.006 0.005 0.005 0.002 0.002 0.003 0.000 0.009 0.009 0.003 0.009 0.010 0.000 0.010 0.006 0.002 0.002 0.000 0.000 0.003 0.006 0.010 0.009 0.004 0.003 0.005 0.004 0.002 0.000 0.004 0.004 0.034 0.010 0.010 0.000 0.000 0.010 0.006 0.004 0.002 0.003 0.000 0.010 0.019 0.000 0.010 0.010 0.010 0.014 0.010 0.005 0.000 0.000 0.003 0.004 0.010 0.009 0.006 0.005 0.004 0.007 0.002 0.001 0.000 0.010 0.005 0.003 0.000 0.029 0.009
0.005 0.002 0.003 0.007 0.004 0.004 0.005 0.008 0.003 0.003 0.002 0.002 0.000 0.003 0.010 0.004 0.002 0.004 0.000 0.003 0.007 0.010 0.007 0.007 0.000 0.003 0.005 0.010 0.010 0.010 0.000 0.003 0.000 0.003 0.000 0.000 0.004 0.004 0.003 0.005 0.000 0.000 0.000 0.010 0.000 0.010 0.007 0.006 0.010 0.005 0.010 0.010 0.023 0.000 0.010 0.010 0.010 0.007 0.000 0.000 0.000 0.009 0.010 0.003 0.007 0.004 0.003 0.000 0.002 0.004 0.005 0.002 0.005 0.010 0.010 0.005 0.029
0.006 0.006 0.006 0.004 0.004 0.006 0.006 0.006 0.005 0.002 0.002 0.002 0.000 0.002 0.003 0.004 0.004 0.005 0.003 0.005 0.007 0.003 0.004 0.007 0.004 0.003 0.005 0.010 0.010 0.003 0.006 0.003 0.000 0.004 0.000 0.003 0.004 0.003 0.003 0.007 0.010 0.010 0.010 0.000 0.000 0.000 0.002 0.005 0.004 0.005 0.004 0.006 0.010 0.010 0.027 0.000 0.027 0.010 0.010 0.006 0.002 0.010 0.038 0.011 0.006 0.009 0.003 0.003 0.001 0.001 0.001 0.001 0.003 0.010 0.009 0.009 0.010
0.006 0.006 0.004 0.004 0.005 0.005 0.006 0.008 0.004 0.002 0.077 0.000 0.002 0.002 0.002 0.002 0.004 0.003 0.005 0.004 0.008 0.003 0.000 0.004 0.003 0.003 0.000 0.000 0.001 0.000 0.003 0.003 0.004 0.000 0.000 0.003 0.004 0.007 0.002 0.008 0.000 0.000 0.010 0.010 0.010 0.010 0.004 0.003 0.013 0.010 0.010 0.007 0.006 0.005 0.010 0.010 0.010 0.000 0.024 0.010 0.009 0.010 0.010 0.010 0.010 0.004 0.002 0.002 0.001 0.002 0.000 0.001 0.001 0.003 0.004 0.007 0.010
0.003 0.005 0.005 0.010 0.006 0.006 0.004 0.006 0.004 0.004 0.019 0.004 0.004 0.002 0.003 0.002 0.008 0.000 0.000 0.010 0.009 0.000 0.004 0.003 0.008 0.000 0.000 0.000 0.000 0.002 0.000 0.005 0.000 0.004 0.007 0.009 0.009 0.010 0.002 0.005 0.000 0.000 0.012 0.000 0.010 0.006 0.016 0.005 0.004 0.005 0.029 0.000 0.005 0.004 0.006 0.009 0.010 0.010 0.010 0.000 0.031 0.010 0.010 0.022 0.006 0.005 0.004 0.000 0.002 0.001 0.000 0.002 0.001 0.005 0.000 0.010 0.000
0.004 0.008 0.006 0.000 0.005 0.006 0.010 0.010 0.010 0.000 0.021 0.006 0.006 0.004 0.003 0.003 0.004 0.004 0.008 0.006 0.006 0.002 0.002 0.004 0.000 0.003 0.000 0.003 0.002 0.000 0.000 0.000 0.005 0.007 0.009 0.003 0.003 0.004 0.004 0.007 0.010 0.010 0.000 0.000 0.000 0.007 0.010 0.003 0.003 0.008 0.010 0.010 0.000 0.000 0.003 0.006 0.004 0.010 0.010 0.010 0.010 0.000 0.028 0.010 0.004 0.000 0.009 0.000 0.000 0.001 0.000 0.002 0.002 0.003 0.004 0.000 0.000
0.010 0.010 0.010 0.010 0.007 0.004 0.007 0.000 0.000 0.016 0.004 0.000 0.009 0.002 0.002 0.007 0.002 0.006 0.003 0.004 0.006 0.005 0.003 0.004 0.000 0.007 0.002 0.001 0.002 0.000 0.005 0.010 0.008 0.009 0.006 0.003 0.004 0.005 0.004 0.004 0.000 0.010 0.010 0.010 0.010 0.005 0.003 0.000 0.000 0.007 0.010 0.009 0.010 0.006 0.009 0.009 0.003 0.005 0.005 0.007 0.010 0.010 0.010 0.000 0.000 0.016 0.000 0.003 0.000 0.001 0.001 0.002 0.003 0.009 0.002 0.002 0.002
0.010 0.010 0.010 0.000 0.005 0.007 0.000 0.010 0.010 0.000 0.000 0.004 0.003 0.002 0.002 0.010 0.001 0.002 0.002 0.003 0.002 0.002 0.007 0.004 0.005 0.005 0.005 0.008 0.000 0.000 0.007 0.010 0.010 0.004 0.007 0.003 0.008 0.004 0.008 0.012 0.000 0.012 0.000 0.000 0.009 0.007 0.023 0.010 0.009 0.010 0.000 0.010 0.005 0.000 0.009 0.009 0.006 0.000 0.007 0.005 0.007 0.005 0.009 0.004 0.010 0.000 0.012 0.006 0.000 0.002 0.001 0.000 0.000 0.003 0.016 0.003 0.002
0.010 0.005 0.000 0.005 0.006 0.000 0.007 0.008 0.000 0.004 0.006 0.002 0.001 0.003 0.000 0.000 0.004 0.002 0.002 0.006 0.003 0.000 0.002 0.000 0.005 0.006 0.004 0.003 0.008 0.007 0.010 0.007 0.010 0.004 0.005 0.004 0.008 0.004 0.008 0.010 0.000 0.000 0.000 0.000 0.005 0.005 0.010 0.003 0.006 0.007 0.005 0.003 0.009 0.003 0.010 0.000 0.013 0.004 0.007 0.000 0.003 0.005 0.006 0.000 0.000 0.004 0.009 0.000 0.118 0.010 0.003 0.003 0.000 0.003 0.003 0.004 0.006
0.003 0.004 0.005 0.000 0.010 0.006 0.010 0.000 0.000 0.000 0.002 0.003 0.003 0.000 0.000 0.003 0.002 0.001 0.004 0.003 0.000 0.004 0.002 0.004 0.004 0.004 0.006 0.008 0.010 0.004 0.009 0.005 0.009 0.004 0.003 0.004 0.008 0.005 0.007 0.010 0.010 0.006 0.000 0.009 0.009 0.005 0.009 0.008 0.009 0.000 0.004 0.000 0.000 0.000 0.000 0.004 0.005 0.000 0.007 0.005 0.000 0.003 0.005 0.006 0.005 0.004 0.006 0.003 0.010 0.000 0.000 0.014 0.004 0.010 0.000 0.000 0.000
0.006 0.018 0.000 0.009 0.007 0.010 0.010 0.000 0.004 0.003 0.005 0.010 0.010 0.010 0.004 0.008 0.001 0.000 0.002 0.008 0.003 0.000 0.000 0.003 0.004 0.005 0.004 0.010 0.008 0.000 0.000 0.008 0.005 0.006 0.010 0.006 0.008 0.005 0.005 0.006 0.004 0.005 0.006 0.007 0.007 0.000 0.000 0.005 0.005 0.006 0.003 0.000 0.000 0.000 0.000 0.000 0.004 0.010 0.007 0.006 0.006 0.005 0.022 0.010 0.000 0.008 0.005 0.007 0.007 0.003 0.005 0.000 0.000 0.005 0.000 0.002 0.010
0.000 0.010 0.009 0.003 0.009 0.010 0.003 0.002 0.002 0.002 0.007 0.014 0.010 0.010 0.004 0.000 0.000 0.000 0.003 0.006 0.000 0.000 0.000 0.000 0.004 0.000 0.004 0.015 0.010 0.010 0.005 0.003 0.002 0.006 0.005 0.007 0.006 0.005 0.005 0.005 0.004 0.004 0.003 0.003 0.004 0.005 0.007 0.006 0.000 0.005 0.000 0.000 0.000 0.000 0.010 0.004 0.005 0.004 0.010 0.010 0.006 0.000 0.010 0.000 0.000 0.000 0.004 0.005 0.004 0.000 0.000 0.003 0.006 0.000 0.000 0.004 0.003
