hx_30m/njhx/rain/result-0025.wd
ncols         211
nrows         286
xllcorner     660279.582600
yllcorner     3541874.325092
cellsize      30.000000
NODATA_value  -9999.000000
[rows 34 to 67 of 286, columns 77 to 153 of 211]
0.000 0.000 0.000 0.000 0.000 0.000 0.000 0.015 0.010 0.010 0.010 0.029 0.010 0.010 0.009 0.006 0.005 0.009 0.008 0.009 0.016 0.010 0.005 0.004 0.000 0.000 0.000 0.010 0.000 0.000 0.008 0.009 0.007 0.010 0.007 0.006 0.010 0.010 0.089 0.000 0.000 0.037 0.055 0.005 0.006 0.009 0.007 0.010 0.008 0.006 0.007 0.010 0.000 0.010 0.010 0.000 0.000 0.000 0.000 0.000 0.000 0.000 0.000 0.000 0.000 0.000 0.000 0.000 0.000 0.000 0.000 0.000 0.000 0.000 0.000 0.000 0.000
0.000 0.000 0.000 0.000 0.000 0.000 0.151 0.010 0.010 0.010 0.010 0.010 0.010 0.010 0.008 0.003 0.004 0.000 0.008 0.000 0.000 0.000 0.004 0.004 0.007 0.009 0.010 0.008 0.010 0.000 0.000 0.000 0.006 0.009 0.008 0.000 0.032 0.009 0.010 0.010 0.000 0.000 0.046 0.037 0.008 0.007 0.000 0.010 0.005 0.000 0.009 0.010 0.010 0.026 0.010 0.010 0.000 0.000 0.000 0.029 0.000 0.000 0.000 0.000 0.000 0.000 0.000 0.000 0.000 0.000 0.000 0.000 0.000 0.000 0.000 0.000 0.000
0.000 0.000 0.000 0.000 0.000 0.000 0.011 0.010 0.010 0.010 0.010 0.010 0.078 0.010 0.006 0.000 0.003 0.004 0.007 0.007 0.000 0.004 0.004 0.008 0.006 0.004 0.007 0.000 0.000 0.007 0.000 0.000 0.007 0.009 0.007 0.000 0.010 0.008 0.010 0.010 0.010 0.000 0.000 0.004 0.000 0.000 0.000 0.000 0.000 0.006 0.010 0.010 0.010 0.010 0.010 0.010 0.010 0.000 0.000 0.000 0.028 0.000 0.000 0.000 0.000 0.000 0.000 0.000 0.000 0.000 0.000 0.000 0.000 0.000 0.000 0.000 0.000
0.000 0.000 0.000 0.000 0.000 0.000 0.010 0.010 0.010 0.010 0.010 0.010 0.010 0.010 0.008 0.000 0.003 0.004 0.000 0.004 0.000 0.005 0.006 0.007 0.009 0.000 0.004 0.008 0.007 0.006 0.000 0.007 0.008 0.010 0.008 0.000 0.010 0.010 0.008 0.017 0.000 0.004 0.000 0.005 0.010 0.010 0.010 0.000 0.095 0.000 0.020 0.010 0.010 0.010 0.010 0.010 0.010 0.000 0.000 0.000 0.000 0.010 0.000 0.000 0.000 0.000 0.000 0.000 0.000 0.000 0.000 0.000 0.000 0.000 0.000 0.000 0.000
0.000 0.000 0.000 0.000 0.000 0.000 0.010 0.010 0.010 0.010 0.010 0.010 0.010 0.010 0.010 0.000 0.003 0.004 0.004 0.004 0.000 0.007 0.003 0.004 0.010 0.005 0.006 0.006 0.010 0.006 0.000 0.000 0.010 0.010 0.009 0.010 0.040 0.009 0.007 0.000 0.000 0.004 0.006 0.000 0.010 0.010 0.008 0.000 0.000 0.010 0.010 0.010 0.010 0.010 0.052 0.010 0.010 0.010 0.000 0.000 0.000 0.044 0.000 0.000 0.000 0.000 0.000 0.000 0.000 0.000 0.000 0.000 0.000 0.000 0.000 0.000 0.000
0.000 0.000 0.000 0.000 0.000 0.000 0.010 0.010 0.010 0.010 0.010 0.066 0.016 0.010 0.025 0.000 0.003 0.000 0.004 0.005 0.003 0.004 0.003 0.003 0.008 0.000 0.004 0.004 0.010 0.000 0.010 0.010 0.012 0.010 0.010 0.010 0.000 0.000 0.000 0.015 0.010 0.000 0.000 0.000 0.010 0.009 0.012 0.007 0.009 0.010 0.010 0.010 0.010 0.043 0.010 0.000 0.030 0.010 0.010 0.000 0.000 0.000 0.026 0.000 0.000 0.000 0.000 0.000 0.000 0.000 0.000 0.000 0.000 0.000 0.000 0.000 0.000
0.000 0.000 0.000 0.000 0.000 0.000 0.010 0.010 0.010 0.010 0.010 0.109 0.010 0.010 0.036 0.010 0.010 0.029 0.006 0.000 0.005 0.005 0.005 0.011 0.006 0.007 0.010 0.005 0.011 0.000 0.000 0.017 0.000 0.010 0.010 0.008 0.000 0.010 0.010 0.010 0.010 0.008 0.007 0.008 0.010 0.014 0.010 0.010 0.009 0.010 0.000 0.010 0.000 0.000 0.000 0.029 0.010 0.024 0.010 0.000 0.000 0.000 0.000 0.010 0.000 0.000 0.000 0.000 0.000 0.000 0.000 0.000 0.000 0.000 0.000 0.000 0.000
0.000 0.000 0.000 0.000 0.000 0.000 0.010 0.010 0.006 0.010 0.010 0.010 0.010 0.010 0.010 0.060 0.010 0.000 0.005 0.006 0.004 0.007 0.000 0.005 0.000 0.005 0.000 0.006 0.010 0.007 0.010 0.000 0.008 0.010 0.010 0.010 0.010 0.121 0.010 0.053 0.010 0.005 0.010 0.010 0.010 0.010 0.000 0.000 0.008 0.010 0.038 0.011 0.010 0.008 0.000 0.010 0.010 0.010 0.010 0.010 0.000 0.000 0.000 0.043 0.000 0.000 0.000 0.000 0.000 0.000 0.000 0.000 0.000 0.000 0.000 0.000 0.000
0.000 0.000 0.000 0.000 0.000 0.000 0.010 0.010 0.009 0.010 0.010 0.010 0.010 0.010 0.010 0.010 0.010 0.004 0.000 0.006 0.000 0.000 0.000 0.004 0.006 0.009 0.010 0.006 0.010 0.007 0.010 0.010 0.010 0.010 0.010 0.010 0.143 0.040 0.032 0.000 0.000 0.019 0.010 0.008 0.000 0.010 0.010 0.000 0.010 0.000 0.000 0.004 0.010 0.006 0.000 0.008 0.009 0.007 0.020 0.010 0.000 0.000 0.000 0.000 0.010 0.000 0.000 0.000 0.000 0.000 0.000 0.000 0.000 0.000 0.000 0.000 0.000
0.000 0.000 0.000 0.000 0.000 0.000 0.010 0.010 0.010 0.033 0.010 0.010 0.010 0.010 0.010 0.010 0.010 0.008 0.007 0.007 0.010 0.009 0.006 0.008 0.010 0.007 0.008 0.008 0.010 0.008 0.004 0.007 0.007 0.012 0.010 0.011 0.008 0.000 0.007 0.007 0.005 0.000 0.010 0.010 0.010 0.010 0.009 0.006 0.000 0.007 0.000 0.000 0.000 0.005 0.006 0.009 0.007 0.000 0.010 0.010 0.010 0.000 0.000 0.000 0.051 0.010 0.000 0.000 0.000 0.000 0.000 0.000 0.000 0.000 0.000 0.000 0.000
0.000 0.000 0.000 0.000 0.000 0.000 0.010 0.010 0.010 0.010 0.010 0.025 0.006 0.010 0.010 0.007 0.010 0.007 0.006 0.008 0.010 0.010 0.008 0.007 0.008 0.014 0.000 0.000 0.004 0.005 0.005 0.000 0.000 0.009 0.010 0.010 0.018 0.000 0.000 0.004 0.004 0.010 0.010 0.010 0.000 0.010 0.010 0.006 0.005 0.009 0.007 0.009 0.006 0.005 0.000 0.007 0.010 0.008 0.009 0.010 0.010 0.000 0.000 0.000 0.000 0.025 0.000 0.000 0.000 0.000 0.000 0.000 0.000 0.000 0.000 0.000 0.000
0.000 0.000 0.000 0.000 0.000 0.010 0.010 0.010 0.010 0.010 0.010 0.010 0.010 0.007 0.006 0.010 0.010 0.011 0.006 0.005 0.006 0.005 0.000 0.000 0.000 0.010 0.000 0.004 0.004 0.005 0.000 0.005 0.000 0.007 0.010 0.010 0.010 0.000 0.000 0.000 0.005 0.006 0.162 0.010 0.010 0.010 0.009 0.000 0.008 0.000 0.010 0.009 0.010 0.008 0.007 0.007 0.008 0.000 0.000 0.010 0.010 0.010 0.000 0.000 0.000 0.000 0.016 0.000 0.000 0.000 0.000 0.000 0.000 0.000 0.000 0.000 0.000
0.000 0.000 0.000 0.000 0.000 0.010 0.010 0.010 0.010 0.010 0.010 0.020 0.006 0.010 0.007 0.006 0.006 0.008 0.000 0.005 0.006 0.005 0.014 0.010 0.010 0.010 0.020 0.000 0.000 0.000 0.004 0.000 0.007 0.006 0.017 0.010 0.010 0.008 0.007 0.006 0.000 0.005 0.000 0.010 0.000 0.007 0.007 0.006 0.009 0.008 0.017 0.010 0.008 0.000 0.000 0.006 0.007 0.006 0.007 0.010 0.009 0.010 0.030 0.000 0.000 0.000 0.000 0.010 0.000 0.000 0.000 0.000 0.000 0.000 0.000 0.000 0.000
0.000 0.000 0.000 0.000 0.000 0.010 0.010 0.010 0.009 0.010 0.008 0.009 0.010 0.007 0.005 0.005 0.006 0.000 0.010 0.010 0.010 0.010 0.010 0.010 0.010 0.010 0.009 0.005 0.005 0.000 0.005 0.000 0.005 0.007 0.010 0.010 0.010 0.008 0.000 0.000 0.006 0.005 0.000 0.023 0.000 0.008 0.006 0.000 0.006 0.010 0.010 0.010 0.006 0.000 0.000 0.005 0.008 0.011 0.010 0.010 0.010 0.010 0.010 0.000 0.000 0.000 0.000 0.035 0.000 0.000 0.000 0.000 0.000 0.000 0.000 0.000 0.000
0.000 0.000 0.000 0.000 0.000 0.086 0.010 0.010 0.009 0.010 0.008 0.010 0.006 0.005 0.005 0.007 0.008 0.010 0.031 0.010 0.000 0.006 0.006 0.008 0.010 0.010 0.009 0.005 0.000 0.004 0.000 0.004 0.007 0.010 0.009 0.010 0.010 0.008 0.000 0.000 0.007 0.011 0.010 0.010 0.010 0.008 0.010 0.007 0.007 0.009 0.006 0.007 0.029 0.006 0.009 0.000 0.000 0.007 0.006 0.000 0.010 0.039 0.000 0.000 0.000 0.000 0.000 0.000 0.010 0.000 0.000 0.000 0.000 0.000 0.000 0.000 0.000
0.000 0.000 0.000 0.000 0.000 0.010 0.010 0.010 0.010 0.010 0.010 0.010 0.012 0.005 0.005 0.007 0.009 0.010 0.006 0.009 0.005 0.006 0.010 0.010 0.010 0.010 0.010 0.006 0.006 0.000 0.000 0.006 0.000 0.010 0.000 0.010 0.010 0.010 0.007 0.009 0.000 0.010 0.010 0.010 0.010 0.000 0.006 0.006 0.006 0.000 0.000 0.010 0.011 0.010 0.010 0.000 0.000 0.010 0.012 0.000 0.035 0.009 0.010 0.010 0.000 0.000 0.000 0.000 0.010 0.000 0.000 0.000 0.000 0.000 0.000 0.000 0.000
0.000 0.000 0.000 0.000 0.000 0.080 0.010 0.010 0.010 0.010 0.010 0.010 0.010 0.006 0.008 0.007 0.007 0.008 0.010 0.010 0.000 0.010 0.010 0.129 0.010 0.010 0.010 0.000 0.009 0.004 0.004 0.009 0.010 0.010 0.010 0.013 0.010 0.017 0.000 0.000 0.010 0.000 0.010 0.010 0.010 0.007 0.000 0.007 0.007 0.006 0.000 0.000 0.010 0.010 0.000 0.025 0.010 0.010 0.009 0.010 0.006 0.010 0.044 0.010 0.000 0.000 0.000 0.000 0.010 0.000 0.000 0.000 0.000 0.000 0.000 0.000 0.000
0.000 0.000 0.000 0.000 0.000 0.000 0.039 0.010 0.010 0.010 0.010 0.000 0.006 0.005 0.007 0.006 0.006 0.031 0.000 0.010 0.000 0.010 0.010 0.010 0.000 0.010 0.010 0.000 0.000 0.004 0.007 0.010 0.010 0.010 0.010 0.010 0.010 0.008 0.010 0.000 0.012 0.009 0.010 0.146 0.010 0.010 0.000 0.005 0.008 0.000 0.000 0.706 0.411 0.013 0.008 0.008 0.000 0.017 0.000 0.008 0.009 0.010 0.010 0.010 0.010 0.000 0.000 0.000 0.010 0.010 0.000 0.000 0.000 0.000 0.000 0.000 0.000
0.000 0.000 0.000 0.000 0.000 0.000 0.010 0.010 0.010 0.010 0.010 0.014 0.009 0.005 0.006 0.009 0.010 0.000 0.010 0.125 0.060 0.101 0.059 0.010 0.000 0.010 0.010 0.021 0.000 0.010 0.010 0.010 0.010 0.010 0.010 0.009 0.027 0.010 0.014 0.000 0.000 0.010 0.000 0.000 0.010 0.000 0.065 0.010 0.012 0.010 0.010 0.000 0.000 0.019 0.010 0.010 0.008 0.000 0.000 0.000 0.007 0.000 0.010 0.033 0.010 0.000 0.000 0.000 0.094 0.010 0.000 0.000 0.000 0.000 0.000 0.000 0.000
0.000 0.000 0.000 0.000 0.000 0.000 0.010 0.010 0.010 0.010 0.009 0.006 0.004 0.007 0.008 0.000 0.010 0.010 0.010 0.010 0.010 0.010 0.010 0.108 0.010 0.010 0.010 0.010 0.016 0.010 0.010 0.010 0.010 0.010 0.084 0.010 0.010 0.010 0.009 0.000 0.000 0.010 0.010 0.010 0.010 0.010 0.010 0.010 0.006 0.010 0.006 0.007 0.000 0.016 0.010 0.010 0.010 0.007 0.007 0.000 0.007 0.006 0.006 0.010 0.010 0.026 0.000 0.000 0.000 0.010 0.000 0.000 0.000 0.000 0.000 0.000 0.000
0.000 0.000 0.000 0.000 0.000 0.000 0.059 0.010 0.010 0.010 0.010 0.006 0.007 0.000 0.010 0.010 0.061 0.010 0.010 0.010 0.010 0.010 0.010 0.021 0.010 0.010 0.010 0.010 0.010 0.010 0.016 0.010 0.010 0.010 0.010 0.034 0.010 0.010 0.010 0.010 0.010 0.010 0.000 0.094 0.010 0.000 0.008 0.010 0.000 0.005 0.007 0.008 0.011 0.017 0.010 0.010 0.010 0.010 0.006 0.006 0.000 0.009 0.010 0.000 0.020 0.010 0.000 0.000 0.000 0.010 0.000 0.000 0.000 0.000 0.000 0.000 0.000
0.000 0.000 0.000 0.000 0.000 0.000 0.010 0.010 0.010 0.010 0.018 0.000 0.010 0.010 0.010 0.110 0.057 0.010 0.010 0.010 0.018 0.087 0.035 0.010 0.010 0.010 0.010 0.010 0.000 0.000 0.000 0.000 0.000 0.000 0.000 0.010 0.008 0.010 0.017 0.000 0.010 0.010 0.010 0.060 0.010 0.010 0.007 0.000 0.000 0.008 0.000 0.009 0.133 0.065 0.010 0.000 0.000 0.006 0.006 0.007 0.007 0.000 0.010 0.000 0.010 0.010 0.000 0.000 0.000 0.050 0.000 0.000 0.000 0.000 0.000 0.000 0.000
0.000 0.000 0.000 0.000 0.000 0.000 0.010 0.010 0.010 0.010 0.010 0.010 0.010 0.010 0.010 0.063 0.010 0.010 0.038 0.011 0.010 0.010 0.010 0.010 0.100 0.010 0.010 0.010 0.010 0.010 0.008 0.006 0.000 0.045 0.000 0.010 0.010 0.010 0.010 0.000 0.010 0.010 0.010 0.010 0.048 0.010 0.000 0.000 0.007 0.006 0.000 0.007 0.000 0.010 0.012 0.000 0.008 0.000 0.006 0.008 0.000 0.000 0.031 0.010 0.010 0.010 0.028 0.000 0.000 0.000 0.010 0.000 0.000 0.000 0.000 0.000 0.000
0.000 0.000 0.000 0.000 0.000 0.000 0.010 0.010 0.010 0.010 0.049 0.000 0.026 0.028 0.010 0.010 0.010 0.010 0.125 0.010 0.010 0.010 0.090 0.010 0.010 0.010 0.010 0.010 0.000 0.010 0.009 0.009 0.006 0.010 0.000 0.000 0.079 0.010 0.010 0.000 0.010 0.010 0.010 0.010 0.000 0.010 0.000 0.004 0.007 0.007 0.006 0.000 0.000 0.000 0.010 0.010 0.008 0.000 0.008 0.007 0.010 0.010 0.007 0.006 0.010 0.010 0.010 0.000 0.000 0.000 0.010 0.000 0.000 0.000 0.000 0.000 0.000
0.000 0.000 0.000 0.000 0.000 0.000 0.010 0.010 0.010 0.010 0.010 0.000 0.132 0.022 0.010 0.010 0.010 0.010 0.010 0.010 0.010 0.010 0.000 0.013 0.000 0.072 0.010 0.010 0.000 0.010 0.010 0.009 0.007 0.000 0.000 0.000 0.012 0.010 0.007 0.010 0.010 0.027 0.010 0.010 0.000 0.010 0.000 0.006 0.010 0.009 0.008 0.008 0.000 0.000 0.010 0.010 0.010 0.010 0.000 0.007 0.010 0.011 0.000 0.012 0.010 0.010 0.010 0.000 0.000 0.000 0.050 0.000 0.000 0.000 0.000 0.000 0.000
0.000 0.000 0.000 0.000 0.000 0.000 0.043 0.010 0.010 0.010 0.010 0.010 0.010 0.010 0.084 0.106 0.010 0.010 0.010 0.010 0.010 0.010 0.010 0.000 0.000 0.010 0.010 0.010 0.010 0.010 0.009 0.010 0.010 0.007 0.000 0.000 0.010 0.010 0.010 0.010 0.010 0.000 0.000 0.000 0.182 0.010 0.000 0.000 0.010 0.013 0.010 0.010 0.010 0.010 0.010 0.009 0.008 0.010 0.010 0.008 0.010 0.010 0.039 0.010 0.010 0.010 0.010 0.000 0.000 0.000 0.010 0.000 0.000 0.000 0.000 0.000 0.000
0.000 0.000 0.000 0.000 0.000 0.000 0.000 0.010 0.010 0.010 0.020 0.010 0.010 0.010 0.010 0.010 0.020 0.070 0.141 0.010 0.010 0.000 0.010 0.010 0.010 0.010 0.010 0.010 0.010 0.010 0.010 0.010 0.000 0.017 0.009 0.000 0.037 0.010 0.010 0.016 0.009 0.007 0.000 0.000 0.010 0.010 0.010 0.014 0.088 0.000 0.000 0.010 0.000 0.010 0.008 0.000 0.000 0.006 0.010 0.010 0.010 0.008 0.000 0.010 0.010 0.010 0.010 0.000 0.000 0.000 0.010 0.000 0.000 0.000 0.000 0.000 0.000
0.000 0.000 0.000 0.000 0.000 0.000 0.023 0.010 0.010 0.010 0.009 0.010 0.000 0.010 0.010 0.010 0.043 0.010 0.010 0.010 0.009 0.010 0.054 0.010 0.115 0.010 0.051 0.010 0.127 0.116 0.061 0.010 0.010 0.010 0.008 0.009 0.006 0.016 0.006 0.000 0.007 0.000 0.000 0.007 0.007 0.053 0.010 0.130 0.039 0.000 0.000 0.010 0.009 0.009 0.009 0.010 0.008 0.008 0.000 0.006 0.008 0.007 0.000 0.000 0.000 0.010 0.010 0.030 0.000 0.000 0.036 0.000 0.000 0.000 0.000 0.000 0.000
0.000 0.000 0.000 0.000 0.000 0.000 0.010 0.040 0.010 0.010 0.054 0.010 0.000 0.010 0.010 0.077 0.010 0.000 0.010 0.012 0.000 0.000 0.000 0.010 0.010 0.010 0.010 0.010 0.082 0.081 0.010 0.010 0.010 0.010 0.000 0.000 0.000 0.007 0.010 0.010 0.010 0.000 0.010 0.007 0.033 0.010 0.009 0.055 0.011 0.000 0.000 0.052 0.010 0.010 0.087 0.010 0.010 0.010 0.010 0.010 0.007 0.008 0.000 0.007 0.010 0.010 0.010 0.010 0.000 0.000 0.000 0.010 0.000 0.000 0.000 0.000 0.000
0.000 0.000 0.000 0.000 0.000 0.000 0.010 0.010 0.010 0.010 0.010 0.034 0.010 0.162 0.010 0.010 0.010 0.010 0.010 0.000 0.000 0.000 0.000 0.000 0.000 0.010 0.010 0.010 0.000 0.100 0.010 0.010 0.010 0.010 0.008 0.010 0.007 0.008 0.010 0.010 0.010 0.024 0.000 0.008 0.010 0.000 0.020 0.000 0.080 0.010 0.010 0.010 0.014 0.000 0.011 0.010 0.022 0.010 0.015 0.000 0.008 0.008 0.000 0.000 0.056 0.010 0.010 0.010 0.000 0.000 0.000 0.029 0.000 0.000 0.000 0.000 0.000
0.000 0.000 0.000 0.000 0.000 0.000 0.010 0.010 0.010 0.010 0.010 0.010 0.098 0.010 0.000 0.010 0.010 0.010 0.000 0.000 0.010 0.010 0.051 0.000 0.000 0.000 0.000 0.010 0.000 0.000 0.000 0.000 0.000 0.000 0.008 0.000 0.009 0.010 0.010 0.010 0.000 0.010 0.000 0.000 0.010 0.010 0.010 0.010 0.010 0.020 0.000 0.010 0.010 0.000 0.010 0.010 0.064 0.010 0.010 0.010 0.010 0.023 0.010 0.010 0.010 0.010 0.010 0.010 0.000 0.000 0.000 0.000 0.000 0.000 0.000 0.000 0.000
0.000 0.000 0.000 0.000 0.000 0.000 0.048 0.010 0.010 0.010 0.040 0.000 0.000 0.000 0.010 0.010 0.014 0.000 0.010 0.008 0.010 0.000 0.010 0.010 0.010 0.000 0.000 0.010 0.000 0.000 0.000 0.000 0.000 0.000 0.010 0.010 0.010 0.010 0.011 0.010 0.010 0.010 0.007 0.010 0.010 0.045 0.010 0.000 0.010 0.010 0.010 0.010 0.010 0.010 0.010 0.010 0.010 0.010 0.010 0.010 0.010 0.010 0.010 0.010 0.010 0.010 0.009 0.010 0.000 0.000 0.000 0.000 0.000 0.000 0.000 0.000 0.000
0.000 0.000 0.000 0.000 0.000 0.000 0.010 0.010 0.010 0.010 0.000 0.000 0.010 0.000 0.010 0.000 0.010 0.010 0.072 0.012 0.010 0.010 0.010 0.025 0.011 0.010 0.010 0.010 0.000 0.000 0.041 0.010 0.000 0.000 0.000 0.010 0.010 0.010 0.011 0.010 0.010 0.010 0.010 0.010 0.010 0.010 0.010 0.010 0.010 0.010 0.020 0.010 0.010 0.010 0.010 0.010 0.010 0.010 0.010 0.010 0.010 0.010 0.010 0.010 0.010 0.010 0.010 0.010 0.000 0.000 0.000 0.010 0.000 0.000 0.000 0.000 0.000
0.000 0.000 0.000 0.000 0.000 0.000 0.010 0.010 0.010 0.010 0.010 0.010 0.000 0.010 0.010 0.013 0.000 0.010 0.010 0.000 0.000 0.079 0.127 0.075 0.010 0.010 0.010 0.010 0.000 0.000 0.000 0.000 0.010 0.010 0.008 0.010 0.010 0.010 0.043 0.010 0.038 0.010 0.010 0.010 0.010 0.010 0.010 0.010 0.010 0.015 0.010 0.010 0.010 0.020 0.010 0.010 0.010 0.010 0.010 0.010 0.010 0.015 0.000 0.010 0.010 0.017 0.010 0.010 0.000 0.000 0.000 0.043 0.000 0.000 0.000 0.000 0.000
