hx_30m/njhx/rain/result-0015.wd
ncols         211
nrows         286
xllcorner     660279.582600
yllcorner     3541874.325092
cellsize      30.000000
NODATA_value  -9999.000000
[rows 170 to 203 of 286, columns 0 to 76 of 211]
0.000 0.000 0.000 0.000 0.000 0.000 0.000 0.000 0.000 0.000 0.000 0.000 0.000 0.000 0.000 0.000 0.000 0.000 0.000 0.000 0.000 0.000 0.000 0.000 0.000 0.000 0.000 0.000 0.000 0.000 0.000 0.000 0.000 0.007 0.007 0.007 0.007 0.008 0.009 0.010 0.010 0.010 0.080 0.010 0.006 0.006 0.007 0.005 0.000 0.010 0.010 0.112 0.007 0.007 0.003 0.005 0.007 0.010 0.000 0.010 0.008 0.006 0.010 0.008 0.018 0.010 0.010 0.007 0.010 0.010 0.010 0.006 0.005 0.006 0.006 0.000 0.000
0.000 0.000 0.000 0.000 0.000 0.000 0.000 0.000 0.000 0.000 0.000 0.000 0.000 0.000 0.000 0.000 0.000 0.000 0.000 0.000 0.000 0.000 0.000 0.000 0.000 0.000 0.000 0.000 0.000 0.000 0.000 0.000 0.000 0.007 0.007 0.008 0.008 0.008 0.010 0.010 0.010 0.010 0.010 0.010 0.006 0.010 0.010 0.010 0.009 0.192 0.000 0.010 0.000 0.000 0.004 0.005 0.006 0.010 0.000 0.010 0.010 0.000 0.008 0.021 0.010 0.010 0.010 0.023 0.133 0.010 0.008 0.006 0.007 0.006 0.006 0.010 0.010
0.000 0.000 0.000 0.000 0.000 0.000 0.000 0.000 0.000 0.000 0.000 0.000 0.000 0.000 0.000 0.000 0.000 0.000 0.000 0.000 0.000 0.000 0.000 0.000 0.000 0.000 0.000 0.000 0.000 0.000 0.000 0.000 0.007 0.007 0.008 0.009 0.009 0.009 0.010 0.010 0.014 0.000 0.010 0.010 0.005 0.010 0.007 0.010 0.009 0.008 0.007 0.000 0.009 0.000 0.009 0.010 0.010 0.010 0.010 0.010 0.010 0.009 0.007 0.010 0.010 0.010 0.125 0.093 0.126 0.010 0.010 0.010 0.007 0.007 0.007 0.010 0.010
0.000 0.000 0.000 0.000 0.000 0.000 0.000 0.000 0.000 0.000 0.000 0.000 0.000 0.000 0.000 0.000 0.000 0.000 0.000 0.000 0.000 0.000 0.000 0.000 0.000 0.000 0.000 0.000 0.000 0.000 0.000 0.000 0.007 0.009 0.009 0.009 0.009 0.010 0.010 0.013 0.000 0.019 0.010 0.008 0.006 0.010 0.006 0.010 0.009 0.009 0.006 0.000 0.000 0.000 0.005 0.007 0.006 0.018 0.008 0.010 0.009 0.009 0.010 0.010 0.010 0.000 0.161 0.088 0.027 0.010 0.031 0.010 0.010 0.010 0.010 0.037 0.010
0.000 0.000 0.000 0.000 0.000 0.000 0.000 0.000 0.000 0.000 0.000 0.000 0.000 0.000 0.000 0.000 0.000 0.000 0.000 0.000 0.000 0.000 0.000 0.000 0.000 0.000 0.000 0.000 0.000 0.000 0.000 0.000 0.007 0.009 0.009 0.009 0.009 0.010 0.014 0.010 0.010 0.010 0.010 0.009 0.010 0.009 0.006 0.010 0.009 0.004 0.010 0.010 0.010 0.010 0.025 0.005 0.006 0.000 0.007 0.009 0.009 0.009 0.010 0.048 0.000 0.010 0.089 0.010 0.010 0.010 0.010 0.010 0.010 0.010 0.043 0.010 0.010
0.000 0.000 0.000 0.000 0.000 0.000 0.000 0.000 0.000 0.000 0.000 0.000 0.000 0.000 0.000 0.000 0.000 0.000 0.000 0.000 0.000 0.000 0.007 0.000 0.000 0.000 0.000 0.000 0.000 0.000 0.000 0.006 0.007 0.009 0.009 0.009 0.009 0.010 0.010 0.010 0.010 0.026 0.008 0.005 0.010 0.005 0.008 0.010 0.009 0.004 0.010 0.010 0.000 0.010 0.010 0.029 0.000 0.007 0.000 0.006 0.006 0.010 0.010 0.000 0.031 0.010 0.010 0.010 0.010 0.010 0.010 0.044 0.010 0.010 0.000 0.010 0.000
0.000 0.000 0.000 0.000 0.000 0.000 0.000 0.000 0.000 0.000 0.000 0.000 0.000 0.000 0.000 0.000 0.000 0.000 0.000 0.000 0.000 0.000 0.000 0.000 0.000 0.000 0.000 0.000 0.000 0.000 0.000 0.006 0.008 0.009 0.009 0.009 0.010 0.010 0.012 0.010 0.010 0.010 0.007 0.009 0.006 0.007 0.008 0.010 0.005 0.009 0.000 0.019 0.000 0.010 0.010 0.045 0.010 0.010 0.020 0.005 0.010 0.010 0.010 0.033 0.010 0.010 0.010 0.010 0.010 0.010 0.010 0.010 0.000 0.010 0.040 0.010 0.023
0.000 0.000 0.000 0.000 0.000 0.000 0.000 0.000 0.000 0.000 0.000 0.000 0.000 0.000 0.000 0.000 0.000 0.000 0.000 0.000 0.000 0.000 0.000 0.000 0.000 0.000 0.000 0.000 0.000 0.000 0.017 0.010 0.010 0.010 0.010 0.010 0.010 0.010 0.000 0.010 0.010 0.014 0.005 0.010 0.008 0.010 0.006 0.010 0.004 0.014 0.010 0.010 0.010 0.060 0.010 0.010 0.010 0.010 0.010 0.000 0.010 0.051 0.010 0.010 0.010 0.010 0.010 0.010 0.000 0.010 0.010 0.010 0.000 0.010 0.010 0.010 0.010
0.000 0.000 0.000 0.000 0.000 0.000 0.000 0.000 0.000 0.000 0.000 0.000 0.000 0.000 0.000 0.000 0.000 0.000 0.000 0.000 0.000 0.000 0.000 0.000 0.000 0.000 0.000 0.000 0.000 0.000 0.010 0.010 0.010 0.010 0.010 0.010 0.010 0.010 0.010 0.010 0.010 0.008 0.006 0.009 0.008 0.008 0.006 0.010 0.005 0.005 0.006 0.010 0.010 0.010 0.010 0.010 0.010 0.010 0.010 0.010 0.010 0.010 0.065 0.010 0.010 0.039 0.010 0.010 0.000 0.046 0.011 0.010 0.010 0.010 0.010 0.010 0.010
0.000 0.000 0.000 0.000 0.000 0.000 0.000 0.000 0.000 0.000 0.000 0.000 0.000 0.000 0.000 0.000 0.000 0.000 0.000 0.000 0.000 0.000 0.000 0.000 0.000 0.000 0.000 0.000 0.010 0.010 0.010 0.010 0.010 0.026 0.010 0.010 0.010 0.010 0.029 0.010 0.010 0.006 0.010 0.007 0.010 0.008 0.005 0.004 0.009 0.009 0.007 0.010 0.010 0.010 0.010 0.010 0.010 0.027 0.010 0.010 0.010 0.010 0.010 0.010 0.010 0.010 0.000 0.010 0.010 0.010 0.010 0.010 0.010 0.010 0.010 0.010 0.010
0.000 0.000 0.000 0.000 0.000 0.000 0.000 0.000 0.000 0.000 0.000 0.000 0.000 0.000 0.000 0.000 0.000 0.000 0.000 0.000 0.000 0.000 0.000 0.000 0.000 0.000 0.000 0.000 0.000 0.010 0.009 0.010 0.015 0.010 0.019 0.010 0.024 0.010 0.000 0.010 0.010 0.006 0.010 0.007 0.008 0.008 0.005 0.007 0.008 0.009 0.017 0.010 0.010 0.011 0.010 0.010 0.010 0.058 0.010 0.010 0.010 0.010 0.010 0.010 0.010 0.010 0.010 0.010 0.051 0.024 0.010 0.010 0.010 0.010 0.010 0.010 0.010
0.000 0.000 0.000 0.000 0.000 0.000 0.000 0.000 0.000 0.000 0.000 0.000 0.000 0.000 0.000 0.000 0.000 0.000 0.000 0.000 0.000 0.000 0.000 0.000 0.000 0.000 0.000 0.000 0.000 0.014 0.010 0.010 0.010 0.008 0.010 0.010 0.010 0.010 0.000 0.010 0.008 0.007 0.010 0.006 0.004 0.011 0.006 0.006 0.009 0.009 0.010 0.010 0.010 0.010 0.010 0.010 0.010 0.010 0.010 0.010 0.010 0.010 0.010 0.010 0.010 0.010 0.010 0.010 0.010 0.010 0.010 0.005 0.009 0.007 0.007 0.009 0.010
0.000 0.000 0.000 0.000 0.000 0.000 0.000 0.000 0.000 0.000 0.000 0.000 0.000 0.000 0.000 0.000 0.000 0.013 0.000 0.000 0.000 0.000 0.000 0.000 0.000 0.000 0.000 0.000 0.000 0.010 0.010 0.176 0.010 0.006 0.010 0.010 0.007 0.010 0.000 0.026 0.005 0.010 0.010 0.008 0.008 0.005 0.006 0.006 0.010 0.009 0.010 0.010 0.010 0.171 0.010 0.010 0.050 0.010 0.010 0.010 0.010 0.010 0.010 0.010 0.010 0.010 0.010 0.010 0.010 0.010 0.010 0.004 0.004 0.006 0.004 0.005 0.004
0.000 0.000 0.000 0.000 0.000 0.000 0.000 0.000 0.000 0.000 0.000 0.000 0.000 0.000 0.000 0.000 0.000 0.010 0.000 0.000 0.000 0.000 0.000 0.000 0.000 0.000 0.000 0.000 0.013 0.010 0.010 0.010 0.004 0.010 0.010 0.010 0.007 0.010 0.027 0.010 0.003 0.008 0.012 0.010 0.009 0.008 0.006 0.005 0.006 0.006 0.010 0.010 0.010 0.010 0.010 0.010 0.010 0.010 0.010 0.010 0.023 0.010 0.010 0.010 0.010 0.010 0.010 0.010 0.010 0.010 0.006 0.004 0.005 0.008 0.004 0.003 0.010
0.000 0.000 0.000 0.000 0.000 0.000 0.000 0.000 0.000 0.000 0.000 0.000 0.000 0.000 0.000 0.000 0.000 0.000 0.000 0.000 0.000 0.000 0.000 0.000 0.000 0.000 0.000 0.013 0.010 0.008 0.006 0.004 0.017 0.010 0.010 0.010 0.009 0.010 0.010 0.010 0.005 0.017 0.006 0.006 0.008 0.005 0.004 0.005 0.007 0.007 0.007 0.010 0.010 0.010 0.010 0.010 0.010 0.010 0.010 0.010 0.010 0.010 0.010 0.010 0.010 0.010 0.070 0.010 0.010 0.020 0.004 0.005 0.004 0.005 0.005 0.007 0.006
0.000 0.000 0.000 0.000 0.000 0.000 0.000 0.000 0.000 0.000 0.000 0.000 0.000 0.000 0.000 0.000 0.000 0.000 0.000 0.000 0.000 0.000 0.000 0.000 0.000 0.000 0.013 0.010 0.008 0.008 0.013 0.008 0.010 0.010 0.010 0.010 0.031 0.010 0.015 0.009 0.006 0.010 0.007 0.006 0.009 0.010 0.010 0.007 0.004 0.006 0.010 0.008 0.008 0.010 0.010 0.010 0.010 0.010 0.010 0.010 0.010 0.010 0.010 0.010 0.009 0.010 0.010 0.010 0.010 0.007 0.005 0.003 0.003 0.003 0.002 0.004 0.005
0.000 0.000 0.000 0.000 0.000 0.000 0.000 0.000 0.000 0.000 0.000 0.000 0.000 0.000 0.000 0.000 0.016 0.000 0.000 0.000 0.000 0.000 0.000 0.000 0.000 0.017 0.010 0.006 0.006 0.010 0.007 0.010 0.010 0.010 0.010 0.000 0.010 0.010 0.009 0.005 0.010 0.010 0.012 0.007 0.010 0.019 0.000 0.009 0.000 0.006 0.006 0.006 0.010 0.007 0.006 0.009 0.010 0.010 0.010 0.046 0.010 0.010 0.010 0.058 0.009 0.004 0.006 0.004 0.007 0.005 0.004 0.010 0.009 0.004 0.006 0.004 0.006
0.000 0.000 0.000 0.000 0.000 0.000 0.000 0.000 0.000 0.000 0.000 0.000 0.000 0.000 0.000 0.000 0.010 0.000 0.000 0.000 0.000 0.000 0.000 0.000 0.000 0.010 0.010 0.004 0.017 0.013 0.010 0.009 0.010 0.010 0.010 0.038 0.010 0.010 0.009 0.007 0.010 0.009 0.009 0.007 0.018 0.010 0.020 0.010 0.000 0.009 0.010 0.006 0.005 0.006 0.009 0.006 0.007 0.010 0.010 0.010 0.029 0.010 0.010 0.009 0.007 0.007 0.007 0.008 0.004 0.006 0.006 0.010 0.008 0.006 0.006 0.008 0.005
0.000 0.000 0.000 0.000 0.000 0.000 0.000 0.000 0.000 0.000 0.000 0.000 0.000 0.000 0.000 0.000 0.000 0.000 0.000 0.000 0.000 0.000 0.000 0.000 0.000 0.010 0.006 0.004 0.010 0.010 0.006 0.010 0.010 0.008 0.000 0.010 0.010 0.010 0.010 0.015 0.009 0.008 0.009 0.019 0.010 0.010 0.010 0.010 0.010 0.009 0.010 0.000 0.010 0.006 0.006 0.006 0.008 0.006 0.008 0.006 0.010 0.010 0.031 0.006 0.005 0.007 0.009 0.010 0.009 0.007 0.009 0.008 0.007 0.006 0.007 0.006 0.005
0.000 0.000 0.000 0.000 0.000 0.000 0.000 0.000 0.000 0.000 0.000 0.000 0.000 0.000 0.000 0.000 0.000 0.000 0.000 0.000 0.000 0.000 0.000 0.000 0.011 0.002 0.020 0.010 0.010 0.010 0.010 0.010 0.010 0.006 0.000 0.019 0.010 0.010 0.004 0.009 0.009 0.007 0.007 0.010 0.010 0.010 0.010 0.010 0.010 0.010 0.010 0.010 0.010 0.010 0.010 0.014 0.009 0.006 0.008 0.008 0.006 0.005 0.005 0.006 0.005 0.007 0.005 0.007 0.009 0.009 0.009 0.009 0.009 0.005 0.009 0.007 0.006
0.000 0.000 0.000 0.000 0.000 0.000 0.000 0.000 0.000 0.000 0.000 0.000 0.000 0.000 0.013 0.000 0.000 0.000 0.000 0.000 0.000 0.000 0.000 0.000 0.000 0.003 0.019 0.010 0.010 0.006 0.010 0.010 0.008 0.010 0.095 0.010 0.010 0.010 0.008 0.010 0.005 0.009 0.012 0.010 0.010 0.010 0.032 0.010 0.010 0.045 0.010 0.010 0.010 0.032 0.010 0.010 0.009 0.009 0.010 0.005 0.004 0.006 0.007 0.005 0.005 0.004 0.003 0.004 0.009 0.009 0.009 0.006 0.010 0.009 0.005 0.007 0.005
0.000 0.000 0.000 0.000 0.000 0.000 0.000 0.000 0.000 0.000 0.000 0.000 0.000 0.000 0.000 0.000 0.000 0.000 0.000 0.000 0.000 0.000 0.000 0.018 0.010 0.006 0.010 0.010 0.009 0.010 0.010 0.007 0.008 0.010 0.010 0.000 0.009 0.006 0.005 0.010 0.007 0.010 0.010 0.010 0.010 0.037 0.010 0.010 0.010 0.010 0.043 0.010 0.010 0.010 0.010 0.010 0.010 0.008 0.000 0.008 0.008 0.005 0.009 0.005 0.005 0.007 0.007 0.004 0.006 0.004 0.005 0.006 0.009 0.014 0.010 0.005 0.006
0.000 0.000 0.000 0.000 0.000 0.000 0.000 0.000 0.000 0.000 0.000 0.000 0.000 0.000 0.000 0.000 0.000 0.000 0.000 0.000 0.000 0.000 0.000 0.010 0.010 0.007 0.008 0.010 0.010 0.010 0.010 0.010 0.010 0.010 0.030 0.000 0.007 0.005 0.005 0.010 0.003 0.004 0.006 0.010 0.010 0.010 0.023 0.010 0.010 0.010 0.010 0.010 0.010 0.010 0.010 0.017 0.006 0.008 0.010 0.009 0.009 0.005 0.003 0.006 0.007 0.006 0.006 0.005 0.005 0.005 0.007 0.007 0.007 0.006 0.006 0.009 0.005
0.000 0.000 0.000 0.000 0.000 0.000 0.000 0.000 0.000 0.000 0.000 0.000 0.000 0.000 0.000 0.000 0.000 0.000 0.000 0.000 0.000 0.028 0.010 0.010 0.010 0.010 0.005 0.010 0.010 0.010 0.010 0.008 0.010 0.010 0.010 0.000 0.005 0.007 0.009 0.007 0.006 0.010 0.005 0.005 0.005 0.006 0.010 0.010 0.010 0.010 0.035 0.010 0.010 0.010 0.010 0.008 0.007 0.007 0.010 0.000 0.007 0.007 0.007 0.000 0.000 0.009 0.008 0.005 0.008 0.007 0.005 0.007 0.008 0.008 0.008 0.008 0.006
0.000 0.000 0.000 0.000 0.000 0.000 0.000 0.000 0.000 0.000 0.000 0.000 0.000 0.000 0.000 0.000 0.000 0.000 0.000 0.000 0.000 0.010 0.010 0.010 0.010 0.009 0.010 0.008 0.008 0.010 0.005 0.010 0.015 0.000 0.010 0.010 0.009 0.004 0.010 0.004 0.009 0.010 0.010 0.016 0.006 0.011 0.008 0.007 0.010 0.010 0.010 0.010 0.010 0.010 0.009 0.007 0.006 0.009 0.010 0.008 0.007 0.007 0.005 0.006 0.010 0.010 0.010 0.000 0.004 0.006 0.005 0.009 0.008 0.008 0.008 0.007 0.008
0.000 0.000 0.000 0.000 0.000 0.000 0.000 0.000 0.000 0.000 0.000 0.000 0.000 0.000 0.000 0.000 0.000 0.000 0.000 0.000 0.054 0.010 0.008 0.006 0.007 0.008 0.010 0.010 0.010 0.010 0.010 0.007 0.000 0.010 0.010 0.000 0.006 0.007 0.009 0.007 0.018 0.010 0.010 0.010 0.010 0.010 0.010 0.010 0.006 0.010 0.010 0.010 0.010 0.010 0.010 0.009 0.009 0.010 0.008 0.008 0.004 0.005 0.007 0.006 0.007 0.007 0.010 0.013 0.009 0.010 0.000 0.000 0.005 0.008 0.007 0.009 0.008
0.000 0.000 0.000 0.000 0.000 0.000 0.000 0.000 0.000 0.000 0.000 0.000 0.000 0.000 0.000 0.000 0.000 0.000 0.000 0.000 0.010 0.005 0.008 0.010 0.008 0.006 0.006 0.010 0.010 0.006 0.000 0.000 0.000 0.010 0.000 0.010 0.004 0.010 0.007 0.007 0.010 0.034 0.010 0.010 0.010 0.010 0.010 0.010 0.020 0.009 0.010 0.007 0.005 0.008 0.007 0.007 0.010 0.010 0.000 0.000 0.005 0.007 0.006 0.010 0.008 0.005 0.006 0.000 0.005 0.010 0.010 0.008 0.007 0.006 0.000 0.000 0.007
0.000 0.000 0.000 0.000 0.000 0.000 0.000 0.000 0.000 0.010 0.000 0.000 0.000 0.000 0.000 0.000 0.000 0.000 0.000 0.024 0.010 0.007 0.008 0.010 0.006 0.004 0.006 0.010 0.010 0.006 0.000 0.000 0.008 0.018 0.010 0.010 0.010 0.010 0.008 0.010 0.010 0.010 0.010 0.010 0.010 0.010 0.023 0.000 0.010 0.010 0.010 0.009 0.005 0.005 0.005 0.008 0.000 0.009 0.006 0.007 0.007 0.009 0.005 0.005 0.006 0.008 0.000 0.000 0.009 0.006 0.008 0.007 0.006 0.000 0.008 0.006 0.006
0.000 0.000 0.000 0.000 0.000 0.000 0.000 0.000 0.000 0.000 0.000 0.000 0.000 0.000 0.000 0.000 0.000 0.000 0.020 0.010 0.010 0.010 0.008 0.010 0.009 0.010 0.010 0.008 0.007 0.005 0.006 0.000 0.008 0.000 0.010 0.008 0.009 0.010 0.008 0.010 0.010 0.010 0.010 0.010 0.000 0.000 0.000 0.000 0.010 0.010 0.010 0.008 0.004 0.004 0.003 0.006 0.006 0.005 0.008 0.010 0.006 0.007 0.009 0.010 0.028 0.000 0.000 0.008 0.008 0.000 0.000 0.008 0.007 0.000 0.000 0.005 0.010
0.000 0.000 0.000 0.000 0.000 0.000 0.000 0.000 0.000 0.000 0.000 0.000 0.000 0.000 0.000 0.000 0.000 0.000 0.010 0.010 0.010 0.010 0.009 0.004 0.006 0.010 0.010 0.010 0.007 0.004 0.004 0.000 0.000 0.009 0.010 0.009 0.007 0.009 0.005 0.024 0.010 0.010 0.010 0.010 0.000 0.006 0.000 0.000 0.012 0.010 0.010 0.009 0.000 0.000 0.000 0.000 0.007 0.010 0.006 0.009 0.008 0.006 0.008 0.010 0.008 0.000 0.000 0.011 0.000 0.000 0.007 0.006 0.006 0.009 0.007 0.008 0.007
0.000 0.000 0.000 0.000 0.000 0.000 0.000 0.000 0.000 0.000 0.000 0.000 0.000 0.000 0.000 0.000 0.000 0.010 0.029 0.010 0.010 0.005 0.006 0.005 0.005 0.010 0.010 0.010 0.011 0.000 0.003 0.008 0.013 0.010 0.010 0.004 0.010 0.005 0.011 0.010 0.010 0.010 0.010 0.010 0.023 0.000 0.008 0.010 0.000 0.000 0.006 0.010 0.005 0.004 0.005 0.007 0.006 0.000 0.008 0.007 0.009 0.008 0.010 0.010 0.000 0.000 0.008 0.006 0.000 0.000 0.010 0.006 0.000 0.004 0.008 0.010 0.010
0.000 0.000 0.000 0.000 0.000 0.000 0.000 0.000 0.000 0.000 0.000 0.000 0.000 0.000 0.000 0.000 0.000 0.019 0.010 0.010 0.010 0.009 0.004 0.010 0.005 0.010 0.005 0.006 0.000 0.010 0.007 0.000 0.000 0.010 0.009 0.005 0.006 0.005 0.009 0.009 0.009 0.010 0.010 0.000 0.000 0.000 0.004 0.009 0.006 0.004 0.006 0.009 0.005 0.005 0.007 0.000 0.000 0.000 0.005 0.000 0.009 0.009 0.010 0.009 0.005 0.009 0.008 0.000 0.000 0.006 0.013 0.008 0.009 0.007 0.006 0.009 0.000
0.000 0.000 0.000 0.000 0.000 0.000 0.000 0.000 0.000 0.000 0.000 0.000 0.000 0.000 0.000 0.000 0.010 0.010 0.010 0.023 0.009 0.010 0.007 0.004 0.010 0.010 0.009 0.003 0.000 0.005 0.005 0.004 0.012 0.000 0.003 0.009 0.006 0.010 0.004 0.007 0.005 0.006 0.005 0.009 0.000 0.004 0.005 0.000 0.000 0.007 0.005 0.006 0.010 0.010 0.004 0.004 0.006 0.000 0.004 0.000 0.007 0.006 0.008 0.005 0.000 0.011 0.010 0.009 0.007 0.007 0.009 0.005 0.000 0.009 0.000 0.009 0.007
0.000 0.000 0.000 0.000 0.000 0.000 0.000 0.000 0.000 0.000 0.000 0.000 0.000 0.000 0.000 0.100 0.010 0.010 0.007 0.010 0.004 0.008 0.004 0.007 0.010 0.010 0.010 0.006 0.003 0.008 0.010 0.010 0.000 0.012 0.006 0.010 0.006 0.010 0.010 0.010 0.007 0.008 0.005 0.006 0.009 0.005 0.006 0.000 0.010 0.007 0.006 0.008 0.005 0.009 0.005 0.003 0.006 0.006 0.006 0.005 0.000 0.009 0.006 0.004 0.000 0.006 0.000 0.004 0.004 0.006 0.006 0.005 0.005 0.010 0.000 0.010 0.020
