hx_30m/njhx/rain/result-0029.wd
ncols         211
nrows         286
xllcorner     660279.582600
yllcorner     3541874.325092
cellsize      30.000000
NODATA_value  -9999.000000
[rows 204 to 237 of 286, columns 77 to 153 of 211]
0.010 0.010 0.009 0.008 0.048 0.010 0.006 0.004 0.003 0.004 0.010 0.010 0.043 0.255 0.007 0.000 0.005 0.004 0.008 0.018 0.008 0.007 0.015 0.004 0.000 0.008 0.008 0.045 0.129 0.009 0.005 0.000 0.006 0.010 0.013 0.008 0.005 0.048 0.008 0.006 0.005 0.005 0.006 0.008 0.006 0.005 0.005 0.005 0.009 0.007 0.000 0.000 0.000 0.000 0.006 0.004 0.006 0.000 0.054 0.007 0.006 0.010 0.017 0.000 0.010 0.014 0.004 0.009 0.027 0.010 0.005 0.004 0.005 0.005 0.059 0.000 0.000
0.017 0.008 0.009 0.010 0.026 0.010 0.002 0.004 0.007 0.004 0.000 0.000 0.010 0.010 0.010 0.010 0.007 0.005 0.006 0.009 0.005 0.000 0.000 0.016 0.008 0.008 0.010 0.029 0.005 0.000 0.002 0.000 0.000 0.000 0.006 0.010 0.021 0.008 0.004 0.000 0.006 0.010 0.018 0.008 0.005 0.008 0.007 0.005 0.007 0.005 0.007 0.004 0.013 0.000 0.004 0.000 0.000 0.006 0.010 0.010 0.098 0.000 0.000 0.022 0.005 0.006 0.009 0.006 0.007 0.010 0.009 0.006 0.005 0.008 0.004 0.005 0.014
0.008 0.010 0.006 0.041 0.007 0.010 0.003 0.000 0.000 0.000 0.004 0.005 0.010 0.000 0.000 0.007 0.000 0.010 0.008 0.004 0.000 0.000 0.000 0.007 0.008 0.007 0.009 0.008 0.000 0.005 0.004 0.003 0.000 0.009 0.009 0.008 0.007 0.005 0.000 0.013 0.005 0.008 0.007 0.010 0.010 0.046 0.010 0.005 0.003 0.004 0.005 0.008 0.007 0.009 0.009 0.008 0.006 0.007 0.036 0.000 0.010 0.000 0.007 0.008 0.006 0.009 0.009 0.010 0.020 0.000 0.010 0.010 0.009 0.007 0.007 0.007 0.000
0.020 0.009 0.000 0.028 0.010 0.007 0.007 0.007 0.007 0.005 0.002 0.002 0.007 0.005 0.005 0.007 0.000 0.008 0.007 0.007 0.000 0.000 0.010 0.007 0.010 0.010 0.008 0.010 0.010 0.007 0.013 0.000 0.010 0.019 0.007 0.007 0.000 0.004 0.005 0.007 0.000 0.000 0.007 0.020 0.010 0.215 0.000 0.003 0.000 0.003 0.009 0.007 0.006 0.008 0.009 0.009 0.515 0.205 0.089 0.308 0.000 0.007 0.005 0.000 0.005 0.006 0.009 0.010 0.009 0.010 0.010 0.010 0.046 0.000 0.000 0.007 0.006
0.008 0.000 0.010 0.010 0.005 0.007 0.006 0.000 0.000 0.008 0.009 0.007 0.011 0.007 0.019 0.007 0.007 0.204 0.091 0.006 0.007 0.008 0.009 0.007 0.020 0.000 0.010 0.000 0.009 0.010 0.000 0.000 0.000 0.006 0.008 0.020 0.000 0.004 0.007 0.008 0.010 0.000 0.038 0.008 0.010 0.000 0.003 0.002 0.006 0.004 0.010 0.009 0.006 0.006 0.005 0.008 0.010 0.216 0.000 0.173 0.000 0.005 0.007 0.010 0.006 0.008 0.008 0.008 0.011 0.007 0.010 0.009 0.000 0.000 0.039 0.000 0.000
0.000 0.010 0.010 0.007 0.010 0.004 0.000 0.000 0.006 0.007 0.005 0.004 0.005 0.000 0.006 0.005 0.005 0.172 0.378 0.101 0.184 0.008 0.008 0.005 0.000 0.010 0.010 0.007 0.011 0.005 0.014 0.000 0.000 0.007 0.007 0.015 0.007 0.003 0.000 0.000 0.000 0.010 0.006 0.010 0.010 0.000 0.002 0.003 0.000 0.005 0.000 0.026 0.010 0.000 0.008 0.008 0.008 0.007 0.010 0.249 0.000 0.027 0.008 0.006 0.005 0.007 0.006 0.008 0.000 0.000 0.009 0.007 0.000 0.010 0.000 0.010 0.006
0.000 0.008 0.026 0.008 0.005 0.004 0.000 0.000 0.000 0.000 0.006 0.007 0.004 0.000 0.000 0.031 0.008 0.252 0.096 0.273 0.354 0.000 0.574 0.010 0.007 0.008 0.008 0.000 0.005 0.006 0.010 0.000 0.008 0.007 0.008 0.000 0.010 0.008 0.008 0.004 0.005 0.009 0.004 0.010 0.000 0.005 0.004 0.006 0.007 0.007 0.004 0.010 0.010 0.005 0.010 0.000 0.009 0.000 0.010 0.006 0.004 0.009 0.007 0.004 0.000 0.010 0.008 0.010 0.000 0.000 0.000 0.010 0.010 0.010 0.010 0.000 0.005
0.010 0.009 0.009 0.010 0.004 0.004 0.005 0.000 0.000 0.022 0.007 0.000 0.006 0.000 0.000 0.004 0.012 0.110 0.245 0.057 0.419 0.029 0.043 0.132 0.709 0.000 0.507 0.009 0.005 0.000 0.010 0.010 0.141 0.010 0.005 0.000 0.010 0.010 0.007 0.010 0.000 0.010 0.010 0.010 0.010 0.006 0.003 0.000 0.009 0.000 0.000 0.010 0.058 0.000 0.030 0.010 0.076 0.010 0.007 0.005 0.007 0.003 0.008 0.006 0.000 0.000 0.005 0.010 0.007 0.000 0.000 0.026 0.000 0.015 0.008 0.007 0.008
0.000 0.037 0.009 0.009 0.007 0.005 0.007 0.006 0.000 0.007 0.010 0.008 0.005 0.000 0.006 0.007 0.246 0.361 0.377 0.335 0.037 0.007 0.007 0.006 0.010 0.010 0.010 0.010 0.000 0.008 0.011 0.000 0.140 0.008 0.013 0.010 0.010 0.010 0.005 0.000 0.008 0.007 0.007 0.000 0.007 0.004 0.004 0.005 0.005 0.005 0.000 0.000 0.004 0.000 0.032 0.007 0.000 0.000 0.000 0.005 0.008 0.004 0.007 0.005 0.004 0.004 0.010 0.068 0.036 0.010 0.010 0.000 0.010 0.000 0.005 0.010 0.010
0.007 0.006 0.000 0.008 0.000 0.007 0.008 0.005 0.008 0.000 0.045 0.000 0.006 0.006 0.009 0.009 0.363 0.123 0.323 0.009 0.008 0.006 0.010 0.005 0.007 0.007 0.007 0.162 0.007 0.010 0.000 0.212 0.057 0.039 0.008 0.010 0.010 0.007 0.005 0.000 0.010 0.008 0.009 0.006 0.007 0.000 0.007 0.007 0.000 0.000 0.000 0.040 0.000 0.000 0.009 0.010 0.005 0.000 0.000 0.000 0.000 0.008 0.006 0.008 0.006 0.005 0.006 0.069 0.010 0.010 0.007 0.000 0.010 0.007 0.037 0.049 0.000
0.009 0.008 0.007 0.003 0.008 0.000 0.000 0.005 0.005 0.006 0.050 0.006 0.005 0.000 0.006 0.007 0.232 0.410 0.005 0.007 0.006 0.007 0.007 0.006 0.008 0.006 0.007 0.000 0.000 0.006 0.008 0.029 0.000 0.104 0.164 0.008 0.008 0.010 0.022 0.009 0.007 0.020 0.007 0.008 0.010 0.045 0.000 0.004 0.007 0.010 0.000 0.038 0.000 0.008 0.008 0.425 0.000 0.004 0.015 0.000 0.000 0.008 0.004 0.005 0.004 0.005 0.006 0.005 0.008 0.010 0.010 0.000 0.000 0.005 0.014 0.008 0.003
0.082 0.010 0.000 0.003 0.004 0.006 0.000 0.009 0.005 0.004 0.000 0.000 0.005 0.010 0.009 0.007 0.063 0.005 0.050 0.009 0.010 0.010 0.010 0.006 0.008 0.007 0.007 0.010 0.009 0.010 0.007 0.010 0.010 0.063 0.000 0.007 0.008 0.008 0.008 0.063 0.010 0.023 0.006 0.007 0.010 0.000 0.023 0.005 0.000 0.000 0.009 0.000 0.000 0.008 0.000 0.007 0.000 0.005 0.007 0.004 0.008 0.005 0.006 0.000 0.004 0.007 0.022 0.005 0.005 0.005 0.006 0.007 0.007 0.008 0.007 0.000 0.000
0.037 0.009 0.010 0.006 0.007 0.000 0.006 0.005 0.000 0.006 0.031 0.006 0.009 0.000 0.008 0.007 0.168 0.009 0.010 0.006 0.009 0.010 0.010 0.008 0.007 0.007 0.005 0.029 0.007 0.007 0.009 0.009 0.018 0.006 0.010 0.041 0.000 0.008 0.008 0.010 0.009 0.007 0.007 0.005 0.010 0.074 0.010 0.000 0.009 0.000 0.001 0.000 0.006 0.008 0.184 0.000 0.000 0.010 0.005 0.000 0.006 0.005 0.000 0.004 0.004 0.000 0.006 0.007 0.042 0.005 0.007 0.005 0.007 0.010 0.007 0.000 0.006
0.014 0.007 0.008 0.009 0.000 0.006 0.007 0.005 0.000 0.008 0.009 0.000 0.010 0.010 0.007 0.006 0.010 0.006 0.004 0.006 0.008 0.008 0.007 0.008 0.007 0.007 0.009 0.008 0.000 0.007 0.007 0.008 0.005 0.010 0.000 0.008 0.000 0.028 0.000 0.007 0.007 0.000 0.007 0.010 0.004 0.006 0.000 0.101 0.000 0.002 0.002 0.002 0.008 0.000 0.007 0.005 0.008 0.010 0.010 0.000 0.009 0.009 0.006 0.006 0.003 0.004 0.006 0.004 0.000 0.009 0.057 0.006 0.008 0.008 0.007 0.008 0.000
0.009 0.008 0.006 0.006 0.020 0.006 0.000 0.000 0.007 0.006 0.004 0.005 0.007 0.007 0.007 0.005 0.020 0.008 0.009 0.010 0.010 0.009 0.006 0.010 0.009 0.007 0.030 0.008 0.000 0.008 0.007 0.009 0.015 0.010 0.000 0.005 0.005 0.005 0.005 0.633 0.000 0.007 0.009 0.000 0.004 0.003 0.000 0.024 0.000 0.028 0.000 0.006 0.009 0.011 0.000 0.003 0.004 0.004 0.000 0.008 0.008 0.000 0.003 0.005 0.005 0.000 0.000 0.000 0.000 0.000 0.000 0.020 0.010 0.006 0.008 0.005 0.008
0.000 0.010 0.000 0.007 0.006 0.016 0.006 0.007 0.007 0.052 0.000 0.000 0.000 0.006 0.006 0.019 0.006 0.007 0.010 0.010 0.010 0.010 0.009 0.009 0.007 0.007 0.007 0.000 0.000 0.010 0.007 0.008 0.007 0.000 0.010 0.021 0.010 0.007 0.000 0.113 0.023 0.024 0.000 0.010 0.003 0.000 0.002 0.002 0.000 0.010 0.000 0.009 0.010 0.003 0.002 0.019 0.004 0.003 0.005 0.006 0.004 0.003 0.008 0.004 0.008 0.005 0.009 0.007 0.000 0.000 0.005 0.008 0.008 0.010 0.008 0.005 0.006
0.000 0.007 0.000 0.000 0.005 0.005 0.008 0.010 0.007 0.008 0.008 0.010 0.008 0.020 0.007 0.008 0.007 0.007 0.021 0.005 0.010 0.010 0.032 0.005 0.006 0.032 0.008 0.007 0.007 0.014 0.009 0.005 0.010 0.000 0.007 0.000 0.000 0.038 0.021 0.163 0.011 0.020 0.005 0.025 0.008 0.009 0.006 0.000 0.001 0.002 0.007 0.028 0.004 0.009 0.011 0.010 0.000 0.002 0.006 0.000 0.000 0.005 0.006 0.000 0.004 0.004 0.010 0.009 0.017 0.007 0.006 0.007 0.000 0.000 0.000 0.043 0.005
0.005 0.007 0.000 0.004 0.006 0.005 0.004 0.000 0.007 0.006 0.008 0.007 0.024 0.006 0.000 0.000 0.010 0.008 0.007 0.008 0.004 0.116 0.010 0.010 0.008 0.008 0.000 0.000 0.000 0.007 0.008 0.028 0.010 0.000 0.005 0.010 0.045 0.035 0.000 0.087 0.010 0.013 0.010 0.007 0.007 0.010 0.082 0.008 0.007 0.000 0.007 0.010 0.009 0.010 0.000 0.003 0.000 0.064 0.000 0.007 0.010 0.005 0.004 0.007 0.000 0.000 0.000 0.012 0.000 0.007 0.005 0.009 0.004 0.003 0.003 0.003 0.000
0.014 0.008 0.000 0.000 0.009 0.006 0.005 0.007 0.005 0.000 0.000 0.016 0.009 0.008 0.007 0.009 0.009 0.010 0.187 0.010 0.009 0.010 0.006 0.008 0.009 0.029 0.022 0.031 0.000 0.008 0.005 0.005 0.006 0.000 0.007 0.095 0.076 0.006 0.008 0.005 0.010 0.014 0.031 0.008 0.007 0.016 0.007 0.014 0.000 0.006 0.000 0.000 0.000 0.000 0.010 0.004 0.000 0.000 0.002 0.000 0.007 0.010 0.005 0.000 0.007 0.000 0.041 0.000 0.009 0.006 0.008 0.000 0.000 0.004 0.006 0.006 0.006
0.000 0.008 0.006 0.005 0.000 0.009 0.007 0.011 0.000 0.006 0.009 0.006 0.008 0.008 0.008 0.007 0.007 0.009 0.010 0.160 0.010 0.008 0.005 0.007 0.000 0.009 0.000 0.000 0.052 0.007 0.006 0.006 0.006 0.007 0.005 0.088 0.074 0.007 0.000 0.008 0.208 0.091 0.187 0.030 0.010 0.009 0.009 0.006 0.006 0.007 0.051 0.007 0.009 0.000 0.018 0.005 0.002 0.004 0.003 0.008 0.005 0.000 0.084 0.010 0.010 0.010 0.020 0.000 0.006 0.007 0.009 0.003 0.003 0.004 0.005 0.003 0.003
0.005 0.008 0.007 0.008 0.023 0.007 0.005 0.007 0.011 0.005 0.006 0.007 0.006 0.007 0.000 0.010 0.007 0.019 0.005 0.009 0.007 0.105 0.010 0.005 0.000 0.006 0.000 0.000 0.005 0.009 0.008 0.009 0.009 0.007 0.006 0.007 0.000 0.007 0.007 0.005 0.008 0.000 0.008 0.138 0.094 0.066 0.104 0.008 0.008 0.000 0.010 0.010 0.022 0.009 0.010 0.000 0.000 0.002 0.005 0.004 0.000 0.008 0.000 0.010 0.008 0.010 0.017 0.008 0.007 0.008 0.000 0.000 0.004 0.002 0.005 0.005 0.006
0.008 0.000 0.006 0.005 0.007 0.006 0.006 0.005 0.000 0.007 0.019 0.004 0.000 0.000 0.007 0.009 0.010 0.083 0.010 0.007 0.007 0.008 0.016 0.007 0.017 0.006 0.000 0.008 0.005 0.009 0.012 0.005 0.000 0.010 0.006 0.004 0.005 0.007 0.017 0.003 0.000 0.142 0.149 0.041 0.143 0.039 0.009 0.006 0.010 0.029 0.006 0.006 0.006 0.327 0.010 0.007 0.009 0.000 0.003 0.007 0.007 0.006 0.007 0.000 0.000 0.004 0.007 0.004 0.006 0.005 0.002 0.005 0.007 0.010 0.003 0.003 0.006
0.000 0.004 0.006 0.006 0.007 0.000 0.008 0.006 0.007 0.005 0.007 0.004 0.009 0.006 0.008 0.010 0.010 0.010 0.010 0.010 0.004 0.006 0.006 0.007 0.010 0.156 0.007 0.007 0.010 0.007 0.007 0.008 0.010 0.007 0.000 0.000 0.007 0.003 0.005 0.009 0.000 0.052 0.056 0.039 0.007 0.007 0.009 0.009 0.083 0.009 0.010 0.006 0.007 0.009 0.007 0.010 0.631 0.011 0.008 0.007 0.008 0.006 0.005 0.000 0.000 0.000 0.007 0.006 0.000 0.004 0.004 0.004 0.000 0.010 0.000 0.007 0.004
0.013 0.004 0.000 0.073 0.005 0.005 0.008 0.009 0.010 0.006 0.007 0.005 0.000 0.009 0.010 0.010 0.010 0.010 0.010 0.007 0.006 0.004 0.006 0.008 0.007 0.010 0.010 0.007 0.009 0.005 0.007 0.009 0.009 0.007 0.009 0.007 0.005 0.000 0.004 0.005 0.021 0.000 0.000 0.008 0.007 0.005 0.009 0.000 0.008 0.006 0.006 0.007 0.010 0.008 0.006 0.004 0.008 0.907 0.754 0.007 0.007 0.007 0.004 0.004 0.000 0.000 0.006 0.006 0.010 0.010 0.000 0.001 0.000 0.003 0.007 0.009 0.009
0.003 0.003 0.071 0.103 0.010 0.010 0.006 0.008 0.007 0.007 0.000 0.014 0.008 0.006 0.006 0.000 0.006 0.010 0.010 0.007 0.058 0.004 0.010 0.008 0.012 0.006 0.008 0.007 0.008 0.024 0.007 0.000 0.006 0.000 0.000 0.006 0.006 0.009 0.004 0.010 0.003 0.005 0.004 0.000 0.000 0.007 0.009 0.030 0.007 0.008 0.010 0.048 0.009 0.008 0.010 0.010 0.006 0.005 0.007 0.000 0.628 0.011 0.005 0.000 0.000 0.005 0.006 0.000 0.007 0.010 0.001 0.003 0.008 0.006 0.005 0.003 0.007
0.005 0.000 0.009 0.014 0.251 0.108 0.004 0.009 0.007 0.005 0.008 0.000 0.005 0.000 0.007 0.131 0.000 0.008 0.007 0.004 0.006 0.007 0.000 0.006 0.000 0.006 0.042 0.009 0.007 0.008 0.008 0.009 0.004 0.006 0.006 0.008 0.008 0.005 0.015 0.005 0.007 0.000 0.007 0.005 0.008 0.007 0.625 0.009 0.007 0.007 0.007 0.009 0.009 0.006 0.005 0.007 0.004 0.007 0.005 0.006 0.009 0.010 0.204 0.006 0.007 0.006 0.000 0.000 0.002 0.003 0.003 0.007 0.048 0.146 0.072 0.006 0.007
0.010 0.000 0.000 0.004 0.004 0.005 0.004 0.029 0.007 0.006 0.007 0.007 0.010 0.000 0.000 0.000 0.008 0.000 0.004 0.000 0.007 0.007 0.006 0.000 0.000 0.010 0.004 0.009 0.005 0.007 0.005 0.010 0.005 0.006 0.006 0.007 0.006 0.005 0.006 0.005 0.005 0.004 0.000 0.006 0.006 0.000 0.010 0.010 0.010 0.009 0.006 0.007 0.007 0.010 0.008 0.005 0.006 0.006 0.008 0.007 0.010 0.000 0.010 0.688 0.010 0.006 0.006 0.000 0.002 0.004 0.000 0.025 0.065 0.051 0.007 0.009 0.009
0.006 0.006 0.000 0.000 0.000 0.006 0.005 0.009 0.005 0.013 0.008 0.007 0.000 0.000 0.009 0.000 0.004 0.006 0.005 0.000 0.013 0.008 0.010 0.008 0.000 0.000 0.004 0.009 0.007 0.007 0.006 0.006 0.003 0.000 0.000 0.010 0.007 0.005 0.008 0.010 0.007 0.010 0.004 0.008 0.008 0.010 0.009 0.013 0.010 0.009 0.010 0.009 0.006 0.004 0.005 0.005 0.008 0.006 0.009 0.009 0.008 0.000 0.000 0.011 0.005 0.000 0.015 0.007 0.032 0.000 0.010 0.089 0.101 0.081 0.004 0.009 0.016
0.009 0.004 0.006 0.004 0.006 0.005 0.009 0.008 0.000 0.004 0.080 0.063 0.008 0.009 0.000 0.007 0.010 0.007 0.007 0.006 0.005 0.005 0.007 0.003 0.008 0.004 0.006 0.009 0.008 0.000 0.000 0.005 0.009 0.004 0.003 0.000 0.000 0.010 0.010 0.004 0.007 0.000 0.007 0.007 0.045 0.000 0.010 0.010 0.008 0.010 0.027 0.010 0.010 0.009 0.006 0.010 0.008 0.021 0.010 0.010 0.010 0.008 0.004 0.015 0.010 0.046 0.010 0.000 0.322 0.022 0.012 0.053 0.203 0.003 0.006 0.007 0.008
0.004 0.004 0.004 0.004 0.006 0.018 0.018 0.006 0.007 0.004 0.005 0.006 0.005 0.016 0.009 0.004 0.008 0.000 0.000 0.007 0.008 0.000 0.000 0.004 0.004 0.005 0.009 0.005 0.008 0.003 0.003 0.000 0.000 0.009 0.006 0.005 0.005 0.006 0.007 0.007 0.007 0.008 0.007 0.000 0.000 0.000 0.000 0.010 0.000 0.010 0.010 0.007 0.048 0.009 0.005 0.010 0.006 0.000 0.010 0.000 0.010 0.010 0.007 0.005 0.153 0.110 0.109 0.173 0.010 0.000 1.073 0.164 0.027 0.000 0.007 0.007 0.008
0.009 0.006 0.004 0.006 0.006 0.007 0.007 0.000 0.003 0.008 0.006 0.006 0.000 0.004 0.005 0.006 0.008 0.010 0.168 0.004 0.006 0.010 0.050 0.000 0.008 0.011 0.008 0.010 0.003 0.000 0.003 0.005 0.003 0.004 0.004 0.005 0.008 0.007 0.005 0.007 0.008 0.010 0.009 0.525 0.000 0.000 0.000 0.044 0.000 0.000 0.010 0.010 0.007 0.011 0.006 0.009 0.006 0.010 0.069 0.010 0.010 0.000 0.006 0.006 0.000 0.117 0.010 0.000 0.000 0.010 0.010 0.000 0.024 0.254 0.104 0.003 0.040
0.000 0.000 0.009 0.006 0.008 0.007 0.006 0.004 0.000 0.000 0.005 0.010 0.012 0.005 0.006 0.005 0.006 0.006 0.021 0.005 0.000 0.005 0.007 0.007 0.008 0.005 0.006 0.009 0.004 0.005 0.002 0.000 0.005 0.007 0.003 0.003 0.013 0.024 0.007 0.019 0.010 0.010 0.000 0.010 0.144 0.000 0.000 0.000 0.000 0.000 0.000 0.010 0.008 0.008 0.009 0.011 0.007 0.007 0.009 0.006 0.011 0.007 0.006 0.000 0.006 0.008 0.048 0.000 0.010 0.106 0.010 0.004 0.009 0.000 0.209 0.329 0.059
0.010 0.008 0.007 0.007 0.025 0.009 0.002 0.005 0.009 0.004 0.003 0.000 0.006 0.007 0.006 0.004 0.004 0.004 0.010 0.025 0.005 0.000 0.005 0.007 0.006 0.008 0.005 0.006 0.000 0.003 0.004 0.003 0.003 0.004 0.005 0.005 0.007 0.013 0.009 0.010 0.010 0.010 0.675 0.010 0.000 0.000 0.134 0.027 0.000 0.000 0.000 0.010 0.006 0.010 0.010 0.010 0.007 0.050 0.005 0.006 0.006 0.008 0.005 0.000 0.000 0.006 0.004 0.004 0.020 0.000 0.006 0.011 0.000 0.000 0.004 0.000 0.130
0.007 0.007 0.006 0.006 0.008 0.000 0.000 0.006 0.004 0.010 0.000 0.005 0.003 0.000 0.000 0.006 0.005 0.004 0.010 0.010 0.009 0.027 0.005 0.007 0.005 0.008 0.006 0.010 0.000 0.000 0.000 0.003 0.003 0.003 0.004 0.000 0.007 0.009 0.009 0.007 0.020 0.000 0.008 0.007 0.008 0.010 0.015 0.010 0.000 0.000 0.010 0.008 0.010 0.010 0.010 0.010 0.010 0.010 0.009 0.007 0.006 0.006 0.000 0.000 0.009 0.010 0.000 0.000 0.000 0.007 0.003 0.000 0.018 0.003 0.003 0.004 0.006
