hx_30m/njhx/rain/result-0026.wd
ncols         211
nrows         286
xllcorner     660279.582600
yllcorner     3541874.325092
cellsize      30.000000
NODATA_value  -9999.000000
[rows 68 to 101 of 286, columns 77 to 153 of 211]
0.000 0.000 0.000 0.000 0.000 0.000 0.010 0.010 0.010 0.000 0.000 0.010 0.032 0.010 0.357 0.000 0.025 0.061 0.061 0.000 0.000 0.000 0.000 0.010 0.010 0.010 0.009 0.027 0.010 0.010 0.010 0.010 0.010 0.010 0.010 0.010 0.010 0.010 0.161 0.010 0.009 0.013 0.010 0.010 0.010 0.010 0.010 0.010 0.038 0.007 0.000 0.010 0.010 0.000 0.010 0.044 0.010 0.010 0.010 0.010 0.000 0.010 0.000 0.000 0.000 0.000 0.039 0.010 0.000 0.000 0.000 0.010 0.000 0.000 0.000 0.000 0.000
0.000 0.000 0.000 0.000 0.000 0.010 0.010 0.010 0.010 0.010 0.093 0.069 0.010 0.024 0.000 0.059 0.010 0.010 0.010 0.010 0.021 0.010 0.009 0.008 0.010 0.010 0.010 0.011 0.010 0.009 0.010 0.010 0.011 0.079 0.074 0.010 0.010 0.010 0.159 0.006 0.000 0.000 0.000 0.000 0.000 0.010 0.112 0.010 0.000 0.038 0.010 0.009 0.017 0.000 0.010 0.010 0.018 0.010 0.010 0.034 0.010 0.009 0.004 0.000 0.011 0.010 0.010 0.010 0.000 0.000 0.000 0.010 0.000 0.000 0.000 0.000 0.000
0.000 0.000 0.000 0.000 0.000 0.075 0.010 0.010 0.010 0.010 0.010 0.010 0.010 0.010 0.010 0.010 0.010 0.009 0.009 0.010 0.010 0.011 0.000 0.000 0.010 0.000 0.000 0.010 0.000 0.000 0.022 0.010 0.000 0.000 0.000 0.010 0.000 0.010 0.010 0.009 0.000 0.000 0.000 0.000 0.000 0.010 0.010 0.000 0.000 0.000 0.000 0.000 0.017 0.010 0.013 0.010 0.010 0.010 0.000 0.000 0.010 0.000 0.000 0.000 0.000 0.000 0.010 0.010 0.000 0.000 0.000 0.010 0.000 0.000 0.000 0.000 0.000
0.000 0.000 0.000 0.000 0.000 0.010 0.010 0.010 0.010 0.010 0.000 0.000 0.008 0.000 0.009 0.010 0.008 0.009 0.009 0.010 0.010 0.010 0.000 0.011 0.000 0.000 0.010 0.010 0.000 0.009 0.010 0.000 0.000 0.017 0.010 0.010 0.000 0.010 0.333 0.009 0.000 0.000 0.000 0.000 0.013 0.010 0.010 0.000 0.000 0.000 0.000 0.000 0.010 0.000 0.010 0.010 0.010 0.017 0.008 0.008 0.009 0.000 0.000 0.000 0.000 0.000 0.033 0.010 0.000 0.000 0.000 0.074 0.000 0.000 0.000 0.000 0.000
0.000 0.000 0.000 0.000 0.000 0.071 0.010 0.010 0.010 0.010 0.009 0.000 0.006 0.000 0.000 0.089 0.007 0.000 0.009 0.008 0.000 0.008 0.009 0.009 0.000 0.027 0.010 0.010 0.000 0.000 0.010 0.010 0.000 0.009 0.009 0.007 0.000 0.009 0.012 0.010 0.000 0.039 0.000 0.000 0.000 0.000 0.010 0.000 0.000 0.010 0.000 0.000 0.009 0.010 0.010 0.010 0.016 0.000 0.010 0.009 0.010 0.006 0.007 0.015 0.000 0.000 0.030 0.010 0.000 0.000 0.000 0.010 0.000 0.000 0.000 0.000 0.000
0.000 0.000 0.000 0.000 0.000 0.010 0.010 0.010 0.010 0.010 0.012 0.000 0.007 0.010 0.000 0.000 0.009 0.009 0.007 0.008 0.010 0.010 0.000 0.010 0.000 0.010 0.000 0.024 0.010 0.007 0.009 0.010 0.000 0.000 0.010 0.000 0.000 0.010 0.010 0.010 0.010 0.010 0.000 0.000 0.000 0.000 0.012 0.009 0.000 0.000 0.000 0.000 0.010 0.000 0.000 0.019 0.009 0.010 0.009 0.007 0.000 0.000 0.008 0.010 0.010 0.009 0.010 0.010 0.000 0.000 0.000 0.010 0.000 0.000 0.000 0.000 0.000
0.000 0.000 0.000 0.000 0.000 0.010 0.010 0.010 0.010 0.010 0.008 0.008 0.007 0.000 0.000 0.228 0.010 0.000 0.006 0.010 0.067 0.049 0.000 0.014 0.010 0.010 0.000 0.010 0.000 0.008 0.007 0.006 0.000 0.000 0.010 0.013 0.010 0.010 0.010 0.010 0.000 0.010 0.000 0.000 0.008 0.000 0.010 0.010 0.000 0.000 0.000 0.000 0.013 0.000 0.010 0.008 0.000 0.009 0.008 0.000 0.000 0.000 0.006 0.006 0.010 0.010 0.010 0.010 0.000 0.000 0.000 0.010 0.000 0.000 0.000 0.000 0.000
0.000 0.000 0.000 0.000 0.090 0.010 0.010 0.010 0.010 0.010 0.024 0.010 0.010 0.010 0.009 0.010 0.011 0.007 0.005 0.006 0.010 0.010 0.000 0.000 0.000 0.010 0.010 0.010 0.010 0.010 0.010 0.010 0.028 0.010 0.010 0.010 0.010 0.010 0.010 0.010 0.010 0.049 0.000 0.000 0.006 0.010 0.010 0.010 0.010 0.010 0.010 0.009 0.010 0.000 0.000 0.000 0.010 0.008 0.000 0.000 0.006 0.000 0.000 0.010 0.006 0.010 0.010 0.010 0.000 0.000 0.000 0.000 0.000 0.000 0.000 0.000 0.000
0.000 0.000 0.000 0.000 0.010 0.010 0.010 0.010 0.010 0.010 0.011 0.010 0.031 0.010 0.000 0.000 0.162 0.000 0.000 0.000 0.009 0.008 0.009 0.010 0.000 0.000 0.000 0.010 0.000 0.010 0.010 0.008 0.010 0.000 0.010 0.000 0.010 0.010 0.010 0.010 0.010 0.010 0.000 0.000 0.000 0.000 0.011 0.028 0.009 0.010 0.009 0.000 0.017 0.010 0.010 0.000 0.010 0.000 0.000 0.000 0.000 0.008 0.008 0.000 0.000 0.010 0.010 0.010 0.000 0.000 0.000 0.000 0.000 0.000 0.000 0.000 0.000
0.000 0.000 0.000 0.000 0.010 0.022 0.010 0.010 0.010 0.017 0.010 0.007 0.009 0.000 0.006 0.000 0.000 0.009 0.010 0.010 0.010 0.010 0.010 0.010 0.010 0.000 0.000 0.010 0.010 0.009 0.009 0.010 0.010 0.010 0.025 0.000 0.010 0.010 0.010 0.055 0.010 0.010 0.000 0.000 0.000 0.000 0.000 0.000 0.010 0.008 0.012 0.000 0.000 0.009 0.000 0.010 0.009 0.005 0.006 0.005 0.000 0.007 0.009 0.008 0.009 0.010 0.010 0.048 0.000 0.000 0.000 0.000 0.000 0.000 0.000 0.000 0.000
0.000 0.000 0.000 0.000 0.010 0.010 0.010 0.010 0.010 0.000 0.010 0.000 0.006 0.011 0.010 0.000 0.015 0.010 0.000 0.000 0.010 0.010 0.000 0.010 0.010 0.000 0.000 0.010 0.000 0.000 0.009 0.010 0.010 0.010 0.010 0.000 0.010 0.034 0.010 0.020 0.010 0.010 0.000 0.000 0.000 0.000 0.000 0.010 0.007 0.006 0.000 0.007 0.009 0.010 0.010 0.010 0.010 0.008 0.008 0.006 0.006 0.009 0.007 0.000 0.010 0.010 0.010 0.010 0.000 0.000 0.000 0.025 0.000 0.000 0.000 0.000 0.000
0.000 0.000 0.000 0.000 0.010 0.010 0.010 0.010 0.010 0.000 0.008 0.000 0.000 0.010 0.000 0.000 0.009 0.010 0.010 0.000 0.035 0.029 0.010 0.010 0.010 0.000 0.000 0.027 0.000 0.009 0.010 0.008 0.010 0.000 0.000 0.000 0.000 0.010 0.010 0.010 0.051 0.010 0.000 0.000 0.010 0.026 0.000 0.010 0.009 0.007 0.008 0.008 0.010 0.010 0.010 0.000 0.005 0.007 0.010 0.007 0.008 0.009 0.000 0.010 0.000 0.010 0.010 0.010 0.000 0.000 0.059 0.000 0.000 0.000 0.000 0.000 0.000
0.000 0.000 0.000 0.088 0.010 0.010 0.010 0.010 0.040 0.000 0.000 0.006 0.000 0.008 0.000 0.000 0.007 0.031 0.000 0.000 0.010 0.010 0.000 0.010 0.015 0.010 0.008 0.010 0.000 0.000 0.010 0.009 0.010 0.000 0.000 0.000 0.010 0.023 0.010 0.011 0.010 0.010 0.000 0.000 0.010 0.010 0.000 0.058 0.010 0.021 0.010 0.010 0.010 0.010 0.000 0.005 0.006 0.006 0.010 0.017 0.000 0.010 0.010 0.010 0.015 0.037 0.010 0.078 0.000 0.000 0.010 0.000 0.000 0.000 0.000 0.000 0.000
0.000 0.000 0.000 0.010 0.045 0.010 0.010 0.010 0.010 0.000 0.000 0.000 0.010 0.010 0.000 0.004 0.005 0.000 0.010 0.000 0.010 0.010 0.010 0.010 0.010 0.010 0.010 0.044 0.000 0.024 0.007 0.010 0.010 0.000 0.000 0.000 0.000 0.010 0.010 0.054 0.010 0.010 0.000 0.000 0.000 0.071 0.000 0.055 0.000 0.010 0.000 0.000 0.000 0.010 0.004 0.005 0.004 0.000 0.000 0.010 0.008 0.007 0.000 0.000 0.000 0.014 0.010 0.000 0.000 0.000 0.010 0.000 0.000 0.000 0.000 0.000 0.000
0.000 0.000 0.081 0.010 0.010 0.010 0.010 0.010 0.087 0.000 0.000 0.000 0.000 0.009 0.000 0.000 0.007 0.009 0.027 0.000 0.000 0.000 0.162 0.095 0.000 0.000 0.000 0.010 0.000 0.039 0.010 0.010 0.096 0.000 0.000 0.010 0.010 0.011 0.010 0.010 0.010 0.010 0.010 0.010 0.010 0.010 0.000 0.010 0.000 0.010 0.010 0.000 0.010 0.010 0.005 0.004 0.003 0.000 0.008 0.009 0.006 0.007 0.000 0.006 0.000 0.010 0.010 0.000 0.000 0.000 0.010 0.000 0.000 0.000 0.000 0.000 0.000
0.000 0.000 0.010 0.010 0.010 0.010 0.010 0.010 0.179 0.282 0.000 0.000 0.000 0.000 0.000 0.005 0.005 0.010 0.076 0.010 0.084 0.017 0.010 0.015 0.010 0.010 0.009 0.104 0.019 0.225 0.015 0.018 0.010 0.010 0.010 0.010 0.010 0.010 0.010 0.010 0.037 0.010 0.033 0.010 0.000 0.000 0.000 0.010 0.039 0.008 0.009 0.009 0.010 0.030 0.008 0.008 0.016 0.010 0.010 0.000 0.000 0.010 0.000 0.009 0.000 0.010 0.010 0.000 0.000 0.000 0.065 0.000 0.000 0.000 0.000 0.000 0.000
0.000 0.000 0.010 0.010 0.010 0.010 0.010 0.010 0.272 0.000 0.000 0.000 0.233 0.010 0.481 0.015 0.093 0.256 0.036 0.019 0.010 0.010 0.082 0.071 0.024 0.010 0.063 0.044 0.000 0.000 0.000 0.000 0.010 0.000 0.010 0.010 0.280 0.010 0.010 0.017 0.010 0.000 0.010 0.018 0.012 0.010 0.010 0.010 0.014 0.009 0.007 0.008 0.000 0.010 0.010 0.010 0.010 0.000 0.000 0.010 0.010 0.010 0.007 0.007 0.000 0.010 0.010 0.000 0.000 0.000 0.010 0.000 0.000 0.000 0.000 0.000 0.000
0.000 0.057 0.010 0.112 0.110 0.010 0.010 0.051 0.000 0.000 0.000 0.000 0.000 0.000 0.000 0.000 0.010 0.009 0.009 0.010 0.000 0.000 0.008 0.000 0.010 0.000 0.000 0.049 0.009 0.000 0.010 0.015 0.010 0.010 0.016 0.010 0.010 0.010 0.010 0.010 0.000 0.010 0.010 0.010 0.010 0.000 0.010 0.010 0.013 0.010 0.010 0.021 0.000 0.010 0.010 0.010 0.030 0.010 0.000 0.009 0.010 0.008 0.005 0.010 0.010 0.010 0.010 0.000 0.000 0.000 0.000 0.000 0.000 0.000 0.000 0.000 0.000
0.070 0.010 0.010 0.010 0.010 0.010 0.010 0.000 0.005 0.000 0.006 0.000 0.000 0.000 0.000 0.000 0.010 0.010 0.010 0.074 0.010 0.010 0.010 0.010 0.024 0.010 0.010 0.010 0.010 0.020 0.009 0.010 0.010 0.000 0.036 0.010 0.018 0.010 0.010 0.018 0.000 0.016 0.010 0.000 0.010 0.010 0.010 0.010 0.014 0.014 0.000 0.000 0.000 0.042 0.010 0.010 0.010 0.010 0.010 0.010 0.010 0.011 0.007 0.006 0.022 0.010 0.010 0.000 0.000 0.000 0.000 0.000 0.000 0.000 0.000 0.000 0.000
0.010 0.010 0.010 0.010 0.010 0.010 0.057 0.000 0.015 0.007 0.006 0.000 0.000 0.000 0.000 0.000 0.017 0.000 0.008 0.011 0.010 0.012 0.010 0.055 0.010 0.010 0.000 0.010 0.012 0.010 0.010 0.010 0.010 0.037 0.010 0.010 0.010 0.010 0.010 0.010 0.000 0.039 0.010 0.000 0.010 0.009 0.010 0.060 0.013 0.072 0.078 0.000 0.136 0.010 0.010 0.010 0.010 0.010 0.010 0.010 0.010 0.010 0.010 0.010 0.000 0.010 0.010 0.000 0.000 0.000 0.000 0.000 0.000 0.000 0.000 0.000 0.000
0.010 0.010 0.010 0.010 0.010 0.010 0.010 0.010 0.010 0.007 0.000 0.000 0.000 0.000 0.000 0.000 0.000 0.010 0.010 0.013 0.010 0.009 0.000 0.010 0.010 0.010 0.000 0.010 0.000 0.000 0.010 0.010 0.010 0.010 0.031 0.000 0.000 0.010 0.010 0.017 0.000 0.000 0.010 0.000 0.010 0.016 0.000 0.020 0.014 0.041 0.057 0.199 0.176 0.010 0.010 0.010 0.010 0.000 0.000 0.010 0.010 0.010 0.010 0.010 0.010 0.010 0.010 0.010 0.000 0.000 0.000 0.028 0.000 0.000 0.000 0.000 0.000
0.010 0.185 0.010 0.060 0.010 0.010 0.010 0.010 0.020 0.000 0.008 0.010 0.000 0.000 0.000 0.000 0.009 0.010 0.010 0.010 0.000 0.000 0.010 0.010 0.010 0.010 0.010 0.018 0.000 0.000 0.010 0.010 0.010 0.000 0.000 0.010 0.010 0.010 0.010 0.010 0.010 0.010 0.010 0.010 0.010 0.010 0.009 0.017 0.010 0.000 0.000 0.000 0.000 0.217 0.010 0.010 0.010 0.010 0.010 0.010 0.010 0.011 0.010 0.010 0.010 0.010 0.010 0.010 0.000 0.000 0.000 0.000 0.029 0.000 0.000 0.000 0.000
0.010 0.043 0.129 0.010 0.010 0.010 0.010 0.010 0.008 0.010 0.010 0.010 0.010 0.010 0.007 0.008 0.010 0.067 0.022 0.018 0.010 0.010 0.010 0.010 0.010 0.010 0.010 0.010 0.038 0.010 0.010 0.010 0.010 0.010 0.038 0.010 0.010 0.010 0.010 0.010 0.038 0.069 0.010 0.010 0.010 0.010 0.010 0.016 0.015 0.019 0.188 0.018 0.083 0.129 0.020 0.050 0.180 0.010 0.016 0.224 0.175 0.127 0.217 0.108 0.101 0.018 0.013 0.010 0.010 0.000 0.000 0.000 0.000 0.029 0.000 0.000 0.000
0.010 0.010 0.010 0.010 0.010 0.010 0.010 0.010 0.010 0.010 0.012 0.010 0.010 0.009 0.006 0.008 0.000 0.000 0.010 0.010 0.000 0.010 0.010 0.010 0.009 0.008 0.000 0.010 0.010 0.010 0.000 0.010 0.013 0.009 0.008 0.000 0.000 0.010 0.010 0.010 0.000 0.000 0.000 0.000 0.000 0.000 0.000 0.000 0.018 0.000 0.000 0.000 0.000 0.000 0.010 0.010 0.010 0.010 0.010 0.010 0.010 0.010 0.010 0.010 0.010 0.000 0.396 0.010 0.010 0.017 0.000 0.000 0.000 0.000 0.027 0.000 0.000
0.010 0.010 0.010 0.010 0.010 0.010 0.000 0.000 0.000 0.010 0.000 0.000 0.008 0.010 0.007 0.010 0.012 0.010 0.010 0.010 0.010 0.000 0.010 0.000 0.010 0.000 0.010 0.010 0.000 0.000 0.010 0.010 0.089 0.008 0.010 0.010 0.000 0.014 0.010 0.010 0.000 0.000 0.039 0.008 0.000 0.007 0.000 0.008 0.010 0.010 0.010 0.010 0.019 0.008 0.009 0.009 0.000 0.008 0.000 0.000 0.000 0.010 0.010 0.000 0.010 0.000 0.117 0.010 0.010 0.010 0.020 0.000 0.000 0.000 0.000 0.027 0.000
0.010 0.010 0.010 0.010 0.010 0.085 0.000 0.010 0.032 0.000 0.000 0.000 0.000 0.010 0.010 0.010 0.009 0.010 0.000 0.000 0.010 0.039 0.000 0.000 0.010 0.010 0.010 0.010 0.000 0.000 0.100 0.200 0.167 0.073 0.010 0.010 0.010 0.010 0.010 0.010 0.010 0.000 0.010 0.010 0.010 0.000 0.009 0.006 0.009 0.000 0.010 0.000 0.010 0.000 0.000 0.018 0.009 0.019 0.009 0.009 0.010 0.008 0.009 0.010 0.010 0.010 0.067 0.000 0.014 0.010 0.010 0.010 0.000 0.000 0.000 0.000 0.027
0.010 0.010 0.010 0.045 0.010 0.010 0.010 0.010 0.010 0.000 0.000 0.000 0.054 0.000 0.000 0.000 0.010 0.022 0.000 0.000 0.010 0.010 0.010 0.010 0.025 0.009 0.010 0.010 0.000 0.000 0.000 0.000 0.046 0.083 0.156 0.000 0.036 0.010 0.010 0.010 0.146 0.010 0.010 0.010 0.010 0.010 0.010 0.010 0.016 0.000 0.009 0.010 0.009 0.000 0.007 0.000 0.010 0.010 0.010 0.010 0.009 0.007 0.000 0.000 0.010 0.000 0.048 0.010 0.010 0.010 0.010 0.010 0.010 0.000 0.000 0.000 0.000
0.010 0.010 0.010 0.010 0.010 0.010 0.010 0.000 0.010 0.010 0.010 0.010 0.011 0.010 0.010 0.010 0.010 0.010 0.000 0.000 0.022 0.010 0.010 0.010 0.010 0.000 0.000 0.024 0.010 0.000 0.018 0.000 0.021 0.011 0.011 0.010 0.040 0.010 0.010 0.010 0.000 0.000 0.010 0.010 0.000 0.010 0.010 0.000 0.010 0.008 0.010 0.010 0.020 0.000 0.008 0.000 0.014 0.010 0.010 0.016 0.000 0.006 0.000 0.010 0.270 0.010 0.032 0.010 0.010 0.010 0.063 0.010 0.010 0.010 0.000 0.000 0.000
0.000 0.000 0.010 0.010 0.010 0.010 0.010 0.010 0.010 0.019 0.000 0.000 0.010 0.010 0.039 0.010 0.010 0.009 0.008 0.014 0.010 0.010 0.010 0.010 0.010 0.000 0.000 0.020 0.010 0.010 0.010 0.032 0.010 0.010 0.000 0.000 0.032 0.010 0.010 0.051 0.000 0.000 0.010 0.010 0.010 0.010 0.007 0.007 0.048 0.010 0.009 0.010 0.010 0.000 0.007 0.000 0.000 0.000 0.000 0.000 0.000 0.006 0.000 0.047 0.010 0.018 0.015 0.000 0.010 0.010 0.010 0.000 0.010 0.010 0.010 0.000 0.000
0.010 0.010 0.010 0.010 0.010 0.010 0.010 0.063 0.010 0.010 0.008 0.026 0.009 0.010 0.010 0.000 0.010 0.008 0.010 0.000 0.000 0.000 0.010 0.000 0.007 0.000 0.000 0.010 0.000 0.010 0.010 0.010 0.010 0.010 0.000 0.028 0.000 0.010 0.010 0.016 0.000 0.000 0.010 0.000 0.010 0.010 0.000 0.000 0.012 0.259 0.010 0.009 0.015 0.000 0.010 0.000 0.000 0.000 0.000 0.000 0.000 0.006 0.000 0.010 0.031 0.000 0.213 0.010 0.050 0.010 0.010 0.014 0.010 0.009 0.010 0.010 0.000
0.000 0.000 0.010 0.010 0.010 0.010 0.014 0.000 0.010 0.000 0.000 0.010 0.000 0.000 0.010 0.000 0.015 0.010 0.010 0.000 0.011 0.010 0.010 0.000 0.010 0.010 0.000 0.047 0.000 0.041 0.010 0.065 0.010 0.010 0.000 0.010 0.000 0.010 0.010 0.012 0.000 0.000 0.010 0.010 0.016 0.026 0.012 0.010 0.010 0.708 0.000 0.010 0.000 0.000 0.010 0.000 0.000 0.000 0.000 0.000 0.000 0.009 0.000 0.000 0.008 0.008 0.021 0.010 0.010 0.000 0.000 0.009 0.070 0.010 0.010 0.010 0.010
0.000 0.010 0.179 0.010 0.010 0.010 0.099 0.043 0.010 0.010 0.010 0.010 0.022 0.010 0.010 0.013 0.010 0.010 0.010 0.010 0.010 0.010 0.010 0.010 0.010 0.010 0.010 0.010 0.010 0.010 0.010 0.010 0.010 0.010 0.010 0.010 0.065 0.010 0.010 0.010 0.009 0.008 0.010 0.010 0.010 0.045 0.010 0.010 0.010 0.355 0.000 0.000 0.000 0.000 0.010 0.000 0.000 0.000 0.000 0.010 0.000 0.008 0.000 0.010 0.010 0.010 0.120 0.010 0.010 0.010 0.010 0.010 0.010 0.028 0.008 0.000 0.018
0.000 0.000 0.010 0.010 0.010 0.010 0.010 0.007 0.006 0.000 0.007 0.000 0.008 0.010 0.006 0.000 0.000 0.010 0.019 0.000 0.010 0.010 0.010 0.010 0.010 0.010 0.010 0.010 0.010 0.010 0.000 0.000 0.000 0.010 0.010 0.010 0.010 0.010 0.010 0.031 0.010 0.010 0.009 0.010 0.010 0.010 0.040 0.023 0.207 0.221 0.294 0.118 0.119 0.045 0.062 0.102 0.152 0.187 0.249 0.030 0.010 0.009 0.010 0.010 0.010 0.037 0.010 0.007 0.020 0.010 0.008 0.010 0.029 0.009 0.008 0.009 0.010
0.034 0.042 0.010 0.010 0.010 0.010 0.007 0.000 0.004 0.008 0.009 0.012 0.007 0.007 0.000 0.000 0.000 0.010 0.010 0.017 0.010 0.010 0.010 0.010 0.010 0.010 0.203 0.010 0.008 0.010 0.000 0.010 0.000 0.010 0.010 0.017 0.010 0.010 0.030 0.010 0.000 0.010 0.010 0.029 0.000 0.010 0.010 0.000 0.010 0.010 0.404 0.000 0.015 0.070 0.067 0.070 0.043 0.010 0.010 0.008 0.008 0.008 0.009 0.010 0.010 0.010 0.009 0.009 0.010 0.010 0.010 0.010 0.010 0.010 0.010 0.020 0.000
