hx_30m/njhx/rain/result-0027.wd
ncols         211
nrows         286
xllcorner     660279.582600
yllcorner     3541874.325092
cellsize      30.000000
NODATA_value  -9999.000000
[rows 136 to 169 of 286, columns 77 to 153 of 211]
0.009 0.008 0.009 0.009 0.009 0.010 0.008 0.009 0.009 0.010 0.009 0.009 0.010 0.009 0.010 0.037 0.008 0.008 0.007 0.013 0.008 0.010 0.007 0.007 0.008 0.010 0.009 0.032 0.009 0.009 0.009 0.009 0.054 0.039 0.006 0.007 0.010 0.007 0.009 0.009 0.010 0.008 0.008 0.006 0.010 0.008 0.009 0.009 0.008 0.045 0.034 0.000 0.041 0.008 0.006 0.004 0.007 0.000 0.000 0.000 0.000 0.008 0.000 0.000 0.009 0.010 0.000 0.010 0.026 0.000 0.004 0.004 0.000 0.010 0.009 0.025 0.004
0.007 0.007 0.009 0.009 0.009 0.008 0.010 0.009 0.008 0.007 0.027 0.006 0.008 0.007 0.010 0.008 0.007 0.006 0.007 0.007 0.009 0.007 0.009 0.041 0.010 0.043 0.009 0.009 0.007 0.000 0.000 0.006 0.000 0.000 0.009 0.007 0.078 0.009 0.010 0.000 0.000 0.008 0.000 0.000 0.007 0.010 0.000 0.008 0.000 0.009 0.008 0.008 0.010 0.008 0.010 0.007 0.006 0.009 0.000 0.000 0.000 0.006 0.009 0.010 0.007 0.010 0.000 0.000 0.010 0.010 0.009 0.000 0.010 0.000 0.000 0.000 0.005
0.006 0.005 0.000 0.000 0.000 0.000 0.000 0.000 0.008 0.009 0.007 0.000 0.000 0.000 0.006 0.000 0.013 0.008 0.006 0.000 0.000 0.008 0.009 0.007 0.010 0.010 0.010 0.010 0.008 0.000 0.000 0.005 0.000 0.000 0.000 0.009 0.687 0.008 0.000 0.010 0.007 0.006 0.010 0.010 0.010 0.035 0.000 0.005 0.000 0.005 0.004 0.006 0.005 0.000 0.000 0.007 0.013 0.006 0.007 0.011 0.000 0.004 0.009 0.009 0.008 0.010 0.009 0.009 0.009 0.009 0.009 0.009 0.010 0.011 0.007 0.000 0.013
0.007 0.007 0.010 0.008 0.008 0.007 0.010 0.008 0.006 0.009 0.004 0.004 0.006 0.008 0.006 0.000 0.000 0.029 0.041 0.010 0.033 0.009 0.008 0.006 0.010 0.010 0.010 0.009 0.000 0.000 0.008 0.009 0.000 0.000 0.000 0.008 0.010 0.008 0.046 0.006 0.000 0.000 0.009 0.010 0.000 0.010 0.000 0.008 0.004 0.005 0.006 0.005 0.009 0.006 0.000 0.003 0.002 0.004 0.005 0.007 0.008 0.009 0.015 0.008 0.047 0.010 0.006 0.008 0.008 0.006 0.008 0.008 0.008 0.010 0.009 0.007 0.007
0.024 0.006 0.006 0.008 0.008 0.013 0.005 0.007 0.020 0.019 0.009 0.008 0.006 0.009 0.008 0.006 0.006 0.006 0.005 0.007 0.008 0.007 0.009 0.008 0.010 0.010 0.024 0.060 0.000 0.000 0.000 0.013 0.000 0.000 0.000 0.010 0.010 0.009 0.010 0.018 0.005 0.000 0.006 0.010 0.010 0.009 0.000 0.009 0.008 0.009 0.010 0.010 0.009 0.006 0.006 0.000 0.005 0.000 0.000 0.000 0.000 0.000 0.000 0.000 0.010 0.006 0.000 0.010 0.010 0.010 0.116 0.105 0.000 0.031 0.010 0.009 0.008
0.010 0.000 0.000 0.028 0.000 0.000 0.008 0.005 0.008 0.023 0.010 0.030 0.097 0.010 0.010 0.010 0.000 0.000 0.051 0.010 0.010 0.010 0.008 0.008 0.010 0.010 0.010 0.113 0.000 0.000 0.000 0.010 0.000 0.000 0.000 0.010 0.010 0.008 0.008 0.009 0.008 0.006 0.000 0.010 0.000 0.007 0.010 0.008 0.006 0.006 0.000 0.000 0.005 0.000 0.012 0.000 0.006 0.000 0.003 0.000 0.000 0.000 0.000 0.000 0.007 0.007 0.000 0.000 0.010 0.126 0.053 0.112 0.010 0.000 0.035 0.010 0.010
0.045 0.006 0.010 0.010 0.057 0.010 0.010 0.010 0.009 0.008 0.070 0.010 0.076 0.010 0.093 0.010 0.082 0.010 0.010 0.010 0.136 0.010 0.007 0.009 0.010 0.010 0.010 0.014 0.000 0.009 0.006 0.009 0.007 0.008 0.000 0.010 0.010 0.031 0.008 0.000 0.015 0.010 0.000 0.000 0.000 0.000 0.000 0.008 0.000 0.007 0.007 0.009 0.000 0.030 0.005 0.000 0.003 0.004 0.003 0.019 0.010 0.010 0.000 0.000 0.007 0.005 0.004 0.010 0.010 0.132 0.068 0.010 0.010 0.036 0.010 0.000 0.010
0.010 0.010 0.009 0.009 0.017 0.007 0.013 0.007 0.008 0.009 0.010 0.010 0.010 0.115 0.010 0.010 0.010 0.010 0.113 0.010 0.042 0.010 0.008 0.010 0.010 0.010 0.010 0.010 0.010 0.000 0.000 0.000 0.000 0.000 0.010 0.010 0.010 0.010 0.000 0.008 0.010 0.000 0.047 0.000 0.000 0.000 0.006 0.008 0.000 0.000 0.009 0.010 0.010 0.010 0.005 0.006 0.006 0.008 0.006 0.009 0.000 0.009 0.008 0.009 0.010 0.000 0.004 0.010 0.010 0.019 0.010 0.010 0.000 0.000 0.052 0.010 0.010
0.010 0.010 0.010 0.010 0.010 0.010 0.000 0.009 0.010 0.010 0.010 0.010 0.010 0.010 0.000 0.000 0.000 0.000 0.010 0.010 0.092 0.010 0.020 0.010 0.010 0.107 0.010 0.010 0.010 0.010 0.010 0.010 0.010 0.010 0.010 0.010 0.010 0.009 0.017 0.010 0.010 0.046 0.010 0.056 0.000 0.020 0.008 0.059 0.010 0.091 0.010 0.010 0.010 0.009 0.010 0.010 0.010 0.050 0.010 0.076 0.000 0.000 0.000 0.000 0.008 0.000 0.004 0.006 0.010 0.038 0.010 0.010 0.000 0.019 0.000 0.010 0.000
0.010 0.010 0.010 0.010 0.010 0.010 0.000 0.005 0.031 0.010 0.010 0.010 0.010 0.010 0.010 0.010 0.010 0.010 0.010 0.010 0.010 0.010 0.007 0.009 0.010 0.010 0.010 0.102 0.010 0.010 0.010 0.010 0.013 0.010 0.010 0.010 0.010 0.000 0.010 0.010 0.010 0.010 0.153 0.009 0.000 0.007 0.010 0.010 0.010 0.010 0.010 0.010 0.010 0.008 0.090 0.010 0.010 0.010 0.010 0.063 0.010 0.000 0.000 0.000 0.025 0.000 0.006 0.006 0.009 0.010 0.010 0.000 0.044 0.058 0.032 0.010 0.010
0.009 0.008 0.010 0.010 0.010 0.009 0.000 0.005 0.008 0.010 0.010 0.010 0.010 0.010 0.010 0.010 0.010 0.010 0.010 0.010 0.089 0.008 0.008 0.009 0.010 0.008 0.007 0.008 0.024 0.009 0.010 0.010 0.015 0.010 0.010 0.010 0.009 0.010 0.009 0.010 0.008 0.010 0.008 0.009 0.010 0.008 0.009 0.000 0.000 0.000 0.010 0.007 0.004 0.008 0.108 0.000 0.000 0.066 0.010 0.017 0.000 0.000 0.000 0.000 0.009 0.009 0.000 0.005 0.000 0.010 0.010 0.000 0.010 0.031 0.010 0.000 0.000
0.010 0.010 0.010 0.010 0.009 0.010 0.009 0.075 0.009 0.010 0.060 0.010 0.010 0.010 0.010 0.010 0.010 0.010 0.010 0.010 0.010 0.010 0.010 0.010 0.026 0.000 0.009 0.009 0.009 0.010 0.010 0.010 0.010 0.010 0.010 0.010 0.031 0.010 0.010 0.010 0.022 0.010 0.010 0.010 0.010 0.010 0.010 0.009 0.007 0.007 0.010 0.007 0.005 0.006 0.000 0.000 0.000 0.010 0.175 0.000 0.000 0.093 0.041 0.000 0.009 0.000 0.009 0.005 0.000 0.005 0.004 0.000 0.010 0.000 0.010 0.000 0.006
0.112 0.010 0.010 0.010 0.010 0.030 0.010 0.008 0.008 0.010 0.010 0.010 0.010 0.010 0.010 0.010 0.010 0.010 0.010 0.010 0.010 0.010 0.010 0.009 0.008 0.009 0.009 0.008 0.008 0.010 0.059 0.010 0.010 0.010 0.014 0.009 0.008 0.010 0.010 0.010 0.010 0.010 0.010 0.055 0.010 0.009 0.000 0.009 0.007 0.000 0.112 0.000 0.006 0.000 0.060 0.010 0.010 0.010 0.010 0.000 0.070 0.010 0.010 0.000 0.009 0.000 0.000 0.010 0.005 0.000 0.004 0.003 0.005 0.008 0.010 0.000 0.019
0.000 0.017 0.010 0.010 0.010 0.010 0.010 0.016 0.008 0.010 0.010 0.449 0.010 0.010 0.010 0.010 0.010 0.010 0.010 0.010 0.010 0.010 0.010 0.010 0.010 0.014 0.010 0.010 0.010 0.010 0.010 0.010 0.010 0.010 0.009 0.008 0.010 0.010 0.010 0.032 0.010 0.010 0.010 0.000 0.000 0.013 0.009 0.000 0.000 0.009 0.009 0.010 0.009 0.009 0.007 0.009 0.010 0.010 0.010 0.000 0.010 0.010 0.010 0.027 0.010 0.010 0.000 0.010 0.006 0.000 0.010 0.046 0.005 0.008 0.004 0.000 0.005
0.010 0.010 0.010 0.010 0.010 0.010 0.010 0.010 0.010 0.010 0.022 0.147 0.145 0.010 0.010 0.010 0.010 0.010 0.010 0.025 0.010 0.010 0.009 0.093 0.010 0.010 0.010 0.010 0.010 0.010 0.010 0.050 0.010 0.010 0.009 0.010 0.010 0.010 0.010 0.010 0.010 0.010 0.007 0.009 0.010 0.005 0.004 0.000 0.000 0.007 0.000 0.010 0.010 0.010 0.008 0.010 0.009 0.008 0.008 0.008 0.010 0.008 0.000 0.007 0.010 0.008 0.008 0.003 0.000 0.003 0.007 0.000 0.000 0.007 0.006 0.000 0.005
0.010 0.010 0.010 0.010 0.010 0.010 0.010 0.009 0.008 0.010 0.010 0.010 0.091 0.010 0.010 0.010 0.010 0.010 0.010 0.010 0.062 0.010 0.010 0.027 0.010 0.000 0.000 0.000 0.000 0.000 0.010 0.010 0.010 0.010 0.010 0.010 0.010 0.010 0.010 0.010 0.010 0.010 0.000 0.000 0.000 0.027 0.009 0.000 0.000 0.010 0.010 0.010 0.048 0.134 0.085 0.010 0.010 0.010 0.010 0.009 0.009 0.008 0.007 0.009 0.007 0.007 0.010 0.000 0.000 0.000 0.000 0.000 0.014 0.007 0.004 0.004 0.005
0.123 0.082 0.010 0.010 0.010 0.010 0.009 0.019 0.008 0.010 0.010 0.010 0.010 0.010 0.010 0.010 0.010 0.010 0.010 0.010 0.010 0.010 0.010 0.010 0.009 0.000 0.000 0.000 0.000 0.000 0.000 0.010 0.010 0.010 0.010 0.010 0.009 0.010 0.010 0.010 0.010 0.010 0.059 0.023 0.009 0.009 0.009 0.000 0.010 0.018 0.010 0.065 0.000 0.054 0.009 0.009 0.010 0.009 0.008 0.008 0.009 0.009 0.014 0.011 0.010 0.009 0.008 0.007 0.008 0.012 0.000 0.003 0.004 0.009 0.000 0.024 0.000
0.010 0.550 0.010 0.010 0.010 0.203 0.010 0.010 0.010 0.010 0.010 0.010 0.010 0.010 0.010 0.010 0.010 0.010 0.010 0.010 0.010 0.010 0.010 0.010 0.010 0.000 0.000 0.000 0.000 0.000 0.000 0.010 0.010 0.010 0.009 0.407 0.008 0.010 0.010 0.010 0.010 0.010 0.010 0.010 0.010 0.010 0.010 0.010 0.010 0.028 0.105 0.009 0.008 0.009 0.054 0.008 0.008 0.009 0.007 0.021 0.008 0.009 0.008 0.008 0.023 0.009 0.007 0.008 0.009 0.009 0.009 0.006 0.005 0.009 0.000 0.008 0.009
0.010 0.010 0.010 0.010 0.010 0.053 0.010 0.009 0.009 0.010 0.010 0.010 0.010 0.010 0.010 0.010 0.034 0.010 0.010 0.010 0.010 0.010 0.010 0.010 0.009 0.010 0.010 0.010 0.010 0.000 0.010 0.010 0.010 0.010 0.010 0.010 0.009 0.010 0.010 0.010 0.018 0.010 0.009 0.009 0.037 0.009 0.009 0.009 0.008 0.008 0.009 0.008 0.009 0.010 0.010 0.009 0.009 0.009 0.010 0.010 0.008 0.008 0.003 0.000 0.006 0.009 0.000 0.000 0.000 0.009 0.009 0.006 0.021 0.008 0.009 0.000 0.000
0.010 0.010 0.010 0.010 0.010 0.010 0.010 0.010 0.010 0.010 0.010 0.010 0.010 0.010 0.010 0.257 0.114 0.065 0.010 0.010 0.010 0.010 0.010 0.010 0.010 0.010 0.010 0.010 0.010 0.010 0.010 0.010 0.010 0.009 0.010 0.175 0.011 0.010 0.010 0.010 0.010 0.010 0.009 0.009 0.009 0.009 0.009 0.010 0.008 0.010 0.010 0.010 0.010 0.010 0.034 0.010 0.010 0.016 0.010 0.010 0.000 0.005 0.004 0.000 0.000 0.008 0.006 0.000 0.002 0.004 0.000 0.000 0.009 0.029 0.009 0.009 0.019
0.000 0.010 0.017 0.098 0.113 0.010 0.009 0.010 0.010 0.010 0.010 0.173 0.027 0.058 0.133 0.226 0.212 0.159 0.010 0.010 0.266 0.010 0.010 0.009 0.010 0.126 0.077 0.010 0.010 0.010 0.010 0.010 0.009 0.009 0.010 0.009 0.012 0.010 0.010 0.010 0.010 0.010 0.010 0.010 0.010 0.010 0.010 0.010 0.056 0.091 0.046 0.000 0.000 0.009 0.009 0.000 0.000 0.000 0.000 0.000 0.000 0.004 0.005 0.004 0.000 0.008 0.004 0.003 0.000 0.003 0.004 0.006 0.008 0.005 0.000 0.000 0.009
0.183 0.190 0.037 0.010 0.010 0.010 0.009 0.010 0.101 0.120 0.118 0.112 0.060 0.010 0.120 0.237 0.218 0.010 0.010 0.010 0.235 0.010 0.009 0.009 0.010 0.009 0.010 0.009 0.010 0.010 0.010 0.010 0.064 0.010 0.009 0.010 0.010 0.010 0.010 0.010 0.000 0.010 0.009 0.141 0.010 0.000 0.000 0.000 0.000 0.000 0.000 0.000 0.000 0.054 0.009 0.010 0.010 0.000 0.010 0.000 0.008 0.007 0.008 0.000 0.000 0.009 0.000 0.004 0.002 0.005 0.006 0.000 0.009 0.010 0.008 0.000 0.010
0.010 0.010 0.010 0.010 0.010 0.010 0.010 0.010 0.075 0.098 0.064 0.081 0.059 0.018 0.172 0.168 0.031 0.010 0.010 0.025 0.072 0.010 0.010 0.010 0.010 0.000 0.000 0.000 0.000 0.000 0.000 0.010 0.014 0.064 0.010 0.010 0.319 0.009 0.000 0.000 0.000 0.010 0.010 0.000 0.000 0.010 0.010 0.010 0.000 0.000 0.000 0.000 0.009 0.009 0.009 0.000 0.009 0.008 0.008 0.009 0.010 0.000 0.000 0.000 0.000 0.009 0.000 0.009 0.009 0.003 0.007 0.002 0.000 0.004 0.009 0.009 0.000
0.010 0.010 0.010 0.010 0.010 0.011 0.010 0.010 0.014 0.061 0.106 0.010 0.010 0.010 0.010 0.010 0.010 0.010 0.116 0.010 0.010 0.010 0.010 0.000 0.000 0.000 0.000 0.000 0.000 0.000 0.010 0.010 0.010 0.010 0.010 0.010 0.345 0.009 0.010 0.000 0.010 0.010 0.010 0.000 0.010 0.010 0.010 0.010 0.010 0.000 0.000 0.010 0.000 0.008 0.000 0.010 0.007 0.079 0.010 0.000 0.010 0.025 0.008 0.008 0.000 0.010 0.000 0.000 0.014 0.010 0.004 0.003 0.003 0.006 0.005 0.000 0.000
0.010 0.010 0.010 0.010 0.010 0.010 0.010 0.010 0.010 0.104 0.518 0.010 0.010 0.010 0.010 0.010 0.010 0.010 0.010 0.010 0.010 0.021 0.010 0.000 0.000 0.000 0.000 0.000 0.000 0.000 0.000 0.014 0.010 0.010 0.010 0.009 0.010 0.008 0.074 0.010 0.010 0.010 0.010 0.000 0.241 0.000 0.010 0.055 0.085 0.010 0.010 0.010 0.010 0.010 0.000 0.009 0.035 0.103 0.072 0.000 0.000 0.010 0.000 0.010 0.009 0.008 0.000 0.000 0.005 0.006 0.003 0.000 0.004 0.006 0.000 0.004 0.006
0.010 0.010 0.010 0.010 0.010 0.010 0.010 0.010 0.010 0.063 0.010 0.010 0.293 0.011 0.010 0.010 0.010 0.018 0.015 0.026 0.018 0.028 0.011 0.000 0.000 0.000 0.000 0.000 0.000 0.000 0.000 0.000 0.000 0.010 0.010 0.010 0.010 0.008 0.010 0.114 0.035 0.010 0.159 0.010 0.121 0.000 0.000 0.000 0.010 0.010 0.010 0.010 0.009 0.010 0.010 0.010 0.009 0.006 0.010 0.010 0.010 0.010 0.000 0.060 0.010 0.008 0.008 0.003 0.008 0.006 0.006 0.004 0.006 0.000 0.000 0.004 0.008
0.010 0.000 0.010 0.010 0.010 0.010 0.009 0.010 0.010 0.098 0.096 0.010 0.164 0.150 0.025 0.023 0.193 0.074 0.010 0.010 0.010 0.109 0.009 0.000 0.000 0.000 0.000 0.000 0.000 0.000 0.000 0.000 0.000 0.010 0.010 0.010 0.010 0.008 0.010 0.096 0.074 0.010 0.000 0.000 0.049 0.010 0.010 0.010 0.010 0.000 0.000 0.000 0.010 0.010 0.063 0.000 0.003 0.004 0.000 0.008 0.009 0.009 0.000 0.000 0.038 0.009 0.000 0.000 0.000 0.000 0.000 0.007 0.007 0.006 0.000 0.000 0.009
0.010 0.010 0.010 0.010 0.010 0.010 0.010 0.010 0.010 0.010 0.141 0.010 0.010 0.010 0.010 0.174 0.226 0.028 0.010 0.010 0.024 0.010 0.010 0.010 0.010 0.010 0.000 0.000 0.000 0.000 0.000 0.000 0.000 0.010 0.010 0.010 0.008 0.009 0.010 0.220 0.066 0.000 0.000 0.010 0.010 0.000 0.000 0.000 0.010 0.010 0.010 0.000 0.009 0.015 0.000 0.000 0.005 0.004 0.006 0.006 0.004 0.007 0.008 0.006 0.010 0.008 0.000 0.000 0.000 0.000 0.007 0.007 0.004 0.000 0.004 0.010 0.010
0.060 0.010 0.127 0.014 0.009 0.010 0.010 0.010 0.010 0.010 0.010 0.010 0.010 0.010 0.010 0.010 0.010 0.010 0.010 0.010 0.011 0.009 0.010 0.010 0.010 0.009 0.009 0.009 0.010 0.000 0.010 0.010 0.010 0.009 0.010 0.010 0.010 0.010 0.009 0.010 0.162 0.010 0.010 0.010 0.009 0.008 0.008 0.009 0.009 0.010 0.029 0.000 0.035 0.008 0.010 0.006 0.003 0.000 0.000 0.004 0.000 0.010 0.004 0.006 0.010 0.009 0.000 0.015 0.007 0.010 0.010 0.009 0.003 0.010 0.012 0.010 0.058
0.010 0.000 0.000 0.000 0.056 0.010 0.021 0.000 0.009 0.009 0.008 0.009 0.008 0.008 0.008 0.009 0.009 0.009 0.009 0.010 0.009 0.010 0.009 0.009 0.008 0.009 0.033 0.010 0.010 0.010 0.009 0.059 0.045 0.010 0.010 0.010 0.010 0.010 0.010 0.010 0.010 0.010 0.010 0.010 0.010 0.000 0.000 0.000 0.008 0.010 0.009 0.008 0.010 0.009 0.011 0.008 0.000 0.000 0.005 0.010 0.000 0.000 0.004 0.006 0.058 0.009 0.000 0.005 0.005 0.005 0.009 0.006 0.004 0.004 0.010 0.047 0.000
0.010 0.010 0.015 0.010 0.009 0.012 0.009 0.009 0.009 0.010 0.008 0.009 0.013 0.009 0.009 0.009 0.009 0.010 0.029 0.009 0.010 0.008 0.009 0.000 0.000 0.009 0.010 0.008 0.009 0.008 0.008 0.008 0.009 0.000 0.000 0.010 0.033 0.010 0.009 0.010 0.010 0.010 0.010 0.010 0.010 0.008 0.009 0.010 0.042 0.010 0.000 0.007 0.008 0.012 0.000 0.009 0.043 0.008 0.000 0.009 0.000 0.000 0.003 0.005 0.010 0.009 0.000 0.007 0.000 0.000 0.004 0.004 0.000 0.000 0.000 0.010 0.000
0.009 0.010 0.009 0.006 0.009 0.012 0.013 0.009 0.006 0.011 0.010 0.008 0.007 0.007 0.008 0.010 0.065 0.010 0.010 0.010 0.009 0.009 0.009 0.010 0.010 0.010 0.010 0.008 0.006 0.009 0.009 0.000 0.009 0.010 0.000 0.010 0.010 0.010 0.009 0.010 0.010 0.010 0.010 0.010 0.010 0.009 0.009 0.010 0.008 0.010 0.009 0.009 0.017 0.000 0.000 0.000 0.010 0.000 0.000 0.009 0.008 0.007 0.000 0.008 0.010 0.010 0.012 0.010 0.003 0.000 0.004 0.004 0.004 0.000 0.009 0.013 0.027
0.009 0.010 0.010 0.010 0.012 0.089 0.007 0.010 0.017 0.009 0.009 0.010 0.009 0.010 0.010 0.010 0.010 0.010 0.000 0.000 0.009 0.009 0.007 0.007 0.018 0.010 0.000 0.010 0.010 0.024 0.010 0.010 0.009 0.010 0.010 0.010 0.034 0.010 0.010 0.009 0.010 0.010 0.010 0.010 0.010 0.010 0.010 0.010 0.010 0.010 0.000 0.008 0.010 0.010 0.000 0.009 0.000 0.000 0.000 0.010 0.008 0.006 0.000 0.008 0.008 0.008 0.009 0.000 0.000 0.000 0.006 0.005 0.000 0.006 0.009 0.000 0.007
0.010 0.010 0.000 0.000 0.010 0.027 0.008 0.010 0.010 0.010 0.010 0.009 0.139 0.010 0.010 0.063 0.010 0.010 0.010 0.010 0.010 0.016 0.000 0.010 0.000 0.000 0.000 0.013 0.000 0.000 0.006 0.000 0.000 0.034 0.010 0.000 0.010 0.009 0.010 0.009 0.010 0.010 0.010 0.010 0.023 0.177 0.010 0.007 0.007 0.000 0.007 0.030 0.000 0.009 0.000 0.008 0.000 0.000 0.007 0.009 0.000 0.009 0.000 0.003 0.007 0.000 0.000 0.006 0.010 0.005 0.009 0.004 0.000 0.000 0.007 0.000 0.004
