hx_30m/njhx/rain/result-0044.wd
ncols         211
nrows         286
xllcorner     660279.582600
yllcorner     3541874.325092
cellsize      30.000000
NODATA_value  -9999.000000
[rows 102 to 135 of 286, columns 77 to 153 of 211]
0.000 0.058 0.010 0.003 0.006 0.003 0.001 0.000 0.001 0.001 0.006 0.003 0.001 0.000 0.001 0.000 0.000 0.006 0.030 0.003 0.010 0.047 0.144 0.010 0.010 0.010 0.018 0.001 0.004 0.004 0.000 0.000 0.000 0.001 0.002 0.000 0.002 0.002 0.004 0.001 0.002 0.001 0.007 0.007 0.000 0.002 0.002 0.001 0.000 0.001 0.003 0.010 0.003 0.000 0.013 0.000 0.000 0.003 0.002 0.001 0.000 0.000 0.000 0.003 0.001 0.001 0.001 0.000 0.001 0.001 0.001 0.001 0.000 0.002 0.004 0.006 0.000
0.010 0.010 0.004 0.002 0.006 0.001 0.000 0.000 0.001 0.010 0.004 0.001 0.000 0.000 0.000 0.002 0.003 0.003 0.003 0.010 0.027 0.010 0.010 0.010 0.010 0.010 0.010 0.001 0.001 0.001 0.000 0.000 0.000 0.004 0.001 0.000 0.001 0.001 0.001 0.001 0.004 0.004 0.038 0.000 0.000 0.000 0.001 0.001 0.001 0.001 0.001 0.004 0.004 0.000 0.000 0.000 0.000 0.001 0.003 0.001 0.000 0.000 0.000 0.001 0.004 0.001 0.001 0.000 0.001 0.000 0.000 0.001 0.001 0.001 0.000 0.003 0.000
0.010 0.010 0.004 0.003 0.010 0.002 0.002 0.001 0.000 0.001 0.010 0.003 0.000 0.001 0.001 0.001 0.001 0.001 0.000 0.001 0.010 0.022 0.010 0.010 0.010 0.010 0.010 0.006 0.002 0.002 0.010 0.004 0.003 0.005 0.001 0.004 0.004 0.004 0.003 0.001 0.000 0.010 0.000 0.000 0.000 0.001 0.001 0.000 0.000 0.000 0.001 0.006 0.001 0.000 0.012 0.042 0.010 0.029 0.004 0.001 0.001 0.005 0.010 0.001 0.001 0.001 0.001 0.001 0.004 0.010 0.005 0.000 0.000 0.001 0.004 0.010 0.004
0.010 0.010 0.004 0.006 0.006 0.013 0.006 0.001 0.001 0.001 0.010 0.001 0.000 0.001 0.001 0.000 0.001 0.002 0.002 0.001 0.096 0.107 0.010 0.010 0.010 0.010 0.010 0.166 0.010 0.010 0.010 0.010 0.010 0.010 0.147 0.010 0.004 0.004 0.002 0.001 0.000 0.041 0.010 0.001 0.001 0.001 0.001 0.001 0.000 0.001 0.000 0.003 0.000 0.001 0.001 0.002 0.003 0.000 0.001 0.000 0.001 0.000 0.000 0.005 0.001 0.001 0.001 0.003 0.000 0.002 0.000 0.000 0.000 0.010 0.010 0.010 0.010
0.010 0.010 0.002 0.006 0.004 0.000 0.000 0.001 0.000 0.000 0.000 0.001 0.000 0.000 0.001 0.000 0.001 0.001 0.000 0.002 0.010 0.010 0.010 0.010 0.010 0.010 0.010 0.010 0.010 0.010 0.010 0.010 0.010 0.010 0.010 0.010 0.004 0.004 0.002 0.002 0.010 0.010 0.010 0.010 0.006 0.001 0.000 0.001 0.001 0.001 0.001 0.019 0.010 0.000 0.000 0.000 0.000 0.000 0.000 0.000 0.001 0.000 0.000 0.001 0.001 0.013 0.000 0.000 0.010 0.000 0.000 0.000 0.003 0.010 0.000 0.010 0.003
0.010 0.010 0.004 0.006 0.004 0.001 0.000 0.000 0.000 0.000 0.000 0.000 0.000 0.001 0.000 0.000 0.000 0.000 0.001 0.010 0.010 0.052 0.234 0.160 0.010 0.010 0.010 0.010 0.189 0.076 0.010 0.010 0.000 0.146 0.000 0.010 0.004 0.004 0.001 0.008 0.010 0.010 0.010 0.010 0.002 0.000 0.001 0.000 0.001 0.000 0.000 0.001 0.010 0.000 0.001 0.000 0.000 0.001 0.001 0.000 0.001 0.000 0.000 0.000 0.000 0.010 0.000 0.001 0.000 0.000 0.001 0.001 0.001 0.010 0.000 0.000 0.010
0.290 0.033 0.003 0.006 0.004 0.000 0.000 0.000 0.000 0.000 0.001 0.000 0.000 0.000 0.004 0.000 0.000 0.001 0.001 0.004 0.010 0.624 0.010 0.010 0.010 0.010 0.010 0.010 0.010 0.010 0.010 0.010 0.117 0.010 0.024 0.000 0.004 0.280 0.008 0.000 0.010 0.110 0.002 0.001 0.003 0.000 0.002 0.001 0.002 0.001 0.001 0.001 0.004 0.000 0.002 0.004 0.001 0.000 0.001 0.001 0.001 0.001 0.000 0.002 0.000 0.006 0.000 0.001 0.001 0.000 0.002 0.010 0.000 0.000 0.000 0.032 0.004
0.074 0.010 0.001 0.010 0.006 0.004 0.002 0.001 0.001 0.002 0.001 0.001 0.001 0.000 0.002 0.002 0.010 0.002 0.001 0.004 0.002 0.003 0.003 0.010 0.010 0.010 0.003 0.006 0.010 0.010 0.004 0.006 0.002 0.006 0.006 0.010 0.002 0.010 0.001 0.010 0.011 0.010 0.006 0.001 0.005 0.000 0.002 0.000 0.000 0.000 0.000 0.001 0.002 0.000 0.000 0.000 0.001 0.001 0.000 0.000 0.000 0.003 0.001 0.000 0.000 0.001 0.000 0.000 0.001 0.001 0.057 0.010 0.000 0.000 0.000 0.010 0.002
0.010 0.010 0.001 0.010 0.001 0.000 0.000 0.000 0.000 0.001 0.002 0.006 0.001 0.009 0.002 0.024 0.010 0.010 0.009 0.004 0.002 0.002 0.010 0.002 0.047 0.010 0.010 0.006 0.010 0.006 0.003 0.001 0.002 0.002 0.003 0.007 0.001 0.050 0.003 0.010 0.010 0.006 0.001 0.006 0.003 0.002 0.002 0.002 0.002 0.002 0.003 0.001 0.010 0.013 0.010 0.011 0.003 0.003 0.003 0.003 0.002 0.001 0.001 0.000 0.000 0.003 0.001 0.003 0.002 0.002 0.004 0.010 0.006 0.010 0.010 0.010 0.010
0.010 0.004 0.004 0.004 0.002 0.000 0.000 0.000 0.001 0.001 0.008 0.000 0.001 0.003 0.016 0.000 0.000 0.000 0.005 0.010 0.010 0.010 0.008 0.009 0.010 0.006 0.032 0.003 0.006 0.010 0.002 0.001 0.001 0.003 0.002 0.006 0.010 0.041 0.003 0.004 0.006 0.005 0.002 0.003 0.002 0.001 0.001 0.002 0.003 0.001 0.006 0.002 0.001 0.003 0.003 0.007 0.003 0.000 0.003 0.001 0.003 0.005 0.005 0.002 0.003 0.001 0.002 0.001 0.001 0.002 0.001 0.002 0.001 0.001 0.002 0.009 0.010
0.010 0.004 0.004 0.004 0.001 0.000 0.001 0.001 0.000 0.001 0.010 0.010 0.004 0.010 0.010 0.037 0.001 0.004 0.003 0.001 0.001 0.001 0.001 0.000 0.001 0.010 0.010 0.010 0.010 0.010 0.002 0.000 0.008 0.000 0.000 0.000 0.002 0.262 0.004 0.010 0.000 0.000 0.010 0.010 0.010 0.001 0.002 0.001 0.010 0.010 0.010 0.004 0.017 0.010 0.140 0.010 0.003 0.001 0.001 0.001 0.001 0.001 0.010 0.001 0.000 0.002 0.000 0.000 0.002 0.010 0.010 0.001 0.001 0.000 0.000 0.000 0.004
0.010 0.002 0.010 0.003 0.001 0.001 0.002 0.002 0.001 0.001 0.010 0.004 0.024 0.011 0.008 0.001 0.001 0.001 0.008 0.010 0.010 0.056 0.010 0.001 0.002 0.010 0.010 0.010 0.010 0.010 0.042 0.001 0.010 0.000 0.002 0.000 0.002 0.010 0.008 0.010 0.010 0.010 0.103 0.010 0.010 0.001 0.000 0.001 0.010 0.010 0.010 0.002 0.000 0.010 0.010 0.010 0.001 0.002 0.001 0.000 0.000 0.003 0.000 0.000 0.002 0.004 0.002 0.010 0.007 0.010 0.031 0.002 0.001 0.000 0.000 0.000 0.002
0.006 0.002 0.010 0.001 0.001 0.003 0.001 0.001 0.001 0.002 0.034 0.010 0.010 0.000 0.001 0.001 0.010 0.004 0.001 0.002 0.001 0.000 0.001 0.000 0.003 0.002 0.010 0.010 0.058 0.010 0.002 0.010 0.010 0.001 0.000 0.000 0.001 0.010 0.004 0.002 0.002 0.001 0.001 0.000 0.001 0.027 0.000 0.000 0.010 0.003 0.002 0.007 0.003 0.004 0.003 0.010 0.000 0.000 0.000 0.000 0.001 0.001 0.000 0.000 0.000 0.001 0.001 0.000 0.010 0.017 0.007 0.000 0.001 0.022 0.000 0.000 0.004
0.002 0.004 0.004 0.001 0.001 0.010 0.004 0.001 0.001 0.002 0.010 0.000 0.000 0.000 0.000 0.000 0.002 0.001 0.043 0.001 0.001 0.001 0.000 0.001 0.002 0.003 0.010 0.010 0.010 0.034 0.001 0.010 0.010 0.000 0.001 0.000 0.002 0.067 0.001 0.002 0.006 0.002 0.000 0.000 0.002 0.232 0.000 0.001 0.010 0.006 0.000 0.002 0.006 0.000 0.006 0.006 0.002 0.004 0.010 0.010 0.004 0.000 0.001 0.000 0.001 0.001 0.000 0.001 0.001 0.001 0.002 0.003 0.000 0.000 0.000 0.000 0.002
0.004 0.004 0.002 0.000 0.000 0.005 0.000 0.000 0.000 0.000 0.010 0.000 0.004 0.004 0.002 0.000 0.000 0.002 0.002 0.000 0.000 0.000 0.000 0.000 0.002 0.017 0.010 0.010 0.010 0.005 0.002 0.010 0.020 0.001 0.001 0.006 0.002 0.005 0.001 0.010 0.006 0.001 0.000 0.000 0.005 0.010 0.001 0.002 0.002 0.001 0.000 0.000 0.001 0.000 0.000 0.000 0.004 0.006 0.004 0.010 0.003 0.000 0.000 0.002 0.002 0.007 0.000 0.000 0.000 0.001 0.002 0.006 0.000 0.000 0.002 0.000 0.001
0.001 0.010 0.002 0.002 0.001 0.001 0.000 0.000 0.000 0.000 0.010 0.000 0.001 0.001 0.002 0.000 0.011 0.000 0.001 0.000 0.000 0.000 0.000 0.000 0.002 0.001 0.002 0.006 0.005 0.005 0.000 0.000 0.010 0.010 0.001 0.004 0.002 0.010 0.002 0.003 0.005 0.004 0.000 0.000 0.001 0.001 0.002 0.001 0.003 0.000 0.000 0.001 0.000 0.000 0.002 0.000 0.001 0.001 0.001 0.006 0.001 0.000 0.000 0.000 0.004 0.026 0.000 0.011 0.037 0.000 0.002 0.010 0.002 0.003 0.010 0.000 0.000
0.004 0.010 0.004 0.006 0.001 0.000 0.002 0.000 0.000 0.002 0.123 0.000 0.000 0.000 0.090 0.000 0.256 0.000 0.000 0.000 0.000 0.000 0.000 0.000 0.002 0.002 0.000 0.001 0.005 0.010 0.000 0.010 0.000 0.007 0.050 0.000 0.001 0.010 0.003 0.010 0.010 0.010 0.000 0.000 0.000 0.005 0.006 0.003 0.005 0.002 0.003 0.010 0.000 0.000 0.000 0.000 0.000 0.000 0.001 0.001 0.001 0.001 0.000 0.000 0.001 0.061 0.071 0.010 0.010 0.010 0.096 0.202 0.034 0.230 0.000 0.002 0.010
0.004 0.004 0.000 0.000 0.000 0.001 0.000 0.002 0.003 0.001 0.306 0.007 0.010 0.010 0.037 0.327 0.113 0.001 0.006 0.004 0.005 0.001 0.001 0.000 0.002 0.002 0.005 0.002 0.002 0.002 0.020 0.209 0.325 0.431 0.014 0.000 0.002 0.010 0.002 0.002 0.005 0.010 0.000 0.000 0.029 0.003 0.000 0.005 0.002 0.010 0.010 0.003 0.001 0.002 0.000 0.001 0.001 0.000 0.001 0.001 0.001 0.001 0.000 0.000 0.001 0.008 0.051 0.000 0.000 0.000 0.010 0.021 0.038 0.049 0.005 0.005 0.040
0.010 0.003 0.006 0.004 0.002 0.001 0.000 0.000 0.001 0.000 0.268 0.006 0.543 0.010 0.134 0.280 0.102 0.061 0.004 0.010 0.010 0.010 0.003 0.002 0.003 0.005 0.010 0.001 0.003 0.003 0.106 0.459 0.431 0.360 0.029 0.000 0.005 0.010 0.003 0.002 0.002 0.003 0.007 0.001 0.001 0.001 0.001 0.001 0.001 0.001 0.005 0.001 0.001 0.000 0.000 0.001 0.001 0.001 0.001 0.001 0.001 0.000 0.000 0.001 0.002 0.055 0.010 0.001 0.000 0.000 0.010 0.011 0.045 0.052 0.001 0.010 0.000
0.010 0.002 0.001 0.001 0.001 0.001 0.006 0.001 0.000 0.000 0.339 0.006 0.010 0.010 0.010 0.010 0.262 0.112 0.004 0.010 0.010 0.000 0.004 0.002 0.000 0.005 0.000 0.001 0.000 0.000 0.010 0.477 0.455 0.062 0.002 0.000 0.014 0.005 0.010 0.000 0.000 0.003 0.010 0.005 0.000 0.002 0.002 0.002 0.001 0.002 0.002 0.001 0.001 0.001 0.001 0.001 0.001 0.000 0.002 0.001 0.000 0.001 0.001 0.001 0.010 0.000 0.010 0.010 0.000 0.000 0.013 0.010 0.019 0.010 0.002 0.001 0.000
0.002 0.002 0.002 0.002 0.000 0.000 0.001 0.010 0.010 0.010 0.221 0.010 0.006 0.010 0.010 0.010 0.084 0.052 0.002 0.000 0.000 0.010 0.004 0.002 0.000 0.003 0.000 0.005 0.000 0.000 0.001 0.199 0.387 0.001 0.001 0.001 0.005 0.002 0.005 0.000 0.002 0.003 0.001 0.003 0.001 0.001 0.001 0.001 0.004 0.001 0.002 0.002 0.003 0.002 0.010 0.002 0.010 0.000 0.000 0.000 0.000 0.001 0.001 0.001 0.003 0.011 0.003 0.004 0.007 0.000 0.265 0.028 0.090 0.040 0.371 0.001 0.000
0.003 0.004 0.001 0.001 0.000 0.002 0.001 0.002 0.003 0.004 0.010 0.004 0.003 0.010 0.007 0.002 0.010 0.010 0.001 0.002 0.002 0.010 0.009 0.001 0.002 0.005 0.002 0.101 0.025 0.022 0.016 0.023 0.010 0.002 0.002 0.063 0.003 0.004 0.010 0.000 0.010 0.010 0.003 0.001 0.000 0.002 0.002 0.002 0.003 0.005 0.010 0.002 0.010 0.010 0.010 0.000 0.000 0.000 0.000 0.000 0.001 0.001 0.005 0.002 0.001 0.000 0.000 0.000 0.000 0.000 0.000 0.000 0.008 0.002 0.000 0.002 0.000
0.001 0.000 0.001 0.000 0.000 0.001 0.000 0.002 0.002 0.000 0.257 0.000 0.003 0.000 0.010 0.000 0.000 0.010 0.000 0.000 0.000 0.000 0.027 0.068 0.065 0.045 0.070 0.000 0.000 0.000 0.000 0.037 0.005 0.010 0.002 0.388 0.005 0.005 0.002 0.000 0.003 0.010 0.001 0.000 0.001 0.000 0.000 0.002 0.011 0.010 0.002 0.001 0.006 0.000 0.000 0.000 0.000 0.001 0.000 0.000 0.000 0.000 0.000 0.002 0.001 0.000 0.000 0.000 0.000 0.001 0.000 0.001 0.001 0.000 0.000 0.005 0.000
0.002 0.000 0.001 0.001 0.002 0.000 0.001 0.002 0.002 0.000 0.303 0.000 0.001 0.000 0.017 0.001 0.001 0.048 0.000 0.000 0.000 0.000 0.031 0.022 0.129 0.117 0.002 0.002 0.002 0.003 0.002 0.001 0.047 0.000 0.000 0.074 0.010 0.002 0.000 0.002 0.001 0.010 0.002 0.001 0.000 0.001 0.000 0.000 0.001 0.001 0.005 0.000 0.005 0.010 0.024 0.000 0.000 0.001 0.000 0.000 0.000 0.000 0.001 0.001 0.001 0.000 0.002 0.010 0.003 0.002 0.000 0.001 0.000 0.005 0.000 0.003 0.000
0.006 0.000 0.000 0.000 0.000 0.000 0.000 0.000 0.000 0.000 0.199 0.000 0.000 0.000 0.001 0.010 0.010 0.002 0.002 0.002 0.000 0.000 0.084 0.154 0.111 0.002 0.005 0.013 0.003 0.001 0.002 0.007 0.000 0.000 0.000 0.003 0.003 0.001 0.000 0.002 0.000 0.000 0.005 0.002 0.000 0.001 0.001 0.000 0.000 0.000 0.002 0.001 0.001 0.002 0.001 0.000 0.000 0.000 0.000 0.000 0.000 0.000 0.001 0.000 0.002 0.003 0.004 0.032 0.000 0.002 0.000 0.002 0.000 0.000 0.006 0.002 0.000
0.001 0.002 0.000 0.000 0.000 0.001 0.000 0.000 0.000 0.000 0.201 0.000 0.000 0.000 0.001 0.001 0.000 0.003 0.000 0.002 0.000 0.000 0.079 0.001 0.000 0.000 0.000 0.000 0.001 0.000 0.000 0.001 0.000 0.000 0.000 0.000 0.005 0.002 0.000 0.000 0.000 0.002 0.005 0.003 0.002 0.002 0.002 0.005 0.001 0.001 0.001 0.001 0.001 0.003 0.000 0.000 0.000 0.000 0.000 0.000 0.000 0.000 0.000 0.000 0.001 0.000 0.001 0.010 0.000 0.000 0.001 0.003 0.000 0.001 0.001 0.005 0.002
0.001 0.001 0.006 0.001 0.004 0.001 0.001 0.000 0.000 0.004 0.007 0.000 0.000 0.000 0.000 0.000 0.000 0.001 0.001 0.001 0.000 0.000 0.249 0.000 0.000 0.001 0.000 0.000 0.000 0.001 0.001 0.000 0.000 0.000 0.000 0.001 0.010 0.003 0.000 0.000 0.000 0.000 0.000 0.002 0.003 0.008 0.004 0.010 0.002 0.002 0.001 0.001 0.000 0.000 0.001 0.001 0.000 0.000 0.000 0.000 0.000 0.000 0.000 0.000 0.002 0.000 0.000 0.000 0.000 0.000 0.000 0.000 0.005 0.006 0.002 0.010 0.000
0.004 0.000 0.000 0.001 0.001 0.001 0.000 0.000 0.001 0.004 0.006 0.002 0.001 0.000 0.000 0.001 0.000 0.001 0.001 0.001 0.000 0.000 0.414 0.000 0.000 0.001 0.000 0.000 0.002 0.010 0.002 0.000 0.000 0.000 0.005 0.001 0.005 0.002 0.000 0.000 0.010 0.007 0.000 0.003 0.010 0.007 0.000 0.000 0.000 0.000 0.000 0.001 0.000 0.000 0.001 0.000 0.000 0.000 0.000 0.000 0.001 0.001 0.001 0.000 0.001 0.041 0.000 0.000 0.000 0.000 0.000 0.000 0.000 0.003 0.002 0.001 0.003
0.001 0.002 0.002 0.004 0.006 0.001 0.000 0.001 0.004 0.006 0.002 0.001 0.001 0.002 0.000 0.000 0.000 0.002 0.010 0.010 0.000 0.000 0.485 0.000 0.000 0.000 0.000 0.000 0.000 0.010 0.002 0.000 0.000 0.002 0.000 0.002 0.010 0.005 0.000 0.000 0.003 0.001 0.000 0.000 0.007 0.010 0.002 0.004 0.001 0.002 0.002 0.002 0.003 0.003 0.002 0.005 0.001 0.001 0.000 0.000 0.000 0.000 0.000 0.010 0.002 0.002 0.000 0.000 0.001 0.000 0.002 0.002 0.001 0.000 0.001 0.000 0.002
0.001 0.000 0.002 0.000 0.001 0.002 0.001 0.001 0.001 0.010 0.006 0.010 0.006 0.009 0.010 0.075 0.002 0.001 0.000 0.001 0.000 0.000 0.451 0.001 0.001 0.001 0.000 0.000 0.000 0.010 0.001 0.001 0.000 0.001 0.000 0.001 0.005 0.003 0.003 0.003 0.067 0.001 0.001 0.001 0.002 0.002 0.000 0.000 0.001 0.001 0.002 0.002 0.000 0.000 0.000 0.000 0.001 0.003 0.001 0.000 0.003 0.001 0.001 0.001 0.010 0.001 0.000 0.001 0.001 0.001 0.000 0.000 0.000 0.010 0.043 0.002 0.001
0.000 0.000 0.002 0.000 0.000 0.000 0.001 0.001 0.002 0.008 0.001 0.074 0.000 0.000 0.000 0.000 0.000 0.001 0.000 0.000 0.000 0.000 0.577 0.001 0.001 0.001 0.000 0.000 0.000 0.001 0.000 0.000 0.000 0.004 0.000 0.003 0.010 0.001 0.000 0.000 0.000 0.000 0.000 0.000 0.000 0.001 0.000 0.000 0.000 0.000 0.000 0.003 0.000 0.000 0.000 0.000 0.001 0.000 0.000 0.000 0.000 0.001 0.000 0.002 0.002 0.000 0.000 0.001 0.000 0.001 0.005 0.001 0.000 0.000 0.000 0.016 0.000
0.001 0.001 0.006 0.002 0.001 0.001 0.001 0.003 0.000 0.006 0.004 0.173 0.003 0.003 0.003 0.004 0.010 0.002 0.001 0.004 0.000 0.000 0.411 0.001 0.001 0.000 0.000 0.000 0.000 0.000 0.000 0.001 0.001 0.004 0.000 0.001 0.438 0.001 0.000 0.001 0.010 0.036 0.000 0.000 0.000 0.001 0.001 0.000 0.000 0.000 0.000 0.000 0.002 0.006 0.000 0.000 0.000 0.000 0.001 0.002 0.001 0.000 0.000 0.000 0.002 0.000 0.000 0.052 0.000 0.001 0.001 0.001 0.000 0.000 0.000 0.000 0.000
0.000 0.006 0.000 0.001 0.002 0.001 0.001 0.001 0.000 0.003 0.003 0.010 0.000 0.000 0.010 0.000 0.000 0.003 0.000 0.000 0.002 0.000 0.275 0.001 0.001 0.001 0.001 0.001 0.001 0.001 0.000 0.001 0.010 0.003 0.006 0.004 0.010 0.001 0.010 0.000 0.003 0.000 0.010 0.000 0.000 0.003 0.001 0.005 0.001 0.000 0.000 0.000 0.010 0.002 0.000 0.001 0.001 0.001 0.001 0.000 0.000 0.000 0.000 0.000 0.001 0.037 0.000 0.000 0.008 0.000 0.000 0.001 0.001 0.001 0.000 0.001 0.001
0.004 0.010 0.001 0.001 0.022 0.010 0.002 0.004 0.002 0.004 0.006 0.013 0.010 0.010 0.006 0.006 0.010 0.002 0.000 0.000 0.004 0.001 0.004 0.002 0.001 0.001 0.001 0.001 0.002 0.001 0.001 0.001 0.002 0.001 0.001 0.001 0.010 0.005 0.001 0.001 0.001 0.001 0.001 0.003 0.001 0.002 0.000 0.000 0.000 0.000 0.010 0.000 0.003 0.003 0.000 0.000 0.000 0.000 0.000 0.001 0.000 0.001 0.010 0.000 0.002 0.000 0.010 0.001 0.000 0.000 0.000 0.000 0.005 0.000 0.000 0.000 0.003
