hx_30m/njhx/rain/result.totaltm
ncols         211
nrows         286
xllcorner     660279.582600
yllcorner     3541874.325092
cellsize      30.000000
NODATA_value  -9999.000000
[rows 102 to 135 of 286, columns 77 to 153 of 211]
0.000 13.775 0.633 0.019 0.095 0.357 0.612 0.000 0.000 0.000 0.132 0.079 0.203 0.000 0.000 0.000 0.000 0.145 13.710 0.100 0.035 12.486 13.755 0.052 0.025 0.310 12.456 0.012 0.083 0.143 0.000 0.000 0.000 0.061 2.448 0.000 0.391 0.078 0.379 0.000 0.700 0.000 0.461 3.418 0.000 0.492 0.097 0.000 0.000 0.000 1.445 0.741 0.098 0.000 3.892 0.000 0.000 0.504 1.362 0.000 0.000 0.000 0.000 1.162 0.104 0.017 0.068 0.000 0.000 1.073 0.000 0.000 0.000 0.232 0.472 0.095 0.000
0.553 0.198 0.206 0.015 0.054 0.049 0.000 0.000 0.000 0.699 0.078 0.271 0.000 0.000 0.000 0.022 0.026 0.576 0.052 0.054 13.736 0.217 0.200 0.206 0.566 0.048 0.087 0.051 0.000 0.041 0.000 0.000 0.000 0.140 1.354 0.000 0.120 0.000 0.196 0.000 0.309 0.440 13.954 0.000 0.000 0.000 0.048 0.141 0.000 0.000 1.930 0.443 0.424 0.000 0.000 0.000 0.000 0.046 0.293 0.000 0.000 0.000 0.000 0.083 0.185 0.000 0.000 0.000 0.071 0.000 0.000 0.000 0.486 0.103 0.086 0.228 0.000
0.165 0.052 0.070 0.024 0.141 0.111 0.034 0.012 0.054 0.149 0.099 0.056 0.000 0.000 0.000 0.000 0.000 0.000 0.000 0.004 0.399 12.459 0.052 0.129 0.053 0.083 0.087 0.111 0.169 0.676 0.189 0.108 0.034 0.560 0.176 0.435 0.228 0.108 0.098 0.084 0.000 4.443 0.000 0.000 0.000 0.126 0.000 0.000 0.000 0.000 0.000 2.829 0.007 0.000 5.132 5.313 3.021 4.431 0.314 0.000 0.000 1.765 0.291 0.180 0.000 0.000 1.118 0.096 0.161 0.068 1.424 0.000 0.000 0.000 0.194 0.459 0.206
0.206 0.171 0.017 0.028 0.117 5.904 0.085 0.012 0.226 0.000 0.642 0.162 0.000 0.000 0.000 0.000 0.000 0.121 0.024 0.000 13.749 13.767 0.578 0.500 0.690 0.127 0.079 15.079 0.108 0.098 1.201 0.503 0.302 0.987 13.765 0.042 0.076 0.196 0.047 0.393 0.000 10.280 0.668 0.171 0.260 0.044 0.000 0.009 0.000 0.000 0.000 0.074 0.000 0.001 0.013 0.084 0.292 0.000 0.497 0.000 0.000 0.000 0.000 0.016 0.009 0.003 0.101 0.023 0.000 0.554 0.000 0.000 0.000 1.036 0.650 0.677 0.056
0.193 0.292 0.015 0.082 0.123 0.000 0.024 0.039 0.000 0.000 0.000 0.373 0.000 0.000 0.000 0.000 0.000 0.000 0.000 0.012 0.164 0.337 0.781 0.378 0.163 1.376 0.142 0.735 0.100 0.063 0.897 6.076 0.734 1.144 0.423 0.249 0.032 0.163 0.023 0.049 0.334 1.103 0.181 0.321 0.204 0.371 0.580 0.096 0.026 0.446 0.070 5.424 0.547 0.000 0.000 0.000 0.000 0.000 0.000 0.000 0.000 0.000 0.000 0.000 0.013 4.533 0.000 0.000 3.903 0.000 0.000 0.898 0.917 0.839 0.000 0.254 0.041
0.115 0.312 0.092 0.124 0.191 0.035 0.000 0.000 0.000 0.000 0.000 0.000 0.000 0.000 0.000 0.000 0.000 0.000 0.000 0.132 0.220 12.157 13.818 13.181 10.754 1.634 0.436 0.172 15.070 13.138 0.960 0.952 0.000 13.784 0.000 1.151 0.015 0.236 0.022 0.249 0.676 0.147 0.543 0.637 0.686 0.000 0.001 0.000 0.000 0.000 0.000 0.168 1.278 0.000 0.084 0.000 0.000 0.091 0.462 0.000 0.000 0.000 0.000 0.000 0.000 0.041 0.000 0.124 0.000 0.094 0.000 1.631 0.725 0.047 0.000 0.000 1.021
13.785 12.459 0.009 0.050 1.853 0.000 0.000 0.000 0.000 0.000 0.000 0.000 0.000 0.000 3.129 0.000 0.000 0.000 0.000 0.119 0.197 13.774 0.070 0.253 5.996 0.837 0.149 0.047 0.080 0.839 0.230 0.304 13.793 0.430 13.780 0.000 0.013 14.997 0.028 0.000 0.277 13.759 0.354 0.552 0.300 0.000 0.265 0.488 0.495 0.000 0.253 0.418 1.379 0.000 1.074 0.356 0.058 0.077 0.036 0.012 0.015 0.020 0.000 0.477 0.000 2.368 0.000 0.005 0.008 0.000 0.014 0.579 0.000 0.000 0.000 12.747 0.374
12.837 0.099 0.004 0.349 0.388 1.894 0.093 0.017 0.000 0.038 0.029 0.010 0.000 0.000 0.195 0.012 2.805 0.202 0.019 0.252 0.149 0.143 0.192 2.396 0.055 0.921 0.210 0.057 0.863 4.557 0.103 0.065 0.157 0.149 0.267 0.181 0.010 0.112 0.051 0.486 13.728 0.490 0.502 0.031 0.270 0.000 0.173 0.000 0.000 0.000 0.000 0.148 2.066 0.000 0.000 0.000 0.020 0.126 0.000 0.000 0.000 0.614 0.000 0.000 0.000 0.000 0.000 0.000 0.000 0.000 12.764 0.116 0.000 0.000 0.000 0.062 0.409
1.487 0.059 0.018 0.182 0.599 0.000 0.000 0.000 0.000 0.036 0.228 0.574 0.298 0.534 0.506 8.847 2.431 4.571 1.598 2.422 0.190 0.065 0.309 0.073 12.348 3.418 0.154 2.430 0.082 0.107 0.022 0.009 0.021 0.111 0.125 0.421 0.000 13.732 0.023 0.066 0.117 0.125 0.402 0.284 2.234 0.455 1.870 0.124 1.592 0.223 0.414 0.508 0.101 6.499 0.327 6.154 0.137 0.312 0.084 0.027 0.039 0.004 0.007 0.000 0.000 0.720 0.000 0.047 0.232 0.013 0.161 0.169 0.218 0.053 0.042 0.199 0.683
0.271 0.013 0.215 0.318 0.108 0.000 0.000 0.000 0.020 0.020 4.854 0.000 0.487 2.141 5.823 0.000 0.000 0.000 1.780 0.033 0.128 0.078 0.098 0.097 0.135 0.062 13.286 0.666 0.304 0.070 0.289 0.382 0.000 0.282 0.116 0.091 0.000 12.387 0.022 0.090 0.125 0.176 0.284 0.489 0.434 0.572 0.035 0.153 0.327 0.090 0.183 0.557 0.967 0.067 0.296 0.645 1.841 0.016 0.662 1.070 0.736 0.771 1.364 0.304 0.404 0.227 0.189 0.175 0.130 0.339 0.172 0.650 0.130 0.255 0.081 3.779 1.267
0.176 0.018 0.137 0.236 0.165 0.000 0.029 0.025 0.074 0.063 2.480 2.726 0.771 12.797 2.292 9.441 0.000 0.040 2.010 0.012 0.080 0.019 0.000 0.000 0.017 5.828 8.297 12.228 11.201 0.264 1.340 0.000 3.894 0.000 0.000 0.000 0.009 13.749 0.032 0.075 0.000 0.000 0.311 0.588 0.014 0.471 0.652 1.875 1.353 0.551 0.060 0.097 5.652 0.446 12.829 1.037 0.151 0.052 0.068 0.019 0.015 0.156 0.174 0.000 0.000 0.145 0.000 0.000 0.182 0.144 0.199 0.000 0.000 0.000 0.000 0.000 1.996
0.046 0.014 0.066 0.113 0.173 0.017 0.615 0.103 0.063 0.018 4.194 0.052 11.948 7.338 3.420 0.007 0.001 0.006 5.892 0.131 0.122 13.793 0.434 0.015 0.062 8.111 14.399 10.150 10.650 8.268 14.479 0.567 0.079 0.000 0.114 0.000 0.007 0.486 0.026 0.038 0.464 0.405 13.759 0.956 0.382 0.506 0.000 1.127 1.279 0.114 0.071 0.504 0.000 0.603 0.595 0.896 0.159 0.375 0.143 0.072 0.012 0.131 0.000 0.000 0.157 0.397 0.241 0.116 0.628 0.366 12.753 0.017 0.000 0.000 0.000 0.000 0.326
0.244 0.017 0.140 0.256 0.281 2.288 0.047 0.033 0.007 0.033 10.502 3.812 5.657 0.000 2.091 0.006 0.135 0.093 0.106 0.018 0.010 0.000 0.029 0.000 0.174 0.160 0.822 0.246 15.428 0.398 0.023 0.677 0.723 0.000 0.000 0.000 0.000 0.630 0.034 0.021 0.011 0.006 0.012 0.003 0.033 8.261 0.000 0.530 1.110 0.548 0.096 3.122 2.042 0.597 0.472 0.664 0.000 0.000 0.145 0.136 0.165 0.046 0.000 0.000 0.000 0.658 0.000 0.000 0.708 5.471 0.114 0.000 0.000 12.718 0.000 0.000 0.270
0.012 0.056 0.159 0.149 0.063 1.125 2.739 1.524 0.157 0.106 4.443 0.000 0.000 0.000 0.000 0.000 0.114 0.032 13.781 0.000 0.358 0.051 0.094 0.011 0.096 0.156 1.083 0.243 0.934 13.826 0.041 0.496 0.908 0.000 0.000 0.000 0.009 13.757 0.020 0.025 0.031 0.312 0.000 0.000 0.072 13.586 0.000 0.149 0.291 2.732 0.000 0.127 0.590 0.000 0.239 0.053 1.278 0.050 0.126 0.101 0.088 0.046 0.000 0.000 0.221 0.107 0.000 0.104 0.081 0.140 0.053 0.117 0.000 0.000 0.000 0.000 0.492
0.056 0.051 0.302 0.000 0.000 2.298 0.000 0.000 0.000 0.000 4.914 0.000 0.159 0.173 0.044 0.000 0.000 0.024 0.076 0.000 0.000 0.000 0.000 0.000 0.092 6.776 0.732 0.131 0.826 0.241 2.037 0.465 13.822 0.053 0.000 0.346 0.096 0.345 0.057 0.093 0.973 1.899 0.000 0.000 2.017 0.064 0.215 0.139 0.191 0.029 0.000 0.353 0.147 0.000 0.449 0.323 0.360 0.059 0.221 0.183 0.298 0.000 0.000 0.241 0.255 0.308 0.000 0.000 0.000 0.000 0.857 0.048 0.000 0.000 0.000 0.000 0.030
0.004 0.064 0.199 0.054 0.097 0.102 0.000 0.000 0.000 0.000 4.084 0.000 0.634 0.247 0.054 0.000 11.941 0.000 0.134 0.000 0.000 0.000 0.000 0.000 0.257 0.060 0.349 2.705 0.172 0.306 0.000 0.000 0.538 2.610 0.024 0.392 0.092 0.329 0.146 0.232 0.494 0.944 0.000 0.000 1.849 0.055 0.150 0.186 0.193 0.000 0.000 1.698 0.000 0.000 1.769 0.000 0.402 1.757 1.539 0.979 0.410 0.000 0.000 0.000 0.117 4.235 0.000 12.957 13.791 0.000 0.121 0.157 0.033 0.088 0.321 0.000 0.000
0.018 0.143 2.576 0.021 0.124 0.000 0.414 0.000 0.000 0.081 5.501 0.000 0.000 0.000 13.809 0.000 13.800 0.000 0.000 0.000 0.000 0.000 0.000 0.238 0.136 0.267 0.000 0.030 0.063 0.253 0.000 2.602 0.058 2.972 3.116 0.000 0.107 0.471 0.242 0.071 0.258 0.495 0.000 0.000 0.088 0.112 2.934 0.295 0.197 0.269 0.472 0.361 0.000 0.000 0.000 0.062 0.000 0.060 0.117 0.049 0.032 0.041 0.000 0.000 0.054 5.846 6.042 0.144 0.175 0.243 8.388 9.338 5.370 8.337 0.000 0.120 0.113
0.012 0.122 0.000 0.000 0.000 0.023 0.000 0.133 0.619 0.130 8.125 3.122 2.636 1.807 5.933 13.806 13.008 0.068 0.259 0.153 0.584 1.547 0.053 0.137 0.322 0.420 2.518 0.056 0.147 0.051 2.853 10.917 11.988 13.114 2.796 0.000 0.760 0.242 0.232 0.232 0.088 0.295 0.000 0.000 9.078 0.253 0.000 0.242 0.137 0.064 0.378 0.437 1.278 0.406 0.000 0.824 0.340 0.129 0.420 0.252 0.244 0.063 0.000 0.000 0.241 2.700 5.494 0.000 0.000 0.000 2.295 7.703 7.171 7.763 0.072 0.037 12.798
0.027 0.137 0.542 0.617 0.057 0.357 0.000 0.055 0.079 0.000 7.443 0.145 13.813 0.263 12.812 13.803 13.604 12.067 0.154 0.127 0.289 0.473 0.164 0.435 0.121 0.701 0.171 0.498 0.124 0.234 7.843 15.349 14.894 12.235 3.428 0.000 0.124 0.351 2.324 0.023 0.028 0.038 3.799 0.102 0.188 0.043 0.713 0.087 1.516 0.113 0.067 0.518 0.070 0.000 0.000 0.925 0.220 0.210 0.182 0.385 0.027 0.000 0.000 0.000 0.274 5.948 3.527 0.000 0.000 0.000 6.937 10.512 10.312 9.397 0.155 0.136 0.000
0.080 1.168 0.058 0.224 0.124 0.068 0.512 0.126 0.000 0.000 14.357 0.221 0.045 0.633 0.109 0.146 15.034 14.616 0.394 0.693 0.878 0.000 0.281 1.457 0.000 0.632 0.000 0.054 0.000 0.000 1.834 15.556 15.464 7.316 0.081 0.000 5.406 0.183 0.825 0.000 0.000 0.633 1.045 2.877 0.100 0.292 0.150 0.315 0.213 0.258 0.247 0.929 1.523 0.193 0.078 0.121 0.234 0.101 0.262 0.059 0.000 0.195 0.000 0.000 0.349 0.000 0.366 0.080 0.000 0.000 9.360 6.851 8.919 2.603 0.096 0.000 0.000
0.024 0.028 0.086 0.178 0.000 0.000 0.027 0.542 0.204 0.126 13.605 0.432 0.231 0.277 0.440 0.440 14.421 14.857 0.017 0.000 0.000 0.414 0.733 0.194 0.000 0.283 0.000 0.174 0.000 0.000 0.044 14.594 15.336 0.029 0.078 0.030 1.429 0.414 0.411 0.000 0.131 0.094 0.038 0.173 0.104 0.228 1.646 1.531 1.426 0.265 0.313 0.356 0.338 0.170 4.140 0.280 0.350 0.598 0.125 0.000 0.000 0.595 0.310 0.016 0.613 4.472 0.112 1.156 2.977 0.000 12.216 9.245 12.098 12.163 13.659 0.000 0.000
0.191 0.161 0.106 0.103 0.056 0.103 0.058 0.294 0.320 0.633 12.402 1.948 1.985 1.891 1.527 0.228 1.442 5.358 0.098 0.134 0.136 0.577 1.158 0.061 0.296 0.171 0.166 12.579 12.174 13.168 13.623 15.128 5.652 0.336 0.073 13.673 0.190 1.763 0.392 0.000 0.960 0.064 0.281 0.325 0.175 0.363 0.386 1.199 0.634 0.963 0.479 0.252 0.208 0.425 0.356 0.000 0.000 0.032 0.000 0.000 0.011 0.038 0.426 0.063 0.116 0.000 0.000 0.000 0.000 0.000 0.000 0.000 0.262 0.013 0.000 0.010 0.000
0.200 0.083 0.069 0.055 0.000 0.066 0.059 1.192 0.535 0.000 15.613 0.000 2.126 0.000 3.439 0.000 0.000 12.187 0.000 0.000 0.000 0.000 14.276 15.407 15.367 15.438 15.314 0.000 0.000 0.000 0.000 15.592 0.240 0.221 0.220 14.992 0.160 0.680 0.316 0.000 1.752 0.178 0.069 0.484 0.056 0.107 0.000 0.735 4.983 0.745 0.553 0.574 1.010 0.000 0.000 0.000 0.000 0.119 0.000 0.000 0.000 0.000 0.000 0.104 0.739 0.000 0.000 0.000 0.232 0.183 0.000 0.000 0.000 0.000 0.000 0.215 0.000
1.218 0.010 0.027 0.439 0.113 0.000 0.106 0.263 0.280 0.000 15.580 0.000 2.306 0.000 9.007 0.326 0.380 15.543 0.000 0.000 0.000 0.000 15.104 13.236 15.378 15.460 0.164 0.254 0.143 0.116 0.207 0.079 13.826 0.000 0.000 12.063 0.343 0.238 0.000 0.674 0.142 0.133 0.058 0.377 0.285 1.308 0.000 0.000 1.353 0.262 0.412 0.038 1.104 0.497 12.878 0.000 0.000 0.698 0.061 0.000 0.018 0.000 0.020 0.074 0.197 0.000 0.212 8.775 0.218 0.217 0.000 0.000 0.051 0.590 0.000 0.511 0.000
0.705 0.000 0.000 0.000 0.000 0.050 0.000 0.318 0.000 0.000 15.061 0.000 0.000 0.000 0.097 0.093 0.287 0.220 0.255 0.419 0.000 0.000 15.104 15.120 15.168 0.221 0.336 5.353 0.143 0.390 0.261 0.678 0.000 0.000 0.000 0.148 0.157 0.141 0.000 0.045 0.000 0.000 0.136 0.500 0.019 0.416 0.383 0.000 0.000 0.000 0.137 0.069 0.147 0.257 0.165 0.000 0.000 0.000 0.000 0.000 0.000 0.000 0.098 0.000 0.206 0.106 0.757 12.778 0.000 0.460 0.000 0.046 0.000 0.000 2.160 0.416 0.000
0.078 0.899 0.000 0.000 0.000 0.112 0.000 0.000 0.000 0.000 15.031 0.000 0.000 0.021 0.064 0.061 0.000 1.583 0.000 0.162 0.000 0.000 14.229 0.064 0.011 0.290 0.000 0.000 0.378 0.116 0.137 1.293 0.000 0.000 0.000 0.369 0.156 0.173 0.000 0.000 0.000 0.024 0.062 0.368 0.181 0.530 0.465 0.551 0.101 0.566 0.049 0.168 0.185 1.804 0.000 0.000 0.000 0.000 0.000 0.000 0.000 0.000 0.000 0.000 0.138 0.000 0.854 0.484 0.000 0.000 0.000 0.883 0.212 0.028 0.034 0.144 0.043
0.168 0.186 0.194 0.321 0.023 0.113 0.096 0.173 0.000 0.433 1.615 1.692 0.000 0.000 0.000 0.000 0.000 0.032 0.003 0.089 0.000 0.000 14.090 0.000 0.000 0.092 0.000 0.000 0.133 0.768 0.211 0.109 0.018 0.055 0.000 0.207 0.169 0.271 0.000 0.000 0.000 0.069 0.014 0.040 0.158 0.364 0.108 0.124 0.346 0.159 0.066 0.156 0.000 0.000 1.376 0.178 0.001 0.000 0.000 0.000 0.000 0.000 0.000 0.000 0.168 0.000 0.000 0.000 0.000 0.000 0.000 0.000 0.143 0.143 0.016 0.104 0.000
0.267 0.000 0.000 0.097 0.092 0.102 0.080 0.543 0.403 0.058 0.314 0.748 0.121 0.000 0.000 0.269 0.000 0.047 0.065 0.086 0.000 0.000 14.020 0.000 0.000 0.094 0.000 0.000 0.332 0.266 0.296 0.134 0.054 0.082 0.376 0.249 0.332 0.203 0.000 0.090 0.385 0.152 0.000 0.279 0.147 0.183 0.000 0.000 0.000 0.000 0.000 0.164 0.000 0.000 0.163 0.149 0.060 0.000 0.000 0.000 0.095 0.267 0.000 0.000 0.163 12.759 0.000 0.000 0.000 0.000 0.000 0.000 0.000 0.044 0.029 0.000 0.152
0.588 0.153 0.109 0.138 0.327 0.442 0.065 0.203 0.525 0.315 0.206 0.294 0.983 0.547 0.000 0.000 0.000 1.076 0.104 0.100 0.000 0.000 13.946 0.000 0.000 0.000 0.206 0.002 0.138 0.057 0.303 0.000 0.000 0.352 0.000 0.039 0.410 0.110 0.000 0.000 0.245 0.499 0.000 0.000 0.226 0.098 0.223 0.544 0.360 0.209 0.313 0.106 1.791 0.376 0.199 0.211 0.105 0.086 0.000 0.000 0.000 0.000 0.000 0.040 0.241 0.179 0.000 0.000 0.000 0.000 0.022 0.029 0.000 0.000 0.000 0.000 0.034
0.370 0.687 1.145 0.101 0.403 0.189 0.110 0.140 0.111 0.167 0.421 0.104 0.355 0.343 0.765 13.788 0.466 0.010 0.040 0.096 0.000 0.000 13.708 0.027 0.078 0.105 0.090 0.000 0.279 0.064 0.116 0.532 0.161 0.281 0.000 0.012 0.359 0.137 0.487 0.201 13.668 0.419 0.053 0.111 1.559 0.119 0.000 0.000 0.248 0.015 0.118 0.109 0.000 0.000 0.000 0.000 0.158 1.453 0.010 0.000 1.418 0.035 0.025 0.130 0.157 0.000 0.000 0.000 0.171 0.032 0.000 0.000 0.000 0.073 10.321 0.199 0.000
0.000 0.000 0.041 0.000 0.000 0.000 0.042 0.136 0.122 3.139 0.020 12.696 0.000 0.000 0.000 0.000 0.000 0.021 0.000 0.000 0.000 0.000 13.704 0.019 0.094 0.204 0.101 0.016 0.090 0.277 0.175 0.000 0.013 0.357 0.000 0.029 0.487 0.016 0.000 0.080 0.000 0.000 0.000 0.000 0.000 1.454 0.173 0.000 0.139 0.075 0.193 0.458 0.000 0.000 0.000 0.000 0.004 0.000 0.000 0.000 0.000 0.108 0.127 0.261 0.284 0.000 0.000 0.000 0.000 0.176 0.095 0.000 0.000 0.000 0.000 11.243 0.000
0.122 0.221 0.256 0.214 0.081 0.089 0.015 0.026 0.000 4.143 0.528 13.826 0.259 0.411 0.477 0.472 0.423 2.371 0.167 0.310 0.000 0.000 12.470 0.029 0.040 0.020 0.000 0.049 0.000 0.145 0.048 0.075 0.084 0.226 0.000 0.017 15.046 0.022 0.000 0.651 0.022 13.705 0.000 0.000 0.000 0.695 0.219 0.052 0.129 0.108 0.131 0.000 0.242 0.119 0.000 0.000 0.000 0.000 0.012 0.054 0.363 0.000 0.000 0.000 0.245 0.000 0.000 12.703 0.000 0.210 0.038 0.000 0.000 0.000 0.000 0.000 0.000
0.000 0.595 0.000 0.076 0.035 0.012 0.013 0.025 0.000 3.611 0.048 0.604 0.000 0.000 1.236 0.000 0.000 0.389 0.000 0.000 1.203 0.000 12.063 0.095 0.033 0.038 0.092 0.072 0.140 0.064 0.080 0.066 0.083 0.204 0.110 0.097 0.812 0.038 0.141 0.000 0.644 0.000 0.103 0.000 0.000 0.818 0.117 0.467 2.304 0.119 0.103 0.000 0.493 0.163 0.293 0.027 0.117 0.115 0.321 0.000 0.000 0.000 0.000 0.000 0.102 12.754 0.000 0.000 1.742 0.000 0.031 0.118 0.406 0.384 0.000 0.441 0.339
0.091 0.267 0.193 0.138 8.929 5.888 0.937 0.350 0.379 0.427 0.537 6.023 0.123 0.163 0.271 0.125 0.083 0.414 0.000 0.000 0.099 0.144 0.308 0.343 0.099 0.431 0.112 0.209 0.181 0.223 0.117 0.078 0.201 0.174 0.083 0.076 0.531 0.125 0.209 0.447 0.622 0.076 0.243 0.388 0.499 0.858 0.518 0.000 0.000 0.079 0.831 0.000 0.643 0.095 0.000 0.000 0.050 0.000 0.000 0.109 0.000 0.284 0.332 0.000 0.135 0.000 0.169 0.636 0.000 0.000 0.000 0.000 0.116 0.227 0.000 0.000 0.188
