hx_30m/njhx/rain/result.maxtm
ncols         211
nrows         286
xllcorner     660279.582600
yllcorner     3541874.325092
cellsize      30.000000
NODATA_value  -9999.000000
[rows 180 to 209 of 286, columns 136 to 203 of 211]
4.287 4.333 4.333 4.144 4.157 4.286 4.137 4.165 4.170 3.929 3.935 4.333 4.333 -9999.000 4.332 4.333 4.333 -9999.000 4.333 -9999.000 4.333 3.332 4.333 -9999.000 -9999.000 0.825 0.833 0.833 0.833 0.833 -9999.000 4.374 4.167 4.147 -9999.000 -9999.000 -9999.000 4.123 4.006 3.998 -9999.000 -9999.000 -9999.000 4.337 3.983 -9999.000 -9999.000 3.970 3.961 -9999.000 3.951 3.986 3.933 3.969 3.901 3.960 3.976 3.997 3.966 3.913 -9999.000 -9999.000 -9999.000 -9999.000 5.344 3.999 3.953 3.967
4.333 4.333 -9999.000 4.080 -9999.000 4.125 4.101 4.099 4.331 4.074 4.124 4.334 3.996 -9999.000 4.333 4.147 4.333 -9999.000 4.136 4.333 4.327 0.831 0.829 -9999.000 5.333 -9999.000 4.133 4.167 4.167 -9999.000 4.689 3.500 4.926 4.912 -9999.000 5.413 5.333 4.069 4.004 -9999.000 3.978 4.365 4.333 4.337 3.961 -9999.000 -9999.000 4.153 4.000 3.965 3.969 3.968 3.996 3.957 3.977 3.972 -9999.000 -9999.000 3.909 3.943 3.999 -9999.000 -9999.000 -9999.000 5.357 4.000 3.999 3.944
-9999.000 -9999.000 4.333 4.333 4.333 3.987 4.159 3.982 3.948 4.039 3.914 3.986 3.954 4.293 3.938 3.927 3.179 -9999.000 4.298 4.333 -9999.000 -9999.000 0.833 4.167 4.148 -9999.000 5.333 4.532 4.513 -9999.000 4.676 4.162 4.038 4.807 -9999.000 -9999.000 5.334 -9999.000 3.981 5.392 5.384 5.333 3.987 4.333 4.323 4.317 4.310 -9999.000 3.999 3.883 -9999.000 3.922 3.963 4.000 4.333 4.333 -9999.000 -9999.000 -9999.000 -9999.000 4.005 3.994 -9999.000 5.333 -9999.000 3.958 3.998 3.954
4.259 4.305 4.333 4.333 4.079 -9999.000 -9999.000 4.156 4.131 4.135 3.975 3.999 4.181 4.271 3.908 4.308 4.333 3.490 4.333 4.333 -9999.000 -9999.000 4.167 4.167 -9999.000 3.988 3.995 -9999.000 4.506 -9999.000 4.665 -9999.000 -9999.000 4.167 4.167 -9999.000 5.333 5.333 -9999.000 5.367 5.338 5.373 3.878 3.958 4.301 4.293 -9999.000 4.000 3.999 3.958 4.159 3.987 3.944 3.918 4.000 3.896 3.992 3.993 3.925 3.983 4.039 4.164 3.986 3.892 -9999.000 -9999.000 4.000 3.993
4.247 -9999.000 4.123 4.167 4.333 4.333 -9999.000 4.168 -9999.000 3.936 3.977 4.165 4.166 3.997 3.993 4.163 4.318 3.981 -9999.000 4.163 4.167 4.167 3.978 4.124 -9999.000 3.996 4.000 4.167 4.332 -9999.000 4.654 4.319 4.324 4.332 3.956 -9999.000 -9999.000 5.333 5.334 5.352 5.343 5.366 5.357 3.889 -9999.000 4.300 3.997 3.999 -9999.000 3.944 3.943 3.975 3.893 -9999.000 -9999.000 -9999.000 4.333 -9999.000 3.999 4.293 3.972 4.843 -9999.000 -9999.000 -9999.000 -9999.000 4.034 3.940
4.140 4.156 4.078 4.162 4.159 -9999.000 4.167 4.167 -9999.000 3.916 3.971 3.993 3.999 3.918 3.867 3.912 3.964 3.921 3.890 3.960 -9999.000 4.167 4.166 4.081 -9999.000 3.996 4.155 4.151 4.165 4.270 4.247 4.281 -9999.000 -9999.000 -9999.000 4.167 -9999.000 5.333 -9999.000 5.355 5.367 5.357 -9999.000 3.998 -9999.000 4.283 3.926 3.948 3.986 -9999.000 3.918 4.167 -9999.000 3.992 3.940 3.994 3.874 3.935 -9999.000 3.994 -9999.000 4.340 3.993 -9999.000 -9999.000 -9999.000 3.972 3.963
3.975 -9999.000 3.924 4.317 -9999.000 4.002 4.104 4.162 -9999.000 3.975 3.971 3.971 3.991 4.097 3.996 3.993 4.167 -9999.000 4.167 3.921 3.880 3.972 -9999.000 4.166 -9999.000 3.982 4.165 3.999 -9999.000 3.964 4.163 -9999.000 4.167 4.130 4.167 -9999.000 5.333 5.333 -9999.000 5.333 -9999.000 3.928 3.999 3.994 4.471 -9999.000 -9999.000 4.000 3.928 3.900 3.927 3.959 3.892 4.000 5.394 5.369 3.965 5.332 5.331 5.316 4.347 4.333 3.995 -9999.000 -9999.000 5.333 3.999 3.845
4.019 3.984 3.951 3.995 -9999.000 -9999.000 -9999.000 3.995 4.065 4.130 4.080 -9999.000 -9999.000 -9999.000 -9999.000 4.333 -9999.000 4.167 -9999.000 3.986 -9999.000 3.962 3.923 3.988 3.968 4.000 3.947 4.038 -9999.000 4.166 4.148 -9999.000 4.048 4.040 -9999.000 3.990 3.991 5.333 -9999.000 4.366 4.360 4.340 3.967 -9999.000 4.161 -9999.000 5.072 3.917 -9999.000 -9999.000 3.986 3.987 -9999.000 -9999.000 4.092 3.941 3.969 5.334 -9999.000 -9999.000 -9999.000 3.993 3.988 3.999 4.000 3.972 3.944 3.985
4.519 3.872 3.991 4.074 4.167 -9999.000 -9999.000 -9999.000 3.996 4.138 4.167 -9999.000 -9999.000 4.166 -9999.000 -9999.000 -9999.000 4.167 4.167 4.167 3.943 3.971 3.975 3.916 3.967 3.870 4.000 4.005 -9999.000 3.997 -9999.000 5.333 -9999.000 4.083 -9999.000 3.989 -9999.000 -9999.000 3.888 4.166 4.372 -9999.000 3.958 -9999.000 4.162 3.955 3.936 3.980 4.003 3.990 4.001 3.394 -9999.000 -9999.000 4.001 3.953 3.975 5.333 -9999.000 -9999.000 -9999.000 3.958 3.969 3.962 3.989 -9999.000 3.986 3.935
4.118 3.981 4.150 4.167 4.005 4.133 4.167 4.072 4.019 4.165 -9999.000 3.981 4.158 3.967 3.996 4.167 3.978 3.982 3.975 4.156 4.104 4.196 4.168 -9999.000 3.886 3.996 3.998 3.981 -9999.000 3.998 3.949 4.029 -9999.000 5.333 4.149 -9999.000 -9999.000 3.932 3.931 3.950 -9999.000 4.167 3.967 4.251 4.158 -9999.000 3.966 3.987 3.994 -9999.000 4.044 3.424 3.498 3.499 3.992 4.199 3.974 5.332 -9999.000 6.161 3.923 3.875 3.851 3.873 3.948 3.990 3.986 4.167
4.110 4.130 4.088 4.144 4.167 -9999.000 4.129 4.115 4.052 4.167 -9999.000 3.973 3.974 3.993 4.000 3.997 4.000 3.989 4.154 -9999.000 3.986 4.167 4.167 4.167 3.995 -9999.000 3.993 3.986 3.981 3.981 -9999.000 5.333 -9999.000 -9999.000 5.334 5.359 3.956 3.989 -9999.000 -9999.000 -9999.000 3.982 3.975 4.150 4.000 -9999.000 3.968 4.166 3.958 -9999.000 4.093 3.431 3.422 3.483 3.412 3.980 3.991 3.957 4.334 3.969 3.962 4.000 3.878 3.906 4.166 3.937 3.978 3.990
4.159 4.128 4.138 4.082 4.167 4.118 -9999.000 4.139 -9999.000 -9999.000 4.149 4.167 3.897 4.167 4.166 4.167 4.160 4.155 4.146 3.978 4.167 4.167 4.167 4.005 3.930 3.993 3.943 3.966 3.990 4.167 3.904 4.163 -9999.000 5.346 4.105 4.160 3.942 3.991 3.996 -9999.000 3.911 3.839 -9999.000 4.159 4.164 -9999.000 3.924 3.997 -9999.000 -9999.000 3.484 -9999.000 3.470 -9999.000 3.493 3.468 -9999.000 3.980 3.960 4.000 3.935 3.987 3.975 3.960 -9999.000 -9999.000 3.941 3.988
-9999.000 4.167 4.111 4.166 4.164 4.167 4.057 4.057 4.004 4.006 4.166 -9999.000 4.167 3.974 3.973 -9999.000 4.170 4.165 4.172 4.162 4.167 4.167 4.095 4.031 3.929 4.168 3.993 3.951 3.875 -9999.000 3.995 4.051 4.010 4.149 4.166 -9999.000 -9999.000 5.367 5.410 4.001 3.960 3.990 -9999.000 4.166 3.986 -9999.000 -9999.000 4.167 3.500 3.500 3.500 3.372 -9999.000 3.426 3.362 3.431 3.500 3.457 3.893 3.993 4.187 4.000 3.990 4.000 3.937 3.863 3.864 -9999.000
-9999.000 -9999.000 4.144 4.152 4.149 4.125 4.159 4.155 -9999.000 4.061 3.990 3.987 3.985 4.167 3.898 3.938 4.164 4.170 4.179 4.167 4.028 4.167 4.167 4.165 3.946 3.975 3.958 3.954 7.423 -9999.000 4.127 4.068 4.145 4.050 4.030 4.167 -9999.000 5.353 -9999.000 -9999.000 3.991 3.997 3.991 -9999.000 -9999.000 3.996 4.000 4.167 4.167 3.443 3.485 3.437 3.463 3.455 3.439 3.491 4.165 4.182 -9999.000 4.341 3.881 3.964 3.928 -9999.000 -9999.000 -9999.000 3.850 -9999.000
4.129 4.163 4.165 4.167 4.165 4.151 4.066 4.066 4.082 4.141 4.167 3.999 4.166 3.988 3.999 3.946 4.167 3.983 3.996 4.167 4.169 -9999.000 -9999.000 -9999.000 -9999.000 -9999.000 3.946 3.995 3.994 -9999.000 4.167 -9999.000 4.160 -9999.000 4.071 4.166 3.982 3.991 -9999.000 5.333 3.967 4.149 -9999.000 -9999.000 -9999.000 3.991 4.008 4.132 4.167 4.167 -9999.000 3.499 -9999.000 -9999.000 -9999.000 -9999.000 3.989 3.988 3.489 4.310 3.988 -9999.000 -9999.000 -9999.000 -9999.000 3.924 3.958 -9999.000
3.895 4.148 4.158 3.854 4.166 4.052 4.002 4.117 4.071 4.151 4.167 -9999.000 4.000 3.997 3.939 3.995 3.986 3.839 -9999.000 4.167 4.425 4.414 3.912 -9999.000 -9999.000 -9999.000 3.922 -9999.000 4.167 -9999.000 -9999.000 -9999.000 4.167 -9999.000 4.166 -9999.000 4.037 3.898 4.167 -9999.000 3.941 3.920 -9999.000 -9999.000 3.978 5.333 3.943 3.497 -9999.000 3.500 -9999.000 3.442 -9999.000 -9999.000 5.396 -9999.000 3.489 3.438 3.482 4.319 3.994 3.996 3.990 4.000 3.994 -9999.000 3.905 -9999.000
-9999.000 7.646 4.167 4.150 4.167 4.088 4.122 4.000 -9999.000 4.167 4.167 -9999.000 4.167 4.000 3.971 -9999.000 3.972 -9999.000 -9999.000 4.141 4.437 4.424 -9999.000 -9999.000 5.333 3.904 4.167 -9999.000 -9999.000 -9999.000 4.043 4.047 4.111 4.139 4.160 4.167 4.143 -9999.000 3.900 3.983 4.167 3.942 -9999.000 -9999.000 5.333 -9999.000 -9999.000 4.167 3.500 4.425 5.330 5.384 5.421 5.412 5.387 -9999.000 -9999.000 -9999.000 5.664 3.446 3.992 3.998 -9999.000 3.836 3.942 3.964 3.913 4.000
4.044 4.070 -9999.000 16.000 4.156 4.093 -9999.000 3.988 -9999.000 -9999.000 4.167 -9999.000 4.167 4.167 3.998 3.978 -9999.000 -9999.000 -9999.000 4.162 4.418 4.435 4.422 4.435 3.948 3.997 3.919 -9999.000 4.167 -9999.000 4.143 4.099 4.091 3.442 3.430 4.163 4.085 4.047 -9999.000 3.938 3.943 3.924 3.952 3.961 -9999.000 5.333 -9999.000 -9999.000 3.499 4.423 4.410 3.440 5.381 5.400 3.492 3.488 -9999.000 5.563 5.678 5.750 4.002 3.994 3.950 -9999.000 -9999.000 3.933 3.917 -9999.000
4.126 4.099 4.162 4.133 -9999.000 -9999.000 4.333 -9999.000 4.074 -9999.000 4.167 4.167 4.167 4.167 3.900 3.983 4.167 4.139 4.167 4.122 4.133 4.155 4.085 4.108 3.992 4.117 -9999.000 3.998 3.969 3.969 4.124 4.086 3.491 4.124 4.099 3.489 -9999.000 -9999.000 4.166 3.988 3.871 -9999.000 4.000 3.874 3.887 -9999.000 3.308 5.333 -9999.000 4.150 4.420 3.957 3.499 -9999.000 3.427 -9999.000 -9999.000 -9999.000 -9999.000 3.459 -9999.000 -9999.000 -9999.000 -9999.000 -9999.000 3.968 3.929 3.996
4.129 4.167 4.119 4.127 4.154 4.167 -9999.000 4.167 4.096 -9999.000 4.167 4.167 -9999.000 -9999.000 3.961 4.333 3.999 4.167 4.115 4.108 4.143 4.117 4.085 3.992 3.983 -9999.000 3.965 4.168 4.142 3.984 4.151 -9999.000 -9999.000 4.109 4.135 4.151 4.167 3.933 -9999.000 4.166 3.903 4.150 3.940 3.913 4.119 4.144 -9999.000 -9999.000 -9999.000 4.164 4.159 3.486 3.497 3.501 3.467 3.491 3.483 3.409 3.952 3.914 3.980 3.987 3.960 3.921 3.966 3.937 3.891 3.897
-9999.000 4.167 4.138 4.167 -9999.000 -9999.000 3.964 4.073 -9999.000 15.999 3.913 4.052 4.000 -9999.000 3.989 3.999 4.000 3.995 4.112 3.958 4.129 4.020 4.036 4.082 3.982 3.988 3.987 -9999.000 3.996 3.997 4.333 4.158 -9999.000 4.140 -9999.000 3.488 -9999.000 4.166 3.420 -9999.000 4.166 4.167 4.163 3.935 -9999.000 4.068 4.099 -9999.000 4.167 4.160 4.164 3.495 -9999.000 -9999.000 3.432 -9999.000 -9999.000 3.500 -9999.000 -9999.000 3.909 3.962 3.968 3.918 -9999.000 3.922 -9999.000 3.949
4.132 -9999.000 4.167 4.107 4.099 3.989 3.984 3.977 4.065 4.096 -9999.000 -9999.000 3.999 3.997 3.995 -9999.000 -9999.000 -9999.000 4.081 4.167 4.076 -9999.000 4.169 4.158 4.167 3.967 -9999.000 -9999.000 3.952 3.968 3.940 3.954 3.912 4.167 -9999.000 3.499 -9999.000 3.481 3.961 -9999.000 4.168 -9999.000 4.166 4.164 -9999.000 4.160 4.111 4.167 4.167 -9999.000 3.493 4.167 3.499 3.500 3.500 3.396 3.334 3.495 3.500 3.447 4.166 3.993 3.947 3.996 3.996 3.979 -9999.000 -9999.000
3.891 3.934 3.979 5.500 3.985 -9999.000 4.167 3.916 4.096 3.877 3.978 4.167 -9999.000 -9999.000 4.001 -9999.000 4.000 3.967 4.000 4.274 4.290 3.955 3.948 -9999.000 -9999.000 -9999.000 3.917 3.937 3.937 3.959 3.915 -9999.000 4.112 4.166 -9999.000 5.332 -9999.000 3.406 4.167 -9999.000 -9999.000 -9999.000 -9999.000 4.167 4.167 4.167 3.443 3.467 -9999.000 3.395 3.405 3.499 -9999.000 -9999.000 3.500 -9999.000 -9999.000 3.334 -9999.000 -9999.000 3.993 -9999.000 3.995 3.978 3.980 3.991 3.301 -9999.000
2.321 3.935 -9999.000 3.937 -9999.000 -9999.000 -9999.000 3.911 3.956 3.989 -9999.000 -9999.000 3.984 4.166 -9999.000 -9999.000 3.874 3.988 3.998 -9999.000 -9999.000 4.167 4.069 4.167 -9999.000 4.167 3.915 -9999.000 4.164 3.946 -9999.000 3.936 4.141 -9999.000 3.498 5.312 -9999.000 3.423 -9999.000 4.017 4.167 -9999.000 4.167 4.167 -9999.000 -9999.000 3.461 3.462 3.499 3.500 3.438 3.499 3.352 3.500 3.425 3.363 3.380 3.437 3.481 3.477 3.484 -9999.000 4.167 3.960 3.943 3.276 3.312 -9999.000
3.984 3.907 3.920 4.381 -9999.000 3.889 4.167 3.930 3.979 4.166 3.852 3.919 3.975 3.997 3.986 5.333 -9999.000 -9999.000 4.000 -9999.000 3.963 3.983 -9999.000 4.046 4.167 3.987 3.983 4.191 4.164 -9999.000 3.931 4.167 -9999.000 3.491 5.265 5.313 5.334 -9999.000 -9999.000 3.958 -9999.000 -9999.000 4.167 -9999.000 4.125 3.497 3.482 3.492 3.500 -9999.000 3.439 3.496 3.482 -9999.000 3.354 3.500 3.498 3.489 3.408 3.488 4.167 3.479 3.490 3.993 3.936 3.958 3.242 -9999.000
5.307 7.456 -9999.000 -9999.000 4.286 4.164 3.936 3.963 3.887 3.919 3.932 3.930 3.985 3.955 3.986 3.931 3.976 4.167 -9999.000 -9999.000 4.167 -9999.000 -9999.000 4.167 4.164 -9999.000 4.166 4.165 4.157 -9999.000 4.167 3.930 -9999.000 6.070 -9999.000 3.430 5.333 -9999.000 -9999.000 3.944 3.920 3.899 3.853 4.174 4.163 4.163 3.466 -9999.000 4.178 3.430 3.389 3.438 3.397 3.487 5.612 3.466 3.382 3.466 3.390 3.500 3.352 -9999.000 3.486 3.429 -9999.000 3.448 3.280 -9999.000
-9999.000 3.998 -9999.000 4.000 3.975 3.963 3.951 3.999 4.000 4.000 -9999.000 3.885 3.901 3.999 3.984 4.000 3.966 -9999.000 -9999.000 3.953 -9999.000 5.333 -9999.000 4.122 4.166 -9999.000 3.986 4.166 4.167 4.158 4.140 4.055 6.013 6.051 -9999.000 5.358 5.334 5.332 3.484 3.896 -9999.000 -9999.000 4.202 4.198 -9999.000 3.493 3.496 -9999.000 3.374 3.458 -9999.000 -9999.000 -9999.000 -9999.000 5.619 -9999.000 -9999.000 -9999.000 -9999.000 3.497 3.472 3.454 4.058 3.470 -9999.000 3.361 5.333 -9999.000
5.198 -9999.000 3.941 3.977 -9999.000 4.165 3.980 4.000 3.972 3.905 3.982 3.877 3.997 4.000 -9999.000 -9999.000 3.993 4.000 3.957 3.919 3.936 3.849 -9999.000 15.991 -9999.000 4.167 4.167 -9999.000 5.333 5.336 -9999.000 -9999.000 6.027 5.987 5.577 5.359 5.340 3.491 3.391 3.471 3.474 3.958 4.364 4.160 -9999.000 3.456 3.495 3.500 3.396 3.497 5.733 5.642 5.627 -9999.000 5.640 -9999.000 -9999.000 -9999.000 -9999.000 3.483 -9999.000 -9999.000 -9999.000 3.462 3.498 3.452 -9999.000 -9999.000
5.188 -9999.000 3.978 3.953 3.885 3.885 3.931 3.912 3.996 4.167 3.966 4.156 3.922 -9999.000 -9999.000 5.333 -9999.000 -9999.000 3.953 3.996 -9999.000 4.167 -9999.000 4.146 -9999.000 4.167 -9999.000 4.167 5.333 5.433 5.437 5.432 3.954 -9999.000 5.348 5.355 4.091 -9999.000 4.167 3.433 4.167 4.163 4.168 -9999.000 3.454 3.458 3.418 -9999.000 3.490 3.501 3.500 -9999.000 5.632 5.640 5.631 3.390 3.349 3.459 3.466 3.495 -9999.000 -9999.000 -9999.000 3.474 3.442 3.306 -9999.000 -9999.000
5.176 -9999.000 4.168 3.953 3.911 4.059 4.099 3.974 3.886 -9999.000 -9999.000 4.071 3.965 -9999.000 3.882 -9999.000 3.896 3.871 3.971 4.166 3.996 2.312 -9999.000 4.155 -9999.000 4.086 -9999.000 4.167 4.167 -9999.000 5.432 5.430 4.167 5.340 5.341 5.332 4.152 4.167 3.499 3.451 3.485 -9999.000 4.174 -9999.000 3.495 4.166 -9999.000 -9999.000 3.503 3.429 3.455 3.474 4.215 5.595 3.474 3.386 3.507 3.500 3.450 3.460 3.378 3.382 3.360 3.294 3.465 3.232 -9999.000 -9999.000
