hx_30m/njhx/rain/result-0051.wd
ncols         211
nrows         286
xllcorner     660279.582600
yllcorner     3541874.325092
cellsize      30.000000
NODATA_value  -9999.000000
[rows 204 to 237 of 286, columns 77 to 153 of 211]
0.010 0.010 0.005 0.003 0.032 0.010 0.001 0.000 0.000 0.000 0.010 0.010 0.058 0.270 0.002 0.000 0.000 0.000 0.003 0.002 0.003 0.001 0.004 0.000 0.000 0.003 0.003 0.044 0.128 0.005 0.001 0.000 0.001 0.010 0.001 0.002 0.001 0.008 0.003 0.001 0.000 0.001 0.001 0.002 0.001 0.001 0.001 0.001 0.003 0.002 0.000 0.000 0.000 0.000 0.001 0.000 0.001 0.000 0.016 0.001 0.001 0.010 0.001 0.000 0.010 0.002 0.000 0.005 0.004 0.010 0.001 0.001 0.001 0.001 0.059 0.000 0.000
0.326 0.003 0.005 0.010 0.004 0.010 0.000 0.000 0.001 0.000 0.000 0.000 0.010 0.009 0.006 0.010 0.002 0.001 0.001 0.005 0.001 0.000 0.000 0.002 0.003 0.003 0.010 0.029 0.001 0.000 0.000 0.000 0.000 0.000 0.001 0.010 0.002 0.003 0.000 0.000 0.000 0.007 0.002 0.003 0.001 0.003 0.002 0.001 0.002 0.001 0.002 0.000 0.003 0.000 0.000 0.000 0.000 0.001 0.010 0.008 0.204 0.000 0.000 0.001 0.000 0.001 0.005 0.001 0.001 0.010 0.005 0.001 0.001 0.003 0.000 0.001 0.003
0.003 0.001 0.001 0.006 0.001 0.010 0.000 0.000 0.000 0.000 0.001 0.001 0.010 0.000 0.000 0.001 0.000 0.010 0.001 0.000 0.000 0.000 0.000 0.002 0.003 0.002 0.004 0.003 0.000 0.001 0.000 0.000 0.000 0.005 0.003 0.003 0.002 0.001 0.000 0.001 0.001 0.002 0.001 0.010 0.010 0.007 0.006 0.001 0.000 0.000 0.001 0.003 0.002 0.001 0.005 0.003 0.001 0.002 0.010 0.000 0.010 0.000 0.001 0.003 0.001 0.005 0.005 0.010 0.004 0.000 0.010 0.010 0.005 0.002 0.001 0.002 0.000
0.004 0.005 0.000 0.004 0.010 0.002 0.002 0.001 0.001 0.001 0.000 0.000 0.002 0.001 0.001 0.001 0.000 0.003 0.002 0.001 0.000 0.000 0.010 0.001 0.010 0.001 0.003 0.010 0.010 0.002 0.001 0.000 0.010 0.002 0.002 0.001 0.000 0.000 0.001 0.001 0.000 0.000 0.002 0.002 0.010 0.179 0.000 0.000 0.000 0.000 0.005 0.001 0.001 0.003 0.001 0.005 0.328 0.018 0.010 0.231 0.000 0.002 0.001 0.000 0.000 0.001 0.005 0.010 0.005 0.010 0.010 0.010 0.046 0.000 0.000 0.002 0.001
0.003 0.000 0.010 0.004 0.001 0.001 0.001 0.000 0.000 0.003 0.005 0.002 0.010 0.006 0.017 0.006 0.005 0.211 0.097 0.001 0.001 0.003 0.005 0.001 0.003 0.000 0.010 0.000 0.005 0.010 0.000 0.000 0.000 0.001 0.003 0.001 0.000 0.000 0.002 0.003 0.010 0.000 0.003 0.002 0.010 0.000 0.000 0.000 0.001 0.000 0.004 0.003 0.001 0.001 0.001 0.003 0.010 0.027 0.000 0.096 0.000 0.001 0.002 0.010 0.001 0.003 0.003 0.003 0.001 0.001 0.010 0.005 0.000 0.000 0.039 0.000 0.000
0.000 0.010 0.005 0.002 0.010 0.000 0.000 0.000 0.001 0.002 0.001 0.000 0.001 0.000 0.001 0.001 0.001 0.177 0.384 0.107 0.191 0.009 0.003 0.001 0.000 0.010 0.010 0.001 0.001 0.001 0.003 0.000 0.000 0.001 0.002 0.002 0.002 0.000 0.000 0.000 0.000 0.010 0.001 0.010 0.010 0.000 0.000 0.000 0.000 0.001 0.000 0.004 0.010 0.000 0.003 0.003 0.003 0.002 0.010 0.172 0.000 0.022 0.003 0.001 0.000 0.001 0.001 0.003 0.000 0.000 0.001 0.001 0.000 0.010 0.000 0.010 0.001
0.000 0.003 0.002 0.003 0.001 0.000 0.000 0.000 0.000 0.000 0.001 0.002 0.000 0.000 0.000 0.033 0.003 0.258 0.103 0.280 0.361 0.000 0.560 0.010 0.002 0.003 0.003 0.000 0.000 0.001 0.010 0.000 0.003 0.002 0.003 0.000 0.010 0.003 0.001 0.000 0.000 0.004 0.000 0.010 0.000 0.001 0.000 0.001 0.001 0.001 0.000 0.010 0.010 0.002 0.010 0.000 0.005 0.000 0.010 0.001 0.001 0.005 0.002 0.000 0.000 0.010 0.001 0.001 0.000 0.000 0.000 0.000 0.010 0.010 0.010 0.000 0.001
0.010 0.005 0.005 0.010 0.000 0.000 0.000 0.000 0.000 0.008 0.001 0.000 0.001 0.000 0.000 0.000 0.028 0.119 0.253 0.065 0.426 0.023 0.032 0.121 0.697 0.000 0.195 0.005 0.001 0.000 0.010 0.010 0.003 0.010 0.001 0.000 0.010 0.010 0.001 0.010 0.000 0.010 0.010 0.010 0.010 0.001 0.000 0.000 0.005 0.000 0.000 0.010 0.015 0.000 0.010 0.004 0.076 0.008 0.001 0.001 0.002 0.000 0.003 0.001 0.000 0.000 0.001 0.010 0.002 0.000 0.000 0.001 0.000 0.002 0.003 0.002 0.004
0.000 0.008 0.005 0.005 0.001 0.001 0.001 0.001 0.000 0.001 0.010 0.003 0.001 0.000 0.001 0.001 0.254 0.369 0.386 0.344 0.046 0.001 0.001 0.001 0.010 0.010 0.010 0.010 0.000 0.003 0.003 0.000 0.001 0.003 0.001 0.010 0.010 0.010 0.000 0.000 0.003 0.001 0.001 0.000 0.002 0.000 0.000 0.001 0.001 0.000 0.000 0.000 0.000 0.000 0.011 0.002 0.000 0.000 0.000 0.001 0.001 0.001 0.002 0.001 0.001 0.001 0.010 0.012 0.010 0.010 0.010 0.000 0.010 0.000 0.001 0.010 0.010
0.001 0.001 0.000 0.001 0.000 0.002 0.001 0.001 0.001 0.000 0.020 0.000 0.001 0.001 0.001 0.005 0.372 0.131 0.332 0.005 0.003 0.001 0.010 0.001 0.002 0.002 0.002 0.163 0.002 0.010 0.000 0.027 0.006 0.002 0.003 0.010 0.010 0.002 0.001 0.000 0.010 0.002 0.004 0.001 0.001 0.000 0.002 0.001 0.000 0.000 0.000 0.013 0.000 0.000 0.005 0.017 0.001 0.000 0.000 0.000 0.000 0.003 0.001 0.003 0.001 0.001 0.001 0.013 0.010 0.010 0.002 0.000 0.010 0.002 0.011 0.023 0.000
0.005 0.004 0.002 0.000 0.003 0.000 0.000 0.001 0.001 0.001 0.023 0.001 0.001 0.000 0.001 0.001 0.240 0.417 0.001 0.001 0.001 0.002 0.002 0.001 0.003 0.001 0.001 0.000 0.000 0.001 0.003 0.010 0.000 0.010 0.020 0.003 0.001 0.010 0.003 0.005 0.001 0.001 0.002 0.003 0.000 0.017 0.000 0.000 0.001 0.010 0.000 0.012 0.000 0.001 0.003 0.545 0.000 0.000 0.002 0.000 0.000 0.003 0.000 0.001 0.000 0.001 0.001 0.001 0.003 0.010 0.010 0.000 0.000 0.001 0.002 0.003 0.000
0.003 0.010 0.000 0.000 0.000 0.001 0.000 0.001 0.001 0.001 0.000 0.000 0.001 0.010 0.005 0.002 0.071 0.001 0.011 0.005 0.010 0.010 0.010 0.001 0.003 0.001 0.002 0.010 0.005 0.010 0.002 0.005 0.010 0.010 0.000 0.002 0.003 0.003 0.003 0.063 0.010 0.012 0.001 0.001 0.010 0.000 0.000 0.001 0.000 0.000 0.005 0.000 0.000 0.003 0.000 0.002 0.000 0.001 0.002 0.001 0.003 0.001 0.001 0.000 0.000 0.002 0.006 0.001 0.001 0.001 0.001 0.002 0.001 0.003 0.002 0.000 0.000
0.002 0.005 0.010 0.001 0.001 0.000 0.001 0.001 0.000 0.001 0.009 0.001 0.005 0.000 0.003 0.002 0.175 0.005 0.010 0.001 0.005 0.010 0.010 0.003 0.002 0.002 0.001 0.002 0.002 0.001 0.005 0.005 0.004 0.001 0.010 0.005 0.000 0.003 0.003 0.010 0.004 0.001 0.001 0.001 0.010 0.007 0.001 0.000 0.001 0.000 0.000 0.000 0.001 0.003 0.132 0.000 0.000 0.010 0.001 0.000 0.001 0.001 0.000 0.000 0.000 0.000 0.001 0.002 0.054 0.001 0.002 0.001 0.002 0.001 0.002 0.000 0.001
0.003 0.001 0.003 0.005 0.000 0.001 0.001 0.001 0.000 0.003 0.005 0.000 0.010 0.010 0.002 0.001 0.010 0.001 0.000 0.001 0.003 0.003 0.002 0.003 0.002 0.002 0.005 0.003 0.000 0.002 0.002 0.003 0.001 0.010 0.000 0.003 0.000 0.004 0.000 0.002 0.001 0.000 0.001 0.010 0.000 0.001 0.000 0.027 0.000 0.000 0.000 0.000 0.003 0.000 0.002 0.001 0.003 0.010 0.010 0.000 0.005 0.002 0.001 0.001 0.000 0.000 0.001 0.000 0.000 0.004 0.058 0.001 0.003 0.003 0.002 0.001 0.000
0.005 0.003 0.001 0.001 0.002 0.001 0.000 0.000 0.002 0.001 0.001 0.001 0.002 0.001 0.002 0.001 0.002 0.003 0.005 0.010 0.010 0.005 0.001 0.010 0.005 0.001 0.003 0.003 0.000 0.003 0.002 0.005 0.002 0.010 0.000 0.001 0.001 0.001 0.000 0.631 0.000 0.002 0.005 0.000 0.000 0.000 0.000 0.000 0.000 0.000 0.000 0.001 0.005 0.003 0.000 0.000 0.000 0.000 0.000 0.003 0.001 0.000 0.000 0.001 0.001 0.000 0.000 0.000 0.000 0.000 0.000 0.002 0.010 0.001 0.003 0.001 0.001
0.000 0.010 0.000 0.002 0.001 0.002 0.001 0.001 0.002 0.052 0.000 0.000 0.000 0.001 0.001 0.004 0.001 0.001 0.010 0.010 0.010 0.010 0.005 0.001 0.002 0.001 0.002 0.000 0.000 0.010 0.002 0.003 0.002 0.000 0.010 0.002 0.010 0.001 0.000 0.111 0.022 0.023 0.000 0.010 0.000 0.000 0.000 0.000 0.000 0.000 0.000 0.005 0.002 0.000 0.000 0.001 0.001 0.000 0.001 0.001 0.000 0.000 0.003 0.000 0.002 0.001 0.005 0.001 0.000 0.000 0.001 0.003 0.002 0.010 0.001 0.001 0.001
0.000 0.002 0.000 0.000 0.001 0.001 0.003 0.001 0.002 0.003 0.003 0.010 0.003 0.007 0.002 0.003 0.001 0.002 0.002 0.001 0.010 0.010 0.005 0.001 0.001 0.004 0.003 0.002 0.002 0.004 0.005 0.001 0.010 0.000 0.002 0.000 0.000 0.035 0.019 0.160 0.010 0.019 0.001 0.004 0.003 0.005 0.001 0.000 0.000 0.000 0.001 0.003 0.001 0.000 0.000 0.001 0.000 0.000 0.001 0.000 0.000 0.001 0.001 0.000 0.000 0.000 0.010 0.005 0.002 0.002 0.001 0.002 0.000 0.000 0.000 0.044 0.001
0.001 0.002 0.000 0.000 0.001 0.001 0.000 0.000 0.002 0.001 0.003 0.002 0.004 0.001 0.000 0.000 0.010 0.003 0.002 0.003 0.000 0.121 0.010 0.010 0.003 0.003 0.000 0.000 0.000 0.000 0.003 0.004 0.010 0.000 0.001 0.010 0.039 0.032 0.000 0.085 0.010 0.013 0.010 0.001 0.001 0.010 0.097 0.003 0.001 0.000 0.001 0.005 0.001 0.000 0.000 0.000 0.000 0.006 0.000 0.001 0.010 0.001 0.000 0.002 0.000 0.000 0.000 0.006 0.000 0.001 0.001 0.005 0.000 0.000 0.000 0.000 0.000
0.002 0.003 0.000 0.000 0.005 0.001 0.001 0.002 0.001 0.000 0.000 0.002 0.005 0.003 0.002 0.005 0.005 0.010 0.187 0.010 0.005 0.010 0.001 0.003 0.005 0.003 0.000 0.001 0.000 0.003 0.001 0.001 0.001 0.000 0.001 0.087 0.068 0.001 0.003 0.001 0.010 0.014 0.032 0.003 0.002 0.003 0.001 0.004 0.000 0.001 0.000 0.000 0.000 0.000 0.009 0.000 0.000 0.000 0.000 0.000 0.001 0.010 0.001 0.000 0.002 0.000 0.006 0.000 0.005 0.001 0.003 0.000 0.000 0.000 0.001 0.001 0.001
0.000 0.003 0.001 0.001 0.000 0.005 0.002 0.002 0.000 0.001 0.005 0.001 0.003 0.003 0.003 0.002 0.001 0.005 0.010 0.168 0.010 0.003 0.001 0.002 0.000 0.002 0.000 0.000 0.002 0.002 0.001 0.001 0.000 0.001 0.001 0.079 0.066 0.002 0.000 0.003 0.215 0.098 0.194 0.044 0.010 0.005 0.005 0.001 0.001 0.001 0.055 0.002 0.005 0.000 0.002 0.001 0.000 0.000 0.000 0.001 0.001 0.000 0.095 0.010 0.009 0.010 0.003 0.000 0.001 0.002 0.005 0.000 0.000 0.000 0.001 0.000 0.000
0.000 0.003 0.002 0.003 0.004 0.002 0.001 0.002 0.002 0.001 0.001 0.002 0.001 0.002 0.000 0.010 0.002 0.002 0.001 0.005 0.002 0.107 0.010 0.001 0.000 0.001 0.000 0.000 0.001 0.005 0.003 0.005 0.005 0.001 0.001 0.002 0.000 0.002 0.001 0.001 0.003 0.000 0.003 0.185 0.141 0.114 0.151 0.003 0.002 0.000 0.010 0.010 0.004 0.001 0.002 0.000 0.000 0.000 0.001 0.000 0.000 0.002 0.000 0.003 0.001 0.010 0.010 0.003 0.001 0.003 0.000 0.000 0.000 0.000 0.001 0.001 0.001
0.003 0.000 0.001 0.001 0.002 0.001 0.001 0.001 0.000 0.002 0.002 0.000 0.000 0.000 0.002 0.005 0.010 0.075 0.001 0.002 0.002 0.003 0.007 0.001 0.017 0.001 0.000 0.002 0.001 0.005 0.001 0.001 0.000 0.001 0.001 0.000 0.001 0.002 0.004 0.000 0.000 0.193 0.200 0.090 0.191 0.087 0.005 0.001 0.010 0.009 0.001 0.001 0.001 0.715 0.217 0.002 0.005 0.000 0.000 0.002 0.001 0.001 0.002 0.000 0.000 0.000 0.002 0.001 0.001 0.001 0.000 0.000 0.000 0.001 0.000 0.000 0.001
0.000 0.001 0.001 0.001 0.002 0.000 0.001 0.001 0.002 0.001 0.002 0.001 0.005 0.001 0.003 0.010 0.010 0.010 0.010 0.010 0.000 0.001 0.001 0.002 0.010 0.156 0.002 0.000 0.010 0.002 0.002 0.003 0.010 0.001 0.000 0.000 0.002 0.000 0.001 0.002 0.000 0.103 0.107 0.089 0.002 0.002 0.005 0.005 0.013 0.005 0.010 0.001 0.002 0.005 0.002 0.010 0.345 0.010 0.003 0.002 0.003 0.001 0.001 0.000 0.000 0.000 0.002 0.001 0.000 0.000 0.000 0.000 0.000 0.001 0.000 0.001 0.000
0.002 0.001 0.000 0.023 0.001 0.001 0.003 0.001 0.010 0.001 0.002 0.001 0.000 0.005 0.010 0.010 0.010 0.010 0.010 0.002 0.001 0.000 0.001 0.003 0.002 0.010 0.010 0.002 0.005 0.001 0.002 0.005 0.005 0.001 0.005 0.001 0.000 0.000 0.000 0.001 0.008 0.000 0.000 0.003 0.002 0.001 0.005 0.000 0.002 0.001 0.001 0.001 0.010 0.003 0.001 0.000 0.003 0.869 0.716 0.002 0.002 0.002 0.001 0.000 0.000 0.000 0.001 0.001 0.010 0.010 0.000 0.000 0.000 0.000 0.000 0.000 0.001
0.000 0.000 0.021 0.053 0.001 0.001 0.001 0.003 0.002 0.002 0.000 0.004 0.003 0.001 0.001 0.000 0.001 0.010 0.010 0.002 0.058 0.000 0.010 0.003 0.001 0.001 0.003 0.002 0.003 0.004 0.002 0.000 0.001 0.000 0.000 0.001 0.001 0.005 0.000 0.010 0.000 0.001 0.001 0.000 0.000 0.002 0.003 0.009 0.001 0.003 0.010 0.048 0.005 0.002 0.010 0.010 0.001 0.001 0.002 0.000 0.825 0.118 0.001 0.000 0.000 0.001 0.001 0.000 0.005 0.002 0.000 0.000 0.117 0.001 0.001 0.000 0.002
0.001 0.000 0.005 0.010 0.063 0.003 0.001 0.002 0.001 0.001 0.003 0.000 0.001 0.000 0.002 0.133 0.000 0.001 0.002 0.001 0.001 0.001 0.000 0.001 0.000 0.001 0.010 0.005 0.001 0.003 0.003 0.005 0.000 0.001 0.001 0.001 0.003 0.001 0.004 0.001 0.001 0.000 0.002 0.001 0.002 0.002 0.732 0.005 0.002 0.002 0.002 0.005 0.005 0.001 0.001 0.002 0.000 0.002 0.001 0.001 0.005 0.204 0.656 0.001 0.002 0.001 0.000 0.000 0.000 0.000 0.000 0.072 0.171 0.268 0.195 0.021 0.001
0.010 0.000 0.000 0.001 0.000 0.001 0.000 0.002 0.002 0.001 0.002 0.002 0.001 0.000 0.000 0.000 0.003 0.000 0.001 0.000 0.002 0.002 0.001 0.000 0.000 0.010 0.000 0.005 0.002 0.002 0.001 0.010 0.001 0.001 0.001 0.002 0.001 0.001 0.001 0.001 0.001 0.000 0.000 0.001 0.001 0.000 0.053 0.010 0.010 0.005 0.001 0.002 0.002 0.010 0.003 0.001 0.001 0.001 0.003 0.001 0.010 0.000 0.010 0.681 0.010 0.001 0.001 0.000 0.000 0.000 0.000 0.148 0.187 0.174 0.037 0.018 0.005
0.001 0.001 0.000 0.000 0.000 0.001 0.001 0.003 0.001 0.002 0.003 0.002 0.000 0.000 0.002 0.000 0.001 0.001 0.001 0.000 0.002 0.003 0.004 0.001 0.000 0.000 0.000 0.005 0.002 0.002 0.001 0.001 0.000 0.000 0.000 0.001 0.002 0.001 0.002 0.010 0.001 0.010 0.000 0.003 0.003 0.010 0.021 0.030 0.010 0.005 0.010 0.005 0.001 0.001 0.001 0.001 0.003 0.001 0.005 0.005 0.003 0.000 0.000 0.010 0.001 0.000 0.004 0.002 0.053 0.000 0.078 0.211 0.224 0.204 0.001 0.003 0.016
0.005 0.000 0.001 0.000 0.001 0.001 0.005 0.003 0.000 0.001 0.002 0.004 0.003 0.005 0.000 0.002 0.010 0.001 0.002 0.001 0.001 0.001 0.002 0.000 0.003 0.000 0.001 0.005 0.003 0.000 0.000 0.001 0.002 0.001 0.000 0.000 0.000 0.002 0.010 0.000 0.001 0.000 0.002 0.002 0.048 0.000 0.010 0.010 0.003 0.010 0.003 0.010 0.010 0.005 0.001 0.010 0.003 0.008 0.010 0.010 0.010 0.001 0.000 0.010 0.010 0.081 0.010 0.000 0.344 0.049 0.068 0.175 0.326 0.021 0.001 0.001 0.002
0.000 0.000 0.000 0.001 0.001 0.002 0.002 0.001 0.002 0.000 0.001 0.001 0.001 0.002 0.005 0.001 0.001 0.000 0.000 0.002 0.003 0.000 0.000 0.000 0.000 0.001 0.005 0.001 0.003 0.000 0.000 0.000 0.000 0.002 0.001 0.001 0.001 0.001 0.001 0.002 0.001 0.001 0.001 0.000 0.000 0.000 0.000 0.010 0.000 0.010 0.010 0.002 0.011 0.005 0.001 0.010 0.001 0.000 0.010 0.000 0.010 0.010 0.001 0.001 0.188 0.145 0.144 0.208 0.010 0.000 1.195 0.287 0.117 0.000 0.002 0.001 0.002
0.005 0.001 0.000 0.001 0.001 0.002 0.002 0.000 0.000 0.001 0.001 0.001 0.000 0.000 0.001 0.001 0.003 0.010 0.026 0.000 0.001 0.010 0.057 0.000 0.003 0.001 0.003 0.001 0.000 0.000 0.000 0.001 0.000 0.001 0.001 0.001 0.003 0.001 0.001 0.002 0.001 0.002 0.005 0.981 0.000 0.000 0.000 0.049 0.000 0.000 0.010 0.010 0.002 0.001 0.001 0.005 0.001 0.010 0.014 0.010 0.010 0.000 0.001 0.001 0.000 0.152 0.037 0.000 0.000 0.010 0.010 0.000 0.025 0.240 0.089 0.000 0.021
0.000 0.000 0.005 0.001 0.003 0.001 0.001 0.000 0.000 0.000 0.001 0.010 0.001 0.001 0.001 0.001 0.001 0.001 0.005 0.001 0.000 0.001 0.002 0.002 0.003 0.001 0.001 0.005 0.000 0.001 0.000 0.000 0.001 0.001 0.000 0.000 0.003 0.008 0.002 0.001 0.002 0.009 0.000 0.010 0.235 0.000 0.000 0.000 0.000 0.000 0.000 0.010 0.002 0.002 0.005 0.001 0.002 0.002 0.005 0.001 0.002 0.002 0.001 0.000 0.001 0.003 0.123 0.000 0.010 0.113 0.010 0.000 0.005 0.000 0.194 0.314 0.041
0.010 0.003 0.002 0.002 0.003 0.002 0.000 0.001 0.001 0.000 0.000 0.000 0.001 0.002 0.001 0.000 0.000 0.000 0.010 0.004 0.001 0.000 0.001 0.002 0.001 0.003 0.001 0.001 0.000 0.000 0.001 0.000 0.000 0.000 0.001 0.001 0.001 0.002 0.005 0.004 0.010 0.010 0.665 0.010 0.000 0.000 0.141 0.034 0.000 0.000 0.000 0.010 0.001 0.010 0.010 0.010 0.002 0.012 0.001 0.001 0.001 0.003 0.001 0.000 0.000 0.001 0.001 0.000 0.008 0.000 0.001 0.003 0.000 0.000 0.001 0.000 0.111
0.002 0.002 0.001 0.001 0.003 0.000 0.000 0.001 0.000 0.001 0.000 0.001 0.000 0.000 0.000 0.001 0.001 0.000 0.010 0.010 0.005 0.003 0.001 0.002 0.001 0.003 0.001 0.004 0.000 0.000 0.000 0.000 0.000 0.000 0.001 0.000 0.001 0.005 0.005 0.001 0.005 0.000 0.003 0.002 0.003 0.010 0.022 0.010 0.000 0.000 0.010 0.002 0.010 0.010 0.010 0.010 0.010 0.010 0.005 0.002 0.001 0.001 0.000 0.000 0.005 0.010 0.000 0.000 0.000 0.002 0.000 0.000 0.009 0.000 0.000 0.001 0.001
