hx_30m/njhx/rain/result-0034.wd
ncols         211
nrows         286
xllcorner     660279.582600
yllcorner     3541874.325092
cellsize      30.000000
NODATA_value  -9999.000000
[rows 68 to 101 of 286, columns 77 to 153 of 211]
0.000 0.000 0.000 0.000 0.000 0.000 0.010 0.010 0.010 0.000 0.000 0.007 0.012 0.010 0.563 0.000 0.028 0.065 0.065 0.000 0.000 0.000 0.000 0.008 0.002 0.002 0.003 0.007 0.005 0.010 0.004 0.003 0.003 0.006 0.003 0.004 0.004 0.007 0.339 0.009 0.003 0.004 0.004 0.005 0.003 0.008 0.010 0.010 0.026 0.002 0.000 0.007 0.004 0.000 0.010 0.046 0.010 0.010 0.005 0.003 0.000 0.003 0.000 0.000 0.000 0.000 0.013 0.010 0.000 0.000 0.000 0.010 0.000 0.000 0.000 0.000 0.000
0.000 0.000 0.000 0.000 0.000 0.010 0.010 0.007 0.007 0.010 0.079 0.054 0.007 0.011 0.000 0.034 0.006 0.006 0.007 0.010 0.007 0.004 0.002 0.002 0.007 0.005 0.005 0.004 0.003 0.003 0.005 0.010 0.010 0.067 0.063 0.010 0.010 0.004 0.336 0.002 0.000 0.000 0.000 0.000 0.000 0.004 0.043 0.006 0.000 0.028 0.007 0.002 0.004 0.000 0.010 0.005 0.013 0.010 0.004 0.005 0.004 0.003 0.001 0.000 0.004 0.002 0.005 0.010 0.000 0.000 0.000 0.010 0.000 0.000 0.000 0.000 0.000
0.000 0.000 0.000 0.000 0.000 0.084 0.010 0.005 0.009 0.007 0.006 0.003 0.004 0.004 0.010 0.010 0.006 0.003 0.003 0.004 0.008 0.003 0.000 0.000 0.010 0.000 0.000 0.005 0.000 0.000 0.006 0.006 0.000 0.000 0.000 0.010 0.000 0.005 0.011 0.003 0.000 0.000 0.000 0.000 0.000 0.005 0.005 0.000 0.000 0.000 0.000 0.000 0.002 0.002 0.009 0.005 0.007 0.006 0.000 0.000 0.006 0.000 0.000 0.000 0.000 0.000 0.008 0.010 0.000 0.000 0.000 0.010 0.000 0.000 0.000 0.000 0.000
0.000 0.000 0.000 0.000 0.000 0.010 0.007 0.010 0.009 0.004 0.000 0.000 0.002 0.000 0.003 0.010 0.003 0.003 0.003 0.004 0.010 0.003 0.000 0.004 0.000 0.000 0.004 0.005 0.000 0.002 0.003 0.000 0.000 0.002 0.008 0.009 0.000 0.009 0.507 0.003 0.000 0.000 0.000 0.000 0.005 0.005 0.003 0.000 0.000 0.000 0.000 0.000 0.005 0.000 0.010 0.006 0.010 0.003 0.002 0.002 0.003 0.000 0.000 0.000 0.000 0.000 0.020 0.010 0.000 0.000 0.000 0.136 0.000 0.000 0.000 0.000 0.000
0.000 0.000 0.000 0.000 0.000 0.076 0.009 0.007 0.010 0.002 0.001 0.000 0.001 0.000 0.000 0.052 0.002 0.000 0.003 0.001 0.000 0.002 0.002 0.003 0.000 0.018 0.010 0.003 0.000 0.000 0.004 0.003 0.000 0.002 0.002 0.001 0.000 0.002 0.047 0.004 0.000 0.034 0.000 0.000 0.000 0.000 0.003 0.000 0.000 0.003 0.000 0.000 0.003 0.004 0.002 0.006 0.006 0.000 0.003 0.002 0.003 0.001 0.002 0.002 0.000 0.000 0.017 0.010 0.000 0.000 0.000 0.010 0.000 0.000 0.000 0.000 0.000
0.000 0.000 0.000 0.000 0.000 0.010 0.007 0.007 0.006 0.002 0.002 0.000 0.002 0.003 0.000 0.000 0.003 0.003 0.002 0.002 0.010 0.002 0.000 0.003 0.000 0.005 0.000 0.004 0.003 0.001 0.002 0.003 0.000 0.000 0.003 0.000 0.000 0.007 0.010 0.010 0.010 0.010 0.000 0.000 0.000 0.000 0.002 0.002 0.000 0.000 0.000 0.000 0.004 0.000 0.000 0.003 0.002 0.003 0.003 0.001 0.000 0.000 0.002 0.001 0.002 0.002 0.007 0.010 0.000 0.000 0.000 0.010 0.000 0.000 0.000 0.000 0.000
0.000 0.000 0.000 0.000 0.000 0.009 0.009 0.007 0.008 0.004 0.002 0.002 0.002 0.000 0.000 0.299 0.004 0.000 0.001 0.006 0.041 0.022 0.000 0.002 0.003 0.008 0.000 0.004 0.000 0.002 0.001 0.001 0.000 0.000 0.002 0.003 0.004 0.002 0.007 0.004 0.000 0.006 0.000 0.000 0.002 0.000 0.006 0.003 0.000 0.000 0.000 0.000 0.004 0.000 0.004 0.002 0.000 0.002 0.002 0.000 0.000 0.000 0.001 0.002 0.002 0.005 0.008 0.010 0.000 0.000 0.000 0.010 0.000 0.000 0.000 0.000 0.000
0.000 0.000 0.000 0.000 0.096 0.009 0.009 0.007 0.007 0.004 0.016 0.006 0.004 0.002 0.002 0.010 0.010 0.002 0.001 0.001 0.004 0.003 0.000 0.000 0.000 0.010 0.004 0.003 0.005 0.005 0.006 0.003 0.004 0.004 0.006 0.003 0.005 0.003 0.007 0.004 0.010 0.013 0.000 0.000 0.001 0.004 0.003 0.004 0.003 0.003 0.003 0.003 0.006 0.000 0.000 0.000 0.002 0.002 0.000 0.000 0.001 0.000 0.000 0.004 0.001 0.008 0.009 0.010 0.000 0.000 0.000 0.000 0.000 0.000 0.000 0.000 0.000
0.000 0.000 0.000 0.000 0.010 0.007 0.009 0.009 0.008 0.010 0.004 0.004 0.031 0.007 0.000 0.000 0.212 0.000 0.000 0.000 0.003 0.002 0.002 0.003 0.000 0.000 0.000 0.007 0.000 0.010 0.007 0.002 0.003 0.000 0.004 0.000 0.008 0.002 0.005 0.004 0.010 0.010 0.000 0.000 0.000 0.000 0.006 0.006 0.002 0.002 0.002 0.000 0.003 0.009 0.005 0.000 0.005 0.000 0.000 0.000 0.000 0.002 0.002 0.000 0.000 0.004 0.010 0.010 0.000 0.000 0.000 0.000 0.000 0.000 0.000 0.000 0.000
0.000 0.000 0.000 0.000 0.010 0.010 0.009 0.010 0.009 0.002 0.003 0.002 0.003 0.000 0.002 0.000 0.000 0.003 0.004 0.004 0.002 0.007 0.010 0.005 0.003 0.000 0.000 0.009 0.004 0.003 0.002 0.003 0.009 0.007 0.006 0.000 0.010 0.003 0.003 0.007 0.010 0.010 0.000 0.000 0.000 0.000 0.000 0.000 0.002 0.002 0.004 0.000 0.000 0.002 0.000 0.005 0.002 0.001 0.001 0.001 0.000 0.002 0.003 0.002 0.003 0.004 0.008 0.077 0.000 0.000 0.000 0.000 0.000 0.000 0.000 0.000 0.000
0.000 0.000 0.000 0.000 0.010 0.010 0.010 0.010 0.006 0.000 0.002 0.000 0.002 0.004 0.005 0.000 0.007 0.008 0.000 0.000 0.003 0.006 0.000 0.003 0.002 0.000 0.000 0.009 0.000 0.000 0.002 0.003 0.004 0.006 0.007 0.000 0.010 0.006 0.010 0.007 0.010 0.010 0.000 0.000 0.000 0.000 0.000 0.004 0.001 0.001 0.000 0.001 0.002 0.004 0.004 0.005 0.004 0.002 0.002 0.001 0.001 0.002 0.002 0.000 0.003 0.008 0.008 0.010 0.000 0.000 0.000 0.041 0.000 0.000 0.000 0.000 0.000
0.000 0.000 0.000 0.000 0.010 0.007 0.010 0.009 0.006 0.000 0.002 0.000 0.000 0.004 0.000 0.000 0.003 0.008 0.010 0.000 0.012 0.010 0.010 0.004 0.008 0.000 0.000 0.008 0.000 0.002 0.003 0.002 0.003 0.000 0.000 0.000 0.000 0.003 0.007 0.005 0.048 0.010 0.000 0.000 0.003 0.011 0.000 0.010 0.002 0.001 0.002 0.001 0.001 0.006 0.005 0.000 0.001 0.001 0.004 0.001 0.002 0.003 0.000 0.004 0.000 0.005 0.008 0.010 0.000 0.000 0.105 0.000 0.000 0.000 0.000 0.000 0.000
0.000 0.000 0.000 0.096 0.010 0.007 0.010 0.010 0.110 0.000 0.000 0.001 0.000 0.002 0.000 0.000 0.002 0.009 0.000 0.000 0.004 0.010 0.000 0.005 0.011 0.010 0.002 0.004 0.000 0.000 0.003 0.002 0.002 0.000 0.000 0.000 0.010 0.005 0.007 0.004 0.010 0.010 0.000 0.000 0.004 0.005 0.000 0.022 0.005 0.021 0.006 0.007 0.003 0.004 0.000 0.001 0.001 0.001 0.009 0.005 0.000 0.004 0.007 0.004 0.003 0.008 0.008 0.128 0.000 0.000 0.010 0.000 0.000 0.000 0.000 0.000 0.000
0.000 0.000 0.000 0.010 0.044 0.009 0.010 0.009 0.022 0.000 0.000 0.000 0.006 0.003 0.000 0.001 0.001 0.000 0.004 0.000 0.006 0.010 0.103 0.010 0.010 0.010 0.005 0.056 0.000 0.017 0.001 0.003 0.002 0.000 0.000 0.000 0.000 0.003 0.007 0.008 0.010 0.010 0.000 0.000 0.000 0.033 0.000 0.020 0.000 0.010 0.000 0.000 0.000 0.006 0.001 0.001 0.001 0.000 0.000 0.003 0.002 0.001 0.000 0.000 0.000 0.006 0.010 0.000 0.000 0.000 0.010 0.000 0.000 0.000 0.000 0.000 0.000
0.000 0.000 0.087 0.010 0.010 0.008 0.010 0.009 0.186 0.000 0.000 0.000 0.000 0.002 0.000 0.000 0.002 0.010 0.047 0.000 0.000 0.000 0.373 0.307 0.000 0.000 0.000 0.010 0.000 0.026 0.009 0.010 0.021 0.000 0.000 0.010 0.005 0.004 0.009 0.005 0.007 0.010 0.009 0.010 0.007 0.010 0.000 0.009 0.000 0.010 0.010 0.000 0.004 0.006 0.001 0.001 0.001 0.000 0.002 0.002 0.001 0.001 0.000 0.001 0.000 0.005 0.010 0.000 0.000 0.000 0.010 0.000 0.000 0.000 0.000 0.000 0.000
0.000 0.000 0.010 0.010 0.010 0.007 0.010 0.008 0.277 0.381 0.000 0.000 0.000 0.000 0.000 0.001 0.001 0.004 0.096 0.009 0.149 0.082 0.005 0.023 0.003 0.008 0.008 0.114 0.012 0.212 0.010 0.010 0.006 0.006 0.007 0.010 0.003 0.003 0.004 0.003 0.007 0.006 0.009 0.006 0.000 0.000 0.000 0.009 0.046 0.010 0.002 0.002 0.004 0.009 0.002 0.002 0.002 0.004 0.007 0.000 0.000 0.006 0.000 0.002 0.000 0.007 0.010 0.000 0.000 0.000 0.113 0.000 0.000 0.000 0.000 0.000 0.000
0.000 0.000 0.009 0.009 0.009 0.006 0.009 0.006 0.370 0.000 0.000 0.000 0.352 0.038 0.498 0.031 0.111 0.275 0.054 0.018 0.010 0.010 0.109 0.097 0.041 0.010 0.085 0.062 0.000 0.000 0.000 0.000 0.002 0.000 0.003 0.010 0.337 0.004 0.007 0.004 0.010 0.000 0.006 0.006 0.002 0.002 0.009 0.010 0.017 0.010 0.001 0.002 0.000 0.004 0.003 0.004 0.005 0.000 0.000 0.004 0.010 0.003 0.002 0.002 0.000 0.005 0.010 0.000 0.000 0.000 0.010 0.000 0.000 0.000 0.000 0.000 0.000
0.000 0.061 0.010 0.118 0.115 0.004 0.010 0.033 0.000 0.000 0.000 0.000 0.000 0.000 0.000 0.000 0.003 0.008 0.002 0.004 0.000 0.000 0.002 0.000 0.003 0.000 0.000 0.068 0.002 0.000 0.004 0.007 0.009 0.010 0.004 0.008 0.010 0.006 0.005 0.003 0.000 0.005 0.004 0.009 0.005 0.000 0.006 0.010 0.016 0.012 0.033 0.061 0.000 0.009 0.010 0.010 0.013 0.010 0.000 0.002 0.002 0.001 0.001 0.001 0.003 0.010 0.010 0.000 0.000 0.000 0.000 0.000 0.000 0.000 0.000 0.000 0.000
0.074 0.010 0.010 0.010 0.009 0.008 0.010 0.000 0.001 0.000 0.001 0.000 0.000 0.000 0.000 0.000 0.005 0.006 0.004 0.022 0.004 0.005 0.006 0.003 0.005 0.010 0.004 0.007 0.003 0.002 0.002 0.003 0.007 0.000 0.013 0.010 0.011 0.004 0.007 0.005 0.000 0.007 0.009 0.000 0.004 0.002 0.005 0.010 0.017 0.027 0.000 0.000 0.000 0.010 0.010 0.010 0.009 0.010 0.010 0.005 0.002 0.002 0.001 0.001 0.016 0.010 0.009 0.000 0.000 0.000 0.000 0.000 0.000 0.000 0.000 0.000 0.000
0.010 0.010 0.010 0.010 0.009 0.009 0.053 0.000 0.002 0.002 0.001 0.000 0.000 0.000 0.000 0.000 0.009 0.000 0.002 0.010 0.007 0.003 0.010 0.058 0.005 0.002 0.000 0.003 0.003 0.003 0.002 0.005 0.004 0.015 0.010 0.010 0.007 0.003 0.005 0.004 0.000 0.017 0.010 0.000 0.003 0.003 0.006 0.061 0.014 0.112 0.118 0.000 0.182 0.008 0.010 0.010 0.010 0.008 0.007 0.010 0.010 0.003 0.007 0.009 0.000 0.010 0.010 0.000 0.000 0.000 0.000 0.000 0.000 0.000 0.000 0.000 0.000
0.010 0.010 0.010 0.010 0.008 0.009 0.010 0.006 0.002 0.001 0.000 0.000 0.000 0.000 0.000 0.000 0.000 0.009 0.004 0.010 0.003 0.002 0.000 0.002 0.003 0.004 0.000 0.005 0.000 0.000 0.004 0.008 0.003 0.004 0.018 0.000 0.000 0.003 0.005 0.009 0.000 0.000 0.010 0.000 0.003 0.006 0.000 0.022 0.015 0.080 0.098 0.244 0.222 0.004 0.005 0.009 0.007 0.000 0.000 0.005 0.004 0.002 0.010 0.010 0.010 0.010 0.009 0.008 0.000 0.000 0.000 0.038 0.000 0.000 0.000 0.000 0.000
0.010 0.173 0.010 0.058 0.007 0.009 0.005 0.002 0.002 0.000 0.002 0.010 0.000 0.000 0.000 0.000 0.002 0.003 0.004 0.006 0.000 0.000 0.006 0.005 0.003 0.003 0.006 0.007 0.000 0.000 0.009 0.009 0.010 0.000 0.000 0.005 0.010 0.004 0.006 0.006 0.007 0.005 0.007 0.003 0.004 0.005 0.003 0.013 0.005 0.000 0.000 0.000 0.000 0.330 0.005 0.005 0.009 0.009 0.009 0.006 0.044 0.107 0.010 0.010 0.010 0.010 0.009 0.004 0.000 0.000 0.000 0.000 0.037 0.000 0.000 0.000 0.000
0.010 0.030 0.115 0.010 0.006 0.010 0.003 0.001 0.001 0.004 0.003 0.003 0.002 0.003 0.001 0.002 0.003 0.017 0.007 0.004 0.004 0.006 0.004 0.005 0.006 0.003 0.007 0.007 0.007 0.009 0.005 0.007 0.010 0.005 0.006 0.005 0.003 0.004 0.003 0.010 0.010 0.025 0.008 0.007 0.006 0.008 0.005 0.011 0.013 0.016 0.189 0.028 0.196 0.242 0.102 0.124 0.253 0.010 0.099 0.314 0.264 0.216 0.306 0.195 0.188 0.010 0.010 0.010 0.010 0.000 0.000 0.000 0.000 0.035 0.000 0.000 0.000
0.010 0.010 0.010 0.010 0.004 0.010 0.003 0.002 0.001 0.002 0.002 0.010 0.002 0.002 0.001 0.002 0.000 0.000 0.006 0.010 0.000 0.006 0.006 0.007 0.002 0.002 0.000 0.007 0.006 0.006 0.000 0.002 0.010 0.001 0.001 0.000 0.000 0.003 0.002 0.010 0.000 0.000 0.000 0.000 0.000 0.000 0.000 0.000 0.015 0.000 0.000 0.000 0.000 0.000 0.009 0.010 0.010 0.010 0.009 0.007 0.005 0.006 0.009 0.010 0.009 0.000 0.380 0.010 0.005 0.012 0.000 0.000 0.000 0.000 0.031 0.000 0.000
0.010 0.010 0.010 0.010 0.006 0.010 0.000 0.000 0.000 0.006 0.000 0.000 0.002 0.003 0.001 0.002 0.003 0.003 0.003 0.003 0.004 0.000 0.005 0.000 0.002 0.000 0.004 0.008 0.000 0.000 0.010 0.010 0.105 0.002 0.001 0.008 0.000 0.002 0.005 0.009 0.000 0.000 0.022 0.002 0.000 0.002 0.000 0.002 0.005 0.005 0.003 0.004 0.005 0.002 0.002 0.002 0.000 0.002 0.000 0.000 0.000 0.004 0.010 0.000 0.005 0.000 0.102 0.005 0.005 0.007 0.012 0.000 0.000 0.000 0.000 0.032 0.000
0.010 0.010 0.010 0.010 0.006 0.089 0.000 0.006 0.010 0.000 0.000 0.000 0.000 0.003 0.004 0.004 0.002 0.003 0.000 0.000 0.005 0.007 0.000 0.000 0.007 0.007 0.004 0.004 0.000 0.000 0.116 0.217 0.184 0.089 0.010 0.006 0.004 0.004 0.008 0.008 0.010 0.000 0.007 0.005 0.006 0.000 0.002 0.002 0.002 0.000 0.004 0.000 0.008 0.000 0.000 0.017 0.002 0.007 0.002 0.002 0.003 0.002 0.002 0.010 0.008 0.004 0.054 0.000 0.004 0.005 0.007 0.007 0.000 0.000 0.000 0.000 0.034
0.010 0.010 0.010 0.047 0.005 0.010 0.003 0.004 0.004 0.000 0.000 0.000 0.016 0.000 0.000 0.000 0.008 0.003 0.000 0.000 0.008 0.010 0.010 0.010 0.007 0.003 0.004 0.003 0.000 0.000 0.000 0.000 0.056 0.098 0.169 0.000 0.021 0.004 0.010 0.008 0.149 0.010 0.007 0.003 0.002 0.004 0.004 0.003 0.005 0.000 0.002 0.004 0.002 0.000 0.004 0.000 0.004 0.006 0.007 0.007 0.002 0.002 0.000 0.000 0.004 0.000 0.037 0.004 0.010 0.007 0.004 0.009 0.010 0.000 0.000 0.000 0.000
0.010 0.010 0.010 0.007 0.009 0.007 0.003 0.000 0.007 0.007 0.010 0.010 0.008 0.010 0.010 0.009 0.003 0.003 0.000 0.000 0.005 0.010 0.010 0.010 0.004 0.000 0.000 0.008 0.004 0.000 0.003 0.000 0.014 0.010 0.010 0.010 0.025 0.004 0.005 0.010 0.000 0.000 0.010 0.010 0.000 0.004 0.003 0.000 0.005 0.002 0.004 0.003 0.008 0.000 0.004 0.000 0.003 0.005 0.004 0.006 0.000 0.001 0.000 0.009 0.786 0.004 0.024 0.010 0.006 0.004 0.034 0.010 0.007 0.010 0.000 0.000 0.000
0.000 0.000 0.010 0.006 0.009 0.007 0.007 0.006 0.009 0.005 0.000 0.000 0.004 0.010 0.041 0.010 0.004 0.002 0.002 0.004 0.008 0.010 0.006 0.005 0.004 0.000 0.000 0.006 0.008 0.010 0.009 0.009 0.010 0.003 0.000 0.000 0.016 0.010 0.004 0.029 0.000 0.000 0.008 0.005 0.004 0.003 0.002 0.002 0.010 0.005 0.002 0.004 0.005 0.000 0.014 0.000 0.000 0.000 0.000 0.000 0.000 0.001 0.000 0.069 0.010 0.013 0.011 0.000 0.008 0.008 0.006 0.000 0.003 0.006 0.008 0.000 0.000
0.010 0.010 0.010 0.007 0.009 0.010 0.010 0.064 0.005 0.003 0.002 0.011 0.003 0.005 0.009 0.000 0.004 0.001 0.004 0.000 0.000 0.000 0.003 0.000 0.002 0.000 0.000 0.005 0.000 0.010 0.010 0.010 0.006 0.003 0.000 0.017 0.000 0.004 0.006 0.010 0.000 0.000 0.010 0.000 0.002 0.003 0.000 0.000 0.004 0.233 0.010 0.002 0.005 0.000 0.031 0.000 0.000 0.000 0.000 0.000 0.000 0.001 0.000 0.009 0.038 0.000 0.205 0.009 0.009 0.004 0.010 0.012 0.004 0.002 0.005 0.008 0.000
0.000 0.000 0.010 0.005 0.009 0.010 0.010 0.000 0.010 0.000 0.000 0.007 0.000 0.000 0.004 0.000 0.002 0.008 0.007 0.000 0.003 0.003 0.002 0.000 0.003 0.004 0.000 0.006 0.000 0.036 0.010 0.038 0.010 0.004 0.000 0.010 0.000 0.004 0.004 0.010 0.000 0.000 0.010 0.006 0.005 0.007 0.009 0.009 0.009 0.681 0.000 0.003 0.000 0.000 0.010 0.000 0.000 0.000 0.000 0.000 0.000 0.003 0.000 0.000 0.002 0.003 0.015 0.005 0.004 0.000 0.000 0.002 0.013 0.003 0.002 0.004 0.009
0.000 0.010 0.100 0.010 0.010 0.010 0.070 0.014 0.006 0.010 0.005 0.003 0.008 0.006 0.005 0.004 0.003 0.005 0.003 0.003 0.002 0.004 0.004 0.003 0.004 0.003 0.002 0.006 0.007 0.007 0.003 0.002 0.003 0.003 0.008 0.007 0.053 0.004 0.006 0.010 0.002 0.001 0.007 0.003 0.009 0.011 0.007 0.009 0.006 0.328 0.000 0.000 0.000 0.000 0.010 0.000 0.000 0.000 0.000 0.003 0.000 0.002 0.000 0.003 0.005 0.010 0.108 0.009 0.003 0.002 0.007 0.010 0.010 0.005 0.002 0.000 0.004
0.000 0.000 0.010 0.006 0.010 0.010 0.008 0.001 0.001 0.000 0.002 0.000 0.003 0.009 0.002 0.000 0.000 0.010 0.007 0.000 0.003 0.010 0.010 0.010 0.010 0.010 0.010 0.004 0.008 0.010 0.000 0.000 0.000 0.002 0.003 0.004 0.005 0.008 0.006 0.009 0.003 0.002 0.002 0.010 0.004 0.004 0.010 0.007 0.180 0.195 0.268 0.091 0.091 0.028 0.055 0.113 0.167 0.204 0.266 0.057 0.003 0.003 0.008 0.004 0.003 0.016 0.008 0.002 0.003 0.008 0.002 0.005 0.008 0.003 0.002 0.003 0.003
0.036 0.043 0.010 0.007 0.010 0.010 0.001 0.000 0.001 0.002 0.002 0.005 0.002 0.002 0.000 0.000 0.000 0.010 0.007 0.007 0.004 0.010 0.010 0.010 0.010 0.010 0.208 0.003 0.002 0.002 0.000 0.003 0.000 0.005 0.010 0.008 0.004 0.006 0.010 0.010 0.000 0.005 0.008 0.010 0.000 0.003 0.004 0.000 0.004 0.010 0.377 0.000 0.012 0.057 0.063 0.076 0.054 0.010 0.007 0.002 0.002 0.002 0.003 0.007 0.004 0.003 0.003 0.002 0.007 0.010 0.003 0.007 0.010 0.004 0.003 0.010 0.000
