hx_30m/njhx/rain/result-0012.wd
ncols         211
nrows         286
xllcorner     660279.582600
yllcorner     3541874.325092
cellsize      30.000000
NODATA_value  -9999.000000
[rows 204 to 237 of 286, columns 77 to 153 of 211]
0.005 0.005 0.004 0.003 0.005 0.005 0.002 0.001 0.001 0.001 0.006 0.006 0.006 0.006 0.003 0.000 0.002 0.001 0.004 0.004 0.004 0.003 0.004 0.001 0.000 0.004 0.004 0.007 0.007 0.006 0.002 0.000 0.003 0.007 0.002 0.005 0.002 0.003 0.004 0.002 0.002 0.002 0.002 0.004 0.003 0.002 0.002 0.003 0.004 0.004 0.000 0.000 0.000 0.000 0.003 0.002 0.003 0.000 0.004 0.003 0.003 0.009 0.003 0.000 0.009 0.004 0.002 0.007 0.006 0.009 0.003 0.002 0.003 0.003 0.009 0.000 0.000
0.002 0.003 0.004 0.005 0.003 0.005 0.001 0.001 0.002 0.001 0.000 0.000 0.006 0.005 0.005 0.005 0.003 0.002 0.003 0.006 0.002 0.000 0.000 0.004 0.005 0.005 0.008 0.006 0.002 0.000 0.001 0.000 0.000 0.000 0.002 0.007 0.003 0.004 0.002 0.000 0.001 0.005 0.003 0.004 0.002 0.004 0.004 0.003 0.004 0.003 0.004 0.002 0.005 0.000 0.002 0.000 0.000 0.004 0.003 0.004 0.009 0.000 0.000 0.003 0.002 0.004 0.007 0.004 0.004 0.010 0.007 0.004 0.003 0.005 0.002 0.003 0.005
0.003 0.002 0.002 0.003 0.002 0.005 0.000 0.000 0.000 0.000 0.002 0.002 0.006 0.000 0.000 0.003 0.000 0.007 0.003 0.002 0.000 0.000 0.000 0.004 0.005 0.004 0.006 0.005 0.000 0.002 0.001 0.001 0.000 0.005 0.004 0.004 0.003 0.002 0.000 0.002 0.002 0.003 0.003 0.006 0.007 0.010 0.010 0.002 0.002 0.002 0.003 0.005 0.004 0.004 0.007 0.006 0.003 0.004 0.004 0.000 0.010 0.000 0.003 0.006 0.003 0.007 0.007 0.010 0.006 0.000 0.010 0.009 0.007 0.004 0.003 0.004 0.000
0.003 0.004 0.000 0.003 0.003 0.003 0.003 0.002 0.002 0.002 0.001 0.001 0.003 0.002 0.002 0.003 0.000 0.004 0.004 0.003 0.000 0.000 0.008 0.003 0.008 0.002 0.005 0.008 0.008 0.004 0.003 0.000 0.007 0.003 0.004 0.003 0.000 0.001 0.002 0.003 0.000 0.000 0.003 0.003 0.007 0.013 0.000 0.001 0.000 0.001 0.007 0.004 0.003 0.006 0.003 0.007 0.007 0.004 0.004 0.145 0.000 0.005 0.003 0.000 0.002 0.003 0.007 0.010 0.007 0.010 0.010 0.009 0.009 0.000 0.000 0.004 0.002
0.003 0.000 0.004 0.003 0.002 0.002 0.002 0.000 0.000 0.003 0.004 0.003 0.004 0.003 0.003 0.003 0.003 0.004 0.002 0.003 0.003 0.005 0.006 0.003 0.004 0.000 0.008 0.000 0.006 0.008 0.000 0.000 0.000 0.003 0.004 0.002 0.000 0.001 0.003 0.004 0.006 0.000 0.004 0.004 0.006 0.000 0.001 0.001 0.003 0.002 0.008 0.005 0.004 0.004 0.003 0.006 0.003 0.003 0.000 0.014 0.000 0.003 0.005 0.010 0.004 0.006 0.006 0.006 0.003 0.004 0.010 0.007 0.000 0.000 0.008 0.000 0.000
0.000 0.005 0.003 0.003 0.005 0.001 0.000 0.000 0.002 0.003 0.001 0.001 0.002 0.000 0.002 0.002 0.002 0.002 0.082 0.004 0.004 0.005 0.004 0.002 0.000 0.008 0.008 0.003 0.003 0.002 0.005 0.000 0.000 0.003 0.003 0.003 0.003 0.001 0.000 0.000 0.000 0.007 0.003 0.007 0.007 0.000 0.001 0.001 0.000 0.003 0.000 0.005 0.009 0.000 0.006 0.006 0.006 0.005 0.010 0.093 0.000 0.009 0.006 0.004 0.002 0.002 0.004 0.006 0.000 0.000 0.002 0.004 0.000 0.009 0.000 0.008 0.003
0.000 0.003 0.002 0.003 0.002 0.001 0.000 0.000 0.000 0.000 0.002 0.003 0.001 0.000 0.000 0.007 0.004 0.006 0.006 0.006 0.008 0.000 0.164 0.008 0.004 0.005 0.005 0.000 0.002 0.003 0.007 0.000 0.004 0.004 0.004 0.000 0.006 0.004 0.002 0.001 0.002 0.006 0.001 0.007 0.000 0.003 0.001 0.002 0.004 0.004 0.002 0.009 0.009 0.002 0.010 0.000 0.008 0.000 0.010 0.004 0.002 0.007 0.005 0.002 0.000 0.010 0.003 0.002 0.000 0.000 0.000 0.001 0.009 0.009 0.008 0.000 0.003
0.004 0.004 0.003 0.004 0.001 0.001 0.001 0.000 0.000 0.004 0.002 0.000 0.002 0.000 0.000 0.001 0.003 0.002 0.003 0.002 0.005 0.008 0.008 0.008 0.008 0.000 0.041 0.006 0.002 0.000 0.007 0.007 0.003 0.007 0.002 0.000 0.006 0.006 0.003 0.006 0.000 0.007 0.007 0.008 0.008 0.003 0.001 0.000 0.007 0.000 0.000 0.009 0.005 0.000 0.007 0.006 0.010 0.008 0.002 0.003 0.005 0.002 0.006 0.004 0.000 0.000 0.003 0.010 0.005 0.000 0.000 0.002 0.000 0.004 0.005 0.004 0.003
0.000 0.001 0.003 0.003 0.001 0.001 0.002 0.002 0.000 0.002 0.006 0.004 0.001 0.000 0.002 0.003 0.004 0.003 0.001 0.006 0.005 0.003 0.003 0.003 0.008 0.008 0.010 0.010 0.000 0.005 0.005 0.000 0.002 0.005 0.002 0.007 0.007 0.007 0.001 0.000 0.005 0.003 0.003 0.000 0.004 0.002 0.001 0.003 0.003 0.002 0.000 0.000 0.003 0.000 0.003 0.005 0.000 0.000 0.000 0.003 0.004 0.002 0.005 0.003 0.002 0.002 0.010 0.010 0.010 0.010 0.007 0.000 0.009 0.000 0.002 0.004 0.002
0.002 0.002 0.000 0.002 0.000 0.002 0.002 0.002 0.002 0.000 0.004 0.000 0.002 0.002 0.003 0.005 0.003 0.002 0.005 0.006 0.005 0.003 0.008 0.002 0.004 0.004 0.004 0.027 0.004 0.007 0.000 0.047 0.006 0.004 0.005 0.007 0.007 0.004 0.002 0.000 0.003 0.003 0.006 0.003 0.003 0.000 0.004 0.003 0.000 0.000 0.000 0.003 0.000 0.000 0.007 0.010 0.003 0.000 0.000 0.000 0.000 0.006 0.003 0.006 0.004 0.003 0.004 0.007 0.010 0.010 0.005 0.000 0.010 0.004 0.007 0.004 0.000
0.004 0.003 0.002 0.001 0.003 0.000 0.000 0.002 0.002 0.002 0.006 0.002 0.002 0.000 0.002 0.003 0.002 0.004 0.002 0.003 0.003 0.004 0.004 0.003 0.005 0.003 0.003 0.000 0.000 0.003 0.005 0.010 0.000 0.010 0.034 0.005 0.004 0.008 0.003 0.006 0.002 0.003 0.004 0.005 0.002 0.013 0.000 0.002 0.003 0.009 0.000 0.002 0.000 0.004 0.006 0.036 0.000 0.002 0.004 0.000 0.000 0.006 0.002 0.003 0.002 0.003 0.004 0.003 0.006 0.010 0.010 0.000 0.000 0.003 0.004 0.005 0.001
0.002 0.004 0.000 0.001 0.001 0.002 0.000 0.002 0.002 0.001 0.000 0.000 0.002 0.006 0.005 0.003 0.001 0.002 0.005 0.005 0.007 0.007 0.007 0.003 0.005 0.003 0.004 0.007 0.006 0.007 0.004 0.007 0.010 0.010 0.000 0.004 0.005 0.005 0.005 0.008 0.007 0.007 0.003 0.003 0.008 0.000 0.001 0.003 0.000 0.000 0.006 0.000 0.000 0.006 0.000 0.004 0.000 0.003 0.004 0.002 0.006 0.003 0.004 0.000 0.002 0.005 0.006 0.003 0.003 0.003 0.004 0.005 0.003 0.006 0.004 0.000 0.000
0.002 0.004 0.005 0.002 0.002 0.000 0.002 0.001 0.000 0.002 0.004 0.002 0.004 0.000 0.003 0.003 0.002 0.004 0.006 0.002 0.005 0.007 0.006 0.004 0.003 0.004 0.002 0.003 0.004 0.003 0.005 0.006 0.005 0.003 0.008 0.005 0.000 0.005 0.005 0.008 0.006 0.003 0.003 0.002 0.002 0.001 0.002 0.000 0.002 0.000 0.000 0.000 0.003 0.005 0.043 0.000 0.000 0.009 0.002 0.000 0.003 0.003 0.000 0.002 0.002 0.000 0.004 0.005 0.004 0.003 0.005 0.003 0.005 0.004 0.004 0.000 0.003
0.002 0.002 0.003 0.004 0.000 0.002 0.002 0.001 0.000 0.003 0.004 0.000 0.005 0.005 0.003 0.002 0.005 0.002 0.001 0.002 0.004 0.004 0.003 0.004 0.003 0.004 0.006 0.005 0.000 0.004 0.004 0.005 0.002 0.008 0.000 0.005 0.000 0.005 0.000 0.004 0.003 0.000 0.003 0.007 0.002 0.003 0.000 0.026 0.000 0.001 0.001 0.001 0.006 0.000 0.004 0.003 0.005 0.009 0.009 0.000 0.007 0.005 0.003 0.003 0.002 0.002 0.003 0.002 0.000 0.007 0.011 0.004 0.006 0.006 0.004 0.003 0.000
0.004 0.003 0.002 0.002 0.002 0.002 0.000 0.000 0.002 0.002 0.001 0.002 0.002 0.002 0.003 0.002 0.003 0.003 0.004 0.006 0.006 0.005 0.003 0.006 0.005 0.003 0.004 0.005 0.000 0.005 0.004 0.006 0.003 0.008 0.000 0.002 0.002 0.002 0.002 0.199 0.000 0.004 0.006 0.000 0.002 0.001 0.000 0.001 0.000 0.000 0.000 0.003 0.007 0.006 0.000 0.001 0.002 0.002 0.000 0.006 0.004 0.000 0.002 0.003 0.003 0.000 0.000 0.000 0.000 0.000 0.000 0.005 0.010 0.003 0.006 0.003 0.004
0.000 0.005 0.000 0.003 0.002 0.002 0.002 0.002 0.003 0.005 0.000 0.000 0.000 0.002 0.002 0.003 0.002 0.002 0.005 0.006 0.006 0.006 0.005 0.002 0.003 0.003 0.004 0.000 0.000 0.008 0.004 0.005 0.004 0.000 0.008 0.004 0.009 0.004 0.000 0.010 0.010 0.010 0.000 0.006 0.001 0.000 0.001 0.001 0.000 0.001 0.000 0.007 0.004 0.002 0.001 0.002 0.002 0.002 0.002 0.004 0.002 0.002 0.006 0.002 0.005 0.003 0.008 0.004 0.000 0.000 0.003 0.006 0.005 0.010 0.004 0.003 0.004
0.000 0.003 0.000 0.000 0.002 0.002 0.003 0.001 0.003 0.003 0.003 0.005 0.003 0.004 0.003 0.003 0.002 0.003 0.002 0.002 0.006 0.006 0.004 0.002 0.002 0.004 0.004 0.004 0.004 0.005 0.006 0.003 0.008 0.000 0.004 0.000 0.000 0.007 0.004 0.036 0.010 0.010 0.002 0.004 0.004 0.006 0.003 0.000 0.001 0.001 0.004 0.005 0.002 0.001 0.001 0.003 0.000 0.001 0.003 0.000 0.000 0.003 0.004 0.000 0.002 0.002 0.010 0.007 0.005 0.005 0.003 0.005 0.000 0.000 0.000 0.009 0.003
0.002 0.003 0.000 0.001 0.002 0.002 0.001 0.000 0.003 0.002 0.003 0.003 0.003 0.002 0.000 0.000 0.006 0.004 0.003 0.004 0.001 0.006 0.006 0.006 0.004 0.004 0.000 0.000 0.000 0.002 0.005 0.005 0.007 0.000 0.002 0.008 0.009 0.004 0.000 0.002 0.004 0.010 0.010 0.003 0.003 0.010 0.011 0.005 0.003 0.000 0.004 0.007 0.003 0.001 0.000 0.001 0.000 0.003 0.000 0.003 0.010 0.003 0.002 0.005 0.000 0.000 0.000 0.007 0.000 0.003 0.003 0.007 0.002 0.001 0.001 0.001 0.000
0.002 0.003 0.000 0.000 0.004 0.002 0.002 0.003 0.002 0.000 0.000 0.002 0.004 0.003 0.003 0.005 0.005 0.007 0.007 0.006 0.005 0.006 0.002 0.004 0.004 0.003 0.001 0.002 0.000 0.004 0.002 0.002 0.003 0.000 0.003 0.003 0.003 0.003 0.005 0.003 0.005 0.010 0.010 0.005 0.004 0.006 0.004 0.005 0.000 0.003 0.000 0.000 0.000 0.000 0.006 0.001 0.000 0.000 0.001 0.000 0.003 0.010 0.004 0.000 0.005 0.000 0.006 0.000 0.007 0.004 0.006 0.000 0.000 0.002 0.004 0.003 0.003
0.000 0.003 0.002 0.002 0.000 0.004 0.003 0.003 0.000 0.002 0.004 0.002 0.003 0.003 0.004 0.003 0.002 0.005 0.007 0.006 0.006 0.004 0.002 0.003 0.000 0.003 0.000 0.000 0.003 0.003 0.002 0.002 0.002 0.003 0.002 0.002 0.002 0.003 0.000 0.005 0.022 0.010 0.031 0.006 0.008 0.006 0.006 0.003 0.003 0.004 0.009 0.005 0.007 0.000 0.003 0.003 0.001 0.002 0.002 0.004 0.003 0.000 0.016 0.010 0.010 0.010 0.008 0.000 0.003 0.004 0.006 0.002 0.002 0.002 0.003 0.002 0.001
0.001 0.003 0.003 0.003 0.003 0.003 0.002 0.003 0.003 0.002 0.002 0.003 0.002 0.003 0.000 0.006 0.003 0.002 0.002 0.005 0.003 0.006 0.005 0.002 0.000 0.002 0.000 0.000 0.002 0.005 0.003 0.005 0.005 0.003 0.003 0.004 0.000 0.004 0.003 0.003 0.005 0.000 0.005 0.008 0.008 0.006 0.006 0.005 0.004 0.000 0.008 0.009 0.005 0.003 0.004 0.000 0.000 0.001 0.002 0.002 0.000 0.005 0.000 0.007 0.004 0.009 0.009 0.005 0.003 0.005 0.000 0.000 0.001 0.001 0.002 0.002 0.003
0.004 0.000 0.002 0.002 0.003 0.002 0.002 0.002 0.000 0.003 0.002 0.001 0.000 0.000 0.003 0.005 0.006 0.007 0.003 0.003 0.003 0.004 0.004 0.002 0.005 0.002 0.000 0.003 0.002 0.005 0.002 0.002 0.000 0.003 0.003 0.002 0.002 0.005 0.005 0.001 0.000 0.004 0.004 0.004 0.008 0.006 0.006 0.004 0.008 0.007 0.003 0.004 0.004 0.024 0.010 0.004 0.007 0.000 0.002 0.004 0.004 0.003 0.005 0.000 0.000 0.002 0.004 0.002 0.003 0.002 0.001 0.002 0.001 0.002 0.002 0.002 0.004
0.000 0.002 0.002 0.002 0.003 0.000 0.002 0.002 0.003 0.002 0.003 0.001 0.004 0.002 0.004 0.006 0.006 0.007 0.007 0.006 0.001 0.002 0.002 0.003 0.005 0.005 0.003 0.001 0.007 0.004 0.003 0.004 0.007 0.003 0.000 0.000 0.005 0.002 0.003 0.004 0.000 0.006 0.006 0.004 0.004 0.004 0.006 0.006 0.006 0.006 0.008 0.004 0.004 0.007 0.004 0.009 0.010 0.010 0.006 0.004 0.005 0.004 0.003 0.000 0.000 0.000 0.004 0.004 0.000 0.001 0.002 0.002 0.000 0.003 0.000 0.003 0.002
0.003 0.002 0.000 0.002 0.002 0.002 0.003 0.002 0.005 0.002 0.002 0.002 0.000 0.004 0.006 0.006 0.006 0.007 0.007 0.003 0.003 0.001 0.002 0.003 0.003 0.005 0.006 0.003 0.005 0.002 0.004 0.006 0.006 0.003 0.006 0.004 0.002 0.000 0.002 0.003 0.006 0.000 0.000 0.005 0.005 0.003 0.006 0.000 0.004 0.003 0.003 0.004 0.008 0.005 0.003 0.002 0.005 0.211 0.058 0.004 0.004 0.004 0.002 0.002 0.000 0.000 0.004 0.003 0.001 0.001 0.000 0.000 0.000 0.001 0.001 0.001 0.002
0.001 0.001 0.001 0.006 0.002 0.002 0.002 0.003 0.003 0.003 0.000 0.004 0.004 0.002 0.002 0.000 0.002 0.007 0.006 0.003 0.006 0.001 0.004 0.003 0.002 0.002 0.004 0.003 0.004 0.005 0.005 0.000 0.003 0.000 0.000 0.003 0.003 0.007 0.002 0.008 0.002 0.002 0.002 0.000 0.000 0.004 0.005 0.006 0.003 0.005 0.008 0.008 0.006 0.004 0.008 0.008 0.003 0.003 0.004 0.000 0.036 0.010 0.003 0.000 0.000 0.003 0.004 0.000 0.001 0.001 0.000 0.001 0.004 0.003 0.003 0.002 0.004
0.002 0.000 0.005 0.010 0.003 0.002 0.002 0.003 0.002 0.002 0.004 0.000 0.002 0.000 0.003 0.006 0.000 0.002 0.003 0.002 0.002 0.002 0.000 0.002 0.000 0.003 0.005 0.005 0.003 0.005 0.005 0.007 0.002 0.003 0.003 0.003 0.005 0.003 0.005 0.002 0.003 0.000 0.003 0.002 0.003 0.003 0.019 0.005 0.004 0.004 0.004 0.006 0.006 0.003 0.002 0.004 0.002 0.004 0.003 0.004 0.007 0.010 0.009 0.004 0.004 0.004 0.000 0.000 0.001 0.001 0.001 0.003 0.007 0.008 0.007 0.003 0.004
0.006 0.000 0.000 0.002 0.001 0.002 0.001 0.002 0.003 0.002 0.003 0.003 0.003 0.000 0.000 0.000 0.004 0.000 0.002 0.000 0.003 0.003 0.002 0.000 0.000 0.005 0.001 0.005 0.002 0.004 0.002 0.007 0.002 0.003 0.003 0.004 0.003 0.002 0.002 0.002 0.002 0.002 0.000 0.002 0.002 0.000 0.010 0.006 0.007 0.005 0.003 0.004 0.003 0.008 0.005 0.003 0.003 0.003 0.006 0.003 0.009 0.000 0.010 0.155 0.010 0.004 0.004 0.000 0.001 0.001 0.000 0.008 0.009 0.009 0.004 0.007 0.007
0.003 0.003 0.000 0.000 0.000 0.003 0.002 0.004 0.002 0.003 0.004 0.003 0.000 0.000 0.003 0.000 0.002 0.003 0.002 0.000 0.003 0.004 0.003 0.002 0.000 0.000 0.002 0.005 0.002 0.004 0.003 0.003 0.001 0.000 0.000 0.003 0.004 0.003 0.003 0.006 0.003 0.006 0.001 0.003 0.003 0.005 0.004 0.003 0.006 0.005 0.007 0.006 0.003 0.002 0.003 0.003 0.006 0.004 0.007 0.007 0.006 0.000 0.000 0.003 0.003 0.000 0.005 0.004 0.004 0.000 0.003 0.010 0.010 0.003 0.002 0.005 0.009
0.005 0.002 0.003 0.001 0.002 0.002 0.005 0.004 0.000 0.002 0.002 0.004 0.004 0.005 0.000 0.003 0.007 0.002 0.004 0.003 0.002 0.002 0.003 0.001 0.004 0.002 0.002 0.005 0.004 0.000 0.000 0.002 0.003 0.002 0.001 0.000 0.000 0.003 0.006 0.002 0.003 0.000 0.003 0.003 0.004 0.000 0.005 0.006 0.004 0.007 0.004 0.007 0.007 0.006 0.003 0.008 0.005 0.007 0.009 0.009 0.009 0.003 0.002 0.003 0.003 0.007 0.008 0.000 0.083 0.004 0.008 0.010 0.031 0.001 0.003 0.003 0.004
0.002 0.002 0.001 0.002 0.002 0.003 0.003 0.003 0.003 0.001 0.002 0.003 0.002 0.003 0.005 0.002 0.002 0.000 0.000 0.003 0.004 0.000 0.000 0.001 0.001 0.002 0.004 0.002 0.004 0.001 0.001 0.000 0.000 0.003 0.003 0.002 0.002 0.002 0.003 0.003 0.003 0.002 0.003 0.000 0.000 0.000 0.000 0.006 0.000 0.006 0.007 0.003 0.005 0.006 0.002 0.008 0.004 0.000 0.009 0.000 0.009 0.009 0.004 0.003 0.008 0.008 0.009 0.009 0.009 0.000 0.015 0.010 0.010 0.000 0.005 0.004 0.004
0.006 0.003 0.002 0.003 0.002 0.003 0.003 0.000 0.001 0.003 0.002 0.003 0.000 0.002 0.002 0.002 0.004 0.007 0.005 0.002 0.003 0.006 0.004 0.000 0.004 0.003 0.003 0.002 0.001 0.000 0.001 0.002 0.001 0.002 0.002 0.002 0.004 0.003 0.002 0.003 0.002 0.003 0.004 0.004 0.000 0.000 0.000 0.005 0.000 0.000 0.006 0.006 0.003 0.002 0.003 0.006 0.003 0.008 0.006 0.008 0.008 0.000 0.003 0.004 0.000 0.011 0.010 0.000 0.000 0.009 0.010 0.000 0.010 0.030 0.005 0.002 0.003
0.000 0.000 0.005 0.003 0.004 0.002 0.003 0.001 0.000 0.000 0.002 0.009 0.003 0.002 0.003 0.002 0.003 0.003 0.002 0.002 0.000 0.002 0.003 0.002 0.003 0.002 0.003 0.004 0.001 0.002 0.001 0.000 0.002 0.003 0.001 0.001 0.003 0.004 0.003 0.002 0.002 0.007 0.000 0.004 0.004 0.000 0.000 0.000 0.000 0.000 0.000 0.006 0.003 0.004 0.006 0.002 0.004 0.004 0.006 0.003 0.004 0.004 0.003 0.000 0.005 0.007 0.008 0.000 0.009 0.009 0.010 0.002 0.008 0.000 0.010 0.010 0.002
0.009 0.005 0.003 0.003 0.003 0.003 0.001 0.002 0.003 0.002 0.001 0.000 0.003 0.004 0.003 0.002 0.002 0.001 0.003 0.001 0.002 0.000 0.002 0.002 0.001 0.003 0.002 0.002 0.000 0.001 0.002 0.001 0.001 0.002 0.002 0.002 0.002 0.003 0.004 0.003 0.010 0.010 0.134 0.004 0.000 0.000 0.004 0.005 0.000 0.000 0.000 0.006 0.002 0.006 0.007 0.007 0.004 0.006 0.002 0.003 0.004 0.005 0.003 0.000 0.000 0.004 0.003 0.002 0.007 0.000 0.004 0.005 0.000 0.000 0.002 0.000 0.023
0.004 0.004 0.003 0.002 0.004 0.000 0.000 0.002 0.002 0.003 0.000 0.002 0.001 0.000 0.000 0.003 0.003 0.002 0.002 0.007 0.005 0.003 0.002 0.002 0.002 0.003 0.002 0.002 0.000 0.000 0.000 0.001 0.001 0.001 0.002 0.000 0.002 0.004 0.004 0.002 0.003 0.000 0.003 0.003 0.003 0.004 0.004 0.005 0.000 0.000 0.006 0.003 0.006 0.006 0.007 0.008 0.008 0.009 0.007 0.005 0.003 0.004 0.000 0.000 0.008 0.010 0.000 0.000 0.000 0.004 0.001 0.000 0.002 0.002 0.002 0.002 0.004
