hx_30m/njhx/rain/result.max
ncols         211
nrows         286
xllcorner     660279.582600
yllcorner     3541874.325092
cellsize      30.000000
NODATA_value  -9999.000000
[rows 68 to 101 of 286, columns 77 to 153 of 211]
0.000 0.000 0.000 0.000 0.000 0.000 0.010 0.010 0.010 0.000 0.000 0.010 0.032 0.010 0.714 0.000 0.029 0.065 0.065 0.000 0.000 0.000 0.000 0.010 0.010 0.010 0.009 0.027 0.010 0.010 0.010 0.010 0.010 0.010 0.010 0.010 0.010 0.010 0.473 0.010 0.009 0.013 0.010 0.010 0.010 0.010 0.011 0.010 0.038 0.008 0.000 0.010 0.010 0.000 0.010 0.046 0.010 0.010 0.010 0.010 0.000 0.010 0.000 0.000 0.000 0.000 0.057 0.010 0.000 0.000 0.000 0.010 0.000 0.000 0.000 0.000 0.000
0.000 0.000 0.000 0.000 0.000 0.010 0.010 0.010 0.010 0.010 0.094 0.069 0.010 0.024 0.000 0.062 0.010 0.010 0.010 0.010 0.021 0.010 0.009 0.008 0.010 0.010 0.010 0.011 0.010 0.009 0.010 0.010 0.011 0.081 0.077 0.010 0.010 0.010 0.469 0.007 0.000 0.000 0.000 0.000 0.000 0.010 0.112 0.010 0.000 0.039 0.010 0.010 0.023 0.000 0.010 0.010 0.019 0.010 0.010 0.042 0.010 0.010 0.006 0.000 0.020 0.010 0.010 0.010 0.000 0.000 0.000 0.010 0.000 0.000 0.000 0.000 0.000
0.000 0.000 0.000 0.000 0.000 0.084 0.010 0.010 0.010 0.010 0.010 0.010 0.010 0.010 0.010 0.010 0.010 0.009 0.009 0.010 0.010 0.011 0.000 0.000 0.010 0.000 0.000 0.010 0.000 0.000 0.022 0.010 0.000 0.000 0.000 0.010 0.000 0.010 0.154 0.009 0.000 0.000 0.000 0.000 0.000 0.010 0.010 0.000 0.000 0.000 0.000 0.000 0.024 0.010 0.017 0.010 0.010 0.010 0.000 0.000 0.010 0.000 0.000 0.000 0.000 0.000 0.010 0.010 0.000 0.000 0.000 0.010 0.000 0.000 0.000 0.000 0.000
0.000 0.000 0.000 0.000 0.000 0.010 0.010 0.010 0.010 0.010 0.000 0.000 0.009 0.000 0.009 0.010 0.008 0.009 0.009 0.010 0.010 0.010 0.000 0.011 0.000 0.000 0.010 0.010 0.000 0.009 0.010 0.000 0.000 0.017 0.010 0.010 0.000 0.010 0.749 0.009 0.000 0.000 0.000 0.000 0.013 0.010 0.010 0.000 0.000 0.000 0.000 0.000 0.010 0.000 0.010 0.010 0.010 0.020 0.009 0.009 0.010 0.000 0.000 0.000 0.000 0.000 0.048 0.010 0.000 0.000 0.000 0.136 0.000 0.000 0.000 0.000 0.000
0.000 0.000 0.000 0.000 0.000 0.076 0.010 0.010 0.010 0.010 0.010 0.000 0.007 0.000 0.000 0.097 0.007 0.000 0.009 0.009 0.000 0.008 0.009 0.009 0.000 0.027 0.010 0.010 0.000 0.000 0.010 0.010 0.000 0.009 0.009 0.007 0.000 0.009 0.290 0.010 0.000 0.039 0.000 0.000 0.000 0.000 0.010 0.000 0.000 0.010 0.000 0.000 0.010 0.010 0.010 0.010 0.019 0.000 0.010 0.010 0.013 0.009 0.010 0.037 0.000 0.000 0.045 0.010 0.000 0.000 0.000 0.010 0.000 0.000 0.000 0.000 0.000
0.000 0.000 0.000 0.000 0.000 0.010 0.010 0.010 0.010 0.010 0.015 0.000 0.008 0.010 0.000 0.000 0.010 0.010 0.007 0.008 0.010 0.010 0.000 0.010 0.000 0.010 0.000 0.024 0.010 0.007 0.009 0.010 0.000 0.000 0.010 0.000 0.000 0.010 0.011 0.010 0.011 0.010 0.000 0.000 0.000 0.000 0.013 0.010 0.000 0.000 0.000 0.000 0.010 0.000 0.000 0.025 0.010 0.010 0.010 0.009 0.000 0.000 0.010 0.022 0.023 0.010 0.010 0.010 0.000 0.000 0.000 0.010 0.000 0.000 0.000 0.000 0.000
0.000 0.000 0.000 0.000 0.000 0.010 0.010 0.010 0.010 0.010 0.009 0.009 0.008 0.000 0.000 0.300 0.010 0.000 0.007 0.010 0.069 0.050 0.000 0.014 0.010 0.010 0.000 0.010 0.000 0.008 0.007 0.006 0.000 0.000 0.010 0.013 0.010 0.010 0.010 0.010 0.000 0.010 0.000 0.000 0.009 0.000 0.010 0.010 0.000 0.000 0.000 0.000 0.014 0.000 0.010 0.010 0.000 0.010 0.010 0.000 0.000 0.000 0.009 0.010 0.015 0.018 0.010 0.010 0.000 0.000 0.000 0.010 0.000 0.000 0.000 0.000 0.000
0.000 0.000 0.000 0.000 0.096 0.010 0.010 0.010 0.010 0.010 0.027 0.010 0.010 0.010 0.010 0.010 0.011 0.008 0.006 0.007 0.010 0.010 0.000 0.000 0.000 0.010 0.010 0.010 0.010 0.010 0.010 0.010 0.028 0.010 0.010 0.010 0.010 0.010 0.010 0.010 0.010 0.053 0.000 0.000 0.008 0.010 0.010 0.010 0.010 0.010 0.010 0.010 0.011 0.000 0.000 0.000 0.013 0.009 0.000 0.000 0.009 0.000 0.000 0.010 0.010 0.018 0.010 0.010 0.000 0.000 0.000 0.000 0.000 0.000 0.000 0.000 0.000
0.000 0.000 0.000 0.000 0.010 0.010 0.010 0.010 0.010 0.010 0.013 0.010 0.033 0.010 0.000 0.000 0.229 0.000 0.000 0.000 0.009 0.008 0.009 0.010 0.000 0.000 0.000 0.010 0.000 0.010 0.010 0.008 0.010 0.000 0.010 0.000 0.010 0.010 0.010 0.010 0.010 0.010 0.000 0.000 0.000 0.000 0.011 0.028 0.010 0.011 0.010 0.000 0.019 0.010 0.010 0.000 0.010 0.000 0.000 0.000 0.000 0.015 0.010 0.000 0.000 0.010 0.010 0.010 0.000 0.000 0.000 0.000 0.000 0.000 0.000 0.000 0.000
0.000 0.000 0.000 0.000 0.010 0.022 0.010 0.010 0.010 0.024 0.010 0.008 0.010 0.000 0.008 0.000 0.000 0.011 0.010 0.010 0.012 0.010 0.010 0.010 0.010 0.000 0.000 0.010 0.010 0.009 0.009 0.010 0.010 0.010 0.025 0.000 0.010 0.011 0.010 0.065 0.010 0.010 0.000 0.000 0.000 0.000 0.000 0.000 0.010 0.009 0.013 0.000 0.000 0.010 0.000 0.010 0.010 0.006 0.007 0.007 0.000 0.010 0.034 0.010 0.010 0.010 0.010 0.077 0.000 0.000 0.000 0.000 0.000 0.000 0.000 0.000 0.000
0.000 0.000 0.000 0.000 0.010 0.010 0.010 0.010 0.010 0.000 0.010 0.000 0.008 0.013 0.010 0.000 0.015 0.010 0.000 0.000 0.010 0.010 0.000 0.010 0.010 0.000 0.000 0.010 0.000 0.000 0.009 0.010 0.010 0.010 0.010 0.000 0.010 0.036 0.010 0.030 0.010 0.010 0.000 0.000 0.000 0.000 0.000 0.010 0.008 0.008 0.000 0.009 0.010 0.010 0.010 0.010 0.010 0.009 0.009 0.007 0.010 0.010 0.010 0.000 0.010 0.010 0.010 0.010 0.000 0.000 0.000 0.041 0.000 0.000 0.000 0.000 0.000
0.000 0.000 0.000 0.000 0.010 0.010 0.010 0.010 0.010 0.000 0.011 0.000 0.000 0.010 0.000 0.000 0.010 0.010 0.010 0.000 0.035 0.029 0.010 0.010 0.010 0.000 0.000 0.027 0.000 0.009 0.010 0.008 0.010 0.000 0.000 0.000 0.000 0.010 0.010 0.010 0.055 0.010 0.000 0.000 0.010 0.026 0.000 0.010 0.010 0.008 0.009 0.010 0.021 0.010 0.010 0.000 0.007 0.009 0.010 0.008 0.009 0.010 0.000 0.010 0.000 0.023 0.010 0.010 0.000 0.000 0.105 0.000 0.000 0.000 0.000 0.000 0.000
0.000 0.000 0.000 0.096 0.010 0.010 0.010 0.010 0.139 0.000 0.000 0.007 0.000 0.010 0.000 0.000 0.008 0.032 0.000 0.000 0.010 0.011 0.000 0.010 0.015 0.010 0.008 0.010 0.000 0.000 0.010 0.009 0.010 0.000 0.000 0.000 0.010 0.023 0.010 0.014 0.010 0.010 0.000 0.000 0.010 0.010 0.000 0.058 0.010 0.028 0.010 0.010 0.010 0.010 0.000 0.006 0.007 0.007 0.010 0.018 0.000 0.010 0.010 0.016 0.033 0.056 0.010 0.128 0.000 0.000 0.010 0.000 0.000 0.000 0.000 0.000 0.000
0.000 0.000 0.000 0.010 0.046 0.010 0.010 0.010 0.040 0.000 0.000 0.000 0.010 0.010 0.000 0.006 0.006 0.000 0.010 0.000 0.010 0.010 0.109 0.010 0.010 0.010 0.010 0.085 0.000 0.024 0.007 0.010 0.010 0.000 0.000 0.000 0.000 0.010 0.010 0.054 0.010 0.010 0.000 0.000 0.000 0.071 0.000 0.056 0.000 0.010 0.000 0.000 0.000 0.010 0.006 0.006 0.004 0.000 0.000 0.010 0.009 0.017 0.000 0.000 0.000 0.032 0.010 0.000 0.000 0.000 0.010 0.000 0.000 0.000 0.000 0.000 0.000
0.000 0.000 0.087 0.010 0.010 0.010 0.010 0.010 0.202 0.000 0.000 0.000 0.000 0.012 0.000 0.000 0.008 0.010 0.047 0.000 0.000 0.000 0.379 0.313 0.000 0.000 0.000 0.011 0.000 0.039 0.010 0.010 0.097 0.000 0.000 0.010 0.010 0.012 0.010 0.010 0.010 0.010 0.010 0.010 0.010 0.010 0.000 0.011 0.000 0.010 0.010 0.000 0.010 0.010 0.006 0.005 0.004 0.000 0.009 0.009 0.008 0.010 0.000 0.011 0.000 0.010 0.010 0.000 0.000 0.000 0.010 0.000 0.000 0.000 0.000 0.000 0.000
0.000 0.000 0.010 0.010 0.010 0.010 0.010 0.010 0.293 0.397 0.000 0.000 0.000 0.000 0.000 0.007 0.007 0.010 0.096 0.010 0.149 0.083 0.010 0.023 0.010 0.010 0.010 0.142 0.019 0.225 0.015 0.018 0.011 0.010 0.010 0.010 0.010 0.010 0.010 0.010 0.037 0.010 0.033 0.010 0.000 0.000 0.000 0.010 0.050 0.010 0.010 0.010 0.010 0.034 0.010 0.010 0.021 0.010 0.010 0.000 0.000 0.010 0.000 0.010 0.000 0.010 0.010 0.000 0.000 0.000 0.113 0.000 0.000 0.000 0.000 0.000 0.000
0.000 0.000 0.010 0.010 0.010 0.010 0.010 0.010 0.386 0.000 0.000 0.000 0.352 0.038 0.498 0.031 0.111 0.275 0.054 0.019 0.010 0.010 0.115 0.103 0.051 0.018 0.111 0.089 0.000 0.000 0.000 0.000 0.010 0.000 0.010 0.010 0.343 0.010 0.010 0.017 0.010 0.000 0.010 0.023 0.016 0.010 0.010 0.011 0.019 0.010 0.008 0.009 0.000 0.010 0.010 0.010 0.010 0.000 0.000 0.010 0.010 0.010 0.010 0.019 0.000 0.010 0.010 0.000 0.000 0.000 0.010 0.000 0.000 0.000 0.000 0.000 0.000
0.000 0.061 0.010 0.118 0.115 0.010 0.010 0.051 0.000 0.000 0.000 0.000 0.000 0.000 0.000 0.000 0.010 0.010 0.010 0.010 0.000 0.000 0.008 0.000 0.010 0.000 0.000 0.095 0.009 0.000 0.010 0.015 0.010 0.010 0.016 0.010 0.010 0.010 0.010 0.010 0.000 0.010 0.010 0.010 0.010 0.000 0.010 0.010 0.017 0.012 0.033 0.062 0.000 0.010 0.010 0.010 0.032 0.010 0.000 0.010 0.010 0.010 0.010 0.023 0.011 0.010 0.010 0.000 0.000 0.000 0.000 0.000 0.000 0.000 0.000 0.000 0.000
0.074 0.010 0.010 0.010 0.010 0.010 0.010 0.000 0.006 0.000 0.007 0.000 0.000 0.000 0.000 0.000 0.010 0.010 0.010 0.074 0.010 0.010 0.010 0.010 0.024 0.010 0.010 0.010 0.010 0.020 0.009 0.010 0.010 0.000 0.036 0.010 0.018 0.010 0.010 0.018 0.000 0.016 0.010 0.000 0.010 0.030 0.010 0.010 0.018 0.027 0.000 0.000 0.000 0.047 0.010 0.010 0.010 0.010 0.010 0.010 0.012 0.019 0.010 0.010 0.031 0.010 0.010 0.000 0.000 0.000 0.000 0.000 0.000 0.000 0.000 0.000 0.000
0.010 0.010 0.010 0.010 0.010 0.010 0.063 0.000 0.022 0.007 0.007 0.000 0.000 0.000 0.000 0.000 0.017 0.000 0.009 0.012 0.010 0.012 0.010 0.058 0.010 0.010 0.000 0.010 0.012 0.010 0.010 0.010 0.010 0.037 0.010 0.010 0.010 0.010 0.010 0.010 0.000 0.039 0.010 0.000 0.010 0.010 0.010 0.062 0.015 0.112 0.119 0.000 0.182 0.010 0.010 0.010 0.010 0.010 0.010 0.010 0.012 0.010 0.010 0.010 0.000 0.010 0.010 0.000 0.000 0.000 0.000 0.000 0.000 0.000 0.000 0.000 0.000
0.010 0.010 0.010 0.010 0.010 0.010 0.010 0.010 0.010 0.008 0.000 0.000 0.000 0.000 0.000 0.000 0.000 0.010 0.010 0.015 0.010 0.009 0.000 0.010 0.010 0.010 0.000 0.010 0.000 0.000 0.010 0.010 0.010 0.010 0.031 0.000 0.000 0.010 0.010 0.017 0.000 0.000 0.010 0.000 0.010 0.018 0.000 0.022 0.016 0.081 0.099 0.245 0.223 0.010 0.010 0.010 0.010 0.000 0.000 0.010 0.010 0.010 0.010 0.010 0.013 0.011 0.010 0.010 0.000 0.000 0.000 0.038 0.000 0.000 0.000 0.000 0.000
0.010 0.190 0.010 0.064 0.010 0.010 0.010 0.010 0.035 0.000 0.008 0.010 0.000 0.000 0.000 0.000 0.009 0.010 0.010 0.010 0.000 0.000 0.010 0.010 0.010 0.010 0.010 0.018 0.000 0.000 0.010 0.010 0.010 0.000 0.000 0.010 0.010 0.010 0.010 0.010 0.010 0.010 0.010 0.010 0.010 0.010 0.010 0.019 0.010 0.000 0.000 0.000 0.000 0.330 0.010 0.010 0.010 0.010 0.010 0.010 0.052 0.114 0.010 0.014 0.011 0.010 0.010 0.010 0.000 0.000 0.000 0.000 0.038 0.000 0.000 0.000 0.000
0.010 0.049 0.136 0.010 0.010 0.010 0.010 0.010 0.010 0.010 0.010 0.010 0.010 0.010 0.009 0.009 0.010 0.086 0.034 0.026 0.010 0.014 0.010 0.010 0.010 0.010 0.010 0.010 0.038 0.010 0.010 0.010 0.010 0.010 0.038 0.010 0.010 0.010 0.010 0.010 0.038 0.069 0.010 0.010 0.010 0.016 0.010 0.019 0.015 0.019 0.189 0.029 0.196 0.242 0.102 0.124 0.253 0.011 0.106 0.321 0.271 0.223 0.313 0.203 0.195 0.021 0.014 0.010 0.010 0.000 0.000 0.000 0.000 0.035 0.000 0.000 0.000
0.010 0.010 0.010 0.010 0.010 0.010 0.010 0.011 0.010 0.014 0.021 0.010 0.010 0.010 0.006 0.008 0.000 0.000 0.010 0.010 0.000 0.010 0.010 0.010 0.010 0.009 0.000 0.010 0.010 0.010 0.000 0.010 0.013 0.009 0.008 0.000 0.000 0.010 0.010 0.010 0.000 0.000 0.000 0.000 0.000 0.000 0.000 0.000 0.018 0.000 0.000 0.000 0.000 0.000 0.010 0.010 0.010 0.011 0.010 0.010 0.010 0.010 0.010 0.010 0.010 0.000 0.398 0.010 0.010 0.022 0.000 0.000 0.000 0.000 0.031 0.000 0.000
0.010 0.010 0.010 0.010 0.010 0.010 0.000 0.000 0.000 0.010 0.000 0.000 0.008 0.010 0.007 0.010 0.012 0.010 0.010 0.010 0.010 0.000 0.010 0.000 0.010 0.000 0.010 0.010 0.000 0.000 0.010 0.036 0.132 0.008 0.010 0.010 0.000 0.014 0.010 0.010 0.000 0.000 0.039 0.008 0.000 0.008 0.000 0.008 0.010 0.010 0.012 0.010 0.022 0.009 0.010 0.010 0.000 0.010 0.000 0.000 0.000 0.010 0.010 0.000 0.010 0.000 0.119 0.010 0.010 0.010 0.023 0.000 0.000 0.000 0.000 0.032 0.000
0.010 0.010 0.010 0.010 0.010 0.089 0.000 0.010 0.032 0.000 0.000 0.000 0.000 0.010 0.010 0.010 0.009 0.010 0.000 0.000 0.010 0.041 0.000 0.000 0.010 0.010 0.010 0.010 0.000 0.000 0.143 0.244 0.210 0.116 0.010 0.010 0.010 0.010 0.010 0.010 0.010 0.000 0.010 0.010 0.010 0.000 0.009 0.008 0.010 0.000 0.010 0.000 0.010 0.000 0.000 0.019 0.010 0.023 0.010 0.010 0.013 0.010 0.010 0.010 0.010 0.010 0.069 0.000 0.018 0.010 0.010 0.010 0.000 0.000 0.000 0.000 0.034
0.010 0.010 0.010 0.047 0.010 0.010 0.010 0.010 0.010 0.000 0.000 0.000 0.055 0.000 0.000 0.000 0.010 0.024 0.000 0.000 0.010 0.010 0.010 0.010 0.027 0.010 0.010 0.010 0.000 0.000 0.000 0.000 0.082 0.125 0.196 0.000 0.036 0.010 0.010 0.010 0.149 0.010 0.010 0.010 0.010 0.010 0.010 0.010 0.017 0.000 0.010 0.010 0.010 0.000 0.051 0.000 0.010 0.010 0.010 0.010 0.010 0.009 0.000 0.000 0.010 0.000 0.050 0.010 0.010 0.010 0.010 0.010 0.010 0.000 0.000 0.000 0.000
0.017 0.010 0.010 0.010 0.010 0.010 0.010 0.000 0.010 0.010 0.010 0.010 0.013 0.010 0.010 0.010 0.010 0.011 0.000 0.000 0.024 0.010 0.010 0.010 0.010 0.000 0.000 0.024 0.010 0.000 0.018 0.000 0.021 0.011 0.011 0.010 0.040 0.010 0.010 0.010 0.000 0.000 0.010 0.010 0.000 0.010 0.010 0.000 0.010 0.009 0.010 0.010 0.021 0.000 0.023 0.000 0.016 0.010 0.010 0.017 0.000 0.007 0.000 0.010 0.902 0.010 0.033 0.010 0.010 0.010 0.064 0.010 0.010 0.010 0.000 0.000 0.000
0.000 0.000 0.010 0.010 0.010 0.010 0.012 0.010 0.010 0.019 0.000 0.000 0.010 0.010 0.041 0.010 0.010 0.009 0.008 0.016 0.010 0.010 0.010 0.010 0.010 0.000 0.000 0.020 0.010 0.010 0.010 0.032 0.010 0.010 0.000 0.000 0.032 0.010 0.010 0.052 0.000 0.000 0.010 0.010 0.010 0.010 0.007 0.008 0.101 0.010 0.010 0.010 0.010 0.000 0.091 0.000 0.000 0.000 0.000 0.000 0.000 0.007 0.000 0.070 0.011 0.019 0.016 0.000 0.010 0.010 0.010 0.000 0.010 0.010 0.010 0.000 0.000
0.010 0.013 0.010 0.010 0.010 0.010 0.013 0.065 0.010 0.010 0.008 0.026 0.009 0.010 0.010 0.000 0.010 0.008 0.010 0.000 0.000 0.000 0.010 0.000 0.008 0.000 0.000 0.010 0.000 0.010 0.010 0.010 0.010 0.010 0.000 0.028 0.000 0.010 0.010 0.017 0.000 0.000 0.010 0.000 0.010 0.010 0.000 0.000 0.014 0.261 0.010 0.010 0.016 0.000 0.109 0.000 0.000 0.000 0.000 0.000 0.000 0.007 0.000 0.010 0.040 0.000 0.215 0.010 0.060 0.010 0.010 0.016 0.011 0.010 0.010 0.010 0.000
0.000 0.000 0.010 0.010 0.010 0.010 0.017 0.000 0.010 0.000 0.000 0.010 0.000 0.000 0.010 0.000 0.018 0.010 0.010 0.000 0.011 0.010 0.010 0.000 0.010 0.010 0.000 0.048 0.000 0.042 0.010 0.065 0.010 0.010 0.000 0.010 0.000 0.010 0.010 0.012 0.000 0.000 0.010 0.010 0.017 0.026 0.012 0.010 0.010 0.709 0.000 0.010 0.000 0.000 0.045 0.000 0.000 0.000 0.000 0.000 0.000 0.010 0.000 0.000 0.009 0.009 0.023 0.010 0.010 0.000 0.000 0.010 0.072 0.012 0.011 0.010 0.010
0.000 0.010 0.179 0.010 0.010 0.010 0.099 0.043 0.010 0.010 0.010 0.010 0.022 0.010 0.010 0.015 0.010 0.010 0.010 0.010 0.010 0.010 0.011 0.010 0.010 0.010 0.010 0.010 0.010 0.010 0.010 0.010 0.010 0.010 0.010 0.010 0.073 0.010 0.010 0.010 0.009 0.010 0.010 0.010 0.010 0.045 0.010 0.010 0.010 0.356 0.000 0.000 0.000 0.000 0.029 0.000 0.000 0.000 0.000 0.010 0.000 0.009 0.000 0.010 0.010 0.010 0.122 0.010 0.010 0.010 0.010 0.010 0.010 0.033 0.010 0.000 0.023
0.000 0.000 0.010 0.010 0.010 0.010 0.010 0.008 0.007 0.000 0.008 0.000 0.009 0.010 0.007 0.000 0.000 0.010 0.019 0.000 0.010 0.010 0.010 0.010 0.010 0.010 0.010 0.010 0.010 0.010 0.000 0.000 0.000 0.010 0.010 0.010 0.010 0.010 0.010 0.031 0.010 0.010 0.010 0.010 0.010 0.010 0.055 0.029 0.209 0.223 0.296 0.120 0.119 0.047 0.086 0.148 0.202 0.239 0.301 0.092 0.010 0.009 0.010 0.010 0.010 0.073 0.010 0.009 0.025 0.010 0.009 0.010 0.035 0.010 0.010 0.010 0.010
0.036 0.043 0.010 0.010 0.010 0.010 0.010 0.000 0.006 0.008 0.010 0.013 0.008 0.007 0.000 0.000 0.000 0.010 0.010 0.017 0.010 0.010 0.010 0.010 0.010 0.010 0.208 0.010 0.008 0.011 0.000 0.010 0.000 0.010 0.010 0.022 0.010 0.010 0.030 0.010 0.000 0.010 0.010 0.029 0.000 0.010 0.010 0.000 0.010 0.010 0.405 0.000 0.016 0.088 0.096 0.110 0.088 0.010 0.010 0.009 0.008 0.009 0.010 0.010 0.010 0.010 0.010 0.010 0.010 0.010 0.010 0.010 0.010 0.010 0.010 0.021 0.000
