hx_30m/njhx/rain/result-0025.wd
ncols         211
nrows         286
xllcorner     660279.582600
yllcorner     3541874.325092
cellsize      30.000000
NODATA_value  -9999.000000
[rows 68 to 101 of 286, columns 77 to 153 of 211]
0.000 0.000 0.000 0.000 0.000 0.000 0.010 0.010 0.010 0.000 0.000 0.010 0.032 0.010 0.315 0.000 0.018 0.055 0.054 0.000 0.000 0.000 0.000 0.010 0.008 0.008 0.006 0.012 0.010 0.010 0.007 0.007 0.010 0.010 0.008 0.010 0.010 0.010 0.113 0.010 0.007 0.011 0.010 0.010 0.010 0.010 0.010 0.010 0.032 0.008 0.000 0.010 0.010 0.000 0.010 0.040 0.010 0.010 0.010 0.010 0.000 0.010 0.000 0.000 0.000 0.000 0.039 0.010 0.000 0.000 0.000 0.010 0.000 0.000 0.000 0.000 0.000
0.000 0.000 0.000 0.000 0.000 0.010 0.010 0.010 0.010 0.010 0.082 0.057 0.010 0.022 0.000 0.049 0.010 0.010 0.010 0.010 0.019 0.010 0.007 0.007 0.010 0.010 0.009 0.008 0.007 0.006 0.007 0.010 0.010 0.059 0.055 0.010 0.010 0.010 0.110 0.005 0.000 0.000 0.000 0.000 0.000 0.010 0.085 0.010 0.000 0.035 0.010 0.010 0.023 0.000 0.010 0.010 0.019 0.010 0.010 0.042 0.010 0.010 0.006 0.000 0.013 0.010 0.010 0.010 0.000 0.000 0.000 0.010 0.000 0.000 0.000 0.000 0.000
0.000 0.000 0.000 0.000 0.000 0.065 0.010 0.010 0.010 0.010 0.010 0.010 0.010 0.010 0.010 0.010 0.010 0.009 0.009 0.010 0.010 0.011 0.000 0.000 0.010 0.000 0.000 0.009 0.000 0.000 0.009 0.009 0.000 0.000 0.000 0.010 0.000 0.010 0.010 0.007 0.000 0.000 0.000 0.000 0.000 0.010 0.010 0.000 0.000 0.000 0.000 0.000 0.023 0.010 0.017 0.010 0.010 0.010 0.000 0.000 0.010 0.000 0.000 0.000 0.000 0.000 0.010 0.010 0.000 0.000 0.000 0.010 0.000 0.000 0.000 0.000 0.000
0.000 0.000 0.000 0.000 0.000 0.010 0.010 0.010 0.009 0.010 0.000 0.000 0.009 0.000 0.009 0.010 0.008 0.009 0.009 0.010 0.010 0.010 0.000 0.009 0.000 0.000 0.010 0.010 0.000 0.006 0.008 0.000 0.000 0.008 0.010 0.010 0.000 0.010 0.233 0.007 0.000 0.000 0.000 0.000 0.013 0.010 0.010 0.000 0.000 0.000 0.000 0.000 0.010 0.000 0.010 0.010 0.010 0.020 0.009 0.009 0.010 0.000 0.000 0.000 0.000 0.000 0.032 0.010 0.000 0.000 0.000 0.059 0.000 0.000 0.000 0.000 0.000
0.000 0.000 0.000 0.000 0.000 0.061 0.010 0.010 0.010 0.010 0.010 0.000 0.007 0.000 0.000 0.074 0.007 0.000 0.009 0.009 0.000 0.008 0.008 0.008 0.000 0.021 0.010 0.009 0.000 0.000 0.009 0.007 0.000 0.007 0.006 0.005 0.000 0.007 0.010 0.009 0.000 0.038 0.000 0.000 0.000 0.000 0.010 0.000 0.000 0.010 0.000 0.000 0.010 0.010 0.010 0.010 0.019 0.000 0.010 0.010 0.013 0.008 0.008 0.024 0.000 0.000 0.029 0.010 0.000 0.000 0.000 0.010 0.000 0.000 0.000 0.000 0.000
0.000 0.000 0.000 0.000 0.000 0.010 0.010 0.010 0.010 0.010 0.015 0.000 0.008 0.010 0.000 0.000 0.010 0.010 0.007 0.008 0.010 0.008 0.000 0.009 0.000 0.010 0.000 0.009 0.008 0.005 0.007 0.007 0.000 0.000 0.009 0.000 0.000 0.010 0.010 0.010 0.010 0.010 0.000 0.000 0.000 0.000 0.013 0.010 0.000 0.000 0.000 0.000 0.010 0.000 0.000 0.025 0.010 0.010 0.010 0.009 0.000 0.000 0.009 0.015 0.016 0.010 0.010 0.010 0.000 0.000 0.000 0.010 0.000 0.000 0.000 0.000 0.000
0.000 0.000 0.000 0.000 0.000 0.010 0.010 0.010 0.010 0.010 0.009 0.009 0.008 0.000 0.000 0.168 0.010 0.000 0.007 0.010 0.054 0.035 0.000 0.011 0.010 0.010 0.000 0.010 0.000 0.006 0.005 0.004 0.000 0.000 0.007 0.010 0.010 0.009 0.010 0.008 0.000 0.010 0.000 0.000 0.008 0.000 0.010 0.010 0.000 0.000 0.000 0.000 0.014 0.000 0.010 0.010 0.000 0.010 0.010 0.000 0.000 0.000 0.007 0.008 0.011 0.014 0.010 0.010 0.000 0.000 0.000 0.010 0.000 0.000 0.000 0.000 0.000
0.000 0.000 0.000 0.000 0.079 0.010 0.010 0.010 0.010 0.010 0.027 0.010 0.010 0.010 0.010 0.010 0.011 0.008 0.006 0.007 0.010 0.010 0.000 0.000 0.000 0.010 0.009 0.010 0.010 0.010 0.010 0.010 0.012 0.010 0.010 0.009 0.010 0.010 0.010 0.010 0.010 0.046 0.000 0.000 0.006 0.010 0.010 0.010 0.010 0.010 0.010 0.010 0.010 0.000 0.000 0.000 0.013 0.009 0.000 0.000 0.007 0.000 0.000 0.010 0.007 0.013 0.010 0.010 0.000 0.000 0.000 0.000 0.000 0.000 0.000 0.000 0.000
0.000 0.000 0.000 0.000 0.010 0.010 0.010 0.010 0.010 0.010 0.013 0.010 0.032 0.010 0.000 0.000 0.120 0.000 0.000 0.000 0.009 0.008 0.009 0.009 0.000 0.000 0.000 0.010 0.000 0.010 0.010 0.006 0.008 0.000 0.008 0.000 0.010 0.008 0.010 0.010 0.010 0.010 0.000 0.000 0.000 0.000 0.011 0.027 0.010 0.011 0.010 0.000 0.019 0.010 0.010 0.000 0.010 0.000 0.000 0.000 0.000 0.009 0.009 0.000 0.000 0.010 0.010 0.010 0.000 0.000 0.000 0.000 0.000 0.000 0.000 0.000 0.000
0.000 0.000 0.000 0.000 0.010 0.022 0.010 0.010 0.010 0.024 0.010 0.008 0.010 0.000 0.008 0.000 0.000 0.011 0.010 0.010 0.012 0.010 0.010 0.010 0.009 0.000 0.000 0.010 0.010 0.007 0.007 0.008 0.010 0.010 0.014 0.000 0.010 0.010 0.010 0.055 0.010 0.010 0.000 0.000 0.000 0.000 0.000 0.000 0.010 0.009 0.013 0.000 0.000 0.010 0.000 0.010 0.010 0.006 0.007 0.007 0.000 0.009 0.010 0.009 0.010 0.010 0.010 0.041 0.000 0.000 0.000 0.000 0.000 0.000 0.000 0.000 0.000
0.000 0.000 0.000 0.000 0.010 0.010 0.010 0.010 0.010 0.000 0.010 0.000 0.008 0.013 0.010 0.000 0.015 0.010 0.000 0.000 0.010 0.010 0.000 0.009 0.007 0.000 0.000 0.010 0.000 0.000 0.007 0.007 0.010 0.010 0.010 0.000 0.010 0.027 0.010 0.019 0.010 0.010 0.000 0.000 0.000 0.000 0.000 0.010 0.008 0.008 0.000 0.009 0.010 0.010 0.010 0.010 0.010 0.009 0.009 0.007 0.008 0.010 0.008 0.000 0.010 0.010 0.010 0.010 0.000 0.000 0.000 0.022 0.000 0.000 0.000 0.000 0.000
0.000 0.000 0.000 0.000 0.010 0.010 0.010 0.010 0.010 0.000 0.011 0.000 0.000 0.010 0.000 0.000 0.010 0.010 0.010 0.000 0.030 0.025 0.010 0.010 0.010 0.000 0.000 0.017 0.000 0.007 0.007 0.006 0.010 0.000 0.000 0.000 0.000 0.010 0.010 0.010 0.050 0.010 0.000 0.000 0.010 0.022 0.000 0.010 0.010 0.008 0.009 0.010 0.021 0.010 0.010 0.000 0.007 0.009 0.010 0.008 0.009 0.010 0.000 0.010 0.000 0.011 0.010 0.010 0.000 0.000 0.049 0.000 0.000 0.000 0.000 0.000 0.000
0.000 0.000 0.000 0.079 0.010 0.010 0.010 0.010 0.055 0.000 0.000 0.007 0.000 0.010 0.000 0.000 0.008 0.032 0.000 0.000 0.010 0.010 0.000 0.010 0.014 0.010 0.006 0.010 0.000 0.000 0.007 0.007 0.009 0.000 0.000 0.000 0.010 0.019 0.010 0.010 0.010 0.010 0.000 0.000 0.010 0.010 0.000 0.056 0.010 0.028 0.010 0.010 0.010 0.010 0.000 0.006 0.007 0.007 0.010 0.018 0.000 0.010 0.010 0.010 0.016 0.039 0.010 0.065 0.000 0.000 0.010 0.000 0.000 0.000 0.000 0.000 0.000
0.000 0.000 0.000 0.010 0.046 0.010 0.010 0.010 0.010 0.000 0.000 0.000 0.010 0.010 0.000 0.006 0.006 0.000 0.010 0.000 0.010 0.010 0.010 0.010 0.010 0.010 0.009 0.022 0.000 0.021 0.006 0.007 0.007 0.000 0.000 0.000 0.000 0.010 0.010 0.049 0.010 0.010 0.000 0.000 0.000 0.062 0.000 0.055 0.000 0.010 0.000 0.000 0.000 0.010 0.006 0.006 0.004 0.000 0.000 0.010 0.009 0.009 0.000 0.000 0.000 0.016 0.010 0.000 0.000 0.000 0.010 0.000 0.000 0.000 0.000 0.000 0.000
0.000 0.000 0.073 0.010 0.010 0.010 0.010 0.010 0.067 0.000 0.000 0.000 0.000 0.012 0.000 0.000 0.008 0.010 0.010 0.000 0.000 0.000 0.137 0.072 0.000 0.000 0.000 0.010 0.000 0.034 0.010 0.010 0.053 0.000 0.000 0.010 0.010 0.010 0.010 0.010 0.010 0.010 0.010 0.010 0.010 0.010 0.000 0.010 0.000 0.010 0.010 0.000 0.010 0.010 0.006 0.005 0.003 0.000 0.009 0.009 0.007 0.010 0.000 0.007 0.000 0.010 0.010 0.000 0.000 0.000 0.010 0.000 0.000 0.000 0.000 0.000 0.000
0.000 0.000 0.010 0.010 0.010 0.010 0.010 0.010 0.160 0.263 0.000 0.000 0.000 0.000 0.000 0.007 0.007 0.010 0.055 0.010 0.075 0.012 0.010 0.013 0.010 0.010 0.007 0.074 0.014 0.219 0.011 0.013 0.010 0.010 0.010 0.010 0.010 0.010 0.010 0.010 0.027 0.010 0.033 0.010 0.000 0.000 0.000 0.010 0.046 0.010 0.010 0.010 0.010 0.034 0.010 0.010 0.021 0.010 0.010 0.000 0.000 0.010 0.000 0.009 0.000 0.010 0.010 0.000 0.000 0.000 0.054 0.000 0.000 0.000 0.000 0.000 0.000
0.000 0.000 0.010 0.010 0.010 0.010 0.010 0.010 0.253 0.000 0.000 0.000 0.177 0.010 0.480 0.014 0.081 0.244 0.022 0.015 0.010 0.010 0.070 0.059 0.014 0.010 0.021 0.013 0.000 0.000 0.000 0.000 0.008 0.000 0.009 0.010 0.177 0.010 0.010 0.012 0.010 0.000 0.010 0.019 0.013 0.010 0.010 0.010 0.016 0.010 0.008 0.009 0.000 0.010 0.010 0.010 0.010 0.000 0.000 0.010 0.010 0.010 0.009 0.010 0.000 0.010 0.010 0.000 0.000 0.000 0.010 0.000 0.000 0.000 0.000 0.000 0.000
0.000 0.052 0.010 0.102 0.099 0.010 0.010 0.048 0.000 0.000 0.000 0.000 0.000 0.000 0.000 0.000 0.010 0.010 0.010 0.010 0.000 0.000 0.008 0.000 0.009 0.000 0.000 0.015 0.007 0.000 0.005 0.011 0.010 0.010 0.012 0.010 0.010 0.010 0.010 0.010 0.000 0.010 0.010 0.010 0.010 0.000 0.010 0.010 0.015 0.010 0.010 0.015 0.000 0.010 0.010 0.010 0.032 0.010 0.000 0.010 0.010 0.010 0.007 0.014 0.010 0.010 0.010 0.000 0.000 0.000 0.000 0.000 0.000 0.000 0.000 0.000 0.000
0.063 0.010 0.010 0.010 0.010 0.010 0.010 0.000 0.006 0.000 0.007 0.000 0.000 0.000 0.000 0.000 0.010 0.010 0.010 0.068 0.010 0.010 0.010 0.010 0.019 0.010 0.009 0.010 0.008 0.006 0.006 0.008 0.010 0.000 0.030 0.010 0.014 0.010 0.010 0.014 0.000 0.013 0.010 0.000 0.010 0.016 0.010 0.010 0.015 0.014 0.000 0.000 0.000 0.047 0.010 0.010 0.010 0.010 0.010 0.010 0.012 0.019 0.008 0.007 0.025 0.010 0.010 0.000 0.000 0.000 0.000 0.000 0.000 0.000 0.000 0.000 0.000
0.010 0.010 0.010 0.010 0.010 0.010 0.062 0.000 0.022 0.007 0.007 0.000 0.000 0.000 0.000 0.000 0.016 0.000 0.009 0.012 0.010 0.012 0.010 0.044 0.010 0.008 0.000 0.009 0.008 0.010 0.010 0.010 0.010 0.026 0.010 0.010 0.010 0.010 0.010 0.010 0.000 0.036 0.010 0.000 0.010 0.010 0.010 0.061 0.014 0.062 0.067 0.000 0.103 0.010 0.010 0.010 0.010 0.010 0.010 0.010 0.012 0.010 0.010 0.010 0.000 0.010 0.010 0.000 0.000 0.000 0.000 0.000 0.000 0.000 0.000 0.000 0.000
0.010 0.010 0.010 0.010 0.010 0.010 0.010 0.010 0.010 0.008 0.000 0.000 0.000 0.000 0.000 0.000 0.000 0.010 0.010 0.015 0.010 0.009 0.000 0.010 0.010 0.010 0.000 0.010 0.000 0.000 0.010 0.010 0.010 0.010 0.025 0.000 0.000 0.010 0.010 0.017 0.000 0.000 0.010 0.000 0.010 0.018 0.000 0.020 0.014 0.032 0.042 0.163 0.141 0.010 0.010 0.010 0.010 0.000 0.000 0.010 0.010 0.010 0.010 0.010 0.011 0.010 0.010 0.010 0.000 0.000 0.000 0.025 0.000 0.000 0.000 0.000 0.000
0.010 0.189 0.010 0.064 0.010 0.010 0.010 0.010 0.035 0.000 0.008 0.010 0.000 0.000 0.000 0.000 0.009 0.010 0.010 0.010 0.000 0.000 0.010 0.010 0.010 0.010 0.010 0.015 0.000 0.000 0.010 0.010 0.010 0.000 0.000 0.010 0.010 0.010 0.010 0.010 0.010 0.010 0.010 0.010 0.010 0.010 0.010 0.019 0.010 0.000 0.000 0.000 0.000 0.164 0.010 0.010 0.010 0.010 0.010 0.010 0.010 0.012 0.010 0.010 0.010 0.010 0.010 0.010 0.000 0.000 0.000 0.000 0.026 0.000 0.000 0.000 0.000
0.010 0.049 0.136 0.010 0.010 0.010 0.010 0.010 0.010 0.010 0.010 0.010 0.010 0.010 0.009 0.009 0.010 0.045 0.017 0.019 0.010 0.014 0.010 0.010 0.010 0.010 0.010 0.010 0.029 0.010 0.010 0.010 0.010 0.010 0.018 0.010 0.010 0.010 0.010 0.010 0.027 0.058 0.010 0.010 0.010 0.012 0.010 0.017 0.015 0.019 0.188 0.017 0.036 0.078 0.016 0.051 0.181 0.010 0.011 0.175 0.125 0.077 0.167 0.060 0.055 0.014 0.010 0.010 0.010 0.000 0.000 0.000 0.000 0.026 0.000 0.000 0.000
0.010 0.010 0.010 0.010 0.010 0.010 0.010 0.010 0.010 0.013 0.021 0.010 0.010 0.010 0.006 0.008 0.000 0.000 0.010 0.010 0.000 0.010 0.010 0.010 0.010 0.009 0.000 0.010 0.010 0.010 0.000 0.010 0.010 0.006 0.006 0.000 0.000 0.009 0.008 0.010 0.000 0.000 0.000 0.000 0.000 0.000 0.000 0.000 0.017 0.000 0.000 0.000 0.000 0.000 0.010 0.010 0.010 0.010 0.010 0.010 0.010 0.010 0.010 0.010 0.010 0.000 0.389 0.010 0.010 0.016 0.000 0.000 0.000 0.000 0.026 0.000 0.000
0.010 0.010 0.010 0.010 0.010 0.010 0.000 0.000 0.000 0.010 0.000 0.000 0.008 0.009 0.007 0.009 0.011 0.010 0.010 0.010 0.010 0.000 0.010 0.000 0.010 0.000 0.010 0.010 0.000 0.000 0.010 0.010 0.034 0.006 0.007 0.010 0.000 0.008 0.010 0.010 0.000 0.000 0.034 0.007 0.000 0.008 0.000 0.008 0.010 0.010 0.012 0.010 0.022 0.009 0.010 0.010 0.000 0.010 0.000 0.000 0.000 0.010 0.010 0.000 0.010 0.000 0.110 0.010 0.010 0.010 0.018 0.000 0.000 0.000 0.000 0.025 0.000
0.010 0.010 0.010 0.010 0.010 0.069 0.000 0.010 0.028 0.000 0.000 0.000 0.000 0.010 0.010 0.010 0.009 0.010 0.000 0.000 0.010 0.040 0.000 0.000 0.010 0.010 0.010 0.010 0.000 0.000 0.046 0.147 0.114 0.032 0.010 0.010 0.010 0.010 0.010 0.010 0.010 0.000 0.010 0.010 0.010 0.000 0.009 0.007 0.010 0.000 0.010 0.000 0.010 0.000 0.000 0.019 0.010 0.023 0.010 0.010 0.013 0.010 0.010 0.010 0.010 0.010 0.061 0.000 0.018 0.010 0.010 0.010 0.000 0.000 0.000 0.000 0.025
0.010 0.010 0.010 0.038 0.010 0.010 0.010 0.010 0.010 0.000 0.000 0.000 0.046 0.000 0.000 0.000 0.010 0.023 0.000 0.000 0.010 0.010 0.010 0.010 0.027 0.010 0.010 0.010 0.000 0.000 0.000 0.000 0.027 0.049 0.120 0.000 0.025 0.010 0.010 0.010 0.117 0.010 0.010 0.010 0.010 0.010 0.010 0.010 0.017 0.000 0.010 0.010 0.010 0.000 0.008 0.000 0.010 0.010 0.010 0.010 0.010 0.009 0.000 0.000 0.010 0.000 0.043 0.010 0.010 0.010 0.010 0.010 0.010 0.000 0.000 0.000 0.000
0.017 0.010 0.010 0.010 0.010 0.010 0.010 0.000 0.010 0.010 0.010 0.010 0.013 0.010 0.010 0.010 0.010 0.011 0.000 0.000 0.024 0.010 0.010 0.010 0.010 0.000 0.000 0.021 0.010 0.000 0.015 0.000 0.018 0.010 0.010 0.010 0.029 0.010 0.010 0.010 0.000 0.000 0.010 0.010 0.000 0.010 0.010 0.000 0.010 0.009 0.010 0.010 0.021 0.000 0.009 0.000 0.016 0.010 0.010 0.017 0.000 0.007 0.000 0.010 0.182 0.010 0.028 0.010 0.010 0.010 0.063 0.010 0.010 0.010 0.000 0.000 0.000
0.000 0.000 0.010 0.010 0.010 0.010 0.012 0.010 0.010 0.018 0.000 0.000 0.010 0.010 0.033 0.010 0.010 0.009 0.008 0.016 0.010 0.010 0.010 0.010 0.010 0.000 0.000 0.016 0.010 0.010 0.010 0.026 0.010 0.009 0.000 0.000 0.020 0.010 0.010 0.038 0.000 0.000 0.010 0.010 0.010 0.010 0.007 0.008 0.014 0.010 0.010 0.010 0.010 0.000 0.009 0.000 0.000 0.000 0.000 0.000 0.000 0.007 0.000 0.040 0.010 0.016 0.013 0.000 0.010 0.010 0.010 0.000 0.010 0.010 0.010 0.000 0.000
0.010 0.013 0.010 0.010 0.010 0.010 0.013 0.054 0.010 0.010 0.008 0.020 0.009 0.010 0.010 0.000 0.010 0.008 0.010 0.000 0.000 0.000 0.010 0.000 0.008 0.000 0.000 0.010 0.000 0.010 0.010 0.010 0.010 0.009 0.000 0.023 0.000 0.010 0.010 0.010 0.000 0.000 0.010 0.000 0.009 0.010 0.000 0.000 0.008 0.227 0.010 0.010 0.016 0.000 0.010 0.000 0.000 0.000 0.000 0.000 0.000 0.007 0.000 0.010 0.027 0.000 0.209 0.010 0.040 0.010 0.010 0.016 0.011 0.010 0.010 0.010 0.000
0.000 0.000 0.010 0.010 0.010 0.010 0.017 0.000 0.010 0.000 0.000 0.010 0.000 0.000 0.010 0.000 0.018 0.010 0.010 0.000 0.010 0.010 0.010 0.000 0.010 0.010 0.000 0.040 0.000 0.041 0.010 0.058 0.010 0.010 0.000 0.010 0.000 0.010 0.010 0.010 0.000 0.000 0.010 0.010 0.014 0.023 0.010 0.010 0.010 0.677 0.000 0.010 0.000 0.000 0.010 0.000 0.000 0.000 0.000 0.000 0.000 0.010 0.000 0.000 0.009 0.009 0.017 0.010 0.010 0.000 0.000 0.010 0.067 0.012 0.011 0.010 0.010
0.000 0.010 0.155 0.010 0.010 0.010 0.095 0.037 0.010 0.010 0.010 0.010 0.021 0.010 0.010 0.015 0.010 0.010 0.009 0.009 0.009 0.010 0.011 0.010 0.010 0.010 0.010 0.010 0.010 0.010 0.009 0.009 0.010 0.010 0.010 0.010 0.032 0.009 0.010 0.010 0.008 0.007 0.010 0.010 0.010 0.042 0.010 0.010 0.010 0.324 0.000 0.000 0.000 0.000 0.009 0.000 0.000 0.000 0.000 0.010 0.000 0.009 0.000 0.010 0.010 0.010 0.100 0.010 0.010 0.010 0.010 0.010 0.010 0.032 0.010 0.000 0.023
0.000 0.000 0.010 0.010 0.010 0.010 0.010 0.008 0.007 0.000 0.008 0.000 0.009 0.010 0.007 0.000 0.000 0.010 0.018 0.000 0.010 0.010 0.010 0.010 0.010 0.010 0.010 0.010 0.010 0.010 0.000 0.000 0.000 0.009 0.009 0.010 0.010 0.010 0.010 0.025 0.009 0.008 0.008 0.010 0.010 0.010 0.013 0.010 0.176 0.190 0.264 0.093 0.097 0.031 0.035 0.047 0.062 0.091 0.152 0.009 0.010 0.009 0.010 0.010 0.010 0.028 0.010 0.009 0.025 0.010 0.009 0.010 0.035 0.010 0.010 0.010 0.010
0.033 0.040 0.010 0.010 0.010 0.010 0.010 0.000 0.006 0.008 0.010 0.013 0.008 0.007 0.000 0.000 0.000 0.010 0.010 0.017 0.010 0.010 0.010 0.010 0.010 0.010 0.189 0.010 0.008 0.011 0.000 0.010 0.000 0.010 0.010 0.010 0.009 0.010 0.023 0.010 0.000 0.010 0.010 0.023 0.000 0.010 0.010 0.000 0.010 0.010 0.374 0.000 0.011 0.045 0.039 0.035 0.010 0.010 0.010 0.009 0.008 0.009 0.010 0.010 0.010 0.010 0.010 0.010 0.010 0.010 0.010 0.010 0.010 0.010 0.010 0.021 0.000
