hx_30m/njhx/rain/result-0019.wd
ncols         211
nrows         286
xllcorner     660279.582600
yllcorner     3541874.325092
cellsize      30.000000
NODATA_value  -9999.000000
[rows 204 to 237 of 286, columns 77 to 153 of 211]
0.009 0.010 0.007 0.005 0.010 0.010 0.003 0.002 0.002 0.002 0.010 0.010 0.010 0.017 0.004 0.000 0.002 0.001 0.006 0.005 0.006 0.004 0.006 0.002 0.000 0.006 0.006 0.010 0.016 0.008 0.003 0.000 0.003 0.010 0.003 0.006 0.003 0.012 0.006 0.004 0.002 0.003 0.004 0.007 0.004 0.003 0.003 0.004 0.007 0.006 0.000 0.000 0.000 0.000 0.004 0.003 0.005 0.000 0.009 0.005 0.004 0.010 0.004 0.000 0.010 0.006 0.003 0.008 0.012 0.010 0.004 0.003 0.004 0.004 0.015 0.000 0.000
0.004 0.006 0.007 0.009 0.004 0.010 0.001 0.002 0.004 0.002 0.000 0.000 0.010 0.010 0.008 0.010 0.004 0.003 0.003 0.008 0.003 0.000 0.000 0.005 0.006 0.006 0.010 0.008 0.003 0.000 0.001 0.000 0.000 0.000 0.003 0.010 0.005 0.006 0.002 0.000 0.002 0.010 0.007 0.007 0.003 0.007 0.006 0.004 0.006 0.004 0.006 0.002 0.008 0.000 0.002 0.000 0.000 0.005 0.010 0.005 0.020 0.000 0.000 0.003 0.002 0.005 0.008 0.005 0.005 0.010 0.008 0.005 0.003 0.007 0.003 0.004 0.008
0.005 0.003 0.003 0.005 0.004 0.010 0.001 0.000 0.000 0.000 0.003 0.003 0.010 0.000 0.000 0.004 0.000 0.010 0.004 0.002 0.000 0.000 0.000 0.005 0.006 0.005 0.008 0.007 0.000 0.003 0.002 0.001 0.000 0.008 0.006 0.006 0.004 0.002 0.000 0.004 0.003 0.005 0.005 0.010 0.010 0.010 0.010 0.003 0.003 0.003 0.003 0.007 0.006 0.006 0.008 0.007 0.004 0.006 0.007 0.000 0.010 0.000 0.003 0.007 0.004 0.008 0.008 0.010 0.012 0.000 0.010 0.010 0.008 0.006 0.004 0.006 0.000
0.005 0.007 0.000 0.006 0.010 0.004 0.004 0.004 0.004 0.003 0.001 0.001 0.005 0.003 0.002 0.004 0.000 0.006 0.005 0.004 0.000 0.000 0.010 0.004 0.010 0.003 0.007 0.010 0.010 0.006 0.004 0.000 0.010 0.005 0.005 0.004 0.000 0.002 0.003 0.005 0.000 0.000 0.006 0.007 0.010 0.090 0.000 0.002 0.000 0.002 0.008 0.005 0.004 0.007 0.005 0.008 0.125 0.010 0.010 0.239 0.000 0.006 0.004 0.000 0.003 0.004 0.008 0.010 0.008 0.010 0.010 0.010 0.027 0.000 0.000 0.006 0.003
0.005 0.000 0.010 0.005 0.003 0.004 0.003 0.000 0.000 0.006 0.008 0.005 0.006 0.004 0.005 0.004 0.004 0.095 0.003 0.003 0.004 0.006 0.008 0.004 0.006 0.000 0.010 0.000 0.008 0.010 0.000 0.000 0.000 0.003 0.006 0.003 0.000 0.002 0.005 0.007 0.010 0.000 0.013 0.006 0.010 0.000 0.002 0.001 0.004 0.003 0.010 0.008 0.005 0.005 0.004 0.007 0.004 0.010 0.000 0.105 0.000 0.003 0.006 0.010 0.005 0.007 0.007 0.007 0.006 0.005 0.010 0.008 0.000 0.000 0.015 0.000 0.000
0.000 0.009 0.006 0.004 0.009 0.002 0.000 0.000 0.003 0.005 0.002 0.002 0.002 0.000 0.003 0.003 0.002 0.062 0.271 0.005 0.005 0.007 0.007 0.003 0.000 0.010 0.010 0.004 0.003 0.003 0.006 0.000 0.000 0.004 0.005 0.004 0.005 0.001 0.000 0.000 0.000 0.010 0.005 0.010 0.010 0.000 0.001 0.002 0.000 0.004 0.000 0.013 0.010 0.000 0.007 0.007 0.007 0.006 0.010 0.181 0.000 0.026 0.007 0.005 0.003 0.004 0.005 0.007 0.000 0.000 0.005 0.005 0.000 0.010 0.000 0.010 0.005
0.000 0.005 0.003 0.005 0.002 0.001 0.000 0.000 0.000 0.000 0.003 0.005 0.002 0.000 0.000 0.011 0.006 0.143 0.008 0.008 0.010 0.000 0.520 0.010 0.005 0.007 0.006 0.000 0.002 0.003 0.010 0.000 0.006 0.005 0.006 0.000 0.010 0.006 0.003 0.002 0.003 0.008 0.003 0.010 0.000 0.004 0.002 0.003 0.005 0.005 0.003 0.010 0.010 0.004 0.010 0.000 0.008 0.000 0.010 0.005 0.003 0.008 0.006 0.002 0.000 0.010 0.005 0.006 0.000 0.000 0.000 0.010 0.010 0.010 0.010 0.000 0.004
0.009 0.007 0.006 0.009 0.001 0.002 0.002 0.000 0.000 0.008 0.004 0.000 0.003 0.000 0.000 0.002 0.003 0.003 0.004 0.003 0.009 0.010 0.010 0.010 0.022 0.000 0.076 0.008 0.002 0.000 0.010 0.010 0.005 0.010 0.003 0.000 0.010 0.010 0.005 0.010 0.000 0.010 0.010 0.010 0.010 0.004 0.002 0.000 0.008 0.000 0.000 0.010 0.022 0.000 0.011 0.007 0.040 0.010 0.005 0.003 0.006 0.002 0.007 0.005 0.000 0.000 0.004 0.010 0.006 0.000 0.000 0.010 0.000 0.009 0.007 0.006 0.006
0.000 0.014 0.006 0.006 0.003 0.002 0.004 0.003 0.000 0.004 0.010 0.006 0.002 0.000 0.003 0.004 0.005 0.004 0.002 0.008 0.006 0.004 0.005 0.004 0.010 0.010 0.010 0.010 0.000 0.006 0.006 0.000 0.002 0.006 0.003 0.010 0.010 0.010 0.002 0.000 0.007 0.005 0.005 0.000 0.006 0.003 0.002 0.004 0.004 0.003 0.000 0.000 0.007 0.000 0.012 0.006 0.000 0.000 0.000 0.004 0.005 0.003 0.006 0.003 0.003 0.003 0.010 0.039 0.010 0.010 0.010 0.000 0.010 0.000 0.004 0.010 0.010
0.004 0.003 0.000 0.003 0.000 0.004 0.004 0.003 0.003 0.000 0.008 0.000 0.003 0.003 0.004 0.008 0.003 0.002 0.006 0.008 0.007 0.003 0.010 0.003 0.005 0.005 0.005 0.067 0.005 0.010 0.000 0.060 0.008 0.005 0.007 0.010 0.010 0.005 0.003 0.000 0.010 0.007 0.008 0.004 0.005 0.000 0.006 0.004 0.000 0.000 0.000 0.012 0.000 0.000 0.008 0.010 0.004 0.000 0.000 0.000 0.000 0.007 0.003 0.007 0.005 0.004 0.005 0.040 0.010 0.010 0.006 0.000 0.010 0.006 0.010 0.021 0.000
0.007 0.006 0.004 0.002 0.005 0.000 0.000 0.003 0.003 0.003 0.012 0.003 0.002 0.000 0.003 0.004 0.003 0.005 0.003 0.004 0.004 0.005 0.005 0.004 0.006 0.003 0.004 0.000 0.000 0.003 0.006 0.010 0.000 0.010 0.050 0.007 0.005 0.010 0.010 0.008 0.006 0.007 0.006 0.007 0.008 0.037 0.000 0.002 0.005 0.010 0.000 0.011 0.000 0.006 0.007 0.147 0.000 0.003 0.010 0.000 0.000 0.007 0.003 0.003 0.003 0.004 0.005 0.004 0.007 0.010 0.010 0.000 0.000 0.004 0.005 0.007 0.002
0.003 0.010 0.000 0.002 0.002 0.003 0.000 0.004 0.003 0.002 0.000 0.000 0.003 0.010 0.008 0.005 0.002 0.003 0.008 0.008 0.010 0.010 0.010 0.003 0.006 0.004 0.005 0.010 0.008 0.010 0.004 0.010 0.010 0.010 0.000 0.005 0.007 0.007 0.007 0.019 0.010 0.013 0.004 0.005 0.010 0.000 0.003 0.004 0.000 0.000 0.008 0.000 0.000 0.007 0.000 0.006 0.000 0.004 0.006 0.003 0.007 0.003 0.005 0.000 0.003 0.006 0.011 0.004 0.004 0.004 0.005 0.006 0.005 0.007 0.006 0.000 0.000
0.004 0.007 0.009 0.004 0.003 0.000 0.004 0.002 0.000 0.004 0.007 0.003 0.007 0.000 0.006 0.004 0.003 0.007 0.010 0.003 0.008 0.010 0.010 0.007 0.005 0.005 0.003 0.005 0.005 0.004 0.007 0.008 0.007 0.004 0.010 0.008 0.000 0.007 0.007 0.010 0.008 0.005 0.005 0.004 0.010 0.028 0.008 0.000 0.006 0.000 0.001 0.000 0.004 0.007 0.090 0.000 0.000 0.010 0.004 0.000 0.004 0.004 0.000 0.003 0.003 0.000 0.005 0.006 0.006 0.004 0.006 0.005 0.006 0.007 0.006 0.000 0.005
0.004 0.004 0.005 0.007 0.000 0.003 0.003 0.002 0.000 0.005 0.008 0.000 0.010 0.010 0.004 0.003 0.009 0.003 0.002 0.003 0.006 0.006 0.005 0.007 0.005 0.005 0.008 0.006 0.000 0.005 0.005 0.006 0.003 0.010 0.000 0.007 0.000 0.007 0.000 0.006 0.005 0.000 0.005 0.010 0.003 0.004 0.000 0.071 0.000 0.001 0.002 0.001 0.007 0.000 0.006 0.004 0.007 0.010 0.010 0.000 0.008 0.006 0.004 0.004 0.002 0.003 0.004 0.003 0.000 0.007 0.028 0.005 0.007 0.007 0.006 0.005 0.000
0.007 0.005 0.003 0.003 0.004 0.004 0.000 0.000 0.004 0.003 0.002 0.003 0.004 0.004 0.004 0.003 0.004 0.005 0.007 0.010 0.010 0.008 0.004 0.010 0.008 0.004 0.005 0.006 0.000 0.006 0.005 0.008 0.005 0.010 0.000 0.003 0.003 0.003 0.002 0.571 0.000 0.006 0.008 0.000 0.003 0.002 0.000 0.001 0.000 0.009 0.000 0.004 0.008 0.009 0.000 0.002 0.003 0.003 0.000 0.007 0.005 0.000 0.002 0.003 0.003 0.000 0.000 0.000 0.000 0.000 0.000 0.013 0.010 0.005 0.007 0.005 0.005
0.000 0.010 0.000 0.004 0.003 0.004 0.004 0.004 0.004 0.010 0.000 0.000 0.000 0.004 0.004 0.005 0.003 0.004 0.010 0.010 0.010 0.010 0.008 0.004 0.005 0.004 0.005 0.000 0.000 0.010 0.005 0.006 0.005 0.000 0.010 0.008 0.010 0.004 0.000 0.051 0.011 0.012 0.000 0.010 0.002 0.000 0.001 0.001 0.000 0.001 0.000 0.008 0.008 0.003 0.002 0.010 0.004 0.002 0.004 0.005 0.003 0.002 0.007 0.003 0.006 0.004 0.009 0.006 0.000 0.000 0.004 0.007 0.007 0.010 0.006 0.004 0.005
0.000 0.004 0.000 0.000 0.003 0.003 0.005 0.002 0.004 0.005 0.006 0.010 0.006 0.007 0.004 0.006 0.004 0.004 0.004 0.003 0.010 0.010 0.007 0.003 0.003 0.006 0.006 0.005 0.005 0.007 0.008 0.003 0.010 0.000 0.005 0.000 0.000 0.008 0.005 0.101 0.010 0.010 0.004 0.013 0.007 0.008 0.004 0.000 0.001 0.001 0.005 0.009 0.003 0.004 0.006 0.010 0.000 0.001 0.004 0.000 0.000 0.004 0.005 0.000 0.003 0.003 0.010 0.009 0.011 0.006 0.005 0.006 0.000 0.000 0.000 0.017 0.004
0.003 0.004 0.000 0.002 0.004 0.003 0.002 0.000 0.004 0.003 0.005 0.004 0.006 0.003 0.000 0.000 0.010 0.006 0.005 0.006 0.002 0.012 0.010 0.010 0.006 0.006 0.000 0.000 0.000 0.002 0.006 0.007 0.010 0.000 0.003 0.010 0.010 0.005 0.000 0.024 0.006 0.010 0.010 0.005 0.005 0.010 0.035 0.007 0.005 0.000 0.005 0.008 0.004 0.003 0.000 0.002 0.000 0.056 0.000 0.005 0.010 0.004 0.003 0.006 0.000 0.000 0.000 0.011 0.000 0.005 0.004 0.009 0.003 0.002 0.002 0.002 0.000
0.004 0.006 0.000 0.000 0.007 0.004 0.003 0.004 0.003 0.000 0.000 0.004 0.007 0.006 0.005 0.007 0.008 0.010 0.013 0.010 0.008 0.010 0.003 0.006 0.007 0.005 0.002 0.002 0.000 0.006 0.003 0.002 0.003 0.000 0.004 0.006 0.005 0.003 0.007 0.003 0.007 0.010 0.010 0.007 0.006 0.011 0.005 0.009 0.000 0.005 0.000 0.000 0.000 0.000 0.010 0.002 0.000 0.000 0.001 0.000 0.005 0.010 0.004 0.000 0.006 0.000 0.028 0.000 0.009 0.005 0.007 0.000 0.000 0.003 0.005 0.004 0.004
0.000 0.006 0.004 0.003 0.000 0.007 0.004 0.004 0.000 0.004 0.007 0.004 0.006 0.006 0.006 0.005 0.003 0.008 0.010 0.013 0.010 0.006 0.003 0.004 0.000 0.005 0.000 0.000 0.003 0.005 0.003 0.003 0.002 0.004 0.003 0.003 0.003 0.005 0.000 0.007 0.096 0.010 0.088 0.009 0.010 0.008 0.008 0.004 0.004 0.005 0.025 0.006 0.008 0.000 0.008 0.004 0.001 0.003 0.002 0.005 0.004 0.000 0.038 0.010 0.010 0.010 0.010 0.000 0.005 0.006 0.009 0.003 0.003 0.003 0.004 0.002 0.002
0.003 0.006 0.004 0.006 0.006 0.004 0.003 0.005 0.005 0.003 0.003 0.005 0.004 0.005 0.000 0.010 0.005 0.003 0.002 0.008 0.005 0.010 0.010 0.002 0.000 0.003 0.000 0.000 0.002 0.008 0.006 0.007 0.008 0.004 0.003 0.005 0.000 0.005 0.004 0.003 0.007 0.000 0.007 0.034 0.010 0.008 0.023 0.007 0.006 0.000 0.010 0.010 0.014 0.006 0.007 0.000 0.000 0.002 0.004 0.003 0.000 0.006 0.000 0.010 0.007 0.010 0.010 0.007 0.005 0.007 0.000 0.000 0.002 0.002 0.003 0.003 0.004
0.006 0.000 0.004 0.003 0.004 0.004 0.004 0.003 0.000 0.005 0.004 0.002 0.000 0.000 0.005 0.008 0.010 0.017 0.004 0.005 0.005 0.006 0.007 0.004 0.010 0.003 0.000 0.005 0.003 0.008 0.003 0.002 0.000 0.004 0.003 0.002 0.003 0.005 0.007 0.002 0.000 0.007 0.009 0.005 0.042 0.008 0.008 0.005 0.010 0.018 0.004 0.005 0.005 0.079 0.010 0.006 0.008 0.000 0.002 0.006 0.005 0.004 0.006 0.000 0.000 0.003 0.006 0.004 0.005 0.004 0.002 0.003 0.003 0.005 0.002 0.002 0.005
0.000 0.002 0.004 0.004 0.004 0.000 0.003 0.004 0.005 0.003 0.005 0.003 0.008 0.004 0.006 0.010 0.010 0.010 0.010 0.010 0.002 0.003 0.003 0.004 0.009 0.010 0.005 0.002 0.010 0.005 0.005 0.006 0.010 0.005 0.000 0.000 0.006 0.002 0.003 0.006 0.000 0.008 0.008 0.006 0.006 0.006 0.008 0.008 0.035 0.009 0.010 0.005 0.006 0.008 0.006 0.010 0.026 0.010 0.007 0.006 0.007 0.005 0.004 0.000 0.000 0.000 0.006 0.005 0.000 0.003 0.003 0.003 0.000 0.007 0.000 0.004 0.002
0.005 0.002 0.000 0.028 0.003 0.003 0.006 0.003 0.010 0.004 0.005 0.003 0.000 0.008 0.010 0.010 0.010 0.010 0.010 0.005 0.004 0.002 0.002 0.005 0.004 0.010 0.010 0.005 0.008 0.003 0.005 0.008 0.008 0.003 0.008 0.004 0.002 0.000 0.002 0.004 0.010 0.000 0.000 0.007 0.006 0.004 0.008 0.000 0.007 0.005 0.005 0.005 0.010 0.007 0.004 0.003 0.007 0.488 0.334 0.006 0.006 0.006 0.004 0.003 0.000 0.000 0.005 0.005 0.010 0.008 0.000 0.001 0.000 0.002 0.002 0.002 0.004
0.002 0.002 0.025 0.057 0.004 0.003 0.004 0.006 0.005 0.005 0.000 0.006 0.006 0.004 0.004 0.000 0.003 0.010 0.010 0.005 0.010 0.002 0.009 0.005 0.004 0.003 0.006 0.005 0.006 0.006 0.005 0.000 0.004 0.000 0.000 0.004 0.004 0.008 0.002 0.010 0.002 0.004 0.003 0.000 0.000 0.006 0.007 0.016 0.005 0.007 0.010 0.048 0.008 0.006 0.010 0.010 0.004 0.004 0.006 0.000 0.241 0.010 0.004 0.000 0.000 0.005 0.005 0.000 0.005 0.003 0.001 0.002 0.007 0.005 0.004 0.002 0.006
0.004 0.000 0.008 0.010 0.062 0.003 0.003 0.006 0.004 0.003 0.006 0.000 0.003 0.000 0.005 0.012 0.000 0.004 0.005 0.002 0.003 0.003 0.000 0.003 0.000 0.004 0.007 0.008 0.004 0.007 0.007 0.008 0.002 0.004 0.004 0.004 0.007 0.003 0.007 0.003 0.005 0.000 0.006 0.003 0.006 0.006 0.173 0.008 0.006 0.006 0.006 0.008 0.008 0.004 0.003 0.006 0.003 0.006 0.004 0.005 0.008 0.010 0.048 0.005 0.006 0.005 0.000 0.000 0.001 0.001 0.002 0.006 0.010 0.029 0.009 0.004 0.005
0.010 0.000 0.000 0.003 0.002 0.003 0.002 0.004 0.005 0.004 0.005 0.005 0.004 0.000 0.000 0.000 0.006 0.000 0.003 0.000 0.005 0.005 0.003 0.000 0.000 0.010 0.002 0.008 0.003 0.005 0.003 0.010 0.003 0.004 0.004 0.005 0.004 0.003 0.003 0.003 0.003 0.003 0.000 0.004 0.005 0.000 0.010 0.010 0.010 0.008 0.005 0.006 0.005 0.010 0.007 0.004 0.004 0.004 0.007 0.006 0.010 0.000 0.010 0.461 0.010 0.005 0.005 0.000 0.002 0.002 0.000 0.010 0.010 0.010 0.005 0.009 0.009
0.004 0.004 0.000 0.000 0.000 0.004 0.003 0.006 0.004 0.004 0.006 0.005 0.000 0.000 0.005 0.000 0.003 0.004 0.003 0.000 0.004 0.006 0.006 0.003 0.000 0.000 0.002 0.008 0.002 0.005 0.004 0.005 0.002 0.000 0.000 0.004 0.005 0.003 0.006 0.010 0.005 0.010 0.002 0.007 0.007 0.010 0.008 0.009 0.010 0.008 0.010 0.008 0.004 0.003 0.004 0.004 0.007 0.005 0.008 0.008 0.007 0.000 0.000 0.005 0.004 0.000 0.010 0.006 0.005 0.000 0.004 0.010 0.010 0.005 0.003 0.007 0.016
0.009 0.003 0.004 0.002 0.004 0.003 0.008 0.006 0.000 0.003 0.003 0.007 0.007 0.008 0.000 0.005 0.010 0.002 0.005 0.004 0.003 0.003 0.004 0.002 0.005 0.002 0.003 0.008 0.006 0.000 0.000 0.003 0.005 0.003 0.002 0.000 0.000 0.005 0.010 0.002 0.005 0.000 0.006 0.006 0.015 0.000 0.010 0.010 0.007 0.010 0.016 0.010 0.010 0.008 0.004 0.010 0.007 0.015 0.010 0.010 0.010 0.007 0.003 0.005 0.006 0.010 0.010 0.000 0.236 0.005 0.009 0.010 0.074 0.002 0.004 0.004 0.006
0.003 0.003 0.003 0.003 0.004 0.005 0.005 0.004 0.005 0.002 0.003 0.004 0.003 0.006 0.008 0.003 0.003 0.000 0.000 0.005 0.006 0.000 0.000 0.002 0.002 0.003 0.007 0.003 0.006 0.002 0.002 0.000 0.000 0.005 0.004 0.003 0.003 0.004 0.004 0.005 0.005 0.004 0.005 0.000 0.000 0.000 0.000 0.010 0.000 0.010 0.010 0.005 0.027 0.008 0.004 0.010 0.005 0.000 0.010 0.000 0.010 0.010 0.006 0.004 0.044 0.010 0.010 0.035 0.010 0.000 0.045 0.010 0.010 0.000 0.006 0.005 0.006
0.009 0.005 0.003 0.004 0.004 0.005 0.005 0.000 0.002 0.004 0.004 0.004 0.000 0.002 0.003 0.004 0.007 0.010 0.010 0.002 0.004 0.010 0.010 0.000 0.006 0.004 0.006 0.003 0.002 0.000 0.002 0.003 0.002 0.003 0.003 0.003 0.006 0.004 0.003 0.006 0.004 0.007 0.008 0.021 0.000 0.000 0.000 0.017 0.000 0.000 0.010 0.010 0.005 0.008 0.004 0.008 0.005 0.010 0.040 0.010 0.010 0.000 0.005 0.005 0.000 0.017 0.010 0.000 0.000 0.010 0.010 0.000 0.010 0.046 0.006 0.002 0.010
0.000 0.000 0.009 0.004 0.006 0.003 0.004 0.002 0.000 0.000 0.003 0.010 0.005 0.003 0.004 0.003 0.004 0.004 0.003 0.004 0.000 0.003 0.005 0.004 0.006 0.003 0.004 0.008 0.002 0.003 0.001 0.000 0.004 0.004 0.002 0.002 0.006 0.008 0.005 0.005 0.006 0.010 0.000 0.010 0.014 0.000 0.000 0.000 0.000 0.000 0.000 0.010 0.006 0.006 0.008 0.008 0.006 0.006 0.008 0.005 0.009 0.006 0.005 0.000 0.005 0.007 0.022 0.000 0.010 0.038 0.010 0.003 0.009 0.000 0.010 0.101 0.010
0.010 0.007 0.005 0.005 0.005 0.006 0.001 0.003 0.004 0.002 0.002 0.000 0.004 0.006 0.004 0.002 0.002 0.002 0.004 0.002 0.003 0.000 0.003 0.004 0.002 0.005 0.003 0.003 0.000 0.002 0.003 0.002 0.002 0.002 0.003 0.004 0.004 0.006 0.008 0.010 0.010 0.010 0.416 0.010 0.000 0.000 0.036 0.010 0.000 0.000 0.000 0.010 0.004 0.010 0.010 0.010 0.006 0.030 0.004 0.004 0.005 0.007 0.004 0.000 0.000 0.005 0.003 0.003 0.012 0.000 0.005 0.008 0.000 0.000 0.003 0.000 0.087
0.006 0.006 0.005 0.004 0.007 0.000 0.000 0.003 0.002 0.004 0.000 0.003 0.002 0.000 0.000 0.004 0.004 0.002 0.003 0.010 0.008 0.007 0.003 0.004 0.003 0.005 0.003 0.007 0.000 0.000 0.000 0.002 0.002 0.002 0.003 0.000 0.005 0.008 0.008 0.005 0.010 0.000 0.007 0.006 0.007 0.010 0.010 0.010 0.000 0.000 0.010 0.006 0.010 0.010 0.010 0.010 0.010 0.010 0.008 0.006 0.004 0.005 0.000 0.000 0.009 0.010 0.000 0.000 0.000 0.006 0.002 0.000 0.007 0.003 0.002 0.003 0.005
