hx_30m/njhx/rain/result-0054.wd
ncols         211
nrows         286
xllcorner     660279.582600
yllcorner     3541874.325092
cellsize      30.000000
NODATA_value  -9999.000000
[rows 204 to 237 of 286, columns 77 to 153 of 211]
0.010 0.010 0.005 0.003 0.032 0.010 0.001 0.000 0.000 0.000 0.010 0.010 0.058 0.270 0.002 0.000 0.000 0.000 0.003 0.002 0.003 0.001 0.003 0.000 0.000 0.002 0.002 0.044 0.128 0.004 0.001 0.000 0.001 0.010 0.001 0.002 0.001 0.007 0.002 0.001 0.000 0.000 0.001 0.002 0.001 0.001 0.001 0.001 0.002 0.001 0.000 0.000 0.000 0.000 0.001 0.000 0.001 0.000 0.013 0.001 0.001 0.010 0.001 0.000 0.010 0.001 0.000 0.004 0.004 0.010 0.001 0.000 0.001 0.001 0.059 0.000 0.000
0.324 0.003 0.005 0.010 0.003 0.010 0.000 0.000 0.001 0.000 0.000 0.000 0.010 0.008 0.006 0.010 0.001 0.001 0.001 0.005 0.000 0.000 0.000 0.002 0.002 0.002 0.010 0.029 0.001 0.000 0.000 0.000 0.000 0.000 0.001 0.010 0.002 0.002 0.000 0.000 0.000 0.006 0.002 0.002 0.001 0.002 0.001 0.001 0.001 0.001 0.001 0.000 0.003 0.000 0.000 0.000 0.000 0.001 0.010 0.007 0.204 0.000 0.000 0.001 0.000 0.001 0.004 0.001 0.001 0.010 0.005 0.001 0.001 0.002 0.000 0.001 0.003
0.003 0.001 0.001 0.005 0.001 0.010 0.000 0.000 0.000 0.000 0.000 0.000 0.010 0.000 0.000 0.001 0.000 0.010 0.001 0.000 0.000 0.000 0.000 0.002 0.003 0.001 0.004 0.002 0.000 0.001 0.000 0.000 0.000 0.004 0.003 0.002 0.001 0.000 0.000 0.001 0.001 0.001 0.001 0.010 0.010 0.005 0.006 0.001 0.000 0.000 0.001 0.002 0.001 0.001 0.004 0.002 0.001 0.001 0.010 0.000 0.010 0.000 0.001 0.002 0.001 0.004 0.004 0.010 0.003 0.000 0.010 0.010 0.005 0.001 0.001 0.001 0.000
0.003 0.005 0.000 0.004 0.010 0.002 0.002 0.001 0.001 0.001 0.000 0.000 0.002 0.001 0.000 0.001 0.000 0.003 0.002 0.001 0.000 0.000 0.010 0.001 0.010 0.001 0.002 0.010 0.010 0.002 0.001 0.000 0.010 0.002 0.001 0.001 0.000 0.000 0.000 0.001 0.000 0.000 0.001 0.001 0.010 0.179 0.000 0.000 0.000 0.000 0.004 0.001 0.001 0.002 0.001 0.004 0.319 0.010 0.010 0.231 0.000 0.002 0.001 0.000 0.000 0.001 0.005 0.010 0.005 0.010 0.010 0.010 0.046 0.000 0.000 0.001 0.000
0.003 0.000 0.010 0.004 0.001 0.001 0.001 0.000 0.000 0.003 0.005 0.002 0.008 0.004 0.010 0.005 0.004 0.202 0.088 0.001 0.001 0.003 0.005 0.001 0.003 0.000 0.010 0.000 0.004 0.010 0.000 0.000 0.000 0.001 0.002 0.001 0.000 0.000 0.001 0.002 0.010 0.000 0.002 0.001 0.010 0.000 0.000 0.000 0.001 0.000 0.003 0.002 0.001 0.001 0.001 0.002 0.010 0.019 0.000 0.096 0.000 0.001 0.002 0.010 0.001 0.002 0.002 0.002 0.001 0.001 0.010 0.005 0.000 0.000 0.039 0.000 0.000
0.000 0.010 0.004 0.002 0.010 0.000 0.000 0.000 0.001 0.002 0.000 0.000 0.000 0.000 0.001 0.001 0.000 0.169 0.375 0.098 0.182 0.007 0.003 0.001 0.000 0.010 0.010 0.001 0.001 0.001 0.003 0.000 0.000 0.001 0.001 0.002 0.002 0.000 0.000 0.000 0.000 0.010 0.001 0.010 0.010 0.000 0.000 0.000 0.000 0.001 0.000 0.004 0.010 0.000 0.002 0.002 0.002 0.002 0.010 0.172 0.000 0.022 0.002 0.001 0.000 0.001 0.001 0.002 0.000 0.000 0.001 0.001 0.000 0.010 0.000 0.010 0.001
0.000 0.003 0.002 0.003 0.000 0.000 0.000 0.000 0.000 0.000 0.001 0.002 0.000 0.000 0.000 0.033 0.003 0.250 0.094 0.271 0.352 0.000 0.559 0.010 0.002 0.003 0.002 0.000 0.000 0.001 0.010 0.000 0.002 0.001 0.002 0.000 0.010 0.002 0.000 0.000 0.000 0.004 0.000 0.010 0.000 0.001 0.000 0.000 0.001 0.001 0.000 0.010 0.010 0.002 0.010 0.000 0.005 0.000 0.010 0.001 0.000 0.005 0.002 0.000 0.000 0.010 0.001 0.001 0.000 0.000 0.000 0.000 0.010 0.010 0.010 0.000 0.001
0.010 0.005 0.005 0.010 0.000 0.000 0.000 0.000 0.000 0.007 0.001 0.000 0.001 0.000 0.000 0.000 0.019 0.109 0.244 0.056 0.417 0.019 0.029 0.118 0.694 0.000 0.128 0.004 0.000 0.000 0.010 0.010 0.002 0.010 0.001 0.000 0.010 0.010 0.001 0.009 0.000 0.010 0.010 0.010 0.010 0.001 0.000 0.000 0.004 0.000 0.000 0.010 0.013 0.000 0.009 0.003 0.076 0.007 0.001 0.001 0.002 0.000 0.002 0.001 0.000 0.000 0.001 0.010 0.002 0.000 0.000 0.001 0.000 0.002 0.003 0.002 0.004
0.000 0.007 0.005 0.005 0.001 0.000 0.001 0.001 0.000 0.001 0.010 0.003 0.000 0.000 0.001 0.001 0.246 0.360 0.376 0.334 0.037 0.001 0.001 0.001 0.010 0.010 0.010 0.010 0.000 0.002 0.003 0.000 0.001 0.002 0.001 0.010 0.010 0.010 0.000 0.000 0.002 0.001 0.001 0.000 0.001 0.000 0.000 0.001 0.001 0.000 0.000 0.000 0.000 0.000 0.007 0.002 0.000 0.000 0.000 0.001 0.001 0.000 0.002 0.001 0.000 0.000 0.010 0.010 0.010 0.010 0.010 0.000 0.010 0.000 0.001 0.010 0.010
0.001 0.001 0.000 0.001 0.000 0.002 0.001 0.001 0.001 0.000 0.018 0.000 0.001 0.001 0.001 0.005 0.362 0.122 0.322 0.005 0.003 0.001 0.010 0.000 0.002 0.002 0.002 0.163 0.001 0.010 0.000 0.023 0.006 0.002 0.002 0.010 0.010 0.001 0.001 0.000 0.009 0.002 0.004 0.001 0.001 0.000 0.001 0.001 0.000 0.000 0.000 0.012 0.000 0.000 0.005 0.019 0.001 0.000 0.000 0.000 0.000 0.002 0.000 0.002 0.001 0.001 0.001 0.010 0.010 0.010 0.002 0.000 0.010 0.002 0.010 0.022 0.000
0.005 0.004 0.002 0.000 0.003 0.000 0.000 0.001 0.001 0.001 0.022 0.001 0.001 0.000 0.001 0.001 0.230 0.408 0.001 0.001 0.001 0.002 0.002 0.001 0.003 0.001 0.001 0.000 0.000 0.001 0.002 0.010 0.000 0.010 0.017 0.002 0.001 0.009 0.002 0.004 0.001 0.001 0.001 0.002 0.000 0.015 0.000 0.000 0.001 0.010 0.000 0.011 0.000 0.001 0.003 0.555 0.000 0.000 0.002 0.000 0.000 0.002 0.000 0.001 0.000 0.001 0.001 0.001 0.003 0.010 0.010 0.000 0.000 0.001 0.001 0.003 0.000
0.002 0.010 0.000 0.000 0.000 0.001 0.000 0.001 0.001 0.000 0.000 0.000 0.001 0.010 0.005 0.002 0.061 0.001 0.009 0.005 0.010 0.010 0.010 0.001 0.003 0.001 0.002 0.010 0.005 0.010 0.001 0.005 0.010 0.010 0.000 0.001 0.002 0.002 0.002 0.063 0.010 0.012 0.001 0.001 0.010 0.000 0.000 0.001 0.000 0.000 0.005 0.000 0.000 0.003 0.000 0.002 0.000 0.001 0.002 0.000 0.002 0.001 0.001 0.000 0.000 0.002 0.005 0.001 0.001 0.001 0.001 0.002 0.001 0.003 0.002 0.000 0.000
0.002 0.005 0.010 0.001 0.001 0.000 0.001 0.001 0.000 0.001 0.008 0.001 0.005 0.000 0.003 0.002 0.166 0.005 0.010 0.001 0.005 0.010 0.010 0.003 0.002 0.002 0.001 0.001 0.002 0.001 0.004 0.004 0.003 0.001 0.010 0.004 0.000 0.002 0.002 0.010 0.004 0.001 0.001 0.001 0.010 0.004 0.001 0.000 0.001 0.000 0.000 0.000 0.001 0.003 0.111 0.000 0.000 0.010 0.001 0.000 0.001 0.001 0.000 0.000 0.000 0.000 0.001 0.002 0.051 0.001 0.002 0.001 0.002 0.001 0.002 0.000 0.001
0.003 0.001 0.003 0.005 0.000 0.001 0.001 0.000 0.000 0.003 0.005 0.000 0.010 0.010 0.002 0.001 0.010 0.001 0.000 0.001 0.003 0.003 0.002 0.003 0.002 0.002 0.005 0.002 0.000 0.002 0.002 0.002 0.001 0.010 0.000 0.002 0.000 0.004 0.000 0.001 0.001 0.000 0.001 0.010 0.000 0.001 0.000 0.027 0.000 0.000 0.000 0.000 0.003 0.000 0.002 0.001 0.003 0.010 0.010 0.000 0.005 0.002 0.001 0.001 0.000 0.000 0.001 0.000 0.000 0.004 0.058 0.001 0.003 0.003 0.002 0.001 0.000
0.005 0.003 0.001 0.001 0.002 0.001 0.000 0.000 0.002 0.001 0.000 0.001 0.001 0.001 0.002 0.001 0.002 0.003 0.005 0.010 0.010 0.005 0.001 0.010 0.005 0.001 0.002 0.002 0.000 0.002 0.002 0.005 0.001 0.010 0.000 0.000 0.000 0.000 0.000 0.631 0.000 0.002 0.005 0.000 0.000 0.000 0.000 0.000 0.000 0.000 0.000 0.001 0.005 0.003 0.000 0.000 0.000 0.000 0.000 0.002 0.001 0.000 0.000 0.001 0.000 0.000 0.000 0.000 0.000 0.000 0.000 0.002 0.010 0.001 0.003 0.001 0.001
0.000 0.010 0.000 0.002 0.001 0.001 0.001 0.001 0.002 0.052 0.000 0.000 0.000 0.001 0.001 0.003 0.001 0.001 0.010 0.010 0.010 0.010 0.005 0.001 0.002 0.001 0.001 0.000 0.000 0.010 0.002 0.002 0.002 0.000 0.010 0.002 0.010 0.001 0.000 0.111 0.021 0.023 0.000 0.010 0.000 0.000 0.000 0.000 0.000 0.000 0.000 0.005 0.002 0.000 0.000 0.001 0.000 0.000 0.000 0.001 0.000 0.000 0.003 0.000 0.002 0.001 0.005 0.001 0.000 0.000 0.001 0.003 0.002 0.010 0.001 0.001 0.001
0.000 0.002 0.000 0.000 0.001 0.001 0.003 0.001 0.002 0.003 0.003 0.010 0.003 0.007 0.002 0.003 0.001 0.002 0.001 0.001 0.010 0.010 0.004 0.001 0.001 0.004 0.002 0.002 0.002 0.003 0.005 0.001 0.010 0.000 0.001 0.000 0.000 0.035 0.019 0.160 0.010 0.019 0.001 0.004 0.003 0.005 0.001 0.000 0.000 0.000 0.001 0.002 0.000 0.000 0.000 0.001 0.000 0.000 0.001 0.000 0.000 0.001 0.001 0.000 0.000 0.000 0.010 0.005 0.002 0.002 0.001 0.002 0.000 0.000 0.000 0.044 0.001
0.001 0.002 0.000 0.000 0.001 0.001 0.000 0.000 0.002 0.001 0.003 0.002 0.004 0.001 0.000 0.000 0.010 0.003 0.002 0.003 0.000 0.120 0.010 0.010 0.003 0.002 0.000 0.000 0.000 0.000 0.002 0.004 0.010 0.000 0.000 0.010 0.039 0.031 0.000 0.084 0.010 0.013 0.010 0.001 0.001 0.010 0.097 0.003 0.001 0.000 0.001 0.005 0.001 0.000 0.000 0.000 0.000 0.005 0.000 0.001 0.010 0.001 0.000 0.002 0.000 0.000 0.000 0.005 0.000 0.001 0.001 0.005 0.000 0.000 0.000 0.000 0.000
0.001 0.003 0.000 0.000 0.005 0.001 0.001 0.002 0.001 0.000 0.000 0.002 0.005 0.003 0.002 0.005 0.005 0.010 0.187 0.010 0.005 0.010 0.001 0.003 0.005 0.003 0.000 0.001 0.000 0.002 0.001 0.000 0.001 0.000 0.001 0.086 0.067 0.001 0.003 0.001 0.010 0.013 0.032 0.003 0.002 0.002 0.001 0.003 0.000 0.001 0.000 0.000 0.000 0.000 0.008 0.000 0.000 0.000 0.000 0.000 0.001 0.010 0.001 0.000 0.002 0.000 0.005 0.000 0.005 0.001 0.002 0.000 0.000 0.000 0.001 0.001 0.001
0.000 0.003 0.001 0.001 0.000 0.005 0.002 0.002 0.000 0.001 0.005 0.001 0.003 0.003 0.003 0.002 0.001 0.005 0.010 0.168 0.010 0.002 0.001 0.002 0.000 0.002 0.000 0.000 0.001 0.002 0.001 0.001 0.000 0.001 0.001 0.079 0.065 0.002 0.000 0.003 0.215 0.098 0.193 0.043 0.010 0.005 0.005 0.001 0.001 0.001 0.055 0.002 0.005 0.000 0.001 0.001 0.000 0.000 0.000 0.001 0.001 0.000 0.095 0.010 0.009 0.010 0.003 0.000 0.001 0.002 0.005 0.000 0.000 0.000 0.001 0.000 0.000
0.000 0.003 0.002 0.003 0.004 0.002 0.001 0.002 0.002 0.001 0.001 0.002 0.001 0.002 0.000 0.010 0.002 0.001 0.000 0.005 0.002 0.107 0.010 0.000 0.000 0.001 0.000 0.000 0.000 0.004 0.002 0.004 0.004 0.001 0.001 0.002 0.000 0.002 0.001 0.001 0.003 0.000 0.003 0.185 0.141 0.114 0.151 0.003 0.002 0.000 0.010 0.010 0.004 0.001 0.001 0.000 0.000 0.000 0.001 0.000 0.000 0.002 0.000 0.002 0.001 0.010 0.010 0.002 0.001 0.002 0.000 0.000 0.000 0.000 0.000 0.000 0.001
0.003 0.000 0.001 0.001 0.002 0.001 0.001 0.001 0.000 0.002 0.001 0.000 0.000 0.000 0.002 0.005 0.010 0.075 0.001 0.002 0.002 0.002 0.006 0.001 0.017 0.001 0.000 0.002 0.001 0.004 0.001 0.000 0.000 0.001 0.001 0.000 0.000 0.002 0.003 0.000 0.000 0.193 0.200 0.090 0.191 0.087 0.005 0.001 0.010 0.008 0.001 0.001 0.001 0.727 0.229 0.002 0.005 0.000 0.000 0.002 0.001 0.001 0.002 0.000 0.000 0.000 0.002 0.000 0.001 0.001 0.000 0.000 0.000 0.000 0.000 0.000 0.001
0.000 0.000 0.001 0.001 0.002 0.000 0.001 0.001 0.002 0.001 0.002 0.000 0.005 0.001 0.003 0.010 0.010 0.010 0.010 0.010 0.000 0.001 0.001 0.002 0.010 0.156 0.002 0.000 0.010 0.001 0.002 0.002 0.010 0.001 0.000 0.000 0.002 0.000 0.001 0.002 0.000 0.102 0.106 0.089 0.002 0.002 0.005 0.005 0.011 0.005 0.010 0.001 0.002 0.005 0.002 0.010 0.256 0.010 0.003 0.002 0.003 0.001 0.001 0.000 0.000 0.000 0.002 0.001 0.000 0.000 0.000 0.000 0.000 0.001 0.000 0.001 0.000
0.002 0.000 0.000 0.018 0.001 0.001 0.003 0.001 0.010 0.001 0.002 0.001 0.000 0.005 0.010 0.010 0.010 0.010 0.010 0.002 0.001 0.000 0.001 0.002 0.002 0.010 0.010 0.002 0.004 0.001 0.002 0.004 0.004 0.001 0.004 0.001 0.000 0.000 0.000 0.001 0.007 0.000 0.000 0.003 0.002 0.001 0.005 0.000 0.002 0.001 0.001 0.001 0.010 0.003 0.001 0.000 0.003 0.852 0.699 0.002 0.002 0.002 0.000 0.000 0.000 0.000 0.001 0.001 0.010 0.010 0.000 0.000 0.000 0.000 0.000 0.000 0.001
0.000 0.000 0.015 0.047 0.001 0.001 0.001 0.003 0.002 0.002 0.000 0.003 0.003 0.001 0.001 0.000 0.001 0.010 0.010 0.002 0.058 0.000 0.010 0.003 0.001 0.001 0.002 0.002 0.002 0.004 0.002 0.000 0.001 0.000 0.000 0.001 0.001 0.005 0.000 0.010 0.000 0.001 0.000 0.000 0.000 0.002 0.003 0.008 0.001 0.003 0.010 0.048 0.005 0.002 0.010 0.010 0.001 0.001 0.002 0.000 0.843 0.136 0.001 0.000 0.000 0.001 0.001 0.000 0.005 0.002 0.000 0.000 0.115 0.001 0.001 0.000 0.002
0.001 0.000 0.005 0.010 0.052 0.002 0.000 0.002 0.001 0.001 0.003 0.000 0.001 0.000 0.002 0.133 0.000 0.001 0.002 0.000 0.001 0.001 0.000 0.001 0.000 0.001 0.009 0.004 0.001 0.002 0.002 0.004 0.000 0.001 0.001 0.001 0.003 0.001 0.003 0.001 0.001 0.000 0.002 0.001 0.002 0.002 0.733 0.005 0.002 0.002 0.002 0.005 0.005 0.001 0.001 0.002 0.000 0.002 0.001 0.001 0.005 0.222 0.674 0.001 0.001 0.001 0.000 0.000 0.000 0.000 0.000 0.069 0.169 0.266 0.193 0.019 0.001
0.010 0.000 0.000 0.000 0.000 0.001 0.000 0.002 0.002 0.001 0.002 0.002 0.001 0.000 0.000 0.000 0.003 0.000 0.000 0.000 0.002 0.002 0.001 0.000 0.000 0.010 0.000 0.004 0.003 0.002 0.000 0.010 0.001 0.001 0.001 0.002 0.001 0.001 0.001 0.001 0.001 0.000 0.000 0.001 0.001 0.000 0.054 0.010 0.010 0.005 0.001 0.002 0.001 0.010 0.003 0.001 0.001 0.001 0.003 0.001 0.010 0.000 0.010 0.680 0.010 0.001 0.001 0.000 0.000 0.000 0.000 0.146 0.185 0.172 0.034 0.016 0.005
0.001 0.001 0.000 0.000 0.000 0.001 0.001 0.003 0.001 0.001 0.003 0.002 0.000 0.000 0.002 0.000 0.000 0.001 0.001 0.000 0.001 0.002 0.003 0.001 0.000 0.000 0.000 0.004 0.002 0.001 0.001 0.001 0.000 0.000 0.000 0.001 0.002 0.001 0.002 0.010 0.001 0.010 0.000 0.003 0.003 0.010 0.022 0.031 0.010 0.005 0.010 0.005 0.001 0.000 0.001 0.001 0.003 0.001 0.005 0.005 0.003 0.000 0.000 0.010 0.001 0.000 0.003 0.002 0.052 0.000 0.076 0.209 0.221 0.202 0.000 0.003 0.016
0.005 0.000 0.001 0.000 0.001 0.001 0.005 0.003 0.000 0.000 0.001 0.004 0.003 0.005 0.000 0.002 0.010 0.000 0.002 0.001 0.001 0.001 0.002 0.000 0.002 0.000 0.001 0.004 0.002 0.000 0.000 0.001 0.002 0.000 0.000 0.000 0.000 0.001 0.010 0.000 0.001 0.000 0.002 0.002 0.048 0.000 0.010 0.010 0.003 0.010 0.003 0.010 0.010 0.005 0.001 0.010 0.003 0.007 0.010 0.010 0.010 0.001 0.000 0.010 0.010 0.081 0.010 0.000 0.343 0.047 0.066 0.173 0.323 0.018 0.001 0.001 0.002
0.000 0.000 0.000 0.000 0.001 0.002 0.002 0.001 0.002 0.000 0.001 0.001 0.000 0.002 0.005 0.000 0.001 0.000 0.000 0.002 0.003 0.000 0.000 0.000 0.000 0.001 0.004 0.001 0.002 0.000 0.000 0.000 0.000 0.002 0.001 0.001 0.001 0.001 0.001 0.002 0.001 0.001 0.001 0.000 0.000 0.000 0.000 0.010 0.000 0.010 0.010 0.001 0.010 0.005 0.001 0.010 0.001 0.000 0.010 0.000 0.010 0.010 0.001 0.001 0.188 0.145 0.143 0.208 0.010 0.000 1.193 0.284 0.115 0.000 0.002 0.001 0.002
0.005 0.001 0.000 0.001 0.001 0.002 0.002 0.000 0.000 0.001 0.001 0.001 0.000 0.000 0.001 0.001 0.003 0.010 0.021 0.000 0.001 0.010 0.057 0.000 0.002 0.001 0.002 0.001 0.000 0.000 0.000 0.001 0.000 0.000 0.000 0.000 0.003 0.001 0.001 0.002 0.001 0.002 0.005 0.992 0.000 0.000 0.000 0.049 0.000 0.000 0.010 0.010 0.001 0.001 0.001 0.005 0.001 0.010 0.012 0.010 0.010 0.000 0.001 0.001 0.000 0.152 0.036 0.000 0.000 0.010 0.010 0.000 0.024 0.236 0.085 0.000 0.017
0.000 0.000 0.005 0.001 0.003 0.001 0.001 0.000 0.000 0.000 0.001 0.010 0.001 0.001 0.001 0.001 0.001 0.001 0.004 0.001 0.000 0.001 0.002 0.002 0.003 0.001 0.001 0.004 0.000 0.001 0.000 0.000 0.001 0.001 0.000 0.000 0.003 0.007 0.002 0.001 0.001 0.008 0.000 0.012 0.239 0.000 0.000 0.000 0.000 0.000 0.000 0.010 0.002 0.002 0.005 0.001 0.002 0.002 0.005 0.001 0.001 0.002 0.001 0.000 0.001 0.003 0.122 0.000 0.010 0.113 0.010 0.000 0.005 0.000 0.189 0.310 0.037
0.010 0.003 0.002 0.002 0.002 0.002 0.000 0.000 0.001 0.000 0.000 0.000 0.001 0.002 0.001 0.000 0.000 0.000 0.010 0.003 0.001 0.000 0.001 0.002 0.001 0.002 0.001 0.001 0.000 0.000 0.000 0.000 0.000 0.000 0.001 0.001 0.001 0.002 0.005 0.003 0.009 0.010 0.664 0.010 0.000 0.000 0.141 0.034 0.000 0.000 0.000 0.010 0.001 0.010 0.010 0.010 0.002 0.010 0.001 0.001 0.001 0.003 0.001 0.000 0.000 0.001 0.001 0.000 0.007 0.000 0.001 0.003 0.000 0.000 0.001 0.000 0.107
0.002 0.002 0.001 0.001 0.003 0.000 0.000 0.001 0.000 0.001 0.000 0.000 0.000 0.000 0.000 0.001 0.001 0.000 0.010 0.010 0.005 0.002 0.001 0.002 0.001 0.003 0.001 0.004 0.000 0.000 0.000 0.000 0.000 0.000 0.000 0.000 0.001 0.005 0.005 0.001 0.004 0.000 0.003 0.002 0.003 0.010 0.022 0.010 0.000 0.000 0.010 0.002 0.010 0.010 0.010 0.010 0.010 0.010 0.005 0.002 0.001 0.001 0.000 0.000 0.005 0.010 0.000 0.000 0.000 0.002 0.000 0.000 0.008 0.000 0.000 0.000 0.001
